,anon,chauffeur_vl,PSE1,PSE2,chauf_vpsp,maraud,psc1,log,chef_maraud,fle,perm_soc,ci,nouv_bene,tsa,infirmier,Date,Value,day_name,dispo
0,72,False,True,False,False,False,False,False,False,False,False,False,False,False,False,Lundi-00-02h,NON,Lundi,2020-03-23 00:00
1,167,True,True,True,True,True,True,False,False,False,False,False,False,False,False,Lundi-00-02h,OUI,Lundi,2020-03-23 00:00
2,130,True,False,True,False,False,False,False,True,False,False,False,False,True,True,Lundi-00-02h,OUI,Lundi,2020-03-23 00:00
3,288,True,True,True,False,True,False,False,False,False,False,False,False,False,False,Lundi-00-02h,OUI,Lundi,2020-03-23 00:00
4,59,False,False,False,False,False,True,False,False,False,False,False,False,False,False,Lundi-00-02h,NON,Lundi,2020-03-23 00:00
5,178,True,False,False,False,False,False,False,False,False,False,True,False,False,False,Lundi-00-02h,OUI,Lundi,2020-03-23 00:00
6,254,False,False,False,False,False,False,False,False,False,False,False,True,False,False,Lundi-00-02h,NON,Lundi,2020-03-23 00:00
7,34,False,False,False,False,False,False,False,False,False,False,False,False,False,False,Lundi-00-02h,NON,Lundi,2020-03-23 00:00
8,264,False,False,False,False,True,True,True,False,False,False,False,False,False,False,Lundi-00-02h,NON,Lundi,2020-03-23 00:00
9,158,True,False,False,False,True,False,False,False,False,True,False,False,False,False,Lundi-00-02h,NON,Lundi,2020-03-23 00:00
10,210,False,True,False,False,True,True,False,False,False,False,False,False,False,False,Lundi-00-02h,NON,Lundi,2020-03-23 00:00
11,93,False,False,False,False,True,False,False,False,False,False,False,False,True,False,Lundi-00-02h,OUI,Lundi,2020-03-23 00:00
12,144,True,False,True,False,True,False,False,False,False,False,False,False,False,False,Lundi-00-02h,NON,Lundi,2020-03-23 00:00
13,164,False,True,False,False,True,True,False,False,False,False,False,False,False,False,Lundi-00-02h,OUI,Lundi,2020-03-23 00:00
14,289,False,False,False,False,True,True,False,False,False,False,False,False,False,False,Lundi-00-02h,NON,Lundi,2020-03-23 00:00
15,50,False,False,False,False,False,False,False,False,False,False,False,False,False,False,Lundi-00-02h,NON,Lundi,2020-03-23 00:00
16,51,True,True,False,False,True,False,False,False,False,False,False,False,False,False,Lundi-00-02h,OUI,Lundi,2020-03-23 00:00
17,247,False,False,True,False,False,False,False,False,False,False,False,False,False,False,Lundi-00-02h,NON,Lundi,2020-03-23 00:00
18,159,False,False,False,False,False,False,False,True,False,False,False,False,False,False,Lundi-00-02h,NON,Lundi,2020-03-23 00:00
19,54,False,False,False,False,False,True,False,False,False,False,False,False,False,False,Lundi-00-02h,NON,Lundi,2020-03-23 00:00
20,55,True,False,False,False,True,True,False,True,False,False,False,False,False,False,Lundi-00-02h,OUI,Lundi,2020-03-23 00:00
21,257,False,False,False,False,True,False,False,False,False,False,False,False,False,False,Lundi-00-02h,NON,Lundi,2020-03-23 00:00
22,67,False,False,False,False,False,False,False,False,False,False,False,False,False,False,Lundi-00-02h,NON,Lundi,2020-03-23 00:00
23,71,True,False,True,False,False,False,False,False,False,False,False,False,False,False,Lundi-00-02h,NON,Lundi,2020-03-23 00:00
24,280,False,False,False,False,False,True,False,False,False,False,False,False,False,False,Lundi-00-02h,OUI,Lundi,2020-03-23 00:00
25,283,True,True,False,False,False,False,False,False,False,False,False,False,False,False,Lundi-00-02h,OUI,Lundi,2020-03-23 00:00
26,154,False,False,False,False,True,True,False,False,False,False,False,True,False,False,Lundi-00-02h,OUI,Lundi,2020-03-23 00:00
27,171,False,False,False,False,False,False,False,False,False,False,False,True,False,False,Lundi-00-02h,OUI,Lundi,2020-03-23 00:00
28,131,False,False,True,False,False,False,False,False,False,False,False,False,False,False,Lundi-00-02h,NON,Lundi,2020-03-23 00:00
29,237,True,False,False,False,False,True,True,False,False,False,False,False,True,False,Lundi-00-02h,OUI,Lundi,2020-03-23 00:00
30,75,False,False,False,False,True,True,False,False,False,False,False,False,False,False,Lundi-00-02h,NON,Lundi,2020-03-23 00:00
31,235,True,False,False,False,True,False,False,False,False,False,False,False,False,False,Lundi-00-02h,NON,Lundi,2020-03-23 00:00
32,180,False,False,False,False,True,True,False,False,False,False,False,False,False,False,Lundi-00-02h,OUI,Lundi,2020-03-23 00:00
33,219,False,False,False,False,False,True,False,False,False,False,False,False,False,False,Lundi-00-02h,NON,Lundi,2020-03-23 00:00
34,250,False,False,False,False,False,False,False,False,True,False,False,False,False,False,Lundi-00-02h,NON,Lundi,2020-03-23 00:00
35,267,True,True,False,False,False,False,False,False,False,False,False,False,False,False,Lundi-00-02h,NON,Lundi,2020-03-23 00:00
36,160,False,True,False,False,False,True,False,False,False,False,False,False,False,False,Lundi-00-02h,NON,Lundi,2020-03-23 00:00
37,182,False,True,False,False,True,True,True,False,False,False,False,False,False,False,Lundi-00-02h,OUI,Lundi,2020-03-23 00:00
38,143,False,False,False,False,False,False,False,True,False,False,True,False,False,False,Lundi-00-02h,OUI,Lundi,2020-03-23 00:00
39,223,True,True,False,False,False,False,False,False,False,False,False,False,False,False,Lundi-00-02h,NON,Lundi,2020-03-23 00:00
40,192,True,False,True,False,False,False,False,False,False,False,False,False,False,False,Lundi-00-02h,NON,Lundi,2020-03-23 00:00
41,30,False,False,True,False,False,False,False,True,False,False,False,False,False,False,Lundi-00-02h,NON,Lundi,2020-03-23 00:00
42,125,True,False,False,False,True,False,False,True,False,False,False,False,False,False,Lundi-00-02h,NON,Lundi,2020-03-23 00:00
43,39,False,False,True,False,True,False,False,True,False,False,False,False,False,False,Lundi-00-02h,NON,Lundi,2020-03-23 00:00
44,113,True,False,True,False,False,False,False,False,False,False,False,False,False,False,Lundi-00-02h,OUI,Lundi,2020-03-23 00:00
45,121,True,False,True,False,False,False,False,True,False,False,False,False,False,False,Lundi-00-02h,NON,Lundi,2020-03-23 00:00
46,228,False,False,False,False,False,False,False,False,False,False,True,False,False,False,Lundi-00-02h,NON,Lundi,2020-03-23 00:00
47,290,False,False,False,False,False,False,False,False,True,False,False,False,False,False,Lundi-00-02h,NON,Lundi,2020-03-23 00:00
48,197,False,False,True,False,True,False,False,False,False,False,False,False,False,False,Lundi-00-02h,NON,Lundi,2020-03-23 00:00
49,31,True,True,True,False,False,True,False,False,False,False,False,False,False,False,Lundi-00-02h,NON,Lundi,2020-03-23 00:00
50,173,True,False,False,False,True,True,False,True,False,False,False,False,False,False,Lundi-00-02h,NON,Lundi,2020-03-23 00:00
51,74,True,False,False,True,False,False,False,True,False,False,True,False,False,False,Lundi-00-02h,NON,Lundi,2020-03-23 00:00
52,15,False,False,True,False,False,False,False,False,False,False,False,False,False,False,Lundi-00-02h,NON,Lundi,2020-03-23 00:00
53,45,True,False,False,False,True,True,False,True,False,False,False,False,False,False,Lundi-00-02h,NON,Lundi,2020-03-23 00:00
54,63,False,False,True,False,False,False,False,False,False,False,False,False,False,False,Lundi-00-02h,NON,Lundi,2020-03-23 00:00
55,3,False,False,False,False,False,True,False,False,False,False,False,True,False,False,Lundi-00-02h,OUI,Lundi,2020-03-23 00:00
56,21,True,False,True,False,False,False,False,False,False,False,False,False,False,False,Lundi-00-02h,NON,Lundi,2020-03-23 00:00
57,78,False,True,True,False,True,True,False,True,False,False,False,False,False,False,Lundi-00-02h,NON,Lundi,2020-03-23 00:00
58,47,False,True,False,False,False,False,False,False,False,False,False,False,False,False,Lundi-00-02h,NON,Lundi,2020-03-23 00:00
59,151,True,True,False,False,True,False,False,True,False,False,False,False,False,False,Lundi-00-02h,NON,Lundi,2020-03-23 00:00
60,6,True,False,True,False,False,False,False,False,False,False,False,False,False,False,Lundi-00-02h,OUI,Lundi,2020-03-23 00:00
61,135,True,False,True,False,False,False,False,False,False,False,False,False,True,False,Lundi-00-02h,OUI,Lundi,2020-03-23 00:00
62,221,False,False,False,False,True,True,False,False,False,False,False,False,False,False,Lundi-00-02h,NON,Lundi,2020-03-23 00:00
63,170,False,False,True,False,False,False,False,False,False,False,True,False,False,True,Lundi-00-02h,NON,Lundi,2020-03-23 00:00
64,129,False,True,False,False,False,False,False,False,False,False,False,False,False,False,Lundi-00-02h,OUI,Lundi,2020-03-23 00:00
65,132,True,True,True,False,False,True,False,False,False,False,False,False,False,False,Lundi-00-02h,OUI,Lundi,2020-03-23 00:00
66,110,False,True,False,False,False,False,False,False,False,False,False,False,False,False,Lundi-00-02h,OUI,Lundi,2020-03-23 00:00
67,191,False,False,False,False,False,True,False,False,False,False,False,False,False,False,Lundi-00-02h,OUI,Lundi,2020-03-23 00:00
68,94,True,True,True,False,False,True,False,False,False,False,True,False,True,False,Lundi-00-02h,NON,Lundi,2020-03-23 00:00
69,108,False,False,False,False,False,True,True,False,False,False,False,False,False,False,Lundi-00-02h,OUI,Lundi,2020-03-23 00:00
70,236,False,False,False,False,True,True,False,False,False,False,False,False,False,False,Lundi-00-02h,OUI,Lundi,2020-03-23 00:00
71,42,True,False,True,False,True,False,False,False,False,False,False,False,False,False,Lundi-00-02h,NON,Lundi,2020-03-23 00:00
72,155,True,False,False,False,True,False,False,False,False,False,False,False,False,False,Lundi-00-02h,NON,Lundi,2020-03-23 00:00
73,1,False,False,False,False,False,False,False,False,False,False,False,False,False,False,Lundi-00-02h,NON,Lundi,2020-03-23 00:00
74,58,False,True,True,False,False,True,False,False,False,False,True,False,False,False,Lundi-00-02h,OUI,Lundi,2020-03-23 00:00
75,0,False,True,False,False,False,False,False,False,False,False,False,False,False,False,Lundi-00-02h,OUI,Lundi,2020-03-23 00:00
76,269,False,False,False,False,False,False,False,False,False,False,False,False,False,False,Lundi-00-02h,NON,Lundi,2020-03-23 00:00
77,2,True,False,True,False,False,False,False,False,False,False,False,False,False,False,Lundi-00-02h,NON,Lundi,2020-03-23 00:00
78,103,False,False,False,False,True,False,False,False,False,False,False,False,False,False,Lundi-00-02h,NON,Lundi,2020-03-23 00:00
79,12,False,True,False,False,True,False,False,False,False,False,False,False,False,False,Lundi-00-02h,OUI,Lundi,2020-03-23 00:00
80,245,True,False,False,False,True,True,False,True,False,False,False,False,False,False,Lundi-00-02h,NON,Lundi,2020-03-23 00:00
81,161,False,False,True,False,False,False,False,False,False,False,True,False,False,False,Lundi-00-02h,OUI,Lundi,2020-03-23 00:00
82,38,False,False,False,False,False,False,False,False,True,False,False,False,False,False,Lundi-00-02h,NON,Lundi,2020-03-23 00:00
83,122,False,False,False,False,False,False,False,False,False,False,False,False,False,False,Lundi-00-02h,NON,Lundi,2020-03-23 00:00
84,248,False,False,True,False,False,False,False,False,False,False,False,False,True,False,Lundi-00-02h,NON,Lundi,2020-03-23 00:00
85,271,False,True,True,False,False,True,False,False,False,False,False,False,False,False,Lundi-00-02h,OUI,Lundi,2020-03-23 00:00
86,116,False,False,True,False,False,False,False,False,False,False,False,False,False,False,Lundi-00-02h,OUI,Lundi,2020-03-23 00:00
87,117,True,True,True,True,False,True,False,False,False,False,False,False,False,False,Lundi-00-02h,NON,Lundi,2020-03-23 00:00
88,213,False,False,False,False,True,True,False,True,False,False,False,False,False,False,Lundi-00-02h,NON,Lundi,2020-03-23 00:00
89,220,False,True,True,False,False,True,False,False,False,False,False,False,False,False,Lundi-00-02h,OUI,Lundi,2020-03-23 00:00
90,176,False,False,True,False,False,False,False,False,False,False,False,False,False,False,Lundi-00-02h,NON,Lundi,2020-03-23 00:00
91,96,False,False,False,False,True,True,False,False,False,True,False,False,False,False,Lundi-00-02h,NON,Lundi,2020-03-23 00:00
92,214,False,False,False,False,True,True,False,False,False,True,False,False,False,False,Lundi-00-02h,OUI,Lundi,2020-03-23 00:00
93,11,True,False,False,True,False,False,False,False,False,False,True,False,False,False,Lundi-00-02h,NON,Lundi,2020-03-23 00:00
94,255,True,False,True,False,False,False,False,True,False,False,False,False,False,False,Lundi-00-02h,NON,Lundi,2020-03-23 00:00
95,86,False,False,True,False,False,False,False,False,False,False,False,False,False,False,Lundi-00-02h,NON,Lundi,2020-03-23 00:00
96,209,True,False,False,False,True,True,False,True,False,False,False,False,False,False,Lundi-00-02h,OUI,Lundi,2020-03-23 00:00
97,291,False,False,False,False,False,True,False,False,True,False,False,False,False,False,Lundi-00-02h,OUI,Lundi,2020-03-23 00:00
98,287,False,False,False,False,False,False,False,False,False,False,False,True,False,False,Lundi-00-02h,NON,Lundi,2020-03-23 00:00
99,104,False,False,False,False,True,True,False,False,False,False,False,False,False,False,Lundi-00-02h,NON,Lundi,2020-03-23 00:00
100,18,False,False,False,False,True,False,False,False,False,False,False,False,False,False,Lundi-00-02h,OUI,Lundi,2020-03-23 00:00
101,123,False,True,False,False,True,True,False,False,False,False,False,False,False,False,Lundi-00-02h,NON,Lundi,2020-03-23 00:00
102,136,False,False,False,False,True,False,False,False,False,False,False,False,False,False,Lundi-00-02h,NON,Lundi,2020-03-23 00:00
103,276,True,False,True,False,False,False,False,False,False,False,False,False,False,False,Lundi-00-02h,NON,Lundi,2020-03-23 00:00
104,53,False,False,False,False,True,True,False,False,False,False,False,False,False,False,Lundi-00-02h,OUI,Lundi,2020-03-23 00:00
105,179,True,False,True,False,False,False,False,False,False,False,False,False,False,False,Lundi-00-02h,OUI,Lundi,2020-03-23 00:00
106,200,False,False,False,False,False,False,False,False,False,False,False,False,False,False,Lundi-00-02h,NON,Lundi,2020-03-23 00:00
107,73,False,False,False,False,False,False,False,False,False,False,False,False,False,False,Lundi-00-02h,NON,Lundi,2020-03-23 00:00
108,156,False,False,False,False,True,True,False,False,False,False,False,False,False,False,Lundi-00-02h,NON,Lundi,2020-03-23 00:00
109,128,True,True,True,False,False,True,False,False,False,False,False,False,False,False,Lundi-00-02h,OUI,Lundi,2020-03-23 00:00
110,118,False,False,False,False,False,False,False,False,False,False,False,False,False,False,Lundi-00-02h,NON,Lundi,2020-03-23 00:00
111,112,True,False,True,False,False,False,False,False,False,False,False,False,False,False,Lundi-00-02h,NON,Lundi,2020-03-23 00:00
112,35,False,False,False,False,True,True,False,False,False,False,False,False,False,False,Lundi-00-02h,NON,Lundi,2020-03-23 00:00
113,32,False,False,False,False,False,False,False,False,False,False,False,True,False,False,Lundi-00-02h,NON,Lundi,2020-03-23 00:00
114,199,True,False,True,False,False,False,False,False,False,False,False,False,False,False,Lundi-00-02h,NON,Lundi,2020-03-23 00:00
115,153,True,False,False,False,True,True,False,False,False,False,False,False,False,False,Lundi-00-02h,NON,Lundi,2020-03-23 00:00
116,82,False,False,True,False,False,False,False,False,False,False,False,False,False,False,Lundi-00-02h,NON,Lundi,2020-03-23 00:00
117,292,False,True,False,False,False,False,False,False,False,False,False,False,False,False,Lundi-00-02h,NON,Lundi,2020-03-23 00:00
118,169,False,False,False,True,False,False,False,False,False,False,False,False,False,False,Lundi-00-02h,NON,Lundi,2020-03-23 00:00
119,16,False,False,False,False,True,True,False,False,False,False,False,False,False,False,Lundi-00-02h,OUI,Lundi,2020-03-23 00:00
120,46,True,True,True,False,False,True,True,False,False,False,False,False,False,False,Lundi-00-02h,NON,Lundi,2020-03-23 00:00
121,216,False,True,False,False,False,True,False,False,False,False,False,False,False,False,Lundi-00-02h,OUI,Lundi,2020-03-23 00:00
122,174,False,True,True,False,False,True,False,False,False,False,True,False,False,False,Lundi-00-02h,OUI,Lundi,2020-03-23 00:00
123,43,False,False,False,False,True,False,False,False,False,False,False,False,False,False,Lundi-00-02h,NON,Lundi,2020-03-23 00:00
124,165,False,False,False,False,True,True,False,False,False,False,False,False,False,False,Lundi-00-02h,NON,Lundi,2020-03-23 00:00
125,126,False,True,False,False,False,True,False,False,False,False,False,False,False,False,Lundi-00-02h,NON,Lundi,2020-03-23 00:00
126,41,False,False,False,False,False,True,False,False,True,False,False,False,False,False,Lundi-00-02h,NON,Lundi,2020-03-23 00:00
127,157,False,False,True,False,False,False,False,False,False,False,False,False,False,False,Lundi-00-02h,NON,Lundi,2020-03-23 00:00
128,272,False,True,True,False,False,False,True,False,False,False,True,False,True,True,Lundi-00-02h,NON,Lundi,2020-03-23 00:00
129,115,True,False,True,False,False,False,False,False,False,False,False,False,False,False,Lundi-00-02h,NON,Lundi,2020-03-23 00:00
130,84,False,False,False,False,False,False,False,False,False,False,False,True,False,False,Lundi-00-02h,NON,Lundi,2020-03-23 00:00
131,183,True,True,True,True,False,False,False,False,False,False,False,False,False,False,Lundi-00-02h,NON,Lundi,2020-03-23 00:00
132,65,True,True,False,False,False,True,False,False,False,False,False,False,False,False,Lundi-00-02h,OUI,Lundi,2020-03-23 00:00
133,105,True,False,False,False,False,False,False,False,False,False,False,False,False,False,Lundi-00-02h,OUI,Lundi,2020-03-23 00:00
134,187,True,False,False,False,False,True,False,False,False,False,False,False,False,False,Lundi-00-02h,NON,Lundi,2020-03-23 00:00
135,139,True,False,True,False,False,False,False,False,False,False,False,False,False,False,Lundi-00-02h,NON,Lundi,2020-03-23 00:00
136,259,False,False,False,False,True,True,False,False,False,False,False,False,False,False,Lundi-00-02h,OUI,Lundi,2020-03-23 00:00
137,124,True,False,True,False,False,False,False,False,False,False,True,False,False,False,Lundi-00-02h,OUI,Lundi,2020-03-23 00:00
138,98,False,False,False,False,False,True,False,False,False,False,False,True,False,False,Lundi-00-02h,OUI,Lundi,2020-03-23 00:00
139,284,False,True,True,False,False,True,False,False,False,False,False,False,True,False,Lundi-00-02h,OUI,Lundi,2020-03-23 00:00
140,148,True,False,True,False,True,False,False,True,False,False,False,False,False,False,Lundi-00-02h,NON,Lundi,2020-03-23 00:00
141,258,True,False,True,False,False,False,False,False,False,False,False,False,False,False,Lundi-00-02h,NON,Lundi,2020-03-23 00:00
142,175,False,False,False,False,False,True,False,False,False,False,False,False,False,False,Lundi-00-02h,NON,Lundi,2020-03-23 00:00
143,119,False,False,False,False,False,False,False,False,False,False,True,False,False,False,Lundi-00-02h,NON,Lundi,2020-03-23 00:00
144,229,True,False,True,False,False,False,False,True,False,False,False,False,False,False,Lundi-00-02h,NON,Lundi,2020-03-23 00:00
145,230,False,False,False,False,False,True,True,False,False,False,False,False,False,False,Lundi-00-02h,NON,Lundi,2020-03-23 00:00
146,17,True,False,False,False,False,True,True,False,False,False,False,False,False,False,Lundi-00-02h,NON,Lundi,2020-03-23 00:00
147,177,False,False,False,False,False,False,False,False,False,False,False,False,False,False,Lundi-00-02h,NON,Lundi,2020-03-23 00:00
148,7,False,False,False,False,False,False,False,False,False,False,False,False,False,False,Lundi-00-02h,NON,Lundi,2020-03-23 00:00
149,241,False,False,True,False,False,False,False,False,False,False,False,False,False,False,Lundi-00-02h,NON,Lundi,2020-03-23 00:00
150,8,True,False,False,False,True,True,False,True,False,False,False,False,False,False,Lundi-00-02h,NON,Lundi,2020-03-23 00:00
151,268,False,True,False,False,False,True,False,False,False,False,False,False,False,False,Lundi-00-02h,OUI,Lundi,2020-03-23 00:00
152,294,False,False,True,False,True,False,False,False,False,False,False,False,False,False,Lundi-00-02h,OUI,Lundi,2020-03-23 00:00
153,242,True,False,False,False,True,True,False,False,False,False,False,False,False,False,Lundi-00-02h,NON,Lundi,2020-03-23 00:00
154,194,False,False,False,False,False,True,False,False,False,False,False,False,False,False,Lundi-00-02h,NON,Lundi,2020-03-23 00:00
155,243,False,False,False,False,True,True,False,False,False,False,False,False,False,False,Lundi-00-02h,OUI,Lundi,2020-03-23 00:00
156,212,True,True,True,False,False,True,False,False,False,False,False,False,False,False,Lundi-00-02h,NON,Lundi,2020-03-23 00:00
157,19,False,False,False,False,False,True,False,False,False,False,False,False,False,False,Lundi-00-02h,OUI,Lundi,2020-03-23 00:00
158,114,False,False,False,False,True,False,False,False,False,False,False,False,False,False,Lundi-00-02h,OUI,Lundi,2020-03-23 00:00
159,190,False,False,False,False,False,True,False,False,True,False,False,False,False,False,Lundi-00-02h,NON,Lundi,2020-03-23 00:00
160,64,False,False,True,False,False,False,False,False,False,False,False,False,False,False,Lundi-00-02h,NON,Lundi,2020-03-23 00:00
161,227,False,False,False,False,False,False,False,False,False,False,False,False,False,False,Lundi-00-02h,NON,Lundi,2020-03-23 00:00
162,232,False,False,False,False,False,True,False,False,False,False,False,False,False,False,Lundi-00-02h,OUI,Lundi,2020-03-23 00:00
163,246,False,True,False,False,False,True,True,False,False,False,False,False,False,False,Lundi-00-02h,NON,Lundi,2020-03-23 00:00
164,100,False,False,False,False,False,True,False,False,False,False,False,False,False,False,Lundi-00-02h,OUI,Lundi,2020-03-23 00:00
165,13,False,False,False,False,True,False,False,False,False,False,False,False,False,False,Lundi-00-02h,NON,Lundi,2020-03-23 00:00
166,262,True,True,True,False,False,False,False,False,False,False,False,False,False,False,Lundi-00-02h,NON,Lundi,2020-03-23 00:00
167,76,True,True,True,False,False,True,False,False,False,False,True,False,False,False,Lundi-00-02h,NON,Lundi,2020-03-23 00:00
168,261,False,True,False,False,True,False,False,False,False,False,False,False,False,False,Lundi-00-02h,NON,Lundi,2020-03-23 00:00
169,150,False,True,False,False,False,False,False,False,False,False,False,False,False,False,Lundi-00-02h,OUI,Lundi,2020-03-23 00:00
170,205,False,False,False,False,False,False,False,False,False,False,False,False,False,False,Lundi-00-02h,NON,Lundi,2020-03-23 00:00
171,56,False,False,False,False,True,True,False,False,False,False,False,False,False,False,Lundi-00-02h,OUI,Lundi,2020-03-23 00:00
172,186,False,False,False,False,True,False,False,False,False,False,False,False,False,False,Lundi-00-02h,OUI,Lundi,2020-03-23 00:00
173,162,True,False,False,False,True,True,False,False,False,False,False,False,False,False,Lundi-00-02h,NON,Lundi,2020-03-23 00:00
174,68,False,True,False,False,True,True,False,False,False,False,False,False,False,False,Lundi-00-02h,NON,Lundi,2020-03-23 00:00
175,146,False,False,False,False,False,True,False,False,False,False,False,True,False,False,Lundi-00-02h,OUI,Lundi,2020-03-23 00:00
176,49,False,False,False,False,False,False,False,False,False,False,False,False,True,False,Lundi-00-02h,NON,Lundi,2020-03-23 00:00
177,91,True,False,True,True,False,False,False,False,False,False,False,False,False,False,Lundi-00-02h,OUI,Lundi,2020-03-23 00:00
178,22,False,False,False,False,False,False,False,False,False,True,False,False,False,False,Lundi-00-02h,NON,Lundi,2020-03-23 00:00
179,151,False,False,False,False,True,False,False,False,False,False,False,False,False,False,Lundi-00-02h,NON,Lundi,2020-03-23 00:00
180,193,False,False,False,False,True,True,False,False,False,False,False,False,False,False,Lundi-00-02h,OUI,Lundi,2020-03-23 00:00
181,9,True,True,False,False,False,False,False,False,False,False,False,False,False,False,Lundi-00-02h,NON,Lundi,2020-03-23 00:00
182,99,True,False,True,False,False,False,False,False,False,False,False,False,False,False,Lundi-00-02h,NON,Lundi,2020-03-23 00:00
183,181,False,False,False,False,True,True,False,False,False,False,False,False,False,False,Lundi-00-02h,OUI,Lundi,2020-03-23 00:00
184,111,False,False,False,False,False,True,False,True,False,False,False,False,False,False,Lundi-00-02h,OUI,Lundi,2020-03-23 00:00
185,44,False,True,False,False,False,True,False,False,False,False,False,False,False,False,Lundi-00-02h,NON,Lundi,2020-03-23 00:00
186,24,False,False,False,False,True,False,False,True,False,False,False,False,False,False,Lundi-00-02h,NON,Lundi,2020-03-23 00:00
187,102,False,False,False,False,True,True,False,True,False,False,False,False,False,False,Lundi-00-02h,NON,Lundi,2020-03-23 00:00
188,203,True,True,False,False,False,False,False,True,False,False,False,False,False,False,Lundi-00-02h,NON,Lundi,2020-03-23 00:00
189,140,False,False,False,False,True,True,False,True,False,False,False,False,False,False,Lundi-00-02h,NON,Lundi,2020-03-23 00:00
190,188,False,False,False,False,False,True,False,False,True,False,False,False,False,False,Lundi-00-02h,NON,Lundi,2020-03-23 00:00
191,206,False,False,False,True,False,False,False,False,False,False,True,False,False,False,Lundi-00-02h,NON,Lundi,2020-03-23 00:00
192,273,False,False,False,False,False,False,False,False,False,False,False,True,False,False,Lundi-00-02h,NON,Lundi,2020-03-23 00:00
193,69,True,False,True,False,False,False,False,False,False,False,False,False,False,False,Lundi-00-02h,NON,Lundi,2020-03-23 00:00
194,87,True,False,False,True,False,False,False,False,False,False,True,False,False,False,Lundi-00-02h,OUI,Lundi,2020-03-23 00:00
195,83,True,False,True,False,False,False,False,False,False,False,False,False,False,False,Lundi-00-02h,NON,Lundi,2020-03-23 00:00
196,149,True,False,True,True,False,False,False,False,False,False,False,False,False,False,Lundi-00-02h,OUI,Lundi,2020-03-23 00:00
197,274,False,False,False,False,False,True,False,False,False,False,False,False,False,False,Lundi-00-02h,NON,Lundi,2020-03-23 00:00
198,282,True,False,True,True,False,False,False,False,False,False,False,False,False,False,Lundi-00-02h,OUI,Lundi,2020-03-23 00:00
199,147,False,False,False,False,False,False,False,False,False,False,False,False,False,False,Lundi-00-02h,NON,Lundi,2020-03-23 00:00
200,238,False,False,False,False,False,False,False,False,False,False,False,True,False,False,Lundi-00-02h,NON,Lundi,2020-03-23 00:00
201,201,False,False,False,False,False,False,False,False,False,False,False,False,False,False,Lundi-00-02h,NON,Lundi,2020-03-23 00:00
202,152,False,True,False,False,False,False,False,False,False,False,False,False,False,False,Lundi-00-02h,NON,Lundi,2020-03-23 00:00
203,222,False,False,False,False,False,True,False,False,True,True,False,False,False,False,Lundi-00-02h,NON,Lundi,2020-03-23 00:00
204,106,False,False,False,False,False,True,False,False,False,False,False,True,False,False,Lundi-00-02h,NON,Lundi,2020-03-23 00:00
205,133,False,False,True,False,True,False,False,False,False,False,False,False,False,False,Lundi-00-02h,NON,Lundi,2020-03-23 00:00
206,163,False,False,False,False,True,False,False,False,False,False,False,False,False,False,Lundi-00-02h,NON,Lundi,2020-03-23 00:00
207,231,False,False,False,False,False,False,False,False,False,False,False,False,False,False,Lundi-00-02h,NON,Lundi,2020-03-23 00:00
208,25,False,False,False,False,True,False,False,False,False,False,False,False,False,False,Lundi-00-02h,NON,Lundi,2020-03-23 00:00
209,196,False,False,True,False,True,False,False,True,False,False,False,False,False,False,Lundi-00-02h,NON,Lundi,2020-03-23 00:00
210,5,False,False,False,False,True,True,False,False,False,False,False,False,False,False,Lundi-00-02h,NON,Lundi,2020-03-23 00:00
211,90,False,True,False,False,False,False,False,False,False,False,False,False,False,False,Lundi-00-02h,NON,Lundi,2020-03-23 00:00
212,244,True,False,True,False,False,False,False,False,False,False,False,False,False,False,Lundi-00-02h,NON,Lundi,2020-03-23 00:00
213,107,False,True,False,False,False,True,False,False,False,False,False,False,False,False,Lundi-00-02h,OUI,Lundi,2020-03-23 00:00
214,218,False,True,False,False,True,True,False,False,False,False,False,False,False,False,Lundi-00-02h,OUI,Lundi,2020-03-23 00:00
215,62,False,True,True,False,True,True,False,False,False,False,False,False,False,False,Lundi-00-02h,NON,Lundi,2020-03-23 00:00
216,79,False,True,False,False,False,False,False,False,False,False,False,False,False,False,Lundi-00-02h,NON,Lundi,2020-03-23 00:00
217,208,False,False,False,False,False,True,False,False,False,False,False,False,False,False,Lundi-00-02h,NON,Lundi,2020-03-23 00:00
218,270,False,False,False,False,False,False,False,False,True,False,False,False,False,False,Lundi-00-02h,NON,Lundi,2020-03-23 00:00
219,166,True,False,False,False,True,True,False,False,False,False,False,False,False,False,Lundi-00-02h,OUI,Lundi,2020-03-23 00:00
220,77,False,False,True,False,True,False,False,False,False,False,False,False,False,False,Lundi-00-02h,NON,Lundi,2020-03-23 00:00
221,29,False,False,False,False,False,True,False,False,False,False,False,True,False,False,Lundi-00-02h,NON,Lundi,2020-03-23 00:00
222,240,False,False,False,False,False,True,False,False,False,False,False,False,False,False,Lundi-00-02h,NON,Lundi,2020-03-23 00:00
223,184,False,True,False,False,False,False,False,False,False,False,False,False,False,False,Lundi-00-02h,OUI,Lundi,2020-03-23 00:00
224,277,False,True,True,False,False,True,False,False,False,False,False,False,False,False,Lundi-00-02h,OUI,Lundi,2020-03-23 00:00
225,80,True,False,False,False,False,True,False,False,False,True,False,False,False,False,Lundi-00-02h,NON,Lundi,2020-03-23 00:00
226,185,True,True,True,False,False,True,False,False,False,False,True,False,True,False,Lundi-00-02h,NON,Lundi,2020-03-23 00:00
227,204,False,False,False,False,True,True,False,False,False,False,False,True,False,False,Lundi-00-02h,OUI,Lundi,2020-03-23 00:00
228,252,True,True,True,False,False,True,False,False,False,False,False,False,False,False,Lundi-00-02h,NON,Lundi,2020-03-23 00:00
229,26,False,False,False,False,True,False,False,False,False,False,False,False,False,False,Lundi-00-02h,NON,Lundi,2020-03-23 00:00
230,70,False,False,False,False,True,False,False,False,False,False,False,True,False,False,Lundi-00-02h,OUI,Lundi,2020-03-23 00:00
231,233,False,False,False,False,True,False,False,False,False,False,False,False,False,False,Lundi-00-02h,NON,Lundi,2020-03-23 00:00
232,37,True,True,True,False,True,True,False,False,False,False,False,False,False,False,Lundi-00-02h,NON,Lundi,2020-03-23 00:00
233,185,False,False,True,False,False,False,False,False,False,False,False,False,False,False,Lundi-00-02h,NON,Lundi,2020-03-23 00:00
234,138,True,False,False,False,True,True,False,False,False,False,False,False,False,False,Lundi-00-02h,NON,Lundi,2020-03-23 00:00
235,224,True,False,True,False,False,False,False,False,False,False,False,False,False,False,Lundi-00-02h,NON,Lundi,2020-03-23 00:00
236,66,False,False,False,False,True,True,False,False,False,False,False,False,True,False,Lundi-00-02h,OUI,Lundi,2020-03-23 00:00
237,211,False,False,True,False,False,False,False,False,False,False,False,False,True,False,Lundi-00-02h,NON,Lundi,2020-03-23 00:00
238,14,False,False,False,False,True,True,False,False,False,False,False,False,False,False,Lundi-00-02h,NON,Lundi,2020-03-23 00:00
239,145,False,False,False,False,True,False,False,False,False,False,False,False,False,False,Lundi-00-02h,NON,Lundi,2020-03-23 00:00
240,36,False,False,False,False,False,False,False,False,False,False,False,True,False,False,Lundi-00-02h,NON,Lundi,2020-03-23 00:00
241,60,True,True,True,False,False,True,False,False,False,False,False,False,False,False,Lundi-00-02h,NON,Lundi,2020-03-23 00:00
242,137,True,True,True,False,False,True,False,False,False,False,True,False,False,False,Lundi-00-02h,OUI,Lundi,2020-03-23 00:00
243,285,False,True,False,False,True,True,False,False,False,False,False,False,False,False,Lundi-00-02h,NON,Lundi,2020-03-23 00:00
244,40,False,True,True,False,True,True,False,False,False,False,False,False,False,False,Lundi-00-02h,OUI,Lundi,2020-03-23 00:00
245,97,False,False,False,False,False,True,False,False,False,False,False,False,False,False,Lundi-00-02h,NON,Lundi,2020-03-23 00:00
246,109,True,False,True,True,False,False,False,False,False,False,False,False,False,False,Lundi-00-02h,NON,Lundi,2020-03-23 00:00
247,10,False,False,False,False,False,False,False,False,False,False,False,False,False,False,Lundi-00-02h,NON,Lundi,2020-03-23 00:00
248,256,False,False,False,False,False,False,False,False,False,False,False,True,False,False,Lundi-00-02h,NON,Lundi,2020-03-23 00:00
249,141,True,True,True,False,False,False,False,False,False,False,True,False,False,False,Lundi-00-02h,NON,Lundi,2020-03-23 00:00
250,28,False,False,False,False,False,False,False,False,False,False,False,False,False,False,Lundi-00-02h,NON,Lundi,2020-03-23 00:00
251,101,True,True,True,True,True,True,False,False,False,False,False,False,False,False,Lundi-00-02h,OUI,Lundi,2020-03-23 00:00
252,48,True,False,True,False,True,False,False,False,False,False,False,False,True,False,Lundi-00-02h,NON,Lundi,2020-03-23 00:00
253,27,False,False,False,False,False,True,False,False,False,False,False,False,False,False,Lundi-00-02h,NON,Lundi,2020-03-23 00:00
254,142,True,False,True,False,False,False,False,False,False,False,True,False,True,False,Lundi-00-02h,NON,Lundi,2020-03-23 00:00
255,234,False,False,True,False,False,False,False,False,False,False,True,False,False,False,Lundi-00-02h,NON,Lundi,2020-03-23 00:00
256,23,False,False,False,False,True,False,False,False,False,False,False,False,False,False,Lundi-00-02h,NON,Lundi,2020-03-23 00:00
257,195,False,False,False,False,True,False,False,False,True,False,False,False,False,False,Lundi-00-02h,NON,Lundi,2020-03-23 00:00
258,275,False,False,False,False,False,False,False,False,False,False,False,True,False,False,Lundi-00-02h,NON,Lundi,2020-03-23 00:00
259,226,False,False,False,False,True,True,False,False,False,False,False,False,False,False,Lundi-00-02h,NON,Lundi,2020-03-23 00:00
260,207,False,False,True,False,False,False,False,False,False,False,False,False,False,False,Lundi-00-02h,NON,Lundi,2020-03-23 00:00
261,57,False,False,False,False,False,False,False,False,False,False,False,False,False,False,Lundi-00-02h,NON,Lundi,2020-03-23 00:00
262,4,False,True,False,False,False,True,False,False,False,False,False,False,False,False,Lundi-00-02h,NON,Lundi,2020-03-23 00:00
263,265,False,False,False,False,False,True,False,False,False,False,False,False,False,False,Lundi-00-02h,NON,Lundi,2020-03-23 00:00
264,88,False,True,False,False,False,False,False,False,False,False,False,False,False,False,Lundi-00-02h,NON,Lundi,2020-03-23 00:00
265,198,False,False,False,False,False,False,False,False,False,False,True,False,False,False,Lundi-00-02h,NON,Lundi,2020-03-23 00:00
266,249,True,True,True,False,False,False,False,False,False,False,False,False,False,False,Lundi-00-02h,NON,Lundi,2020-03-23 00:00
267,263,False,False,False,False,True,True,False,False,False,False,False,False,False,False,Lundi-00-02h,NON,Lundi,2020-03-23 00:00
268,217,True,False,True,False,False,False,False,False,False,False,False,False,True,False,Lundi-00-02h,NON,Lundi,2020-03-23 00:00
269,278,False,False,False,False,True,True,False,False,False,False,False,False,False,False,Lundi-00-02h,NON,Lundi,2020-03-23 00:00
270,189,False,True,False,False,False,False,False,False,False,False,False,False,False,False,Lundi-00-02h,NON,Lundi,2020-03-23 00:00
271,61,True,False,True,False,False,False,False,False,False,False,False,False,False,False,Lundi-00-02h,NON,Lundi,2020-03-23 00:00
272,251,False,False,False,False,False,False,False,False,False,False,False,False,True,False,Lundi-00-02h,NON,Lundi,2020-03-23 00:00
273,281,False,True,False,False,False,False,False,False,False,False,False,False,False,False,Lundi-00-02h,NON,Lundi,2020-03-23 00:00
274,134,False,True,False,False,False,False,False,False,False,False,False,False,False,False,Lundi-00-02h,NON,Lundi,2020-03-23 00:00
275,293,False,True,False,False,False,True,False,False,False,False,False,False,False,False,Lundi-00-02h,NON,Lundi,2020-03-23 00:00
276,279,True,True,True,True,False,True,False,False,False,False,False,False,False,False,Lundi-00-02h,NON,Lundi,2020-03-23 00:00
277,81,True,False,True,True,False,False,False,True,False,False,False,False,False,False,Lundi-00-02h,NON,Lundi,2020-03-23 00:00
278,92,True,False,False,True,False,False,False,False,False,False,True,False,False,False,Lundi-00-02h,NON,Lundi,2020-03-23 00:00
279,147,False,False,False,False,False,False,False,False,False,False,False,False,False,False,Lundi-00-02h,NON,Lundi,2020-03-23 00:00
280,33,False,True,False,False,True,False,False,False,False,False,False,False,False,False,Lundi-00-02h,NON,Lundi,2020-03-23 00:00
281,266,False,False,False,False,False,False,False,False,False,False,False,False,False,False,Lundi-00-02h,NON,Lundi,2020-03-23 00:00
282,225,True,False,False,False,False,True,False,False,False,False,False,False,False,False,Lundi-00-02h,NON,Lundi,2020-03-23 00:00
283,83,True,False,True,False,False,False,False,False,False,False,False,False,False,False,Lundi-00-02h,NON,Lundi,2020-03-23 00:00
284,95,False,False,False,False,True,True,False,True,False,False,False,False,False,False,Lundi-00-02h,NON,Lundi,2020-03-23 00:00
285,127,False,False,False,False,True,False,False,False,False,False,False,False,False,False,Lundi-00-02h,NON,Lundi,2020-03-23 00:00
286,20,False,False,False,False,False,False,False,False,False,False,False,False,False,False,Lundi-00-02h,NON,Lundi,2020-03-23 00:00
287,89,False,False,False,False,False,False,False,False,True,False,False,False,False,False,Lundi-00-02h,OUI,Lundi,2020-03-23 00:00
288,120,False,True,True,False,True,True,False,True,False,False,True,False,False,False,Lundi-00-02h,NON,Lundi,2020-03-23 00:00
289,253,False,False,False,False,True,True,False,False,False,False,False,True,False,False,Lundi-00-02h,NON,Lundi,2020-03-23 00:00
290,52,False,False,True,False,False,False,False,False,False,False,False,False,False,False,Lundi-00-02h,OUI,Lundi,2020-03-23 00:00
291,168,True,False,True,False,False,False,False,True,False,False,False,False,False,False,Lundi-00-02h,NON,Lundi,2020-03-23 00:00
292,202,False,True,False,False,False,False,False,False,False,False,False,False,False,False,Lundi-00-02h,NON,Lundi,2020-03-23 00:00
293,172,False,False,False,False,True,False,False,False,False,False,False,False,False,False,Lundi-00-02h,NON,Lundi,2020-03-23 00:00
294,239,False,False,False,False,True,True,False,False,False,False,False,False,False,False,Lundi-00-02h,NON,Lundi,2020-03-23 00:00
295,85,False,False,False,False,True,False,False,False,False,False,False,False,False,False,Lundi-00-02h,NON,Lundi,2020-03-23 00:00
296,215,False,False,False,False,False,False,False,False,True,False,False,False,False,False,Lundi-00-02h,NON,Lundi,2020-03-23 00:00
297,260,True,False,True,False,False,False,False,False,False,False,False,False,False,False,Lundi-00-02h,NON,Lundi,2020-03-23 00:00
298,286,True,True,False,False,True,False,False,False,False,False,False,False,False,False,Lundi-00-02h,NON,Lundi,2020-03-23 00:00
299,72,False,True,False,False,False,False,False,False,False,False,False,False,False,False,Lundi-02-04h,NON,Lundi,2020-03-23 02:00
300,167,True,True,True,True,True,True,False,False,False,False,False,False,False,False,Lundi-02-04h,OUI,Lundi,2020-03-23 02:00
301,130,True,False,True,False,False,False,False,True,False,False,False,False,True,True,Lundi-02-04h,OUI,Lundi,2020-03-23 02:00
302,288,True,True,True,False,True,False,False,False,False,False,False,False,False,False,Lundi-02-04h,OUI,Lundi,2020-03-23 02:00
303,59,False,False,False,False,False,True,False,False,False,False,False,False,False,False,Lundi-02-04h,NON,Lundi,2020-03-23 02:00
304,178,True,False,False,False,False,False,False,False,False,False,True,False,False,False,Lundi-02-04h,OUI,Lundi,2020-03-23 02:00
305,254,False,False,False,False,False,False,False,False,False,False,False,True,False,False,Lundi-02-04h,NON,Lundi,2020-03-23 02:00
306,34,False,False,False,False,False,False,False,False,False,False,False,False,False,False,Lundi-02-04h,NON,Lundi,2020-03-23 02:00
307,264,False,False,False,False,True,True,True,False,False,False,False,False,False,False,Lundi-02-04h,NON,Lundi,2020-03-23 02:00
308,158,True,False,False,False,True,False,False,False,False,True,False,False,False,False,Lundi-02-04h,NON,Lundi,2020-03-23 02:00
309,210,False,True,False,False,True,True,False,False,False,False,False,False,False,False,Lundi-02-04h,NON,Lundi,2020-03-23 02:00
310,93,False,False,False,False,True,False,False,False,False,False,False,False,True,False,Lundi-02-04h,OUI,Lundi,2020-03-23 02:00
311,144,True,False,True,False,True,False,False,False,False,False,False,False,False,False,Lundi-02-04h,NON,Lundi,2020-03-23 02:00
312,164,False,True,False,False,True,True,False,False,False,False,False,False,False,False,Lundi-02-04h,OUI,Lundi,2020-03-23 02:00
313,289,False,False,False,False,True,True,False,False,False,False,False,False,False,False,Lundi-02-04h,NON,Lundi,2020-03-23 02:00
314,50,False,False,False,False,False,False,False,False,False,False,False,False,False,False,Lundi-02-04h,NON,Lundi,2020-03-23 02:00
315,51,True,True,False,False,True,False,False,False,False,False,False,False,False,False,Lundi-02-04h,OUI,Lundi,2020-03-23 02:00
316,247,False,False,True,False,False,False,False,False,False,False,False,False,False,False,Lundi-02-04h,NON,Lundi,2020-03-23 02:00
317,159,False,False,False,False,False,False,False,True,False,False,False,False,False,False,Lundi-02-04h,NON,Lundi,2020-03-23 02:00
318,54,False,False,False,False,False,True,False,False,False,False,False,False,False,False,Lundi-02-04h,NON,Lundi,2020-03-23 02:00
319,55,True,False,False,False,True,True,False,True,False,False,False,False,False,False,Lundi-02-04h,OUI,Lundi,2020-03-23 02:00
320,257,False,False,False,False,True,False,False,False,False,False,False,False,False,False,Lundi-02-04h,NON,Lundi,2020-03-23 02:00
321,67,False,False,False,False,False,False,False,False,False,False,False,False,False,False,Lundi-02-04h,NON,Lundi,2020-03-23 02:00
322,71,True,False,True,False,False,False,False,False,False,False,False,False,False,False,Lundi-02-04h,NON,Lundi,2020-03-23 02:00
323,280,False,False,False,False,False,True,False,False,False,False,False,False,False,False,Lundi-02-04h,OUI,Lundi,2020-03-23 02:00
324,283,True,True,False,False,False,False,False,False,False,False,False,False,False,False,Lundi-02-04h,OUI,Lundi,2020-03-23 02:00
325,154,False,False,False,False,True,True,False,False,False,False,False,True,False,False,Lundi-02-04h,OUI,Lundi,2020-03-23 02:00
326,171,False,False,False,False,False,False,False,False,False,False,False,True,False,False,Lundi-02-04h,NON,Lundi,2020-03-23 02:00
327,131,False,False,True,False,False,False,False,False,False,False,False,False,False,False,Lundi-02-04h,NON,Lundi,2020-03-23 02:00
328,237,True,False,False,False,False,True,True,False,False,False,False,False,True,False,Lundi-02-04h,OUI,Lundi,2020-03-23 02:00
329,75,False,False,False,False,True,True,False,False,False,False,False,False,False,False,Lundi-02-04h,NON,Lundi,2020-03-23 02:00
330,235,True,False,False,False,True,False,False,False,False,False,False,False,False,False,Lundi-02-04h,NON,Lundi,2020-03-23 02:00
331,180,False,False,False,False,True,True,False,False,False,False,False,False,False,False,Lundi-02-04h,OUI,Lundi,2020-03-23 02:00
332,219,False,False,False,False,False,True,False,False,False,False,False,False,False,False,Lundi-02-04h,NON,Lundi,2020-03-23 02:00
333,250,False,False,False,False,False,False,False,False,True,False,False,False,False,False,Lundi-02-04h,NON,Lundi,2020-03-23 02:00
334,267,True,True,False,False,False,False,False,False,False,False,False,False,False,False,Lundi-02-04h,NON,Lundi,2020-03-23 02:00
335,160,False,True,False,False,False,True,False,False,False,False,False,False,False,False,Lundi-02-04h,NON,Lundi,2020-03-23 02:00
336,182,False,True,False,False,True,True,True,False,False,False,False,False,False,False,Lundi-02-04h,NON,Lundi,2020-03-23 02:00
337,143,False,False,False,False,False,False,False,True,False,False,True,False,False,False,Lundi-02-04h,OUI,Lundi,2020-03-23 02:00
338,223,True,True,False,False,False,False,False,False,False,False,False,False,False,False,Lundi-02-04h,NON,Lundi,2020-03-23 02:00
339,192,True,False,True,False,False,False,False,False,False,False,False,False,False,False,Lundi-02-04h,NON,Lundi,2020-03-23 02:00
340,30,False,False,True,False,False,False,False,True,False,False,False,False,False,False,Lundi-02-04h,NON,Lundi,2020-03-23 02:00
341,125,True,False,False,False,True,False,False,True,False,False,False,False,False,False,Lundi-02-04h,NON,Lundi,2020-03-23 02:00
342,39,False,False,True,False,True,False,False,True,False,False,False,False,False,False,Lundi-02-04h,NON,Lundi,2020-03-23 02:00
343,113,True,False,True,False,False,False,False,False,False,False,False,False,False,False,Lundi-02-04h,NON,Lundi,2020-03-23 02:00
344,121,True,False,True,False,False,False,False,True,False,False,False,False,False,False,Lundi-02-04h,NON,Lundi,2020-03-23 02:00
345,228,False,False,False,False,False,False,False,False,False,False,True,False,False,False,Lundi-02-04h,NON,Lundi,2020-03-23 02:00
346,290,False,False,False,False,False,False,False,False,True,False,False,False,False,False,Lundi-02-04h,NON,Lundi,2020-03-23 02:00
347,197,False,False,True,False,True,False,False,False,False,False,False,False,False,False,Lundi-02-04h,NON,Lundi,2020-03-23 02:00
348,31,True,True,True,False,False,True,False,False,False,False,False,False,False,False,Lundi-02-04h,NON,Lundi,2020-03-23 02:00
349,173,True,False,False,False,True,True,False,True,False,False,False,False,False,False,Lundi-02-04h,NON,Lundi,2020-03-23 02:00
350,74,True,False,False,True,False,False,False,True,False,False,True,False,False,False,Lundi-02-04h,NON,Lundi,2020-03-23 02:00
351,15,False,False,True,False,False,False,False,False,False,False,False,False,False,False,Lundi-02-04h,NON,Lundi,2020-03-23 02:00
352,45,True,False,False,False,True,True,False,True,False,False,False,False,False,False,Lundi-02-04h,NON,Lundi,2020-03-23 02:00
353,63,False,False,True,False,False,False,False,False,False,False,False,False,False,False,Lundi-02-04h,NON,Lundi,2020-03-23 02:00
354,3,False,False,False,False,False,True,False,False,False,False,False,True,False,False,Lundi-02-04h,OUI,Lundi,2020-03-23 02:00
355,21,True,False,True,False,False,False,False,False,False,False,False,False,False,False,Lundi-02-04h,NON,Lundi,2020-03-23 02:00
356,78,False,True,True,False,True,True,False,True,False,False,False,False,False,False,Lundi-02-04h,NON,Lundi,2020-03-23 02:00
357,47,False,True,False,False,False,False,False,False,False,False,False,False,False,False,Lundi-02-04h,NON,Lundi,2020-03-23 02:00
358,151,True,True,False,False,True,False,False,True,False,False,False,False,False,False,Lundi-02-04h,NON,Lundi,2020-03-23 02:00
359,6,True,False,True,False,False,False,False,False,False,False,False,False,False,False,Lundi-02-04h,OUI,Lundi,2020-03-23 02:00
360,135,True,False,True,False,False,False,False,False,False,False,False,False,True,False,Lundi-02-04h,OUI,Lundi,2020-03-23 02:00
361,221,False,False,False,False,True,True,False,False,False,False,False,False,False,False,Lundi-02-04h,NON,Lundi,2020-03-23 02:00
362,170,False,False,True,False,False,False,False,False,False,False,True,False,False,True,Lundi-02-04h,NON,Lundi,2020-03-23 02:00
363,129,False,True,False,False,False,False,False,False,False,False,False,False,False,False,Lundi-02-04h,OUI,Lundi,2020-03-23 02:00
364,132,True,True,True,False,False,True,False,False,False,False,False,False,False,False,Lundi-02-04h,OUI,Lundi,2020-03-23 02:00
365,110,False,True,False,False,False,False,False,False,False,False,False,False,False,False,Lundi-02-04h,OUI,Lundi,2020-03-23 02:00
366,191,False,False,False,False,False,True,False,False,False,False,False,False,False,False,Lundi-02-04h,OUI,Lundi,2020-03-23 02:00
367,94,True,True,True,False,False,True,False,False,False,False,True,False,True,False,Lundi-02-04h,NON,Lundi,2020-03-23 02:00
368,108,False,False,False,False,False,True,True,False,False,False,False,False,False,False,Lundi-02-04h,OUI,Lundi,2020-03-23 02:00
369,236,False,False,False,False,True,True,False,False,False,False,False,False,False,False,Lundi-02-04h,OUI,Lundi,2020-03-23 02:00
370,42,True,False,True,False,True,False,False,False,False,False,False,False,False,False,Lundi-02-04h,NON,Lundi,2020-03-23 02:00
371,155,True,False,False,False,True,False,False,False,False,False,False,False,False,False,Lundi-02-04h,NON,Lundi,2020-03-23 02:00
372,1,False,False,False,False,False,False,False,False,False,False,False,False,False,False,Lundi-02-04h,NON,Lundi,2020-03-23 02:00
373,58,False,True,True,False,False,True,False,False,False,False,True,False,False,False,Lundi-02-04h,OUI,Lundi,2020-03-23 02:00
374,0,False,True,False,False,False,False,False,False,False,False,False,False,False,False,Lundi-02-04h,OUI,Lundi,2020-03-23 02:00
375,269,False,False,False,False,False,False,False,False,False,False,False,False,False,False,Lundi-02-04h,NON,Lundi,2020-03-23 02:00
376,2,True,False,True,False,False,False,False,False,False,False,False,False,False,False,Lundi-02-04h,NON,Lundi,2020-03-23 02:00
377,103,False,False,False,False,True,False,False,False,False,False,False,False,False,False,Lundi-02-04h,NON,Lundi,2020-03-23 02:00
378,12,False,True,False,False,True,False,False,False,False,False,False,False,False,False,Lundi-02-04h,OUI,Lundi,2020-03-23 02:00
379,245,True,False,False,False,True,True,False,True,False,False,False,False,False,False,Lundi-02-04h,NON,Lundi,2020-03-23 02:00
380,161,False,False,True,False,False,False,False,False,False,False,True,False,False,False,Lundi-02-04h,OUI,Lundi,2020-03-23 02:00
381,38,False,False,False,False,False,False,False,False,True,False,False,False,False,False,Lundi-02-04h,NON,Lundi,2020-03-23 02:00
382,122,False,False,False,False,False,False,False,False,False,False,False,False,False,False,Lundi-02-04h,NON,Lundi,2020-03-23 02:00
383,248,False,False,True,False,False,False,False,False,False,False,False,False,True,False,Lundi-02-04h,NON,Lundi,2020-03-23 02:00
384,271,False,True,True,False,False,True,False,False,False,False,False,False,False,False,Lundi-02-04h,OUI,Lundi,2020-03-23 02:00
385,116,False,False,True,False,False,False,False,False,False,False,False,False,False,False,Lundi-02-04h,OUI,Lundi,2020-03-23 02:00
386,117,True,True,True,True,False,True,False,False,False,False,False,False,False,False,Lundi-02-04h,NON,Lundi,2020-03-23 02:00
387,213,False,False,False,False,True,True,False,True,False,False,False,False,False,False,Lundi-02-04h,NON,Lundi,2020-03-23 02:00
388,220,False,True,True,False,False,True,False,False,False,False,False,False,False,False,Lundi-02-04h,OUI,Lundi,2020-03-23 02:00
389,176,False,False,True,False,False,False,False,False,False,False,False,False,False,False,Lundi-02-04h,NON,Lundi,2020-03-23 02:00
390,96,False,False,False,False,True,True,False,False,False,True,False,False,False,False,Lundi-02-04h,NON,Lundi,2020-03-23 02:00
391,214,False,False,False,False,True,True,False,False,False,True,False,False,False,False,Lundi-02-04h,OUI,Lundi,2020-03-23 02:00
392,11,True,False,False,True,False,False,False,False,False,False,True,False,False,False,Lundi-02-04h,NON,Lundi,2020-03-23 02:00
393,255,True,False,True,False,False,False,False,True,False,False,False,False,False,False,Lundi-02-04h,NON,Lundi,2020-03-23 02:00
394,86,False,False,True,False,False,False,False,False,False,False,False,False,False,False,Lundi-02-04h,NON,Lundi,2020-03-23 02:00
395,209,True,False,False,False,True,True,False,True,False,False,False,False,False,False,Lundi-02-04h,OUI,Lundi,2020-03-23 02:00
396,291,False,False,False,False,False,True,False,False,True,False,False,False,False,False,Lundi-02-04h,OUI,Lundi,2020-03-23 02:00
397,287,False,False,False,False,False,False,False,False,False,False,False,True,False,False,Lundi-02-04h,NON,Lundi,2020-03-23 02:00
398,104,False,False,False,False,True,True,False,False,False,False,False,False,False,False,Lundi-02-04h,NON,Lundi,2020-03-23 02:00
399,18,False,False,False,False,True,False,False,False,False,False,False,False,False,False,Lundi-02-04h,OUI,Lundi,2020-03-23 02:00
400,123,False,True,False,False,True,True,False,False,False,False,False,False,False,False,Lundi-02-04h,NON,Lundi,2020-03-23 02:00
401,136,False,False,False,False,True,False,False,False,False,False,False,False,False,False,Lundi-02-04h,NON,Lundi,2020-03-23 02:00
402,276,True,False,True,False,False,False,False,False,False,False,False,False,False,False,Lundi-02-04h,NON,Lundi,2020-03-23 02:00
403,53,False,False,False,False,True,True,False,False,False,False,False,False,False,False,Lundi-02-04h,OUI,Lundi,2020-03-23 02:00
404,179,True,False,True,False,False,False,False,False,False,False,False,False,False,False,Lundi-02-04h,OUI,Lundi,2020-03-23 02:00
405,200,False,False,False,False,False,False,False,False,False,False,False,False,False,False,Lundi-02-04h,NON,Lundi,2020-03-23 02:00
406,73,False,False,False,False,False,False,False,False,False,False,False,False,False,False,Lundi-02-04h,NON,Lundi,2020-03-23 02:00
407,156,False,False,False,False,True,True,False,False,False,False,False,False,False,False,Lundi-02-04h,NON,Lundi,2020-03-23 02:00
408,128,True,True,True,False,False,True,False,False,False,False,False,False,False,False,Lundi-02-04h,NON,Lundi,2020-03-23 02:00
409,118,False,False,False,False,False,False,False,False,False,False,False,False,False,False,Lundi-02-04h,NON,Lundi,2020-03-23 02:00
410,112,True,False,True,False,False,False,False,False,False,False,False,False,False,False,Lundi-02-04h,NON,Lundi,2020-03-23 02:00
411,35,False,False,False,False,True,True,False,False,False,False,False,False,False,False,Lundi-02-04h,NON,Lundi,2020-03-23 02:00
412,32,False,False,False,False,False,False,False,False,False,False,False,True,False,False,Lundi-02-04h,NON,Lundi,2020-03-23 02:00
413,199,True,False,True,False,False,False,False,False,False,False,False,False,False,False,Lundi-02-04h,NON,Lundi,2020-03-23 02:00
414,153,True,False,False,False,True,True,False,False,False,False,False,False,False,False,Lundi-02-04h,NON,Lundi,2020-03-23 02:00
415,82,False,False,True,False,False,False,False,False,False,False,False,False,False,False,Lundi-02-04h,NON,Lundi,2020-03-23 02:00
416,292,False,True,False,False,False,False,False,False,False,False,False,False,False,False,Lundi-02-04h,NON,Lundi,2020-03-23 02:00
417,169,False,False,False,True,False,False,False,False,False,False,False,False,False,False,Lundi-02-04h,NON,Lundi,2020-03-23 02:00
418,16,False,False,False,False,True,True,False,False,False,False,False,False,False,False,Lundi-02-04h,OUI,Lundi,2020-03-23 02:00
419,46,True,True,True,False,False,True,True,False,False,False,False,False,False,False,Lundi-02-04h,NON,Lundi,2020-03-23 02:00
420,216,False,True,False,False,False,True,False,False,False,False,False,False,False,False,Lundi-02-04h,OUI,Lundi,2020-03-23 02:00
421,174,False,True,True,False,False,True,False,False,False,False,True,False,False,False,Lundi-02-04h,NON,Lundi,2020-03-23 02:00
422,43,False,False,False,False,True,False,False,False,False,False,False,False,False,False,Lundi-02-04h,NON,Lundi,2020-03-23 02:00
423,165,False,False,False,False,True,True,False,False,False,False,False,False,False,False,Lundi-02-04h,NON,Lundi,2020-03-23 02:00
424,126,False,True,False,False,False,True,False,False,False,False,False,False,False,False,Lundi-02-04h,NON,Lundi,2020-03-23 02:00
425,41,False,False,False,False,False,True,False,False,True,False,False,False,False,False,Lundi-02-04h,NON,Lundi,2020-03-23 02:00
426,157,False,False,True,False,False,False,False,False,False,False,False,False,False,False,Lundi-02-04h,NON,Lundi,2020-03-23 02:00
427,272,False,True,True,False,False,False,True,False,False,False,True,False,True,True,Lundi-02-04h,NON,Lundi,2020-03-23 02:00
428,115,True,False,True,False,False,False,False,False,False,False,False,False,False,False,Lundi-02-04h,NON,Lundi,2020-03-23 02:00
429,84,False,False,False,False,False,False,False,False,False,False,False,True,False,False,Lundi-02-04h,NON,Lundi,2020-03-23 02:00
430,183,True,True,True,True,False,False,False,False,False,False,False,False,False,False,Lundi-02-04h,NON,Lundi,2020-03-23 02:00
431,65,True,True,False,False,False,True,False,False,False,False,False,False,False,False,Lundi-02-04h,OUI,Lundi,2020-03-23 02:00
432,105,True,False,False,False,False,False,False,False,False,False,False,False,False,False,Lundi-02-04h,OUI,Lundi,2020-03-23 02:00
433,187,True,False,False,False,False,True,False,False,False,False,False,False,False,False,Lundi-02-04h,NON,Lundi,2020-03-23 02:00
434,139,True,False,True,False,False,False,False,False,False,False,False,False,False,False,Lundi-02-04h,NON,Lundi,2020-03-23 02:00
435,259,False,False,False,False,True,True,False,False,False,False,False,False,False,False,Lundi-02-04h,OUI,Lundi,2020-03-23 02:00
436,124,True,False,True,False,False,False,False,False,False,False,True,False,False,False,Lundi-02-04h,OUI,Lundi,2020-03-23 02:00
437,98,False,False,False,False,False,True,False,False,False,False,False,True,False,False,Lundi-02-04h,OUI,Lundi,2020-03-23 02:00
438,284,False,True,True,False,False,True,False,False,False,False,False,False,True,False,Lundi-02-04h,OUI,Lundi,2020-03-23 02:00
439,148,True,False,True,False,True,False,False,True,False,False,False,False,False,False,Lundi-02-04h,NON,Lundi,2020-03-23 02:00
440,258,True,False,True,False,False,False,False,False,False,False,False,False,False,False,Lundi-02-04h,NON,Lundi,2020-03-23 02:00
441,175,False,False,False,False,False,True,False,False,False,False,False,False,False,False,Lundi-02-04h,NON,Lundi,2020-03-23 02:00
442,119,False,False,False,False,False,False,False,False,False,False,True,False,False,False,Lundi-02-04h,NON,Lundi,2020-03-23 02:00
443,229,True,False,True,False,False,False,False,True,False,False,False,False,False,False,Lundi-02-04h,NON,Lundi,2020-03-23 02:00
444,230,False,False,False,False,False,True,True,False,False,False,False,False,False,False,Lundi-02-04h,NON,Lundi,2020-03-23 02:00
445,17,True,False,False,False,False,True,True,False,False,False,False,False,False,False,Lundi-02-04h,NON,Lundi,2020-03-23 02:00
446,177,False,False,False,False,False,False,False,False,False,False,False,False,False,False,Lundi-02-04h,NON,Lundi,2020-03-23 02:00
447,7,False,False,False,False,False,False,False,False,False,False,False,False,False,False,Lundi-02-04h,NON,Lundi,2020-03-23 02:00
448,241,False,False,True,False,False,False,False,False,False,False,False,False,False,False,Lundi-02-04h,NON,Lundi,2020-03-23 02:00
449,8,True,False,False,False,True,True,False,True,False,False,False,False,False,False,Lundi-02-04h,NON,Lundi,2020-03-23 02:00
450,268,False,True,False,False,False,True,False,False,False,False,False,False,False,False,Lundi-02-04h,OUI,Lundi,2020-03-23 02:00
451,294,False,False,True,False,True,False,False,False,False,False,False,False,False,False,Lundi-02-04h,OUI,Lundi,2020-03-23 02:00
452,242,True,False,False,False,True,True,False,False,False,False,False,False,False,False,Lundi-02-04h,NON,Lundi,2020-03-23 02:00
453,194,False,False,False,False,False,True,False,False,False,False,False,False,False,False,Lundi-02-04h,NON,Lundi,2020-03-23 02:00
454,243,False,False,False,False,True,True,False,False,False,False,False,False,False,False,Lundi-02-04h,OUI,Lundi,2020-03-23 02:00
455,212,True,True,True,False,False,True,False,False,False,False,False,False,False,False,Lundi-02-04h,NON,Lundi,2020-03-23 02:00
456,19,False,False,False,False,False,True,False,False,False,False,False,False,False,False,Lundi-02-04h,OUI,Lundi,2020-03-23 02:00
457,114,False,False,False,False,True,False,False,False,False,False,False,False,False,False,Lundi-02-04h,OUI,Lundi,2020-03-23 02:00
458,190,False,False,False,False,False,True,False,False,True,False,False,False,False,False,Lundi-02-04h,NON,Lundi,2020-03-23 02:00
459,64,False,False,True,False,False,False,False,False,False,False,False,False,False,False,Lundi-02-04h,NON,Lundi,2020-03-23 02:00
460,227,False,False,False,False,False,False,False,False,False,False,False,False,False,False,Lundi-02-04h,NON,Lundi,2020-03-23 02:00
461,232,False,False,False,False,False,True,False,False,False,False,False,False,False,False,Lundi-02-04h,OUI,Lundi,2020-03-23 02:00
462,246,False,True,False,False,False,True,True,False,False,False,False,False,False,False,Lundi-02-04h,NON,Lundi,2020-03-23 02:00
463,100,False,False,False,False,False,True,False,False,False,False,False,False,False,False,Lundi-02-04h,OUI,Lundi,2020-03-23 02:00
464,13,False,False,False,False,True,False,False,False,False,False,False,False,False,False,Lundi-02-04h,NON,Lundi,2020-03-23 02:00
465,262,True,True,True,False,False,False,False,False,False,False,False,False,False,False,Lundi-02-04h,NON,Lundi,2020-03-23 02:00
466,76,True,True,True,False,False,True,False,False,False,False,True,False,False,False,Lundi-02-04h,NON,Lundi,2020-03-23 02:00
467,261,False,True,False,False,True,False,False,False,False,False,False,False,False,False,Lundi-02-04h,NON,Lundi,2020-03-23 02:00
468,150,False,True,False,False,False,False,False,False,False,False,False,False,False,False,Lundi-02-04h,OUI,Lundi,2020-03-23 02:00
469,205,False,False,False,False,False,False,False,False,False,False,False,False,False,False,Lundi-02-04h,NON,Lundi,2020-03-23 02:00
470,56,False,False,False,False,True,True,False,False,False,False,False,False,False,False,Lundi-02-04h,OUI,Lundi,2020-03-23 02:00
471,186,False,False,False,False,True,False,False,False,False,False,False,False,False,False,Lundi-02-04h,OUI,Lundi,2020-03-23 02:00
472,162,True,False,False,False,True,True,False,False,False,False,False,False,False,False,Lundi-02-04h,NON,Lundi,2020-03-23 02:00
473,68,False,True,False,False,True,True,False,False,False,False,False,False,False,False,Lundi-02-04h,NON,Lundi,2020-03-23 02:00
474,146,False,False,False,False,False,True,False,False,False,False,False,True,False,False,Lundi-02-04h,OUI,Lundi,2020-03-23 02:00
475,49,False,False,False,False,False,False,False,False,False,False,False,False,True,False,Lundi-02-04h,NON,Lundi,2020-03-23 02:00
476,91,True,False,True,True,False,False,False,False,False,False,False,False,False,False,Lundi-02-04h,OUI,Lundi,2020-03-23 02:00
477,22,False,False,False,False,False,False,False,False,False,True,False,False,False,False,Lundi-02-04h,NON,Lundi,2020-03-23 02:00
478,151,False,False,False,False,True,False,False,False,False,False,False,False,False,False,Lundi-02-04h,NON,Lundi,2020-03-23 02:00
479,193,False,False,False,False,True,True,False,False,False,False,False,False,False,False,Lundi-02-04h,OUI,Lundi,2020-03-23 02:00
480,9,True,True,False,False,False,False,False,False,False,False,False,False,False,False,Lundi-02-04h,NON,Lundi,2020-03-23 02:00
481,99,True,False,True,False,False,False,False,False,False,False,False,False,False,False,Lundi-02-04h,NON,Lundi,2020-03-23 02:00
482,181,False,False,False,False,True,True,False,False,False,False,False,False,False,False,Lundi-02-04h,OUI,Lundi,2020-03-23 02:00
483,111,False,False,False,False,False,True,False,True,False,False,False,False,False,False,Lundi-02-04h,OUI,Lundi,2020-03-23 02:00
484,44,False,True,False,False,False,True,False,False,False,False,False,False,False,False,Lundi-02-04h,NON,Lundi,2020-03-23 02:00
485,24,False,False,False,False,True,False,False,True,False,False,False,False,False,False,Lundi-02-04h,NON,Lundi,2020-03-23 02:00
486,102,False,False,False,False,True,True,False,True,False,False,False,False,False,False,Lundi-02-04h,NON,Lundi,2020-03-23 02:00
487,203,True,True,False,False,False,False,False,True,False,False,False,False,False,False,Lundi-02-04h,NON,Lundi,2020-03-23 02:00
488,140,False,False,False,False,True,True,False,True,False,False,False,False,False,False,Lundi-02-04h,NON,Lundi,2020-03-23 02:00
489,188,False,False,False,False,False,True,False,False,True,False,False,False,False,False,Lundi-02-04h,NON,Lundi,2020-03-23 02:00
490,206,False,False,False,True,False,False,False,False,False,False,True,False,False,False,Lundi-02-04h,NON,Lundi,2020-03-23 02:00
491,273,False,False,False,False,False,False,False,False,False,False,False,True,False,False,Lundi-02-04h,NON,Lundi,2020-03-23 02:00
492,69,True,False,True,False,False,False,False,False,False,False,False,False,False,False,Lundi-02-04h,NON,Lundi,2020-03-23 02:00
493,87,True,False,False,True,False,False,False,False,False,False,True,False,False,False,Lundi-02-04h,OUI,Lundi,2020-03-23 02:00
494,83,True,False,True,False,False,False,False,False,False,False,False,False,False,False,Lundi-02-04h,NON,Lundi,2020-03-23 02:00
495,149,True,False,True,True,False,False,False,False,False,False,False,False,False,False,Lundi-02-04h,NON,Lundi,2020-03-23 02:00
496,274,False,False,False,False,False,True,False,False,False,False,False,False,False,False,Lundi-02-04h,NON,Lundi,2020-03-23 02:00
497,282,True,False,True,True,False,False,False,False,False,False,False,False,False,False,Lundi-02-04h,OUI,Lundi,2020-03-23 02:00
498,147,False,False,False,False,False,False,False,False,False,False,False,False,False,False,Lundi-02-04h,NON,Lundi,2020-03-23 02:00
499,238,False,False,False,False,False,False,False,False,False,False,False,True,False,False,Lundi-02-04h,NON,Lundi,2020-03-23 02:00
500,201,False,False,False,False,False,False,False,False,False,False,False,False,False,False,Lundi-02-04h,NON,Lundi,2020-03-23 02:00
501,152,False,True,False,False,False,False,False,False,False,False,False,False,False,False,Lundi-02-04h,NON,Lundi,2020-03-23 02:00
502,222,False,False,False,False,False,True,False,False,True,True,False,False,False,False,Lundi-02-04h,NON,Lundi,2020-03-23 02:00
503,106,False,False,False,False,False,True,False,False,False,False,False,True,False,False,Lundi-02-04h,NON,Lundi,2020-03-23 02:00
504,133,False,False,True,False,True,False,False,False,False,False,False,False,False,False,Lundi-02-04h,NON,Lundi,2020-03-23 02:00
505,163,False,False,False,False,True,False,False,False,False,False,False,False,False,False,Lundi-02-04h,NON,Lundi,2020-03-23 02:00
506,231,False,False,False,False,False,False,False,False,False,False,False,False,False,False,Lundi-02-04h,NON,Lundi,2020-03-23 02:00
507,25,False,False,False,False,True,False,False,False,False,False,False,False,False,False,Lundi-02-04h,NON,Lundi,2020-03-23 02:00
508,196,False,False,True,False,True,False,False,True,False,False,False,False,False,False,Lundi-02-04h,NON,Lundi,2020-03-23 02:00
509,5,False,False,False,False,True,True,False,False,False,False,False,False,False,False,Lundi-02-04h,NON,Lundi,2020-03-23 02:00
510,90,False,True,False,False,False,False,False,False,False,False,False,False,False,False,Lundi-02-04h,NON,Lundi,2020-03-23 02:00
511,244,True,False,True,False,False,False,False,False,False,False,False,False,False,False,Lundi-02-04h,NON,Lundi,2020-03-23 02:00
512,107,False,True,False,False,False,True,False,False,False,False,False,False,False,False,Lundi-02-04h,OUI,Lundi,2020-03-23 02:00
513,218,False,True,False,False,True,True,False,False,False,False,False,False,False,False,Lundi-02-04h,OUI,Lundi,2020-03-23 02:00
514,62,False,True,True,False,True,True,False,False,False,False,False,False,False,False,Lundi-02-04h,NON,Lundi,2020-03-23 02:00
515,79,False,True,False,False,False,False,False,False,False,False,False,False,False,False,Lundi-02-04h,NON,Lundi,2020-03-23 02:00
516,208,False,False,False,False,False,True,False,False,False,False,False,False,False,False,Lundi-02-04h,NON,Lundi,2020-03-23 02:00
517,270,False,False,False,False,False,False,False,False,True,False,False,False,False,False,Lundi-02-04h,NON,Lundi,2020-03-23 02:00
518,166,True,False,False,False,True,True,False,False,False,False,False,False,False,False,Lundi-02-04h,OUI,Lundi,2020-03-23 02:00
519,77,False,False,True,False,True,False,False,False,False,False,False,False,False,False,Lundi-02-04h,NON,Lundi,2020-03-23 02:00
520,29,False,False,False,False,False,True,False,False,False,False,False,True,False,False,Lundi-02-04h,NON,Lundi,2020-03-23 02:00
521,240,False,False,False,False,False,True,False,False,False,False,False,False,False,False,Lundi-02-04h,NON,Lundi,2020-03-23 02:00
522,184,False,True,False,False,False,False,False,False,False,False,False,False,False,False,Lundi-02-04h,OUI,Lundi,2020-03-23 02:00
523,277,False,True,True,False,False,True,False,False,False,False,False,False,False,False,Lundi-02-04h,OUI,Lundi,2020-03-23 02:00
524,80,True,False,False,False,False,True,False,False,False,True,False,False,False,False,Lundi-02-04h,NON,Lundi,2020-03-23 02:00
525,185,True,True,True,False,False,True,False,False,False,False,True,False,True,False,Lundi-02-04h,NON,Lundi,2020-03-23 02:00
526,204,False,False,False,False,True,True,False,False,False,False,False,True,False,False,Lundi-02-04h,OUI,Lundi,2020-03-23 02:00
527,252,True,True,True,False,False,True,False,False,False,False,False,False,False,False,Lundi-02-04h,NON,Lundi,2020-03-23 02:00
528,26,False,False,False,False,True,False,False,False,False,False,False,False,False,False,Lundi-02-04h,NON,Lundi,2020-03-23 02:00
529,70,False,False,False,False,True,False,False,False,False,False,False,True,False,False,Lundi-02-04h,OUI,Lundi,2020-03-23 02:00
530,233,False,False,False,False,True,False,False,False,False,False,False,False,False,False,Lundi-02-04h,NON,Lundi,2020-03-23 02:00
531,37,True,True,True,False,True,True,False,False,False,False,False,False,False,False,Lundi-02-04h,NON,Lundi,2020-03-23 02:00
532,185,False,False,True,False,False,False,False,False,False,False,False,False,False,False,Lundi-02-04h,NON,Lundi,2020-03-23 02:00
533,138,True,False,False,False,True,True,False,False,False,False,False,False,False,False,Lundi-02-04h,NON,Lundi,2020-03-23 02:00
534,224,True,False,True,False,False,False,False,False,False,False,False,False,False,False,Lundi-02-04h,NON,Lundi,2020-03-23 02:00
535,66,False,False,False,False,True,True,False,False,False,False,False,False,True,False,Lundi-02-04h,OUI,Lundi,2020-03-23 02:00
536,211,False,False,True,False,False,False,False,False,False,False,False,False,True,False,Lundi-02-04h,NON,Lundi,2020-03-23 02:00
537,14,False,False,False,False,True,True,False,False,False,False,False,False,False,False,Lundi-02-04h,NON,Lundi,2020-03-23 02:00
538,145,False,False,False,False,True,False,False,False,False,False,False,False,False,False,Lundi-02-04h,NON,Lundi,2020-03-23 02:00
539,36,False,False,False,False,False,False,False,False,False,False,False,True,False,False,Lundi-02-04h,NON,Lundi,2020-03-23 02:00
540,60,True,True,True,False,False,True,False,False,False,False,False,False,False,False,Lundi-02-04h,NON,Lundi,2020-03-23 02:00
541,137,True,True,True,False,False,True,False,False,False,False,True,False,False,False,Lundi-02-04h,OUI,Lundi,2020-03-23 02:00
542,285,False,True,False,False,True,True,False,False,False,False,False,False,False,False,Lundi-02-04h,NON,Lundi,2020-03-23 02:00
543,40,False,True,True,False,True,True,False,False,False,False,False,False,False,False,Lundi-02-04h,OUI,Lundi,2020-03-23 02:00
544,97,False,False,False,False,False,True,False,False,False,False,False,False,False,False,Lundi-02-04h,NON,Lundi,2020-03-23 02:00
545,109,True,False,True,True,False,False,False,False,False,False,False,False,False,False,Lundi-02-04h,NON,Lundi,2020-03-23 02:00
546,10,False,False,False,False,False,False,False,False,False,False,False,False,False,False,Lundi-02-04h,NON,Lundi,2020-03-23 02:00
547,256,False,False,False,False,False,False,False,False,False,False,False,True,False,False,Lundi-02-04h,NON,Lundi,2020-03-23 02:00
548,141,True,True,True,False,False,False,False,False,False,False,True,False,False,False,Lundi-02-04h,NON,Lundi,2020-03-23 02:00
549,28,False,False,False,False,False,False,False,False,False,False,False,False,False,False,Lundi-02-04h,NON,Lundi,2020-03-23 02:00
550,101,True,True,True,True,True,True,False,False,False,False,False,False,False,False,Lundi-02-04h,OUI,Lundi,2020-03-23 02:00
551,48,True,False,True,False,True,False,False,False,False,False,False,False,True,False,Lundi-02-04h,NON,Lundi,2020-03-23 02:00
552,27,False,False,False,False,False,True,False,False,False,False,False,False,False,False,Lundi-02-04h,NON,Lundi,2020-03-23 02:00
553,142,True,False,True,False,False,False,False,False,False,False,True,False,True,False,Lundi-02-04h,NON,Lundi,2020-03-23 02:00
554,234,False,False,True,False,False,False,False,False,False,False,True,False,False,False,Lundi-02-04h,NON,Lundi,2020-03-23 02:00
555,23,False,False,False,False,True,False,False,False,False,False,False,False,False,False,Lundi-02-04h,NON,Lundi,2020-03-23 02:00
556,195,False,False,False,False,True,False,False,False,True,False,False,False,False,False,Lundi-02-04h,NON,Lundi,2020-03-23 02:00
557,275,False,False,False,False,False,False,False,False,False,False,False,True,False,False,Lundi-02-04h,NON,Lundi,2020-03-23 02:00
558,226,False,False,False,False,True,True,False,False,False,False,False,False,False,False,Lundi-02-04h,NON,Lundi,2020-03-23 02:00
559,207,False,False,True,False,False,False,False,False,False,False,False,False,False,False,Lundi-02-04h,NON,Lundi,2020-03-23 02:00
560,57,False,False,False,False,False,False,False,False,False,False,False,False,False,False,Lundi-02-04h,NON,Lundi,2020-03-23 02:00
561,4,False,True,False,False,False,True,False,False,False,False,False,False,False,False,Lundi-02-04h,NON,Lundi,2020-03-23 02:00
562,265,False,False,False,False,False,True,False,False,False,False,False,False,False,False,Lundi-02-04h,NON,Lundi,2020-03-23 02:00
563,88,False,True,False,False,False,False,False,False,False,False,False,False,False,False,Lundi-02-04h,NON,Lundi,2020-03-23 02:00
564,198,False,False,False,False,False,False,False,False,False,False,True,False,False,False,Lundi-02-04h,NON,Lundi,2020-03-23 02:00
565,249,True,True,True,False,False,False,False,False,False,False,False,False,False,False,Lundi-02-04h,NON,Lundi,2020-03-23 02:00
566,263,False,False,False,False,True,True,False,False,False,False,False,False,False,False,Lundi-02-04h,NON,Lundi,2020-03-23 02:00
567,217,True,False,True,False,False,False,False,False,False,False,False,False,True,False,Lundi-02-04h,NON,Lundi,2020-03-23 02:00
568,278,False,False,False,False,True,True,False,False,False,False,False,False,False,False,Lundi-02-04h,NON,Lundi,2020-03-23 02:00
569,189,False,True,False,False,False,False,False,False,False,False,False,False,False,False,Lundi-02-04h,NON,Lundi,2020-03-23 02:00
570,61,True,False,True,False,False,False,False,False,False,False,False,False,False,False,Lundi-02-04h,NON,Lundi,2020-03-23 02:00
571,251,False,False,False,False,False,False,False,False,False,False,False,False,True,False,Lundi-02-04h,NON,Lundi,2020-03-23 02:00
572,281,False,True,False,False,False,False,False,False,False,False,False,False,False,False,Lundi-02-04h,NON,Lundi,2020-03-23 02:00
573,134,False,True,False,False,False,False,False,False,False,False,False,False,False,False,Lundi-02-04h,NON,Lundi,2020-03-23 02:00
574,293,False,True,False,False,False,True,False,False,False,False,False,False,False,False,Lundi-02-04h,NON,Lundi,2020-03-23 02:00
575,279,True,True,True,True,False,True,False,False,False,False,False,False,False,False,Lundi-02-04h,NON,Lundi,2020-03-23 02:00
576,81,True,False,True,True,False,False,False,True,False,False,False,False,False,False,Lundi-02-04h,NON,Lundi,2020-03-23 02:00
577,92,True,False,False,True,False,False,False,False,False,False,True,False,False,False,Lundi-02-04h,NON,Lundi,2020-03-23 02:00
578,147,False,False,False,False,False,False,False,False,False,False,False,False,False,False,Lundi-02-04h,NON,Lundi,2020-03-23 02:00
579,33,False,True,False,False,True,False,False,False,False,False,False,False,False,False,Lundi-02-04h,NON,Lundi,2020-03-23 02:00
580,266,False,False,False,False,False,False,False,False,False,False,False,False,False,False,Lundi-02-04h,NON,Lundi,2020-03-23 02:00
581,225,True,False,False,False,False,True,False,False,False,False,False,False,False,False,Lundi-02-04h,NON,Lundi,2020-03-23 02:00
582,83,True,False,True,False,False,False,False,False,False,False,False,False,False,False,Lundi-02-04h,NON,Lundi,2020-03-23 02:00
583,95,False,False,False,False,True,True,False,True,False,False,False,False,False,False,Lundi-02-04h,NON,Lundi,2020-03-23 02:00
584,127,False,False,False,False,True,False,False,False,False,False,False,False,False,False,Lundi-02-04h,NON,Lundi,2020-03-23 02:00
585,20,False,False,False,False,False,False,False,False,False,False,False,False,False,False,Lundi-02-04h,NON,Lundi,2020-03-23 02:00
586,89,False,False,False,False,False,False,False,False,True,False,False,False,False,False,Lundi-02-04h,OUI,Lundi,2020-03-23 02:00
587,120,False,True,True,False,True,True,False,True,False,False,True,False,False,False,Lundi-02-04h,NON,Lundi,2020-03-23 02:00
588,253,False,False,False,False,True,True,False,False,False,False,False,True,False,False,Lundi-02-04h,NON,Lundi,2020-03-23 02:00
589,52,False,False,True,False,False,False,False,False,False,False,False,False,False,False,Lundi-02-04h,OUI,Lundi,2020-03-23 02:00
590,168,True,False,True,False,False,False,False,True,False,False,False,False,False,False,Lundi-02-04h,NON,Lundi,2020-03-23 02:00
591,202,False,True,False,False,False,False,False,False,False,False,False,False,False,False,Lundi-02-04h,NON,Lundi,2020-03-23 02:00
592,172,False,False,False,False,True,False,False,False,False,False,False,False,False,False,Lundi-02-04h,NON,Lundi,2020-03-23 02:00
593,239,False,False,False,False,True,True,False,False,False,False,False,False,False,False,Lundi-02-04h,NON,Lundi,2020-03-23 02:00
594,85,False,False,False,False,True,False,False,False,False,False,False,False,False,False,Lundi-02-04h,NON,Lundi,2020-03-23 02:00
595,215,False,False,False,False,False,False,False,False,True,False,False,False,False,False,Lundi-02-04h,NON,Lundi,2020-03-23 02:00
596,260,True,False,True,False,False,False,False,False,False,False,False,False,False,False,Lundi-02-04h,NON,Lundi,2020-03-23 02:00
597,286,True,True,False,False,True,False,False,False,False,False,False,False,False,False,Lundi-02-04h,NON,Lundi,2020-03-23 02:00
598,72,False,True,False,False,False,False,False,False,False,False,False,False,False,False,Lundi-04-06h,NON,Lundi,2020-03-23 04:00
599,167,True,True,True,True,True,True,False,False,False,False,False,False,False,False,Lundi-04-06h,OUI,Lundi,2020-03-23 04:00
600,130,True,False,True,False,False,False,False,True,False,False,False,False,True,True,Lundi-04-06h,OUI,Lundi,2020-03-23 04:00
601,288,True,True,True,False,True,False,False,False,False,False,False,False,False,False,Lundi-04-06h,NON,Lundi,2020-03-23 04:00
602,59,False,False,False,False,False,True,False,False,False,False,False,False,False,False,Lundi-04-06h,NON,Lundi,2020-03-23 04:00
603,178,True,False,False,False,False,False,False,False,False,False,True,False,False,False,Lundi-04-06h,OUI,Lundi,2020-03-23 04:00
604,254,False,False,False,False,False,False,False,False,False,False,False,True,False,False,Lundi-04-06h,NON,Lundi,2020-03-23 04:00
605,34,False,False,False,False,False,False,False,False,False,False,False,False,False,False,Lundi-04-06h,NON,Lundi,2020-03-23 04:00
606,264,False,False,False,False,True,True,True,False,False,False,False,False,False,False,Lundi-04-06h,NON,Lundi,2020-03-23 04:00
607,158,True,False,False,False,True,False,False,False,False,True,False,False,False,False,Lundi-04-06h,NON,Lundi,2020-03-23 04:00
608,210,False,True,False,False,True,True,False,False,False,False,False,False,False,False,Lundi-04-06h,NON,Lundi,2020-03-23 04:00
609,93,False,False,False,False,True,False,False,False,False,False,False,False,True,False,Lundi-04-06h,OUI,Lundi,2020-03-23 04:00
610,144,True,False,True,False,True,False,False,False,False,False,False,False,False,False,Lundi-04-06h,NON,Lundi,2020-03-23 04:00
611,164,False,True,False,False,True,True,False,False,False,False,False,False,False,False,Lundi-04-06h,OUI,Lundi,2020-03-23 04:00
612,289,False,False,False,False,True,True,False,False,False,False,False,False,False,False,Lundi-04-06h,NON,Lundi,2020-03-23 04:00
613,50,False,False,False,False,False,False,False,False,False,False,False,False,False,False,Lundi-04-06h,NON,Lundi,2020-03-23 04:00
614,51,True,True,False,False,True,False,False,False,False,False,False,False,False,False,Lundi-04-06h,OUI,Lundi,2020-03-23 04:00
615,247,False,False,True,False,False,False,False,False,False,False,False,False,False,False,Lundi-04-06h,NON,Lundi,2020-03-23 04:00
616,159,False,False,False,False,False,False,False,True,False,False,False,False,False,False,Lundi-04-06h,NON,Lundi,2020-03-23 04:00
617,54,False,False,False,False,False,True,False,False,False,False,False,False,False,False,Lundi-04-06h,NON,Lundi,2020-03-23 04:00
618,55,True,False,False,False,True,True,False,True,False,False,False,False,False,False,Lundi-04-06h,OUI,Lundi,2020-03-23 04:00
619,257,False,False,False,False,True,False,False,False,False,False,False,False,False,False,Lundi-04-06h,NON,Lundi,2020-03-23 04:00
620,67,False,False,False,False,False,False,False,False,False,False,False,False,False,False,Lundi-04-06h,NON,Lundi,2020-03-23 04:00
621,71,True,False,True,False,False,False,False,False,False,False,False,False,False,False,Lundi-04-06h,NON,Lundi,2020-03-23 04:00
622,280,False,False,False,False,False,True,False,False,False,False,False,False,False,False,Lundi-04-06h,OUI,Lundi,2020-03-23 04:00
623,283,True,True,False,False,False,False,False,False,False,False,False,False,False,False,Lundi-04-06h,OUI,Lundi,2020-03-23 04:00
624,154,False,False,False,False,True,True,False,False,False,False,False,True,False,False,Lundi-04-06h,OUI,Lundi,2020-03-23 04:00
625,171,False,False,False,False,False,False,False,False,False,False,False,True,False,False,Lundi-04-06h,NON,Lundi,2020-03-23 04:00
626,131,False,False,True,False,False,False,False,False,False,False,False,False,False,False,Lundi-04-06h,NON,Lundi,2020-03-23 04:00
627,237,True,False,False,False,False,True,True,False,False,False,False,False,True,False,Lundi-04-06h,OUI,Lundi,2020-03-23 04:00
628,75,False,False,False,False,True,True,False,False,False,False,False,False,False,False,Lundi-04-06h,NON,Lundi,2020-03-23 04:00
629,235,True,False,False,False,True,False,False,False,False,False,False,False,False,False,Lundi-04-06h,NON,Lundi,2020-03-23 04:00
630,180,False,False,False,False,True,True,False,False,False,False,False,False,False,False,Lundi-04-06h,OUI,Lundi,2020-03-23 04:00
631,219,False,False,False,False,False,True,False,False,False,False,False,False,False,False,Lundi-04-06h,NON,Lundi,2020-03-23 04:00
632,250,False,False,False,False,False,False,False,False,True,False,False,False,False,False,Lundi-04-06h,NON,Lundi,2020-03-23 04:00
633,267,True,True,False,False,False,False,False,False,False,False,False,False,False,False,Lundi-04-06h,NON,Lundi,2020-03-23 04:00
634,160,False,True,False,False,False,True,False,False,False,False,False,False,False,False,Lundi-04-06h,NON,Lundi,2020-03-23 04:00
635,182,False,True,False,False,True,True,True,False,False,False,False,False,False,False,Lundi-04-06h,NON,Lundi,2020-03-23 04:00
636,143,False,False,False,False,False,False,False,True,False,False,True,False,False,False,Lundi-04-06h,OUI,Lundi,2020-03-23 04:00
637,223,True,True,False,False,False,False,False,False,False,False,False,False,False,False,Lundi-04-06h,NON,Lundi,2020-03-23 04:00
638,192,True,False,True,False,False,False,False,False,False,False,False,False,False,False,Lundi-04-06h,NON,Lundi,2020-03-23 04:00
639,30,False,False,True,False,False,False,False,True,False,False,False,False,False,False,Lundi-04-06h,NON,Lundi,2020-03-23 04:00
640,125,True,False,False,False,True,False,False,True,False,False,False,False,False,False,Lundi-04-06h,NON,Lundi,2020-03-23 04:00
641,39,False,False,True,False,True,False,False,True,False,False,False,False,False,False,Lundi-04-06h,NON,Lundi,2020-03-23 04:00
642,113,True,False,True,False,False,False,False,False,False,False,False,False,False,False,Lundi-04-06h,NON,Lundi,2020-03-23 04:00
643,121,True,False,True,False,False,False,False,True,False,False,False,False,False,False,Lundi-04-06h,NON,Lundi,2020-03-23 04:00
644,228,False,False,False,False,False,False,False,False,False,False,True,False,False,False,Lundi-04-06h,NON,Lundi,2020-03-23 04:00
645,290,False,False,False,False,False,False,False,False,True,False,False,False,False,False,Lundi-04-06h,NON,Lundi,2020-03-23 04:00
646,197,False,False,True,False,True,False,False,False,False,False,False,False,False,False,Lundi-04-06h,NON,Lundi,2020-03-23 04:00
647,31,True,True,True,False,False,True,False,False,False,False,False,False,False,False,Lundi-04-06h,NON,Lundi,2020-03-23 04:00
648,173,True,False,False,False,True,True,False,True,False,False,False,False,False,False,Lundi-04-06h,NON,Lundi,2020-03-23 04:00
649,74,True,False,False,True,False,False,False,True,False,False,True,False,False,False,Lundi-04-06h,NON,Lundi,2020-03-23 04:00
650,15,False,False,True,False,False,False,False,False,False,False,False,False,False,False,Lundi-04-06h,NON,Lundi,2020-03-23 04:00
651,45,True,False,False,False,True,True,False,True,False,False,False,False,False,False,Lundi-04-06h,NON,Lundi,2020-03-23 04:00
652,63,False,False,True,False,False,False,False,False,False,False,False,False,False,False,Lundi-04-06h,NON,Lundi,2020-03-23 04:00
653,3,False,False,False,False,False,True,False,False,False,False,False,True,False,False,Lundi-04-06h,OUI,Lundi,2020-03-23 04:00
654,21,True,False,True,False,False,False,False,False,False,False,False,False,False,False,Lundi-04-06h,NON,Lundi,2020-03-23 04:00
655,78,False,True,True,False,True,True,False,True,False,False,False,False,False,False,Lundi-04-06h,NON,Lundi,2020-03-23 04:00
656,47,False,True,False,False,False,False,False,False,False,False,False,False,False,False,Lundi-04-06h,NON,Lundi,2020-03-23 04:00
657,151,True,True,False,False,True,False,False,True,False,False,False,False,False,False,Lundi-04-06h,NON,Lundi,2020-03-23 04:00
658,6,True,False,True,False,False,False,False,False,False,False,False,False,False,False,Lundi-04-06h,OUI,Lundi,2020-03-23 04:00
659,135,True,False,True,False,False,False,False,False,False,False,False,False,True,False,Lundi-04-06h,OUI,Lundi,2020-03-23 04:00
660,221,False,False,False,False,True,True,False,False,False,False,False,False,False,False,Lundi-04-06h,NON,Lundi,2020-03-23 04:00
661,170,False,False,True,False,False,False,False,False,False,False,True,False,False,True,Lundi-04-06h,NON,Lundi,2020-03-23 04:00
662,129,False,True,False,False,False,False,False,False,False,False,False,False,False,False,Lundi-04-06h,OUI,Lundi,2020-03-23 04:00
663,132,True,True,True,False,False,True,False,False,False,False,False,False,False,False,Lundi-04-06h,OUI,Lundi,2020-03-23 04:00
664,110,False,True,False,False,False,False,False,False,False,False,False,False,False,False,Lundi-04-06h,OUI,Lundi,2020-03-23 04:00
665,191,False,False,False,False,False,True,False,False,False,False,False,False,False,False,Lundi-04-06h,OUI,Lundi,2020-03-23 04:00
666,94,True,True,True,False,False,True,False,False,False,False,True,False,True,False,Lundi-04-06h,NON,Lundi,2020-03-23 04:00
667,108,False,False,False,False,False,True,True,False,False,False,False,False,False,False,Lundi-04-06h,OUI,Lundi,2020-03-23 04:00
668,236,False,False,False,False,True,True,False,False,False,False,False,False,False,False,Lundi-04-06h,OUI,Lundi,2020-03-23 04:00
669,42,True,False,True,False,True,False,False,False,False,False,False,False,False,False,Lundi-04-06h,NON,Lundi,2020-03-23 04:00
670,155,True,False,False,False,True,False,False,False,False,False,False,False,False,False,Lundi-04-06h,NON,Lundi,2020-03-23 04:00
671,1,False,False,False,False,False,False,False,False,False,False,False,False,False,False,Lundi-04-06h,NON,Lundi,2020-03-23 04:00
672,58,False,True,True,False,False,True,False,False,False,False,True,False,False,False,Lundi-04-06h,OUI,Lundi,2020-03-23 04:00
673,0,False,True,False,False,False,False,False,False,False,False,False,False,False,False,Lundi-04-06h,OUI,Lundi,2020-03-23 04:00
674,269,False,False,False,False,False,False,False,False,False,False,False,False,False,False,Lundi-04-06h,NON,Lundi,2020-03-23 04:00
675,2,True,False,True,False,False,False,False,False,False,False,False,False,False,False,Lundi-04-06h,NON,Lundi,2020-03-23 04:00
676,103,False,False,False,False,True,False,False,False,False,False,False,False,False,False,Lundi-04-06h,NON,Lundi,2020-03-23 04:00
677,12,False,True,False,False,True,False,False,False,False,False,False,False,False,False,Lundi-04-06h,OUI,Lundi,2020-03-23 04:00
678,245,True,False,False,False,True,True,False,True,False,False,False,False,False,False,Lundi-04-06h,NON,Lundi,2020-03-23 04:00
679,161,False,False,True,False,False,False,False,False,False,False,True,False,False,False,Lundi-04-06h,OUI,Lundi,2020-03-23 04:00
680,38,False,False,False,False,False,False,False,False,True,False,False,False,False,False,Lundi-04-06h,NON,Lundi,2020-03-23 04:00
681,122,False,False,False,False,False,False,False,False,False,False,False,False,False,False,Lundi-04-06h,NON,Lundi,2020-03-23 04:00
682,248,False,False,True,False,False,False,False,False,False,False,False,False,True,False,Lundi-04-06h,NON,Lundi,2020-03-23 04:00
683,271,False,True,True,False,False,True,False,False,False,False,False,False,False,False,Lundi-04-06h,OUI,Lundi,2020-03-23 04:00
684,116,False,False,True,False,False,False,False,False,False,False,False,False,False,False,Lundi-04-06h,OUI,Lundi,2020-03-23 04:00
685,117,True,True,True,True,False,True,False,False,False,False,False,False,False,False,Lundi-04-06h,NON,Lundi,2020-03-23 04:00
686,213,False,False,False,False,True,True,False,True,False,False,False,False,False,False,Lundi-04-06h,NON,Lundi,2020-03-23 04:00
687,220,False,True,True,False,False,True,False,False,False,False,False,False,False,False,Lundi-04-06h,OUI,Lundi,2020-03-23 04:00
688,176,False,False,True,False,False,False,False,False,False,False,False,False,False,False,Lundi-04-06h,NON,Lundi,2020-03-23 04:00
689,96,False,False,False,False,True,True,False,False,False,True,False,False,False,False,Lundi-04-06h,NON,Lundi,2020-03-23 04:00
690,214,False,False,False,False,True,True,False,False,False,True,False,False,False,False,Lundi-04-06h,OUI,Lundi,2020-03-23 04:00
691,11,True,False,False,True,False,False,False,False,False,False,True,False,False,False,Lundi-04-06h,NON,Lundi,2020-03-23 04:00
692,255,True,False,True,False,False,False,False,True,False,False,False,False,False,False,Lundi-04-06h,NON,Lundi,2020-03-23 04:00
693,86,False,False,True,False,False,False,False,False,False,False,False,False,False,False,Lundi-04-06h,NON,Lundi,2020-03-23 04:00
694,209,True,False,False,False,True,True,False,True,False,False,False,False,False,False,Lundi-04-06h,OUI,Lundi,2020-03-23 04:00
695,291,False,False,False,False,False,True,False,False,True,False,False,False,False,False,Lundi-04-06h,OUI,Lundi,2020-03-23 04:00
696,287,False,False,False,False,False,False,False,False,False,False,False,True,False,False,Lundi-04-06h,NON,Lundi,2020-03-23 04:00
697,104,False,False,False,False,True,True,False,False,False,False,False,False,False,False,Lundi-04-06h,NON,Lundi,2020-03-23 04:00
698,18,False,False,False,False,True,False,False,False,False,False,False,False,False,False,Lundi-04-06h,OUI,Lundi,2020-03-23 04:00
699,123,False,True,False,False,True,True,False,False,False,False,False,False,False,False,Lundi-04-06h,NON,Lundi,2020-03-23 04:00
700,136,False,False,False,False,True,False,False,False,False,False,False,False,False,False,Lundi-04-06h,NON,Lundi,2020-03-23 04:00
701,276,True,False,True,False,False,False,False,False,False,False,False,False,False,False,Lundi-04-06h,NON,Lundi,2020-03-23 04:00
702,53,False,False,False,False,True,True,False,False,False,False,False,False,False,False,Lundi-04-06h,OUI,Lundi,2020-03-23 04:00
703,179,True,False,True,False,False,False,False,False,False,False,False,False,False,False,Lundi-04-06h,OUI,Lundi,2020-03-23 04:00
704,200,False,False,False,False,False,False,False,False,False,False,False,False,False,False,Lundi-04-06h,NON,Lundi,2020-03-23 04:00
705,73,False,False,False,False,False,False,False,False,False,False,False,False,False,False,Lundi-04-06h,NON,Lundi,2020-03-23 04:00
706,156,False,False,False,False,True,True,False,False,False,False,False,False,False,False,Lundi-04-06h,NON,Lundi,2020-03-23 04:00
707,128,True,True,True,False,False,True,False,False,False,False,False,False,False,False,Lundi-04-06h,NON,Lundi,2020-03-23 04:00
708,118,False,False,False,False,False,False,False,False,False,False,False,False,False,False,Lundi-04-06h,NON,Lundi,2020-03-23 04:00
709,112,True,False,True,False,False,False,False,False,False,False,False,False,False,False,Lundi-04-06h,NON,Lundi,2020-03-23 04:00
710,35,False,False,False,False,True,True,False,False,False,False,False,False,False,False,Lundi-04-06h,NON,Lundi,2020-03-23 04:00
711,32,False,False,False,False,False,False,False,False,False,False,False,True,False,False,Lundi-04-06h,NON,Lundi,2020-03-23 04:00
712,199,True,False,True,False,False,False,False,False,False,False,False,False,False,False,Lundi-04-06h,NON,Lundi,2020-03-23 04:00
713,153,True,False,False,False,True,True,False,False,False,False,False,False,False,False,Lundi-04-06h,NON,Lundi,2020-03-23 04:00
714,82,False,False,True,False,False,False,False,False,False,False,False,False,False,False,Lundi-04-06h,NON,Lundi,2020-03-23 04:00
715,292,False,True,False,False,False,False,False,False,False,False,False,False,False,False,Lundi-04-06h,NON,Lundi,2020-03-23 04:00
716,169,False,False,False,True,False,False,False,False,False,False,False,False,False,False,Lundi-04-06h,NON,Lundi,2020-03-23 04:00
717,16,False,False,False,False,True,True,False,False,False,False,False,False,False,False,Lundi-04-06h,OUI,Lundi,2020-03-23 04:00
718,46,True,True,True,False,False,True,True,False,False,False,False,False,False,False,Lundi-04-06h,NON,Lundi,2020-03-23 04:00
719,216,False,True,False,False,False,True,False,False,False,False,False,False,False,False,Lundi-04-06h,OUI,Lundi,2020-03-23 04:00
720,174,False,True,True,False,False,True,False,False,False,False,True,False,False,False,Lundi-04-06h,NON,Lundi,2020-03-23 04:00
721,43,False,False,False,False,True,False,False,False,False,False,False,False,False,False,Lundi-04-06h,NON,Lundi,2020-03-23 04:00
722,165,False,False,False,False,True,True,False,False,False,False,False,False,False,False,Lundi-04-06h,NON,Lundi,2020-03-23 04:00
723,126,False,True,False,False,False,True,False,False,False,False,False,False,False,False,Lundi-04-06h,NON,Lundi,2020-03-23 04:00
724,41,False,False,False,False,False,True,False,False,True,False,False,False,False,False,Lundi-04-06h,NON,Lundi,2020-03-23 04:00
725,157,False,False,True,False,False,False,False,False,False,False,False,False,False,False,Lundi-04-06h,NON,Lundi,2020-03-23 04:00
726,272,False,True,True,False,False,False,True,False,False,False,True,False,True,True,Lundi-04-06h,NON,Lundi,2020-03-23 04:00
727,115,True,False,True,False,False,False,False,False,False,False,False,False,False,False,Lundi-04-06h,NON,Lundi,2020-03-23 04:00
728,84,False,False,False,False,False,False,False,False,False,False,False,True,False,False,Lundi-04-06h,NON,Lundi,2020-03-23 04:00
729,183,True,True,True,True,False,False,False,False,False,False,False,False,False,False,Lundi-04-06h,NON,Lundi,2020-03-23 04:00
730,65,True,True,False,False,False,True,False,False,False,False,False,False,False,False,Lundi-04-06h,OUI,Lundi,2020-03-23 04:00
731,105,True,False,False,False,False,False,False,False,False,False,False,False,False,False,Lundi-04-06h,OUI,Lundi,2020-03-23 04:00
732,187,True,False,False,False,False,True,False,False,False,False,False,False,False,False,Lundi-04-06h,NON,Lundi,2020-03-23 04:00
733,139,True,False,True,False,False,False,False,False,False,False,False,False,False,False,Lundi-04-06h,NON,Lundi,2020-03-23 04:00
734,259,False,False,False,False,True,True,False,False,False,False,False,False,False,False,Lundi-04-06h,OUI,Lundi,2020-03-23 04:00
735,124,True,False,True,False,False,False,False,False,False,False,True,False,False,False,Lundi-04-06h,OUI,Lundi,2020-03-23 04:00
736,98,False,False,False,False,False,True,False,False,False,False,False,True,False,False,Lundi-04-06h,OUI,Lundi,2020-03-23 04:00
737,284,False,True,True,False,False,True,False,False,False,False,False,False,True,False,Lundi-04-06h,OUI,Lundi,2020-03-23 04:00
738,148,True,False,True,False,True,False,False,True,False,False,False,False,False,False,Lundi-04-06h,NON,Lundi,2020-03-23 04:00
739,258,True,False,True,False,False,False,False,False,False,False,False,False,False,False,Lundi-04-06h,NON,Lundi,2020-03-23 04:00
740,175,False,False,False,False,False,True,False,False,False,False,False,False,False,False,Lundi-04-06h,NON,Lundi,2020-03-23 04:00
741,119,False,False,False,False,False,False,False,False,False,False,True,False,False,False,Lundi-04-06h,NON,Lundi,2020-03-23 04:00
742,229,True,False,True,False,False,False,False,True,False,False,False,False,False,False,Lundi-04-06h,NON,Lundi,2020-03-23 04:00
743,230,False,False,False,False,False,True,True,False,False,False,False,False,False,False,Lundi-04-06h,NON,Lundi,2020-03-23 04:00
744,17,True,False,False,False,False,True,True,False,False,False,False,False,False,False,Lundi-04-06h,NON,Lundi,2020-03-23 04:00
745,177,False,False,False,False,False,False,False,False,False,False,False,False,False,False,Lundi-04-06h,NON,Lundi,2020-03-23 04:00
746,7,False,False,False,False,False,False,False,False,False,False,False,False,False,False,Lundi-04-06h,NON,Lundi,2020-03-23 04:00
747,241,False,False,True,False,False,False,False,False,False,False,False,False,False,False,Lundi-04-06h,NON,Lundi,2020-03-23 04:00
748,8,True,False,False,False,True,True,False,True,False,False,False,False,False,False,Lundi-04-06h,NON,Lundi,2020-03-23 04:00
749,268,False,True,False,False,False,True,False,False,False,False,False,False,False,False,Lundi-04-06h,OUI,Lundi,2020-03-23 04:00
750,294,False,False,True,False,True,False,False,False,False,False,False,False,False,False,Lundi-04-06h,OUI,Lundi,2020-03-23 04:00
751,242,True,False,False,False,True,True,False,False,False,False,False,False,False,False,Lundi-04-06h,NON,Lundi,2020-03-23 04:00
752,194,False,False,False,False,False,True,False,False,False,False,False,False,False,False,Lundi-04-06h,NON,Lundi,2020-03-23 04:00
753,243,False,False,False,False,True,True,False,False,False,False,False,False,False,False,Lundi-04-06h,OUI,Lundi,2020-03-23 04:00
754,212,True,True,True,False,False,True,False,False,False,False,False,False,False,False,Lundi-04-06h,NON,Lundi,2020-03-23 04:00
755,19,False,False,False,False,False,True,False,False,False,False,False,False,False,False,Lundi-04-06h,OUI,Lundi,2020-03-23 04:00
756,114,False,False,False,False,True,False,False,False,False,False,False,False,False,False,Lundi-04-06h,OUI,Lundi,2020-03-23 04:00
757,190,False,False,False,False,False,True,False,False,True,False,False,False,False,False,Lundi-04-06h,NON,Lundi,2020-03-23 04:00
758,64,False,False,True,False,False,False,False,False,False,False,False,False,False,False,Lundi-04-06h,NON,Lundi,2020-03-23 04:00
759,227,False,False,False,False,False,False,False,False,False,False,False,False,False,False,Lundi-04-06h,NON,Lundi,2020-03-23 04:00
760,232,False,False,False,False,False,True,False,False,False,False,False,False,False,False,Lundi-04-06h,OUI,Lundi,2020-03-23 04:00
761,246,False,True,False,False,False,True,True,False,False,False,False,False,False,False,Lundi-04-06h,NON,Lundi,2020-03-23 04:00
762,100,False,False,False,False,False,True,False,False,False,False,False,False,False,False,Lundi-04-06h,OUI,Lundi,2020-03-23 04:00
763,13,False,False,False,False,True,False,False,False,False,False,False,False,False,False,Lundi-04-06h,NON,Lundi,2020-03-23 04:00
764,262,True,True,True,False,False,False,False,False,False,False,False,False,False,False,Lundi-04-06h,NON,Lundi,2020-03-23 04:00
765,76,True,True,True,False,False,True,False,False,False,False,True,False,False,False,Lundi-04-06h,NON,Lundi,2020-03-23 04:00
766,261,False,True,False,False,True,False,False,False,False,False,False,False,False,False,Lundi-04-06h,NON,Lundi,2020-03-23 04:00
767,150,False,True,False,False,False,False,False,False,False,False,False,False,False,False,Lundi-04-06h,OUI,Lundi,2020-03-23 04:00
768,205,False,False,False,False,False,False,False,False,False,False,False,False,False,False,Lundi-04-06h,NON,Lundi,2020-03-23 04:00
769,56,False,False,False,False,True,True,False,False,False,False,False,False,False,False,Lundi-04-06h,OUI,Lundi,2020-03-23 04:00
770,186,False,False,False,False,True,False,False,False,False,False,False,False,False,False,Lundi-04-06h,OUI,Lundi,2020-03-23 04:00
771,162,True,False,False,False,True,True,False,False,False,False,False,False,False,False,Lundi-04-06h,NON,Lundi,2020-03-23 04:00
772,68,False,True,False,False,True,True,False,False,False,False,False,False,False,False,Lundi-04-06h,NON,Lundi,2020-03-23 04:00
773,146,False,False,False,False,False,True,False,False,False,False,False,True,False,False,Lundi-04-06h,OUI,Lundi,2020-03-23 04:00
774,49,False,False,False,False,False,False,False,False,False,False,False,False,True,False,Lundi-04-06h,NON,Lundi,2020-03-23 04:00
775,91,True,False,True,True,False,False,False,False,False,False,False,False,False,False,Lundi-04-06h,OUI,Lundi,2020-03-23 04:00
776,22,False,False,False,False,False,False,False,False,False,True,False,False,False,False,Lundi-04-06h,NON,Lundi,2020-03-23 04:00
777,151,False,False,False,False,True,False,False,False,False,False,False,False,False,False,Lundi-04-06h,NON,Lundi,2020-03-23 04:00
778,193,False,False,False,False,True,True,False,False,False,False,False,False,False,False,Lundi-04-06h,OUI,Lundi,2020-03-23 04:00
779,9,True,True,False,False,False,False,False,False,False,False,False,False,False,False,Lundi-04-06h,NON,Lundi,2020-03-23 04:00
780,99,True,False,True,False,False,False,False,False,False,False,False,False,False,False,Lundi-04-06h,NON,Lundi,2020-03-23 04:00
781,181,False,False,False,False,True,True,False,False,False,False,False,False,False,False,Lundi-04-06h,OUI,Lundi,2020-03-23 04:00
782,111,False,False,False,False,False,True,False,True,False,False,False,False,False,False,Lundi-04-06h,OUI,Lundi,2020-03-23 04:00
783,44,False,True,False,False,False,True,False,False,False,False,False,False,False,False,Lundi-04-06h,OUI,Lundi,2020-03-23 04:00
784,24,False,False,False,False,True,False,False,True,False,False,False,False,False,False,Lundi-04-06h,NON,Lundi,2020-03-23 04:00
785,102,False,False,False,False,True,True,False,True,False,False,False,False,False,False,Lundi-04-06h,NON,Lundi,2020-03-23 04:00
786,203,True,True,False,False,False,False,False,True,False,False,False,False,False,False,Lundi-04-06h,NON,Lundi,2020-03-23 04:00
787,140,False,False,False,False,True,True,False,True,False,False,False,False,False,False,Lundi-04-06h,NON,Lundi,2020-03-23 04:00
788,188,False,False,False,False,False,True,False,False,True,False,False,False,False,False,Lundi-04-06h,NON,Lundi,2020-03-23 04:00
789,206,False,False,False,True,False,False,False,False,False,False,True,False,False,False,Lundi-04-06h,NON,Lundi,2020-03-23 04:00
790,273,False,False,False,False,False,False,False,False,False,False,False,True,False,False,Lundi-04-06h,NON,Lundi,2020-03-23 04:00
791,69,True,False,True,False,False,False,False,False,False,False,False,False,False,False,Lundi-04-06h,NON,Lundi,2020-03-23 04:00
792,87,True,False,False,True,False,False,False,False,False,False,True,False,False,False,Lundi-04-06h,OUI,Lundi,2020-03-23 04:00
793,83,True,False,True,False,False,False,False,False,False,False,False,False,False,False,Lundi-04-06h,NON,Lundi,2020-03-23 04:00
794,149,True,False,True,True,False,False,False,False,False,False,False,False,False,False,Lundi-04-06h,NON,Lundi,2020-03-23 04:00
795,274,False,False,False,False,False,True,False,False,False,False,False,False,False,False,Lundi-04-06h,NON,Lundi,2020-03-23 04:00
796,282,True,False,True,True,False,False,False,False,False,False,False,False,False,False,Lundi-04-06h,OUI,Lundi,2020-03-23 04:00
797,147,False,False,False,False,False,False,False,False,False,False,False,False,False,False,Lundi-04-06h,NON,Lundi,2020-03-23 04:00
798,238,False,False,False,False,False,False,False,False,False,False,False,True,False,False,Lundi-04-06h,NON,Lundi,2020-03-23 04:00
799,201,False,False,False,False,False,False,False,False,False,False,False,False,False,False,Lundi-04-06h,NON,Lundi,2020-03-23 04:00
800,152,False,True,False,False,False,False,False,False,False,False,False,False,False,False,Lundi-04-06h,NON,Lundi,2020-03-23 04:00
801,222,False,False,False,False,False,True,False,False,True,True,False,False,False,False,Lundi-04-06h,NON,Lundi,2020-03-23 04:00
802,106,False,False,False,False,False,True,False,False,False,False,False,True,False,False,Lundi-04-06h,NON,Lundi,2020-03-23 04:00
803,133,False,False,True,False,True,False,False,False,False,False,False,False,False,False,Lundi-04-06h,NON,Lundi,2020-03-23 04:00
804,163,False,False,False,False,True,False,False,False,False,False,False,False,False,False,Lundi-04-06h,NON,Lundi,2020-03-23 04:00
805,231,False,False,False,False,False,False,False,False,False,False,False,False,False,False,Lundi-04-06h,NON,Lundi,2020-03-23 04:00
806,25,False,False,False,False,True,False,False,False,False,False,False,False,False,False,Lundi-04-06h,NON,Lundi,2020-03-23 04:00
807,196,False,False,True,False,True,False,False,True,False,False,False,False,False,False,Lundi-04-06h,NON,Lundi,2020-03-23 04:00
808,5,False,False,False,False,True,True,False,False,False,False,False,False,False,False,Lundi-04-06h,NON,Lundi,2020-03-23 04:00
809,90,False,True,False,False,False,False,False,False,False,False,False,False,False,False,Lundi-04-06h,NON,Lundi,2020-03-23 04:00
810,244,True,False,True,False,False,False,False,False,False,False,False,False,False,False,Lundi-04-06h,NON,Lundi,2020-03-23 04:00
811,107,False,True,False,False,False,True,False,False,False,False,False,False,False,False,Lundi-04-06h,OUI,Lundi,2020-03-23 04:00
812,218,False,True,False,False,True,True,False,False,False,False,False,False,False,False,Lundi-04-06h,OUI,Lundi,2020-03-23 04:00
813,62,False,True,True,False,True,True,False,False,False,False,False,False,False,False,Lundi-04-06h,NON,Lundi,2020-03-23 04:00
814,79,False,True,False,False,False,False,False,False,False,False,False,False,False,False,Lundi-04-06h,NON,Lundi,2020-03-23 04:00
815,208,False,False,False,False,False,True,False,False,False,False,False,False,False,False,Lundi-04-06h,NON,Lundi,2020-03-23 04:00
816,270,False,False,False,False,False,False,False,False,True,False,False,False,False,False,Lundi-04-06h,NON,Lundi,2020-03-23 04:00
817,166,True,False,False,False,True,True,False,False,False,False,False,False,False,False,Lundi-04-06h,OUI,Lundi,2020-03-23 04:00
818,77,False,False,True,False,True,False,False,False,False,False,False,False,False,False,Lundi-04-06h,NON,Lundi,2020-03-23 04:00
819,29,False,False,False,False,False,True,False,False,False,False,False,True,False,False,Lundi-04-06h,NON,Lundi,2020-03-23 04:00
820,240,False,False,False,False,False,True,False,False,False,False,False,False,False,False,Lundi-04-06h,NON,Lundi,2020-03-23 04:00
821,184,False,True,False,False,False,False,False,False,False,False,False,False,False,False,Lundi-04-06h,OUI,Lundi,2020-03-23 04:00
822,277,False,True,True,False,False,True,False,False,False,False,False,False,False,False,Lundi-04-06h,OUI,Lundi,2020-03-23 04:00
823,80,True,False,False,False,False,True,False,False,False,True,False,False,False,False,Lundi-04-06h,NON,Lundi,2020-03-23 04:00
824,185,True,True,True,False,False,True,False,False,False,False,True,False,True,False,Lundi-04-06h,NON,Lundi,2020-03-23 04:00
825,204,False,False,False,False,True,True,False,False,False,False,False,True,False,False,Lundi-04-06h,OUI,Lundi,2020-03-23 04:00
826,252,True,True,True,False,False,True,False,False,False,False,False,False,False,False,Lundi-04-06h,NON,Lundi,2020-03-23 04:00
827,26,False,False,False,False,True,False,False,False,False,False,False,False,False,False,Lundi-04-06h,NON,Lundi,2020-03-23 04:00
828,70,False,False,False,False,True,False,False,False,False,False,False,True,False,False,Lundi-04-06h,OUI,Lundi,2020-03-23 04:00
829,233,False,False,False,False,True,False,False,False,False,False,False,False,False,False,Lundi-04-06h,NON,Lundi,2020-03-23 04:00
830,37,True,True,True,False,True,True,False,False,False,False,False,False,False,False,Lundi-04-06h,NON,Lundi,2020-03-23 04:00
831,185,False,False,True,False,False,False,False,False,False,False,False,False,False,False,Lundi-04-06h,NON,Lundi,2020-03-23 04:00
832,138,True,False,False,False,True,True,False,False,False,False,False,False,False,False,Lundi-04-06h,NON,Lundi,2020-03-23 04:00
833,224,True,False,True,False,False,False,False,False,False,False,False,False,False,False,Lundi-04-06h,NON,Lundi,2020-03-23 04:00
834,66,False,False,False,False,True,True,False,False,False,False,False,False,True,False,Lundi-04-06h,OUI,Lundi,2020-03-23 04:00
835,211,False,False,True,False,False,False,False,False,False,False,False,False,True,False,Lundi-04-06h,NON,Lundi,2020-03-23 04:00
836,14,False,False,False,False,True,True,False,False,False,False,False,False,False,False,Lundi-04-06h,NON,Lundi,2020-03-23 04:00
837,145,False,False,False,False,True,False,False,False,False,False,False,False,False,False,Lundi-04-06h,NON,Lundi,2020-03-23 04:00
838,36,False,False,False,False,False,False,False,False,False,False,False,True,False,False,Lundi-04-06h,NON,Lundi,2020-03-23 04:00
839,60,True,True,True,False,False,True,False,False,False,False,False,False,False,False,Lundi-04-06h,NON,Lundi,2020-03-23 04:00
840,137,True,True,True,False,False,True,False,False,False,False,True,False,False,False,Lundi-04-06h,OUI,Lundi,2020-03-23 04:00
841,285,False,True,False,False,True,True,False,False,False,False,False,False,False,False,Lundi-04-06h,NON,Lundi,2020-03-23 04:00
842,40,False,True,True,False,True,True,False,False,False,False,False,False,False,False,Lundi-04-06h,OUI,Lundi,2020-03-23 04:00
843,97,False,False,False,False,False,True,False,False,False,False,False,False,False,False,Lundi-04-06h,NON,Lundi,2020-03-23 04:00
844,109,True,False,True,True,False,False,False,False,False,False,False,False,False,False,Lundi-04-06h,NON,Lundi,2020-03-23 04:00
845,10,False,False,False,False,False,False,False,False,False,False,False,False,False,False,Lundi-04-06h,NON,Lundi,2020-03-23 04:00
846,256,False,False,False,False,False,False,False,False,False,False,False,True,False,False,Lundi-04-06h,NON,Lundi,2020-03-23 04:00
847,141,True,True,True,False,False,False,False,False,False,False,True,False,False,False,Lundi-04-06h,NON,Lundi,2020-03-23 04:00
848,28,False,False,False,False,False,False,False,False,False,False,False,False,False,False,Lundi-04-06h,NON,Lundi,2020-03-23 04:00
849,101,True,True,True,True,True,True,False,False,False,False,False,False,False,False,Lundi-04-06h,OUI,Lundi,2020-03-23 04:00
850,48,True,False,True,False,True,False,False,False,False,False,False,False,True,False,Lundi-04-06h,NON,Lundi,2020-03-23 04:00
851,27,False,False,False,False,False,True,False,False,False,False,False,False,False,False,Lundi-04-06h,NON,Lundi,2020-03-23 04:00
852,142,True,False,True,False,False,False,False,False,False,False,True,False,True,False,Lundi-04-06h,NON,Lundi,2020-03-23 04:00
853,234,False,False,True,False,False,False,False,False,False,False,True,False,False,False,Lundi-04-06h,NON,Lundi,2020-03-23 04:00
854,23,False,False,False,False,True,False,False,False,False,False,False,False,False,False,Lundi-04-06h,NON,Lundi,2020-03-23 04:00
855,195,False,False,False,False,True,False,False,False,True,False,False,False,False,False,Lundi-04-06h,NON,Lundi,2020-03-23 04:00
856,275,False,False,False,False,False,False,False,False,False,False,False,True,False,False,Lundi-04-06h,NON,Lundi,2020-03-23 04:00
857,226,False,False,False,False,True,True,False,False,False,False,False,False,False,False,Lundi-04-06h,NON,Lundi,2020-03-23 04:00
858,207,False,False,True,False,False,False,False,False,False,False,False,False,False,False,Lundi-04-06h,NON,Lundi,2020-03-23 04:00
859,57,False,False,False,False,False,False,False,False,False,False,False,False,False,False,Lundi-04-06h,NON,Lundi,2020-03-23 04:00
860,4,False,True,False,False,False,True,False,False,False,False,False,False,False,False,Lundi-04-06h,NON,Lundi,2020-03-23 04:00
861,265,False,False,False,False,False,True,False,False,False,False,False,False,False,False,Lundi-04-06h,NON,Lundi,2020-03-23 04:00
862,88,False,True,False,False,False,False,False,False,False,False,False,False,False,False,Lundi-04-06h,NON,Lundi,2020-03-23 04:00
863,198,False,False,False,False,False,False,False,False,False,False,True,False,False,False,Lundi-04-06h,NON,Lundi,2020-03-23 04:00
864,249,True,True,True,False,False,False,False,False,False,False,False,False,False,False,Lundi-04-06h,NON,Lundi,2020-03-23 04:00
865,263,False,False,False,False,True,True,False,False,False,False,False,False,False,False,Lundi-04-06h,NON,Lundi,2020-03-23 04:00
866,217,True,False,True,False,False,False,False,False,False,False,False,False,True,False,Lundi-04-06h,NON,Lundi,2020-03-23 04:00
867,278,False,False,False,False,True,True,False,False,False,False,False,False,False,False,Lundi-04-06h,NON,Lundi,2020-03-23 04:00
868,189,False,True,False,False,False,False,False,False,False,False,False,False,False,False,Lundi-04-06h,NON,Lundi,2020-03-23 04:00
869,61,True,False,True,False,False,False,False,False,False,False,False,False,False,False,Lundi-04-06h,NON,Lundi,2020-03-23 04:00
870,251,False,False,False,False,False,False,False,False,False,False,False,False,True,False,Lundi-04-06h,NON,Lundi,2020-03-23 04:00
871,281,False,True,False,False,False,False,False,False,False,False,False,False,False,False,Lundi-04-06h,NON,Lundi,2020-03-23 04:00
872,134,False,True,False,False,False,False,False,False,False,False,False,False,False,False,Lundi-04-06h,NON,Lundi,2020-03-23 04:00
873,293,False,True,False,False,False,True,False,False,False,False,False,False,False,False,Lundi-04-06h,NON,Lundi,2020-03-23 04:00
874,279,True,True,True,True,False,True,False,False,False,False,False,False,False,False,Lundi-04-06h,NON,Lundi,2020-03-23 04:00
875,81,True,False,True,True,False,False,False,True,False,False,False,False,False,False,Lundi-04-06h,NON,Lundi,2020-03-23 04:00
876,92,True,False,False,True,False,False,False,False,False,False,True,False,False,False,Lundi-04-06h,NON,Lundi,2020-03-23 04:00
877,147,False,False,False,False,False,False,False,False,False,False,False,False,False,False,Lundi-04-06h,NON,Lundi,2020-03-23 04:00
878,33,False,True,False,False,True,False,False,False,False,False,False,False,False,False,Lundi-04-06h,NON,Lundi,2020-03-23 04:00
879,266,False,False,False,False,False,False,False,False,False,False,False,False,False,False,Lundi-04-06h,NON,Lundi,2020-03-23 04:00
880,225,True,False,False,False,False,True,False,False,False,False,False,False,False,False,Lundi-04-06h,NON,Lundi,2020-03-23 04:00
881,83,True,False,True,False,False,False,False,False,False,False,False,False,False,False,Lundi-04-06h,NON,Lundi,2020-03-23 04:00
882,95,False,False,False,False,True,True,False,True,False,False,False,False,False,False,Lundi-04-06h,NON,Lundi,2020-03-23 04:00
883,127,False,False,False,False,True,False,False,False,False,False,False,False,False,False,Lundi-04-06h,NON,Lundi,2020-03-23 04:00
884,20,False,False,False,False,False,False,False,False,False,False,False,False,False,False,Lundi-04-06h,NON,Lundi,2020-03-23 04:00
885,89,False,False,False,False,False,False,False,False,True,False,False,False,False,False,Lundi-04-06h,OUI,Lundi,2020-03-23 04:00
886,120,False,True,True,False,True,True,False,True,False,False,True,False,False,False,Lundi-04-06h,NON,Lundi,2020-03-23 04:00
887,253,False,False,False,False,True,True,False,False,False,False,False,True,False,False,Lundi-04-06h,NON,Lundi,2020-03-23 04:00
888,52,False,False,True,False,False,False,False,False,False,False,False,False,False,False,Lundi-04-06h,OUI,Lundi,2020-03-23 04:00
889,168,True,False,True,False,False,False,False,True,False,False,False,False,False,False,Lundi-04-06h,NON,Lundi,2020-03-23 04:00
890,202,False,True,False,False,False,False,False,False,False,False,False,False,False,False,Lundi-04-06h,NON,Lundi,2020-03-23 04:00
891,172,False,False,False,False,True,False,False,False,False,False,False,False,False,False,Lundi-04-06h,NON,Lundi,2020-03-23 04:00
892,239,False,False,False,False,True,True,False,False,False,False,False,False,False,False,Lundi-04-06h,NON,Lundi,2020-03-23 04:00
893,85,False,False,False,False,True,False,False,False,False,False,False,False,False,False,Lundi-04-06h,NON,Lundi,2020-03-23 04:00
894,215,False,False,False,False,False,False,False,False,True,False,False,False,False,False,Lundi-04-06h,NON,Lundi,2020-03-23 04:00
895,260,True,False,True,False,False,False,False,False,False,False,False,False,False,False,Lundi-04-06h,NON,Lundi,2020-03-23 04:00
896,286,True,True,False,False,True,False,False,False,False,False,False,False,False,False,Lundi-04-06h,NON,Lundi,2020-03-23 04:00
897,72,False,True,False,False,False,False,False,False,False,False,False,False,False,False,Lundi-06-08h,NON,Lundi,2020-03-23 06:00
898,167,True,True,True,True,True,True,False,False,False,False,False,False,False,False,Lundi-06-08h,OUI,Lundi,2020-03-23 06:00
899,130,True,False,True,False,False,False,False,True,False,False,False,False,True,True,Lundi-06-08h,OUI,Lundi,2020-03-23 06:00
900,288,True,True,True,False,True,False,False,False,False,False,False,False,False,False,Lundi-06-08h,NON,Lundi,2020-03-23 06:00
901,59,False,False,False,False,False,True,False,False,False,False,False,False,False,False,Lundi-06-08h,NON,Lundi,2020-03-23 06:00
902,178,True,False,False,False,False,False,False,False,False,False,True,False,False,False,Lundi-06-08h,OUI,Lundi,2020-03-23 06:00
903,254,False,False,False,False,False,False,False,False,False,False,False,True,False,False,Lundi-06-08h,NON,Lundi,2020-03-23 06:00
904,34,False,False,False,False,False,False,False,False,False,False,False,False,False,False,Lundi-06-08h,NON,Lundi,2020-03-23 06:00
905,264,False,False,False,False,True,True,True,False,False,False,False,False,False,False,Lundi-06-08h,NON,Lundi,2020-03-23 06:00
906,158,True,False,False,False,True,False,False,False,False,True,False,False,False,False,Lundi-06-08h,NON,Lundi,2020-03-23 06:00
907,210,False,True,False,False,True,True,False,False,False,False,False,False,False,False,Lundi-06-08h,NON,Lundi,2020-03-23 06:00
908,93,False,False,False,False,True,False,False,False,False,False,False,False,True,False,Lundi-06-08h,OUI,Lundi,2020-03-23 06:00
909,144,True,False,True,False,True,False,False,False,False,False,False,False,False,False,Lundi-06-08h,NON,Lundi,2020-03-23 06:00
910,164,False,True,False,False,True,True,False,False,False,False,False,False,False,False,Lundi-06-08h,OUI,Lundi,2020-03-23 06:00
911,289,False,False,False,False,True,True,False,False,False,False,False,False,False,False,Lundi-06-08h,NON,Lundi,2020-03-23 06:00
912,50,False,False,False,False,False,False,False,False,False,False,False,False,False,False,Lundi-06-08h,NON,Lundi,2020-03-23 06:00
913,51,True,True,False,False,True,False,False,False,False,False,False,False,False,False,Lundi-06-08h,OUI,Lundi,2020-03-23 06:00
914,247,False,False,True,False,False,False,False,False,False,False,False,False,False,False,Lundi-06-08h,OUI,Lundi,2020-03-23 06:00
915,159,False,False,False,False,False,False,False,True,False,False,False,False,False,False,Lundi-06-08h,NON,Lundi,2020-03-23 06:00
916,54,False,False,False,False,False,True,False,False,False,False,False,False,False,False,Lundi-06-08h,NON,Lundi,2020-03-23 06:00
917,55,True,False,False,False,True,True,False,True,False,False,False,False,False,False,Lundi-06-08h,OUI,Lundi,2020-03-23 06:00
918,257,False,False,False,False,True,False,False,False,False,False,False,False,False,False,Lundi-06-08h,OUI,Lundi,2020-03-23 06:00
919,67,False,False,False,False,False,False,False,False,False,False,False,False,False,False,Lundi-06-08h,NON,Lundi,2020-03-23 06:00
920,71,True,False,True,False,False,False,False,False,False,False,False,False,False,False,Lundi-06-08h,NON,Lundi,2020-03-23 06:00
921,280,False,False,False,False,False,True,False,False,False,False,False,False,False,False,Lundi-06-08h,OUI,Lundi,2020-03-23 06:00
922,283,True,True,False,False,False,False,False,False,False,False,False,False,False,False,Lundi-06-08h,OUI,Lundi,2020-03-23 06:00
923,154,False,False,False,False,True,True,False,False,False,False,False,True,False,False,Lundi-06-08h,OUI,Lundi,2020-03-23 06:00
924,171,False,False,False,False,False,False,False,False,False,False,False,True,False,False,Lundi-06-08h,NON,Lundi,2020-03-23 06:00
925,131,False,False,True,False,False,False,False,False,False,False,False,False,False,False,Lundi-06-08h,NON,Lundi,2020-03-23 06:00
926,237,True,False,False,False,False,True,True,False,False,False,False,False,True,False,Lundi-06-08h,OUI,Lundi,2020-03-23 06:00
927,75,False,False,False,False,True,True,False,False,False,False,False,False,False,False,Lundi-06-08h,NON,Lundi,2020-03-23 06:00
928,235,True,False,False,False,True,False,False,False,False,False,False,False,False,False,Lundi-06-08h,NON,Lundi,2020-03-23 06:00
929,180,False,False,False,False,True,True,False,False,False,False,False,False,False,False,Lundi-06-08h,OUI,Lundi,2020-03-23 06:00
930,219,False,False,False,False,False,True,False,False,False,False,False,False,False,False,Lundi-06-08h,OUI,Lundi,2020-03-23 06:00
931,250,False,False,False,False,False,False,False,False,True,False,False,False,False,False,Lundi-06-08h,NON,Lundi,2020-03-23 06:00
932,267,True,True,False,False,False,False,False,False,False,False,False,False,False,False,Lundi-06-08h,NON,Lundi,2020-03-23 06:00
933,160,False,True,False,False,False,True,False,False,False,False,False,False,False,False,Lundi-06-08h,NON,Lundi,2020-03-23 06:00
934,182,False,True,False,False,True,True,True,False,False,False,False,False,False,False,Lundi-06-08h,NON,Lundi,2020-03-23 06:00
935,143,False,False,False,False,False,False,False,True,False,False,True,False,False,False,Lundi-06-08h,OUI,Lundi,2020-03-23 06:00
936,223,True,True,False,False,False,False,False,False,False,False,False,False,False,False,Lundi-06-08h,NON,Lundi,2020-03-23 06:00
937,192,True,False,True,False,False,False,False,False,False,False,False,False,False,False,Lundi-06-08h,NON,Lundi,2020-03-23 06:00
938,30,False,False,True,False,False,False,False,True,False,False,False,False,False,False,Lundi-06-08h,NON,Lundi,2020-03-23 06:00
939,125,True,False,False,False,True,False,False,True,False,False,False,False,False,False,Lundi-06-08h,NON,Lundi,2020-03-23 06:00
940,39,False,False,True,False,True,False,False,True,False,False,False,False,False,False,Lundi-06-08h,NON,Lundi,2020-03-23 06:00
941,113,True,False,True,False,False,False,False,False,False,False,False,False,False,False,Lundi-06-08h,NON,Lundi,2020-03-23 06:00
942,121,True,False,True,False,False,False,False,True,False,False,False,False,False,False,Lundi-06-08h,NON,Lundi,2020-03-23 06:00
943,228,False,False,False,False,False,False,False,False,False,False,True,False,False,False,Lundi-06-08h,NON,Lundi,2020-03-23 06:00
944,290,False,False,False,False,False,False,False,False,True,False,False,False,False,False,Lundi-06-08h,NON,Lundi,2020-03-23 06:00
945,197,False,False,True,False,True,False,False,False,False,False,False,False,False,False,Lundi-06-08h,NON,Lundi,2020-03-23 06:00
946,31,True,True,True,False,False,True,False,False,False,False,False,False,False,False,Lundi-06-08h,NON,Lundi,2020-03-23 06:00
947,173,True,False,False,False,True,True,False,True,False,False,False,False,False,False,Lundi-06-08h,NON,Lundi,2020-03-23 06:00
948,74,True,False,False,True,False,False,False,True,False,False,True,False,False,False,Lundi-06-08h,NON,Lundi,2020-03-23 06:00
949,15,False,False,True,False,False,False,False,False,False,False,False,False,False,False,Lundi-06-08h,NON,Lundi,2020-03-23 06:00
950,45,True,False,False,False,True,True,False,True,False,False,False,False,False,False,Lundi-06-08h,NON,Lundi,2020-03-23 06:00
951,63,False,False,True,False,False,False,False,False,False,False,False,False,False,False,Lundi-06-08h,NON,Lundi,2020-03-23 06:00
952,3,False,False,False,False,False,True,False,False,False,False,False,True,False,False,Lundi-06-08h,OUI,Lundi,2020-03-23 06:00
953,21,True,False,True,False,False,False,False,False,False,False,False,False,False,False,Lundi-06-08h,NON,Lundi,2020-03-23 06:00
954,78,False,True,True,False,True,True,False,True,False,False,False,False,False,False,Lundi-06-08h,NON,Lundi,2020-03-23 06:00
955,47,False,True,False,False,False,False,False,False,False,False,False,False,False,False,Lundi-06-08h,NON,Lundi,2020-03-23 06:00
956,151,True,True,False,False,True,False,False,True,False,False,False,False,False,False,Lundi-06-08h,NON,Lundi,2020-03-23 06:00
957,6,True,False,True,False,False,False,False,False,False,False,False,False,False,False,Lundi-06-08h,OUI,Lundi,2020-03-23 06:00
958,135,True,False,True,False,False,False,False,False,False,False,False,False,True,False,Lundi-06-08h,OUI,Lundi,2020-03-23 06:00
959,221,False,False,False,False,True,True,False,False,False,False,False,False,False,False,Lundi-06-08h,NON,Lundi,2020-03-23 06:00
960,170,False,False,True,False,False,False,False,False,False,False,True,False,False,True,Lundi-06-08h,NON,Lundi,2020-03-23 06:00
961,129,False,True,False,False,False,False,False,False,False,False,False,False,False,False,Lundi-06-08h,NON,Lundi,2020-03-23 06:00
962,132,True,True,True,False,False,True,False,False,False,False,False,False,False,False,Lundi-06-08h,OUI,Lundi,2020-03-23 06:00
963,110,False,True,False,False,False,False,False,False,False,False,False,False,False,False,Lundi-06-08h,OUI,Lundi,2020-03-23 06:00
964,191,False,False,False,False,False,True,False,False,False,False,False,False,False,False,Lundi-06-08h,OUI,Lundi,2020-03-23 06:00
965,94,True,True,True,False,False,True,False,False,False,False,True,False,True,False,Lundi-06-08h,NON,Lundi,2020-03-23 06:00
966,108,False,False,False,False,False,True,True,False,False,False,False,False,False,False,Lundi-06-08h,OUI,Lundi,2020-03-23 06:00
967,236,False,False,False,False,True,True,False,False,False,False,False,False,False,False,Lundi-06-08h,OUI,Lundi,2020-03-23 06:00
968,42,True,False,True,False,True,False,False,False,False,False,False,False,False,False,Lundi-06-08h,NON,Lundi,2020-03-23 06:00
969,155,True,False,False,False,True,False,False,False,False,False,False,False,False,False,Lundi-06-08h,NON,Lundi,2020-03-23 06:00
970,1,False,False,False,False,False,False,False,False,False,False,False,False,False,False,Lundi-06-08h,NON,Lundi,2020-03-23 06:00
971,58,False,True,True,False,False,True,False,False,False,False,True,False,False,False,Lundi-06-08h,OUI,Lundi,2020-03-23 06:00
972,0,False,True,False,False,False,False,False,False,False,False,False,False,False,False,Lundi-06-08h,NON,Lundi,2020-03-23 06:00
973,269,False,False,False,False,False,False,False,False,False,False,False,False,False,False,Lundi-06-08h,NON,Lundi,2020-03-23 06:00
974,2,True,False,True,False,False,False,False,False,False,False,False,False,False,False,Lundi-06-08h,NON,Lundi,2020-03-23 06:00
975,103,False,False,False,False,True,False,False,False,False,False,False,False,False,False,Lundi-06-08h,OUI,Lundi,2020-03-23 06:00
976,12,False,True,False,False,True,False,False,False,False,False,False,False,False,False,Lundi-06-08h,NON,Lundi,2020-03-23 06:00
977,245,True,False,False,False,True,True,False,True,False,False,False,False,False,False,Lundi-06-08h,OUI,Lundi,2020-03-23 06:00
978,161,False,False,True,False,False,False,False,False,False,False,True,False,False,False,Lundi-06-08h,OUI,Lundi,2020-03-23 06:00
979,38,False,False,False,False,False,False,False,False,True,False,False,False,False,False,Lundi-06-08h,NON,Lundi,2020-03-23 06:00
980,122,False,False,False,False,False,False,False,False,False,False,False,False,False,False,Lundi-06-08h,NON,Lundi,2020-03-23 06:00
981,248,False,False,True,False,False,False,False,False,False,False,False,False,True,False,Lundi-06-08h,NON,Lundi,2020-03-23 06:00
982,271,False,True,True,False,False,True,False,False,False,False,False,False,False,False,Lundi-06-08h,OUI,Lundi,2020-03-23 06:00
983,116,False,False,True,False,False,False,False,False,False,False,False,False,False,False,Lundi-06-08h,OUI,Lundi,2020-03-23 06:00
984,117,True,True,True,True,False,True,False,False,False,False,False,False,False,False,Lundi-06-08h,NON,Lundi,2020-03-23 06:00
985,213,False,False,False,False,True,True,False,True,False,False,False,False,False,False,Lundi-06-08h,NON,Lundi,2020-03-23 06:00
986,220,False,True,True,False,False,True,False,False,False,False,False,False,False,False,Lundi-06-08h,OUI,Lundi,2020-03-23 06:00
987,176,False,False,True,False,False,False,False,False,False,False,False,False,False,False,Lundi-06-08h,NON,Lundi,2020-03-23 06:00
988,96,False,False,False,False,True,True,False,False,False,True,False,False,False,False,Lundi-06-08h,NON,Lundi,2020-03-23 06:00
989,214,False,False,False,False,True,True,False,False,False,True,False,False,False,False,Lundi-06-08h,OUI,Lundi,2020-03-23 06:00
990,11,True,False,False,True,False,False,False,False,False,False,True,False,False,False,Lundi-06-08h,NON,Lundi,2020-03-23 06:00
991,255,True,False,True,False,False,False,False,True,False,False,False,False,False,False,Lundi-06-08h,NON,Lundi,2020-03-23 06:00
992,86,False,False,True,False,False,False,False,False,False,False,False,False,False,False,Lundi-06-08h,NON,Lundi,2020-03-23 06:00
993,209,True,False,False,False,True,True,False,True,False,False,False,False,False,False,Lundi-06-08h,OUI,Lundi,2020-03-23 06:00
994,291,False,False,False,False,False,True,False,False,True,False,False,False,False,False,Lundi-06-08h,OUI,Lundi,2020-03-23 06:00
995,287,False,False,False,False,False,False,False,False,False,False,False,True,False,False,Lundi-06-08h,NON,Lundi,2020-03-23 06:00
996,104,False,False,False,False,True,True,False,False,False,False,False,False,False,False,Lundi-06-08h,NON,Lundi,2020-03-23 06:00
997,18,False,False,False,False,True,False,False,False,False,False,False,False,False,False,Lundi-06-08h,OUI,Lundi,2020-03-23 06:00
998,123,False,True,False,False,True,True,False,False,False,False,False,False,False,False,Lundi-06-08h,NON,Lundi,2020-03-23 06:00
999,136,False,False,False,False,True,False,False,False,False,False,False,False,False,False,Lundi-06-08h,NON,Lundi,2020-03-23 06:00
1000,276,True,False,True,False,False,False,False,False,False,False,False,False,False,False,Lundi-06-08h,NON,Lundi,2020-03-23 06:00
1001,53,False,False,False,False,True,True,False,False,False,False,False,False,False,False,Lundi-06-08h,OUI,Lundi,2020-03-23 06:00
1002,179,True,False,True,False,False,False,False,False,False,False,False,False,False,False,Lundi-06-08h,OUI,Lundi,2020-03-23 06:00
1003,200,False,False,False,False,False,False,False,False,False,False,False,False,False,False,Lundi-06-08h,NON,Lundi,2020-03-23 06:00
1004,73,False,False,False,False,False,False,False,False,False,False,False,False,False,False,Lundi-06-08h,NON,Lundi,2020-03-23 06:00
1005,156,False,False,False,False,True,True,False,False,False,False,False,False,False,False,Lundi-06-08h,NON,Lundi,2020-03-23 06:00
1006,128,True,True,True,False,False,True,False,False,False,False,False,False,False,False,Lundi-06-08h,NON,Lundi,2020-03-23 06:00
1007,118,False,False,False,False,False,False,False,False,False,False,False,False,False,False,Lundi-06-08h,NON,Lundi,2020-03-23 06:00
1008,112,True,False,True,False,False,False,False,False,False,False,False,False,False,False,Lundi-06-08h,NON,Lundi,2020-03-23 06:00
1009,35,False,False,False,False,True,True,False,False,False,False,False,False,False,False,Lundi-06-08h,NON,Lundi,2020-03-23 06:00
1010,32,False,False,False,False,False,False,False,False,False,False,False,True,False,False,Lundi-06-08h,NON,Lundi,2020-03-23 06:00
1011,199,True,False,True,False,False,False,False,False,False,False,False,False,False,False,Lundi-06-08h,NON,Lundi,2020-03-23 06:00
1012,153,True,False,False,False,True,True,False,False,False,False,False,False,False,False,Lundi-06-08h,NON,Lundi,2020-03-23 06:00
1013,82,False,False,True,False,False,False,False,False,False,False,False,False,False,False,Lundi-06-08h,NON,Lundi,2020-03-23 06:00
1014,292,False,True,False,False,False,False,False,False,False,False,False,False,False,False,Lundi-06-08h,NON,Lundi,2020-03-23 06:00
1015,169,False,False,False,True,False,False,False,False,False,False,False,False,False,False,Lundi-06-08h,NON,Lundi,2020-03-23 06:00
1016,16,False,False,False,False,True,True,False,False,False,False,False,False,False,False,Lundi-06-08h,OUI,Lundi,2020-03-23 06:00
1017,46,True,True,True,False,False,True,True,False,False,False,False,False,False,False,Lundi-06-08h,NON,Lundi,2020-03-23 06:00
1018,216,False,True,False,False,False,True,False,False,False,False,False,False,False,False,Lundi-06-08h,OUI,Lundi,2020-03-23 06:00
1019,174,False,True,True,False,False,True,False,False,False,False,True,False,False,False,Lundi-06-08h,NON,Lundi,2020-03-23 06:00
1020,43,False,False,False,False,True,False,False,False,False,False,False,False,False,False,Lundi-06-08h,NON,Lundi,2020-03-23 06:00
1021,165,False,False,False,False,True,True,False,False,False,False,False,False,False,False,Lundi-06-08h,NON,Lundi,2020-03-23 06:00
1022,126,False,True,False,False,False,True,False,False,False,False,False,False,False,False,Lundi-06-08h,NON,Lundi,2020-03-23 06:00
1023,41,False,False,False,False,False,True,False,False,True,False,False,False,False,False,Lundi-06-08h,NON,Lundi,2020-03-23 06:00
1024,157,False,False,True,False,False,False,False,False,False,False,False,False,False,False,Lundi-06-08h,NON,Lundi,2020-03-23 06:00
1025,272,False,True,True,False,False,False,True,False,False,False,True,False,True,True,Lundi-06-08h,NON,Lundi,2020-03-23 06:00
1026,115,True,False,True,False,False,False,False,False,False,False,False,False,False,False,Lundi-06-08h,NON,Lundi,2020-03-23 06:00
1027,84,False,False,False,False,False,False,False,False,False,False,False,True,False,False,Lundi-06-08h,NON,Lundi,2020-03-23 06:00
1028,183,True,True,True,True,False,False,False,False,False,False,False,False,False,False,Lundi-06-08h,NON,Lundi,2020-03-23 06:00
1029,65,True,True,False,False,False,True,False,False,False,False,False,False,False,False,Lundi-06-08h,OUI,Lundi,2020-03-23 06:00
1030,105,True,False,False,False,False,False,False,False,False,False,False,False,False,False,Lundi-06-08h,OUI,Lundi,2020-03-23 06:00
1031,187,True,False,False,False,False,True,False,False,False,False,False,False,False,False,Lundi-06-08h,OUI,Lundi,2020-03-23 06:00
1032,139,True,False,True,False,False,False,False,False,False,False,False,False,False,False,Lundi-06-08h,NON,Lundi,2020-03-23 06:00
1033,259,False,False,False,False,True,True,False,False,False,False,False,False,False,False,Lundi-06-08h,OUI,Lundi,2020-03-23 06:00
1034,124,True,False,True,False,False,False,False,False,False,False,True,False,False,False,Lundi-06-08h,OUI,Lundi,2020-03-23 06:00
1035,98,False,False,False,False,False,True,False,False,False,False,False,True,False,False,Lundi-06-08h,OUI,Lundi,2020-03-23 06:00
1036,284,False,True,True,False,False,True,False,False,False,False,False,False,True,False,Lundi-06-08h,OUI,Lundi,2020-03-23 06:00
1037,148,True,False,True,False,True,False,False,True,False,False,False,False,False,False,Lundi-06-08h,NON,Lundi,2020-03-23 06:00
1038,258,True,False,True,False,False,False,False,False,False,False,False,False,False,False,Lundi-06-08h,NON,Lundi,2020-03-23 06:00
1039,175,False,False,False,False,False,True,False,False,False,False,False,False,False,False,Lundi-06-08h,NON,Lundi,2020-03-23 06:00
1040,119,False,False,False,False,False,False,False,False,False,False,True,False,False,False,Lundi-06-08h,NON,Lundi,2020-03-23 06:00
1041,229,True,False,True,False,False,False,False,True,False,False,False,False,False,False,Lundi-06-08h,NON,Lundi,2020-03-23 06:00
1042,230,False,False,False,False,False,True,True,False,False,False,False,False,False,False,Lundi-06-08h,NON,Lundi,2020-03-23 06:00
1043,17,True,False,False,False,False,True,True,False,False,False,False,False,False,False,Lundi-06-08h,NON,Lundi,2020-03-23 06:00
1044,177,False,False,False,False,False,False,False,False,False,False,False,False,False,False,Lundi-06-08h,NON,Lundi,2020-03-23 06:00
1045,7,False,False,False,False,False,False,False,False,False,False,False,False,False,False,Lundi-06-08h,NON,Lundi,2020-03-23 06:00
1046,241,False,False,True,False,False,False,False,False,False,False,False,False,False,False,Lundi-06-08h,NON,Lundi,2020-03-23 06:00
1047,8,True,False,False,False,True,True,False,True,False,False,False,False,False,False,Lundi-06-08h,NON,Lundi,2020-03-23 06:00
1048,268,False,True,False,False,False,True,False,False,False,False,False,False,False,False,Lundi-06-08h,OUI,Lundi,2020-03-23 06:00
1049,294,False,False,True,False,True,False,False,False,False,False,False,False,False,False,Lundi-06-08h,OUI,Lundi,2020-03-23 06:00
1050,242,True,False,False,False,True,True,False,False,False,False,False,False,False,False,Lundi-06-08h,NON,Lundi,2020-03-23 06:00
1051,194,False,False,False,False,False,True,False,False,False,False,False,False,False,False,Lundi-06-08h,NON,Lundi,2020-03-23 06:00
1052,243,False,False,False,False,True,True,False,False,False,False,False,False,False,False,Lundi-06-08h,OUI,Lundi,2020-03-23 06:00
1053,212,True,True,True,False,False,True,False,False,False,False,False,False,False,False,Lundi-06-08h,NON,Lundi,2020-03-23 06:00
1054,19,False,False,False,False,False,True,False,False,False,False,False,False,False,False,Lundi-06-08h,OUI,Lundi,2020-03-23 06:00
1055,114,False,False,False,False,True,False,False,False,False,False,False,False,False,False,Lundi-06-08h,OUI,Lundi,2020-03-23 06:00
1056,190,False,False,False,False,False,True,False,False,True,False,False,False,False,False,Lundi-06-08h,NON,Lundi,2020-03-23 06:00
1057,64,False,False,True,False,False,False,False,False,False,False,False,False,False,False,Lundi-06-08h,NON,Lundi,2020-03-23 06:00
1058,227,False,False,False,False,False,False,False,False,False,False,False,False,False,False,Lundi-06-08h,NON,Lundi,2020-03-23 06:00
1059,232,False,False,False,False,False,True,False,False,False,False,False,False,False,False,Lundi-06-08h,OUI,Lundi,2020-03-23 06:00
1060,246,False,True,False,False,False,True,True,False,False,False,False,False,False,False,Lundi-06-08h,NON,Lundi,2020-03-23 06:00
1061,100,False,False,False,False,False,True,False,False,False,False,False,False,False,False,Lundi-06-08h,OUI,Lundi,2020-03-23 06:00
1062,13,False,False,False,False,True,False,False,False,False,False,False,False,False,False,Lundi-06-08h,NON,Lundi,2020-03-23 06:00
1063,262,True,True,True,False,False,False,False,False,False,False,False,False,False,False,Lundi-06-08h,NON,Lundi,2020-03-23 06:00
1064,76,True,True,True,False,False,True,False,False,False,False,True,False,False,False,Lundi-06-08h,NON,Lundi,2020-03-23 06:00
1065,261,False,True,False,False,True,False,False,False,False,False,False,False,False,False,Lundi-06-08h,NON,Lundi,2020-03-23 06:00
1066,150,False,True,False,False,False,False,False,False,False,False,False,False,False,False,Lundi-06-08h,OUI,Lundi,2020-03-23 06:00
1067,205,False,False,False,False,False,False,False,False,False,False,False,False,False,False,Lundi-06-08h,NON,Lundi,2020-03-23 06:00
1068,56,False,False,False,False,True,True,False,False,False,False,False,False,False,False,Lundi-06-08h,OUI,Lundi,2020-03-23 06:00
1069,186,False,False,False,False,True,False,False,False,False,False,False,False,False,False,Lundi-06-08h,OUI,Lundi,2020-03-23 06:00
1070,162,True,False,False,False,True,True,False,False,False,False,False,False,False,False,Lundi-06-08h,NON,Lundi,2020-03-23 06:00
1071,68,False,True,False,False,True,True,False,False,False,False,False,False,False,False,Lundi-06-08h,NON,Lundi,2020-03-23 06:00
1072,146,False,False,False,False,False,True,False,False,False,False,False,True,False,False,Lundi-06-08h,OUI,Lundi,2020-03-23 06:00
1073,49,False,False,False,False,False,False,False,False,False,False,False,False,True,False,Lundi-06-08h,NON,Lundi,2020-03-23 06:00
1074,91,True,False,True,True,False,False,False,False,False,False,False,False,False,False,Lundi-06-08h,OUI,Lundi,2020-03-23 06:00
1075,22,False,False,False,False,False,False,False,False,False,True,False,False,False,False,Lundi-06-08h,NON,Lundi,2020-03-23 06:00
1076,151,False,False,False,False,True,False,False,False,False,False,False,False,False,False,Lundi-06-08h,NON,Lundi,2020-03-23 06:00
1077,193,False,False,False,False,True,True,False,False,False,False,False,False,False,False,Lundi-06-08h,OUI,Lundi,2020-03-23 06:00
1078,9,True,True,False,False,False,False,False,False,False,False,False,False,False,False,Lundi-06-08h,NON,Lundi,2020-03-23 06:00
1079,99,True,False,True,False,False,False,False,False,False,False,False,False,False,False,Lundi-06-08h,NON,Lundi,2020-03-23 06:00
1080,181,False,False,False,False,True,True,False,False,False,False,False,False,False,False,Lundi-06-08h,OUI,Lundi,2020-03-23 06:00
1081,111,False,False,False,False,False,True,False,True,False,False,False,False,False,False,Lundi-06-08h,OUI,Lundi,2020-03-23 06:00
1082,44,False,True,False,False,False,True,False,False,False,False,False,False,False,False,Lundi-06-08h,OUI,Lundi,2020-03-23 06:00
1083,24,False,False,False,False,True,False,False,True,False,False,False,False,False,False,Lundi-06-08h,NON,Lundi,2020-03-23 06:00
1084,102,False,False,False,False,True,True,False,True,False,False,False,False,False,False,Lundi-06-08h,NON,Lundi,2020-03-23 06:00
1085,203,True,True,False,False,False,False,False,True,False,False,False,False,False,False,Lundi-06-08h,NON,Lundi,2020-03-23 06:00
1086,140,False,False,False,False,True,True,False,True,False,False,False,False,False,False,Lundi-06-08h,NON,Lundi,2020-03-23 06:00
1087,188,False,False,False,False,False,True,False,False,True,False,False,False,False,False,Lundi-06-08h,NON,Lundi,2020-03-23 06:00
1088,206,False,False,False,True,False,False,False,False,False,False,True,False,False,False,Lundi-06-08h,NON,Lundi,2020-03-23 06:00
1089,273,False,False,False,False,False,False,False,False,False,False,False,True,False,False,Lundi-06-08h,NON,Lundi,2020-03-23 06:00
1090,69,True,False,True,False,False,False,False,False,False,False,False,False,False,False,Lundi-06-08h,NON,Lundi,2020-03-23 06:00
1091,87,True,False,False,True,False,False,False,False,False,False,True,False,False,False,Lundi-06-08h,OUI,Lundi,2020-03-23 06:00
1092,83,True,False,True,False,False,False,False,False,False,False,False,False,False,False,Lundi-06-08h,NON,Lundi,2020-03-23 06:00
1093,149,True,False,True,True,False,False,False,False,False,False,False,False,False,False,Lundi-06-08h,NON,Lundi,2020-03-23 06:00
1094,274,False,False,False,False,False,True,False,False,False,False,False,False,False,False,Lundi-06-08h,NON,Lundi,2020-03-23 06:00
1095,282,True,False,True,True,False,False,False,False,False,False,False,False,False,False,Lundi-06-08h,OUI,Lundi,2020-03-23 06:00
1096,147,False,False,False,False,False,False,False,False,False,False,False,False,False,False,Lundi-06-08h,NON,Lundi,2020-03-23 06:00
1097,238,False,False,False,False,False,False,False,False,False,False,False,True,False,False,Lundi-06-08h,NON,Lundi,2020-03-23 06:00
1098,201,False,False,False,False,False,False,False,False,False,False,False,False,False,False,Lundi-06-08h,NON,Lundi,2020-03-23 06:00
1099,152,False,True,False,False,False,False,False,False,False,False,False,False,False,False,Lundi-06-08h,NON,Lundi,2020-03-23 06:00
1100,222,False,False,False,False,False,True,False,False,True,True,False,False,False,False,Lundi-06-08h,OUI,Lundi,2020-03-23 06:00
1101,106,False,False,False,False,False,True,False,False,False,False,False,True,False,False,Lundi-06-08h,NON,Lundi,2020-03-23 06:00
1102,133,False,False,True,False,True,False,False,False,False,False,False,False,False,False,Lundi-06-08h,NON,Lundi,2020-03-23 06:00
1103,163,False,False,False,False,True,False,False,False,False,False,False,False,False,False,Lundi-06-08h,NON,Lundi,2020-03-23 06:00
1104,231,False,False,False,False,False,False,False,False,False,False,False,False,False,False,Lundi-06-08h,NON,Lundi,2020-03-23 06:00
1105,25,False,False,False,False,True,False,False,False,False,False,False,False,False,False,Lundi-06-08h,NON,Lundi,2020-03-23 06:00
1106,196,False,False,True,False,True,False,False,True,False,False,False,False,False,False,Lundi-06-08h,NON,Lundi,2020-03-23 06:00
1107,5,False,False,False,False,True,True,False,False,False,False,False,False,False,False,Lundi-06-08h,NON,Lundi,2020-03-23 06:00
1108,90,False,True,False,False,False,False,False,False,False,False,False,False,False,False,Lundi-06-08h,NON,Lundi,2020-03-23 06:00
1109,244,True,False,True,False,False,False,False,False,False,False,False,False,False,False,Lundi-06-08h,NON,Lundi,2020-03-23 06:00
1110,107,False,True,False,False,False,True,False,False,False,False,False,False,False,False,Lundi-06-08h,OUI,Lundi,2020-03-23 06:00
1111,218,False,True,False,False,True,True,False,False,False,False,False,False,False,False,Lundi-06-08h,OUI,Lundi,2020-03-23 06:00
1112,62,False,True,True,False,True,True,False,False,False,False,False,False,False,False,Lundi-06-08h,NON,Lundi,2020-03-23 06:00
1113,79,False,True,False,False,False,False,False,False,False,False,False,False,False,False,Lundi-06-08h,NON,Lundi,2020-03-23 06:00
1114,208,False,False,False,False,False,True,False,False,False,False,False,False,False,False,Lundi-06-08h,NON,Lundi,2020-03-23 06:00
1115,270,False,False,False,False,False,False,False,False,True,False,False,False,False,False,Lundi-06-08h,NON,Lundi,2020-03-23 06:00
1116,166,True,False,False,False,True,True,False,False,False,False,False,False,False,False,Lundi-06-08h,OUI,Lundi,2020-03-23 06:00
1117,77,False,False,True,False,True,False,False,False,False,False,False,False,False,False,Lundi-06-08h,NON,Lundi,2020-03-23 06:00
1118,29,False,False,False,False,False,True,False,False,False,False,False,True,False,False,Lundi-06-08h,NON,Lundi,2020-03-23 06:00
1119,240,False,False,False,False,False,True,False,False,False,False,False,False,False,False,Lundi-06-08h,NON,Lundi,2020-03-23 06:00
1120,184,False,True,False,False,False,False,False,False,False,False,False,False,False,False,Lundi-06-08h,OUI,Lundi,2020-03-23 06:00
1121,277,False,True,True,False,False,True,False,False,False,False,False,False,False,False,Lundi-06-08h,OUI,Lundi,2020-03-23 06:00
1122,80,True,False,False,False,False,True,False,False,False,True,False,False,False,False,Lundi-06-08h,NON,Lundi,2020-03-23 06:00
1123,185,True,True,True,False,False,True,False,False,False,False,True,False,True,False,Lundi-06-08h,NON,Lundi,2020-03-23 06:00
1124,204,False,False,False,False,True,True,False,False,False,False,False,True,False,False,Lundi-06-08h,OUI,Lundi,2020-03-23 06:00
1125,252,True,True,True,False,False,True,False,False,False,False,False,False,False,False,Lundi-06-08h,NON,Lundi,2020-03-23 06:00
1126,26,False,False,False,False,True,False,False,False,False,False,False,False,False,False,Lundi-06-08h,NON,Lundi,2020-03-23 06:00
1127,70,False,False,False,False,True,False,False,False,False,False,False,True,False,False,Lundi-06-08h,OUI,Lundi,2020-03-23 06:00
1128,233,False,False,False,False,True,False,False,False,False,False,False,False,False,False,Lundi-06-08h,OUI,Lundi,2020-03-23 06:00
1129,37,True,True,True,False,True,True,False,False,False,False,False,False,False,False,Lundi-06-08h,NON,Lundi,2020-03-23 06:00
1130,185,False,False,True,False,False,False,False,False,False,False,False,False,False,False,Lundi-06-08h,NON,Lundi,2020-03-23 06:00
1131,138,True,False,False,False,True,True,False,False,False,False,False,False,False,False,Lundi-06-08h,NON,Lundi,2020-03-23 06:00
1132,224,True,False,True,False,False,False,False,False,False,False,False,False,False,False,Lundi-06-08h,NON,Lundi,2020-03-23 06:00
1133,66,False,False,False,False,True,True,False,False,False,False,False,False,True,False,Lundi-06-08h,OUI,Lundi,2020-03-23 06:00
1134,211,False,False,True,False,False,False,False,False,False,False,False,False,True,False,Lundi-06-08h,NON,Lundi,2020-03-23 06:00
1135,14,False,False,False,False,True,True,False,False,False,False,False,False,False,False,Lundi-06-08h,NON,Lundi,2020-03-23 06:00
1136,145,False,False,False,False,True,False,False,False,False,False,False,False,False,False,Lundi-06-08h,NON,Lundi,2020-03-23 06:00
1137,36,False,False,False,False,False,False,False,False,False,False,False,True,False,False,Lundi-06-08h,NON,Lundi,2020-03-23 06:00
1138,60,True,True,True,False,False,True,False,False,False,False,False,False,False,False,Lundi-06-08h,NON,Lundi,2020-03-23 06:00
1139,137,True,True,True,False,False,True,False,False,False,False,True,False,False,False,Lundi-06-08h,OUI,Lundi,2020-03-23 06:00
1140,285,False,True,False,False,True,True,False,False,False,False,False,False,False,False,Lundi-06-08h,NON,Lundi,2020-03-23 06:00
1141,40,False,True,True,False,True,True,False,False,False,False,False,False,False,False,Lundi-06-08h,OUI,Lundi,2020-03-23 06:00
1142,97,False,False,False,False,False,True,False,False,False,False,False,False,False,False,Lundi-06-08h,NON,Lundi,2020-03-23 06:00
1143,109,True,False,True,True,False,False,False,False,False,False,False,False,False,False,Lundi-06-08h,NON,Lundi,2020-03-23 06:00
1144,10,False,False,False,False,False,False,False,False,False,False,False,False,False,False,Lundi-06-08h,NON,Lundi,2020-03-23 06:00
1145,256,False,False,False,False,False,False,False,False,False,False,False,True,False,False,Lundi-06-08h,NON,Lundi,2020-03-23 06:00
1146,141,True,True,True,False,False,False,False,False,False,False,True,False,False,False,Lundi-06-08h,NON,Lundi,2020-03-23 06:00
1147,28,False,False,False,False,False,False,False,False,False,False,False,False,False,False,Lundi-06-08h,NON,Lundi,2020-03-23 06:00
1148,101,True,True,True,True,True,True,False,False,False,False,False,False,False,False,Lundi-06-08h,OUI,Lundi,2020-03-23 06:00
1149,48,True,False,True,False,True,False,False,False,False,False,False,False,True,False,Lundi-06-08h,NON,Lundi,2020-03-23 06:00
1150,27,False,False,False,False,False,True,False,False,False,False,False,False,False,False,Lundi-06-08h,NON,Lundi,2020-03-23 06:00
1151,142,True,False,True,False,False,False,False,False,False,False,True,False,True,False,Lundi-06-08h,NON,Lundi,2020-03-23 06:00
1152,234,False,False,True,False,False,False,False,False,False,False,True,False,False,False,Lundi-06-08h,NON,Lundi,2020-03-23 06:00
1153,23,False,False,False,False,True,False,False,False,False,False,False,False,False,False,Lundi-06-08h,NON,Lundi,2020-03-23 06:00
1154,195,False,False,False,False,True,False,False,False,True,False,False,False,False,False,Lundi-06-08h,NON,Lundi,2020-03-23 06:00
1155,275,False,False,False,False,False,False,False,False,False,False,False,True,False,False,Lundi-06-08h,NON,Lundi,2020-03-23 06:00
1156,226,False,False,False,False,True,True,False,False,False,False,False,False,False,False,Lundi-06-08h,NON,Lundi,2020-03-23 06:00
1157,207,False,False,True,False,False,False,False,False,False,False,False,False,False,False,Lundi-06-08h,NON,Lundi,2020-03-23 06:00
1158,57,False,False,False,False,False,False,False,False,False,False,False,False,False,False,Lundi-06-08h,NON,Lundi,2020-03-23 06:00
1159,4,False,True,False,False,False,True,False,False,False,False,False,False,False,False,Lundi-06-08h,NON,Lundi,2020-03-23 06:00
1160,265,False,False,False,False,False,True,False,False,False,False,False,False,False,False,Lundi-06-08h,NON,Lundi,2020-03-23 06:00
1161,88,False,True,False,False,False,False,False,False,False,False,False,False,False,False,Lundi-06-08h,NON,Lundi,2020-03-23 06:00
1162,198,False,False,False,False,False,False,False,False,False,False,True,False,False,False,Lundi-06-08h,NON,Lundi,2020-03-23 06:00
1163,249,True,True,True,False,False,False,False,False,False,False,False,False,False,False,Lundi-06-08h,NON,Lundi,2020-03-23 06:00
1164,263,False,False,False,False,True,True,False,False,False,False,False,False,False,False,Lundi-06-08h,NON,Lundi,2020-03-23 06:00
1165,217,True,False,True,False,False,False,False,False,False,False,False,False,True,False,Lundi-06-08h,NON,Lundi,2020-03-23 06:00
1166,278,False,False,False,False,True,True,False,False,False,False,False,False,False,False,Lundi-06-08h,NON,Lundi,2020-03-23 06:00
1167,189,False,True,False,False,False,False,False,False,False,False,False,False,False,False,Lundi-06-08h,NON,Lundi,2020-03-23 06:00
1168,61,True,False,True,False,False,False,False,False,False,False,False,False,False,False,Lundi-06-08h,NON,Lundi,2020-03-23 06:00
1169,251,False,False,False,False,False,False,False,False,False,False,False,False,True,False,Lundi-06-08h,NON,Lundi,2020-03-23 06:00
1170,281,False,True,False,False,False,False,False,False,False,False,False,False,False,False,Lundi-06-08h,NON,Lundi,2020-03-23 06:00
1171,134,False,True,False,False,False,False,False,False,False,False,False,False,False,False,Lundi-06-08h,NON,Lundi,2020-03-23 06:00
1172,293,False,True,False,False,False,True,False,False,False,False,False,False,False,False,Lundi-06-08h,NON,Lundi,2020-03-23 06:00
1173,279,True,True,True,True,False,True,False,False,False,False,False,False,False,False,Lundi-06-08h,NON,Lundi,2020-03-23 06:00
1174,81,True,False,True,True,False,False,False,True,False,False,False,False,False,False,Lundi-06-08h,NON,Lundi,2020-03-23 06:00
1175,92,True,False,False,True,False,False,False,False,False,False,True,False,False,False,Lundi-06-08h,NON,Lundi,2020-03-23 06:00
1176,147,False,False,False,False,False,False,False,False,False,False,False,False,False,False,Lundi-06-08h,NON,Lundi,2020-03-23 06:00
1177,33,False,True,False,False,True,False,False,False,False,False,False,False,False,False,Lundi-06-08h,NON,Lundi,2020-03-23 06:00
1178,266,False,False,False,False,False,False,False,False,False,False,False,False,False,False,Lundi-06-08h,NON,Lundi,2020-03-23 06:00
1179,225,True,False,False,False,False,True,False,False,False,False,False,False,False,False,Lundi-06-08h,NON,Lundi,2020-03-23 06:00
1180,83,True,False,True,False,False,False,False,False,False,False,False,False,False,False,Lundi-06-08h,NON,Lundi,2020-03-23 06:00
1181,95,False,False,False,False,True,True,False,True,False,False,False,False,False,False,Lundi-06-08h,NON,Lundi,2020-03-23 06:00
1182,127,False,False,False,False,True,False,False,False,False,False,False,False,False,False,Lundi-06-08h,NON,Lundi,2020-03-23 06:00
1183,20,False,False,False,False,False,False,False,False,False,False,False,False,False,False,Lundi-06-08h,NON,Lundi,2020-03-23 06:00
1184,89,False,False,False,False,False,False,False,False,True,False,False,False,False,False,Lundi-06-08h,OUI,Lundi,2020-03-23 06:00
1185,120,False,True,True,False,True,True,False,True,False,False,True,False,False,False,Lundi-06-08h,NON,Lundi,2020-03-23 06:00
1186,253,False,False,False,False,True,True,False,False,False,False,False,True,False,False,Lundi-06-08h,NON,Lundi,2020-03-23 06:00
1187,52,False,False,True,False,False,False,False,False,False,False,False,False,False,False,Lundi-06-08h,OUI,Lundi,2020-03-23 06:00
1188,168,True,False,True,False,False,False,False,True,False,False,False,False,False,False,Lundi-06-08h,NON,Lundi,2020-03-23 06:00
1189,202,False,True,False,False,False,False,False,False,False,False,False,False,False,False,Lundi-06-08h,NON,Lundi,2020-03-23 06:00
1190,172,False,False,False,False,True,False,False,False,False,False,False,False,False,False,Lundi-06-08h,NON,Lundi,2020-03-23 06:00
1191,239,False,False,False,False,True,True,False,False,False,False,False,False,False,False,Lundi-06-08h,NON,Lundi,2020-03-23 06:00
1192,85,False,False,False,False,True,False,False,False,False,False,False,False,False,False,Lundi-06-08h,NON,Lundi,2020-03-23 06:00
1193,215,False,False,False,False,False,False,False,False,True,False,False,False,False,False,Lundi-06-08h,NON,Lundi,2020-03-23 06:00
1194,260,True,False,True,False,False,False,False,False,False,False,False,False,False,False,Lundi-06-08h,NON,Lundi,2020-03-23 06:00
1195,286,True,True,False,False,True,False,False,False,False,False,False,False,False,False,Lundi-06-08h,NON,Lundi,2020-03-23 06:00
1196,72,False,True,False,False,False,False,False,False,False,False,False,False,False,False,Lundi-08-10h,OUI,Lundi,2020-03-23 08:00
1197,167,True,True,True,True,True,True,False,False,False,False,False,False,False,False,Lundi-08-10h,OUI,Lundi,2020-03-23 08:00
1198,130,True,False,True,False,False,False,False,True,False,False,False,False,True,True,Lundi-08-10h,OUI,Lundi,2020-03-23 08:00
1199,288,True,True,True,False,True,False,False,False,False,False,False,False,False,False,Lundi-08-10h,NON,Lundi,2020-03-23 08:00
1200,59,False,False,False,False,False,True,False,False,False,False,False,False,False,False,Lundi-08-10h,OUI,Lundi,2020-03-23 08:00
1201,178,True,False,False,False,False,False,False,False,False,False,True,False,False,False,Lundi-08-10h,OUI,Lundi,2020-03-23 08:00
1202,254,False,False,False,False,False,False,False,False,False,False,False,True,False,False,Lundi-08-10h,NON,Lundi,2020-03-23 08:00
1203,34,False,False,False,False,False,False,False,False,False,False,False,False,False,False,Lundi-08-10h,NON,Lundi,2020-03-23 08:00
1204,264,False,False,False,False,True,True,True,False,False,False,False,False,False,False,Lundi-08-10h,OUI,Lundi,2020-03-23 08:00
1205,158,True,False,False,False,True,False,False,False,False,True,False,False,False,False,Lundi-08-10h,NON,Lundi,2020-03-23 08:00
1206,210,False,True,False,False,True,True,False,False,False,False,False,False,False,False,Lundi-08-10h,OUI,Lundi,2020-03-23 08:00
1207,93,False,False,False,False,True,False,False,False,False,False,False,False,True,False,Lundi-08-10h,OUI,Lundi,2020-03-23 08:00
1208,144,True,False,True,False,True,False,False,False,False,False,False,False,False,False,Lundi-08-10h,NON,Lundi,2020-03-23 08:00
1209,164,False,True,False,False,True,True,False,False,False,False,False,False,False,False,Lundi-08-10h,OUI,Lundi,2020-03-23 08:00
1210,289,False,False,False,False,True,True,False,False,False,False,False,False,False,False,Lundi-08-10h,NON,Lundi,2020-03-23 08:00
1211,50,False,False,False,False,False,False,False,False,False,False,False,False,False,False,Lundi-08-10h,NON,Lundi,2020-03-23 08:00
1212,51,True,True,False,False,True,False,False,False,False,False,False,False,False,False,Lundi-08-10h,OUI,Lundi,2020-03-23 08:00
1213,247,False,False,True,False,False,False,False,False,False,False,False,False,False,False,Lundi-08-10h,OUI,Lundi,2020-03-23 08:00
1214,159,False,False,False,False,False,False,False,True,False,False,False,False,False,False,Lundi-08-10h,NON,Lundi,2020-03-23 08:00
1215,54,False,False,False,False,False,True,False,False,False,False,False,False,False,False,Lundi-08-10h,NON,Lundi,2020-03-23 08:00
1216,55,True,False,False,False,True,True,False,True,False,False,False,False,False,False,Lundi-08-10h,NON,Lundi,2020-03-23 08:00
1217,257,False,False,False,False,True,False,False,False,False,False,False,False,False,False,Lundi-08-10h,OUI,Lundi,2020-03-23 08:00
1218,67,False,False,False,False,False,False,False,False,False,False,False,False,False,False,Lundi-08-10h,NON,Lundi,2020-03-23 08:00
1219,71,True,False,True,False,False,False,False,False,False,False,False,False,False,False,Lundi-08-10h,NON,Lundi,2020-03-23 08:00
1220,280,False,False,False,False,False,True,False,False,False,False,False,False,False,False,Lundi-08-10h,OUI,Lundi,2020-03-23 08:00
1221,283,True,True,False,False,False,False,False,False,False,False,False,False,False,False,Lundi-08-10h,OUI,Lundi,2020-03-23 08:00
1222,154,False,False,False,False,True,True,False,False,False,False,False,True,False,False,Lundi-08-10h,OUI,Lundi,2020-03-23 08:00
1223,171,False,False,False,False,False,False,False,False,False,False,False,True,False,False,Lundi-08-10h,NON,Lundi,2020-03-23 08:00
1224,131,False,False,True,False,False,False,False,False,False,False,False,False,False,False,Lundi-08-10h,OUI,Lundi,2020-03-23 08:00
1225,237,True,False,False,False,False,True,True,False,False,False,False,False,True,False,Lundi-08-10h,NON,Lundi,2020-03-23 08:00
1226,75,False,False,False,False,True,True,False,False,False,False,False,False,False,False,Lundi-08-10h,NON,Lundi,2020-03-23 08:00
1227,235,True,False,False,False,True,False,False,False,False,False,False,False,False,False,Lundi-08-10h,NON,Lundi,2020-03-23 08:00
1228,180,False,False,False,False,True,True,False,False,False,False,False,False,False,False,Lundi-08-10h,OUI,Lundi,2020-03-23 08:00
1229,219,False,False,False,False,False,True,False,False,False,False,False,False,False,False,Lundi-08-10h,OUI,Lundi,2020-03-23 08:00
1230,250,False,False,False,False,False,False,False,False,True,False,False,False,False,False,Lundi-08-10h,NON,Lundi,2020-03-23 08:00
1231,267,True,True,False,False,False,False,False,False,False,False,False,False,False,False,Lundi-08-10h,NON,Lundi,2020-03-23 08:00
1232,160,False,True,False,False,False,True,False,False,False,False,False,False,False,False,Lundi-08-10h,NON,Lundi,2020-03-23 08:00
1233,182,False,True,False,False,True,True,True,False,False,False,False,False,False,False,Lundi-08-10h,OUI,Lundi,2020-03-23 08:00
1234,143,False,False,False,False,False,False,False,True,False,False,True,False,False,False,Lundi-08-10h,OUI,Lundi,2020-03-23 08:00
1235,223,True,True,False,False,False,False,False,False,False,False,False,False,False,False,Lundi-08-10h,NON,Lundi,2020-03-23 08:00
1236,192,True,False,True,False,False,False,False,False,False,False,False,False,False,False,Lundi-08-10h,NON,Lundi,2020-03-23 08:00
1237,30,False,False,True,False,False,False,False,True,False,False,False,False,False,False,Lundi-08-10h,NON,Lundi,2020-03-23 08:00
1238,125,True,False,False,False,True,False,False,True,False,False,False,False,False,False,Lundi-08-10h,NON,Lundi,2020-03-23 08:00
1239,39,False,False,True,False,True,False,False,True,False,False,False,False,False,False,Lundi-08-10h,OUI,Lundi,2020-03-23 08:00
1240,113,True,False,True,False,False,False,False,False,False,False,False,False,False,False,Lundi-08-10h,NON,Lundi,2020-03-23 08:00
1241,121,True,False,True,False,False,False,False,True,False,False,False,False,False,False,Lundi-08-10h,NON,Lundi,2020-03-23 08:00
1242,228,False,False,False,False,False,False,False,False,False,False,True,False,False,False,Lundi-08-10h,NON,Lundi,2020-03-23 08:00
1243,290,False,False,False,False,False,False,False,False,True,False,False,False,False,False,Lundi-08-10h,NON,Lundi,2020-03-23 08:00
1244,197,False,False,True,False,True,False,False,False,False,False,False,False,False,False,Lundi-08-10h,NON,Lundi,2020-03-23 08:00
1245,31,True,True,True,False,False,True,False,False,False,False,False,False,False,False,Lundi-08-10h,NON,Lundi,2020-03-23 08:00
1246,173,True,False,False,False,True,True,False,True,False,False,False,False,False,False,Lundi-08-10h,NON,Lundi,2020-03-23 08:00
1247,74,True,False,False,True,False,False,False,True,False,False,True,False,False,False,Lundi-08-10h,NON,Lundi,2020-03-23 08:00
1248,15,False,False,True,False,False,False,False,False,False,False,False,False,False,False,Lundi-08-10h,NON,Lundi,2020-03-23 08:00
1249,45,True,False,False,False,True,True,False,True,False,False,False,False,False,False,Lundi-08-10h,NON,Lundi,2020-03-23 08:00
1250,63,False,False,True,False,False,False,False,False,False,False,False,False,False,False,Lundi-08-10h,NON,Lundi,2020-03-23 08:00
1251,3,False,False,False,False,False,True,False,False,False,False,False,True,False,False,Lundi-08-10h,OUI,Lundi,2020-03-23 08:00
1252,21,True,False,True,False,False,False,False,False,False,False,False,False,False,False,Lundi-08-10h,NON,Lundi,2020-03-23 08:00
1253,78,False,True,True,False,True,True,False,True,False,False,False,False,False,False,Lundi-08-10h,NON,Lundi,2020-03-23 08:00
1254,47,False,True,False,False,False,False,False,False,False,False,False,False,False,False,Lundi-08-10h,NON,Lundi,2020-03-23 08:00
1255,151,True,True,False,False,True,False,False,True,False,False,False,False,False,False,Lundi-08-10h,NON,Lundi,2020-03-23 08:00
1256,6,True,False,True,False,False,False,False,False,False,False,False,False,False,False,Lundi-08-10h,NON,Lundi,2020-03-23 08:00
1257,135,True,False,True,False,False,False,False,False,False,False,False,False,True,False,Lundi-08-10h,OUI,Lundi,2020-03-23 08:00
1258,221,False,False,False,False,True,True,False,False,False,False,False,False,False,False,Lundi-08-10h,OUI,Lundi,2020-03-23 08:00
1259,170,False,False,True,False,False,False,False,False,False,False,True,False,False,True,Lundi-08-10h,NON,Lundi,2020-03-23 08:00
1260,129,False,True,False,False,False,False,False,False,False,False,False,False,False,False,Lundi-08-10h,NON,Lundi,2020-03-23 08:00
1261,132,True,True,True,False,False,True,False,False,False,False,False,False,False,False,Lundi-08-10h,OUI,Lundi,2020-03-23 08:00
1262,110,False,True,False,False,False,False,False,False,False,False,False,False,False,False,Lundi-08-10h,NON,Lundi,2020-03-23 08:00
1263,191,False,False,False,False,False,True,False,False,False,False,False,False,False,False,Lundi-08-10h,NON,Lundi,2020-03-23 08:00
1264,94,True,True,True,False,False,True,False,False,False,False,True,False,True,False,Lundi-08-10h,OUI,Lundi,2020-03-23 08:00
1265,108,False,False,False,False,False,True,True,False,False,False,False,False,False,False,Lundi-08-10h,OUI,Lundi,2020-03-23 08:00
1266,236,False,False,False,False,True,True,False,False,False,False,False,False,False,False,Lundi-08-10h,OUI,Lundi,2020-03-23 08:00
1267,42,True,False,True,False,True,False,False,False,False,False,False,False,False,False,Lundi-08-10h,NON,Lundi,2020-03-23 08:00
1268,155,True,False,False,False,True,False,False,False,False,False,False,False,False,False,Lundi-08-10h,NON,Lundi,2020-03-23 08:00
1269,1,False,False,False,False,False,False,False,False,False,False,False,False,False,False,Lundi-08-10h,NON,Lundi,2020-03-23 08:00
1270,58,False,True,True,False,False,True,False,False,False,False,True,False,False,False,Lundi-08-10h,OUI,Lundi,2020-03-23 08:00
1271,0,False,True,False,False,False,False,False,False,False,False,False,False,False,False,Lundi-08-10h,NON,Lundi,2020-03-23 08:00
1272,269,False,False,False,False,False,False,False,False,False,False,False,False,False,False,Lundi-08-10h,NON,Lundi,2020-03-23 08:00
1273,2,True,False,True,False,False,False,False,False,False,False,False,False,False,False,Lundi-08-10h,NON,Lundi,2020-03-23 08:00
1274,103,False,False,False,False,True,False,False,False,False,False,False,False,False,False,Lundi-08-10h,OUI,Lundi,2020-03-23 08:00
1275,12,False,True,False,False,True,False,False,False,False,False,False,False,False,False,Lundi-08-10h,NON,Lundi,2020-03-23 08:00
1276,245,True,False,False,False,True,True,False,True,False,False,False,False,False,False,Lundi-08-10h,OUI,Lundi,2020-03-23 08:00
1277,161,False,False,True,False,False,False,False,False,False,False,True,False,False,False,Lundi-08-10h,OUI,Lundi,2020-03-23 08:00
1278,38,False,False,False,False,False,False,False,False,True,False,False,False,False,False,Lundi-08-10h,NON,Lundi,2020-03-23 08:00
1279,122,False,False,False,False,False,False,False,False,False,False,False,False,False,False,Lundi-08-10h,NON,Lundi,2020-03-23 08:00
1280,248,False,False,True,False,False,False,False,False,False,False,False,False,True,False,Lundi-08-10h,NON,Lundi,2020-03-23 08:00
1281,271,False,True,True,False,False,True,False,False,False,False,False,False,False,False,Lundi-08-10h,OUI,Lundi,2020-03-23 08:00
1282,116,False,False,True,False,False,False,False,False,False,False,False,False,False,False,Lundi-08-10h,OUI,Lundi,2020-03-23 08:00
1283,117,True,True,True,True,False,True,False,False,False,False,False,False,False,False,Lundi-08-10h,NON,Lundi,2020-03-23 08:00
1284,213,False,False,False,False,True,True,False,True,False,False,False,False,False,False,Lundi-08-10h,NON,Lundi,2020-03-23 08:00
1285,220,False,True,True,False,False,True,False,False,False,False,False,False,False,False,Lundi-08-10h,OUI,Lundi,2020-03-23 08:00
1286,176,False,False,True,False,False,False,False,False,False,False,False,False,False,False,Lundi-08-10h,OUI,Lundi,2020-03-23 08:00
1287,96,False,False,False,False,True,True,False,False,False,True,False,False,False,False,Lundi-08-10h,NON,Lundi,2020-03-23 08:00
1288,214,False,False,False,False,True,True,False,False,False,True,False,False,False,False,Lundi-08-10h,OUI,Lundi,2020-03-23 08:00
1289,11,True,False,False,True,False,False,False,False,False,False,True,False,False,False,Lundi-08-10h,NON,Lundi,2020-03-23 08:00
1290,255,True,False,True,False,False,False,False,True,False,False,False,False,False,False,Lundi-08-10h,NON,Lundi,2020-03-23 08:00
1291,86,False,False,True,False,False,False,False,False,False,False,False,False,False,False,Lundi-08-10h,NON,Lundi,2020-03-23 08:00
1292,209,True,False,False,False,True,True,False,True,False,False,False,False,False,False,Lundi-08-10h,OUI,Lundi,2020-03-23 08:00
1293,291,False,False,False,False,False,True,False,False,True,False,False,False,False,False,Lundi-08-10h,NON,Lundi,2020-03-23 08:00
1294,287,False,False,False,False,False,False,False,False,False,False,False,True,False,False,Lundi-08-10h,NON,Lundi,2020-03-23 08:00
1295,104,False,False,False,False,True,True,False,False,False,False,False,False,False,False,Lundi-08-10h,NON,Lundi,2020-03-23 08:00
1296,18,False,False,False,False,True,False,False,False,False,False,False,False,False,False,Lundi-08-10h,OUI,Lundi,2020-03-23 08:00
1297,123,False,True,False,False,True,True,False,False,False,False,False,False,False,False,Lundi-08-10h,NON,Lundi,2020-03-23 08:00
1298,136,False,False,False,False,True,False,False,False,False,False,False,False,False,False,Lundi-08-10h,NON,Lundi,2020-03-23 08:00
1299,276,True,False,True,False,False,False,False,False,False,False,False,False,False,False,Lundi-08-10h,NON,Lundi,2020-03-23 08:00
1300,53,False,False,False,False,True,True,False,False,False,False,False,False,False,False,Lundi-08-10h,OUI,Lundi,2020-03-23 08:00
1301,179,True,False,True,False,False,False,False,False,False,False,False,False,False,False,Lundi-08-10h,OUI,Lundi,2020-03-23 08:00
1302,200,False,False,False,False,False,False,False,False,False,False,False,False,False,False,Lundi-08-10h,NON,Lundi,2020-03-23 08:00
1303,73,False,False,False,False,False,False,False,False,False,False,False,False,False,False,Lundi-08-10h,NON,Lundi,2020-03-23 08:00
1304,156,False,False,False,False,True,True,False,False,False,False,False,False,False,False,Lundi-08-10h,NON,Lundi,2020-03-23 08:00
1305,128,True,True,True,False,False,True,False,False,False,False,False,False,False,False,Lundi-08-10h,NON,Lundi,2020-03-23 08:00
1306,118,False,False,False,False,False,False,False,False,False,False,False,False,False,False,Lundi-08-10h,NON,Lundi,2020-03-23 08:00
1307,112,True,False,True,False,False,False,False,False,False,False,False,False,False,False,Lundi-08-10h,NON,Lundi,2020-03-23 08:00
1308,35,False,False,False,False,True,True,False,False,False,False,False,False,False,False,Lundi-08-10h,NON,Lundi,2020-03-23 08:00
1309,32,False,False,False,False,False,False,False,False,False,False,False,True,False,False,Lundi-08-10h,NON,Lundi,2020-03-23 08:00
1310,199,True,False,True,False,False,False,False,False,False,False,False,False,False,False,Lundi-08-10h,NON,Lundi,2020-03-23 08:00
1311,153,True,False,False,False,True,True,False,False,False,False,False,False,False,False,Lundi-08-10h,NON,Lundi,2020-03-23 08:00
1312,82,False,False,True,False,False,False,False,False,False,False,False,False,False,False,Lundi-08-10h,NON,Lundi,2020-03-23 08:00
1313,292,False,True,False,False,False,False,False,False,False,False,False,False,False,False,Lundi-08-10h,NON,Lundi,2020-03-23 08:00
1314,169,False,False,False,True,False,False,False,False,False,False,False,False,False,False,Lundi-08-10h,OUI,Lundi,2020-03-23 08:00
1315,16,False,False,False,False,True,True,False,False,False,False,False,False,False,False,Lundi-08-10h,OUI,Lundi,2020-03-23 08:00
1316,46,True,True,True,False,False,True,True,False,False,False,False,False,False,False,Lundi-08-10h,NON,Lundi,2020-03-23 08:00
1317,216,False,True,False,False,False,True,False,False,False,False,False,False,False,False,Lundi-08-10h,NON,Lundi,2020-03-23 08:00
1318,174,False,True,True,False,False,True,False,False,False,False,True,False,False,False,Lundi-08-10h,NON,Lundi,2020-03-23 08:00
1319,43,False,False,False,False,True,False,False,False,False,False,False,False,False,False,Lundi-08-10h,NON,Lundi,2020-03-23 08:00
1320,165,False,False,False,False,True,True,False,False,False,False,False,False,False,False,Lundi-08-10h,NON,Lundi,2020-03-23 08:00
1321,126,False,True,False,False,False,True,False,False,False,False,False,False,False,False,Lundi-08-10h,NON,Lundi,2020-03-23 08:00
1322,41,False,False,False,False,False,True,False,False,True,False,False,False,False,False,Lundi-08-10h,OUI,Lundi,2020-03-23 08:00
1323,157,False,False,True,False,False,False,False,False,False,False,False,False,False,False,Lundi-08-10h,OUI,Lundi,2020-03-23 08:00
1324,272,False,True,True,False,False,False,True,False,False,False,True,False,True,True,Lundi-08-10h,NON,Lundi,2020-03-23 08:00
1325,115,True,False,True,False,False,False,False,False,False,False,False,False,False,False,Lundi-08-10h,NON,Lundi,2020-03-23 08:00
1326,84,False,False,False,False,False,False,False,False,False,False,False,True,False,False,Lundi-08-10h,NON,Lundi,2020-03-23 08:00
1327,183,True,True,True,True,False,False,False,False,False,False,False,False,False,False,Lundi-08-10h,OUI,Lundi,2020-03-23 08:00
1328,65,True,True,False,False,False,True,False,False,False,False,False,False,False,False,Lundi-08-10h,NON,Lundi,2020-03-23 08:00
1329,105,True,False,False,False,False,False,False,False,False,False,False,False,False,False,Lundi-08-10h,OUI,Lundi,2020-03-23 08:00
1330,187,True,False,False,False,False,True,False,False,False,False,False,False,False,False,Lundi-08-10h,OUI,Lundi,2020-03-23 08:00
1331,139,True,False,True,False,False,False,False,False,False,False,False,False,False,False,Lundi-08-10h,NON,Lundi,2020-03-23 08:00
1332,259,False,False,False,False,True,True,False,False,False,False,False,False,False,False,Lundi-08-10h,OUI,Lundi,2020-03-23 08:00
1333,124,True,False,True,False,False,False,False,False,False,False,True,False,False,False,Lundi-08-10h,OUI,Lundi,2020-03-23 08:00
1334,98,False,False,False,False,False,True,False,False,False,False,False,True,False,False,Lundi-08-10h,NON,Lundi,2020-03-23 08:00
1335,284,False,True,True,False,False,True,False,False,False,False,False,False,True,False,Lundi-08-10h,OUI,Lundi,2020-03-23 08:00
1336,148,True,False,True,False,True,False,False,True,False,False,False,False,False,False,Lundi-08-10h,OUI,Lundi,2020-03-23 08:00
1337,258,True,False,True,False,False,False,False,False,False,False,False,False,False,False,Lundi-08-10h,NON,Lundi,2020-03-23 08:00
1338,175,False,False,False,False,False,True,False,False,False,False,False,False,False,False,Lundi-08-10h,NON,Lundi,2020-03-23 08:00
1339,119,False,False,False,False,False,False,False,False,False,False,True,False,False,False,Lundi-08-10h,NON,Lundi,2020-03-23 08:00
1340,229,True,False,True,False,False,False,False,True,False,False,False,False,False,False,Lundi-08-10h,OUI,Lundi,2020-03-23 08:00
1341,230,False,False,False,False,False,True,True,False,False,False,False,False,False,False,Lundi-08-10h,NON,Lundi,2020-03-23 08:00
1342,17,True,False,False,False,False,True,True,False,False,False,False,False,False,False,Lundi-08-10h,OUI,Lundi,2020-03-23 08:00
1343,177,False,False,False,False,False,False,False,False,False,False,False,False,False,False,Lundi-08-10h,NON,Lundi,2020-03-23 08:00
1344,7,False,False,False,False,False,False,False,False,False,False,False,False,False,False,Lundi-08-10h,NON,Lundi,2020-03-23 08:00
1345,241,False,False,True,False,False,False,False,False,False,False,False,False,False,False,Lundi-08-10h,NON,Lundi,2020-03-23 08:00
1346,8,True,False,False,False,True,True,False,True,False,False,False,False,False,False,Lundi-08-10h,NON,Lundi,2020-03-23 08:00
1347,268,False,True,False,False,False,True,False,False,False,False,False,False,False,False,Lundi-08-10h,OUI,Lundi,2020-03-23 08:00
1348,294,False,False,True,False,True,False,False,False,False,False,False,False,False,False,Lundi-08-10h,OUI,Lundi,2020-03-23 08:00
1349,242,True,False,False,False,True,True,False,False,False,False,False,False,False,False,Lundi-08-10h,NON,Lundi,2020-03-23 08:00
1350,194,False,False,False,False,False,True,False,False,False,False,False,False,False,False,Lundi-08-10h,NON,Lundi,2020-03-23 08:00
1351,243,False,False,False,False,True,True,False,False,False,False,False,False,False,False,Lundi-08-10h,OUI,Lundi,2020-03-23 08:00
1352,212,True,True,True,False,False,True,False,False,False,False,False,False,False,False,Lundi-08-10h,NON,Lundi,2020-03-23 08:00
1353,19,False,False,False,False,False,True,False,False,False,False,False,False,False,False,Lundi-08-10h,OUI,Lundi,2020-03-23 08:00
1354,114,False,False,False,False,True,False,False,False,False,False,False,False,False,False,Lundi-08-10h,OUI,Lundi,2020-03-23 08:00
1355,190,False,False,False,False,False,True,False,False,True,False,False,False,False,False,Lundi-08-10h,NON,Lundi,2020-03-23 08:00
1356,64,False,False,True,False,False,False,False,False,False,False,False,False,False,False,Lundi-08-10h,OUI,Lundi,2020-03-23 08:00
1357,227,False,False,False,False,False,False,False,False,False,False,False,False,False,False,Lundi-08-10h,NON,Lundi,2020-03-23 08:00
1358,232,False,False,False,False,False,True,False,False,False,False,False,False,False,False,Lundi-08-10h,OUI,Lundi,2020-03-23 08:00
1359,246,False,True,False,False,False,True,True,False,False,False,False,False,False,False,Lundi-08-10h,NON,Lundi,2020-03-23 08:00
1360,100,False,False,False,False,False,True,False,False,False,False,False,False,False,False,Lundi-08-10h,OUI,Lundi,2020-03-23 08:00
1361,13,False,False,False,False,True,False,False,False,False,False,False,False,False,False,Lundi-08-10h,NON,Lundi,2020-03-23 08:00
1362,262,True,True,True,False,False,False,False,False,False,False,False,False,False,False,Lundi-08-10h,NON,Lundi,2020-03-23 08:00
1363,76,True,True,True,False,False,True,False,False,False,False,True,False,False,False,Lundi-08-10h,NON,Lundi,2020-03-23 08:00
1364,261,False,True,False,False,True,False,False,False,False,False,False,False,False,False,Lundi-08-10h,NON,Lundi,2020-03-23 08:00
1365,150,False,True,False,False,False,False,False,False,False,False,False,False,False,False,Lundi-08-10h,OUI,Lundi,2020-03-23 08:00
1366,205,False,False,False,False,False,False,False,False,False,False,False,False,False,False,Lundi-08-10h,NON,Lundi,2020-03-23 08:00
1367,56,False,False,False,False,True,True,False,False,False,False,False,False,False,False,Lundi-08-10h,OUI,Lundi,2020-03-23 08:00
1368,186,False,False,False,False,True,False,False,False,False,False,False,False,False,False,Lundi-08-10h,OUI,Lundi,2020-03-23 08:00
1369,162,True,False,False,False,True,True,False,False,False,False,False,False,False,False,Lundi-08-10h,NON,Lundi,2020-03-23 08:00
1370,68,False,True,False,False,True,True,False,False,False,False,False,False,False,False,Lundi-08-10h,NON,Lundi,2020-03-23 08:00
1371,146,False,False,False,False,False,True,False,False,False,False,False,True,False,False,Lundi-08-10h,OUI,Lundi,2020-03-23 08:00
1372,49,False,False,False,False,False,False,False,False,False,False,False,False,True,False,Lundi-08-10h,NON,Lundi,2020-03-23 08:00
1373,91,True,False,True,True,False,False,False,False,False,False,False,False,False,False,Lundi-08-10h,OUI,Lundi,2020-03-23 08:00
1374,22,False,False,False,False,False,False,False,False,False,True,False,False,False,False,Lundi-08-10h,NON,Lundi,2020-03-23 08:00
1375,151,False,False,False,False,True,False,False,False,False,False,False,False,False,False,Lundi-08-10h,NON,Lundi,2020-03-23 08:00
1376,193,False,False,False,False,True,True,False,False,False,False,False,False,False,False,Lundi-08-10h,NON,Lundi,2020-03-23 08:00
1377,9,True,True,False,False,False,False,False,False,False,False,False,False,False,False,Lundi-08-10h,NON,Lundi,2020-03-23 08:00
1378,99,True,False,True,False,False,False,False,False,False,False,False,False,False,False,Lundi-08-10h,NON,Lundi,2020-03-23 08:00
1379,181,False,False,False,False,True,True,False,False,False,False,False,False,False,False,Lundi-08-10h,OUI,Lundi,2020-03-23 08:00
1380,111,False,False,False,False,False,True,False,True,False,False,False,False,False,False,Lundi-08-10h,OUI,Lundi,2020-03-23 08:00
1381,44,False,True,False,False,False,True,False,False,False,False,False,False,False,False,Lundi-08-10h,OUI,Lundi,2020-03-23 08:00
1382,24,False,False,False,False,True,False,False,True,False,False,False,False,False,False,Lundi-08-10h,NON,Lundi,2020-03-23 08:00
1383,102,False,False,False,False,True,True,False,True,False,False,False,False,False,False,Lundi-08-10h,NON,Lundi,2020-03-23 08:00
1384,203,True,True,False,False,False,False,False,True,False,False,False,False,False,False,Lundi-08-10h,NON,Lundi,2020-03-23 08:00
1385,140,False,False,False,False,True,True,False,True,False,False,False,False,False,False,Lundi-08-10h,NON,Lundi,2020-03-23 08:00
1386,188,False,False,False,False,False,True,False,False,True,False,False,False,False,False,Lundi-08-10h,NON,Lundi,2020-03-23 08:00
1387,206,False,False,False,True,False,False,False,False,False,False,True,False,False,False,Lundi-08-10h,NON,Lundi,2020-03-23 08:00
1388,273,False,False,False,False,False,False,False,False,False,False,False,True,False,False,Lundi-08-10h,OUI,Lundi,2020-03-23 08:00
1389,69,True,False,True,False,False,False,False,False,False,False,False,False,False,False,Lundi-08-10h,NON,Lundi,2020-03-23 08:00
1390,87,True,False,False,True,False,False,False,False,False,False,True,False,False,False,Lundi-08-10h,NON,Lundi,2020-03-23 08:00
1391,83,True,False,True,False,False,False,False,False,False,False,False,False,False,False,Lundi-08-10h,NON,Lundi,2020-03-23 08:00
1392,149,True,False,True,True,False,False,False,False,False,False,False,False,False,False,Lundi-08-10h,NON,Lundi,2020-03-23 08:00
1393,274,False,False,False,False,False,True,False,False,False,False,False,False,False,False,Lundi-08-10h,NON,Lundi,2020-03-23 08:00
1394,282,True,False,True,True,False,False,False,False,False,False,False,False,False,False,Lundi-08-10h,OUI,Lundi,2020-03-23 08:00
1395,147,False,False,False,False,False,False,False,False,False,False,False,False,False,False,Lundi-08-10h,NON,Lundi,2020-03-23 08:00
1396,238,False,False,False,False,False,False,False,False,False,False,False,True,False,False,Lundi-08-10h,NON,Lundi,2020-03-23 08:00
1397,201,False,False,False,False,False,False,False,False,False,False,False,False,False,False,Lundi-08-10h,NON,Lundi,2020-03-23 08:00
1398,152,False,True,False,False,False,False,False,False,False,False,False,False,False,False,Lundi-08-10h,NON,Lundi,2020-03-23 08:00
1399,222,False,False,False,False,False,True,False,False,True,True,False,False,False,False,Lundi-08-10h,OUI,Lundi,2020-03-23 08:00
1400,106,False,False,False,False,False,True,False,False,False,False,False,True,False,False,Lundi-08-10h,NON,Lundi,2020-03-23 08:00
1401,133,False,False,True,False,True,False,False,False,False,False,False,False,False,False,Lundi-08-10h,NON,Lundi,2020-03-23 08:00
1402,163,False,False,False,False,True,False,False,False,False,False,False,False,False,False,Lundi-08-10h,NON,Lundi,2020-03-23 08:00
1403,231,False,False,False,False,False,False,False,False,False,False,False,False,False,False,Lundi-08-10h,NON,Lundi,2020-03-23 08:00
1404,25,False,False,False,False,True,False,False,False,False,False,False,False,False,False,Lundi-08-10h,NON,Lundi,2020-03-23 08:00
1405,196,False,False,True,False,True,False,False,True,False,False,False,False,False,False,Lundi-08-10h,NON,Lundi,2020-03-23 08:00
1406,5,False,False,False,False,True,True,False,False,False,False,False,False,False,False,Lundi-08-10h,NON,Lundi,2020-03-23 08:00
1407,90,False,True,False,False,False,False,False,False,False,False,False,False,False,False,Lundi-08-10h,NON,Lundi,2020-03-23 08:00
1408,244,True,False,True,False,False,False,False,False,False,False,False,False,False,False,Lundi-08-10h,NON,Lundi,2020-03-23 08:00
1409,107,False,True,False,False,False,True,False,False,False,False,False,False,False,False,Lundi-08-10h,OUI,Lundi,2020-03-23 08:00
1410,218,False,True,False,False,True,True,False,False,False,False,False,False,False,False,Lundi-08-10h,NON,Lundi,2020-03-23 08:00
1411,62,False,True,True,False,True,True,False,False,False,False,False,False,False,False,Lundi-08-10h,NON,Lundi,2020-03-23 08:00
1412,79,False,True,False,False,False,False,False,False,False,False,False,False,False,False,Lundi-08-10h,NON,Lundi,2020-03-23 08:00
1413,208,False,False,False,False,False,True,False,False,False,False,False,False,False,False,Lundi-08-10h,NON,Lundi,2020-03-23 08:00
1414,270,False,False,False,False,False,False,False,False,True,False,False,False,False,False,Lundi-08-10h,NON,Lundi,2020-03-23 08:00
1415,166,True,False,False,False,True,True,False,False,False,False,False,False,False,False,Lundi-08-10h,OUI,Lundi,2020-03-23 08:00
1416,77,False,False,True,False,True,False,False,False,False,False,False,False,False,False,Lundi-08-10h,NON,Lundi,2020-03-23 08:00
1417,29,False,False,False,False,False,True,False,False,False,False,False,True,False,False,Lundi-08-10h,NON,Lundi,2020-03-23 08:00
1418,240,False,False,False,False,False,True,False,False,False,False,False,False,False,False,Lundi-08-10h,NON,Lundi,2020-03-23 08:00
1419,184,False,True,False,False,False,False,False,False,False,False,False,False,False,False,Lundi-08-10h,OUI,Lundi,2020-03-23 08:00
1420,277,False,True,True,False,False,True,False,False,False,False,False,False,False,False,Lundi-08-10h,OUI,Lundi,2020-03-23 08:00
1421,80,True,False,False,False,False,True,False,False,False,True,False,False,False,False,Lundi-08-10h,NON,Lundi,2020-03-23 08:00
1422,185,True,True,True,False,False,True,False,False,False,False,True,False,True,False,Lundi-08-10h,NON,Lundi,2020-03-23 08:00
1423,204,False,False,False,False,True,True,False,False,False,False,False,True,False,False,Lundi-08-10h,OUI,Lundi,2020-03-23 08:00
1424,252,True,True,True,False,False,True,False,False,False,False,False,False,False,False,Lundi-08-10h,NON,Lundi,2020-03-23 08:00
1425,26,False,False,False,False,True,False,False,False,False,False,False,False,False,False,Lundi-08-10h,NON,Lundi,2020-03-23 08:00
1426,70,False,False,False,False,True,False,False,False,False,False,False,True,False,False,Lundi-08-10h,OUI,Lundi,2020-03-23 08:00
1427,233,False,False,False,False,True,False,False,False,False,False,False,False,False,False,Lundi-08-10h,OUI,Lundi,2020-03-23 08:00
1428,37,True,True,True,False,True,True,False,False,False,False,False,False,False,False,Lundi-08-10h,NON,Lundi,2020-03-23 08:00
1429,185,False,False,True,False,False,False,False,False,False,False,False,False,False,False,Lundi-08-10h,NON,Lundi,2020-03-23 08:00
1430,138,True,False,False,False,True,True,False,False,False,False,False,False,False,False,Lundi-08-10h,NON,Lundi,2020-03-23 08:00
1431,224,True,False,True,False,False,False,False,False,False,False,False,False,False,False,Lundi-08-10h,NON,Lundi,2020-03-23 08:00
1432,66,False,False,False,False,True,True,False,False,False,False,False,False,True,False,Lundi-08-10h,OUI,Lundi,2020-03-23 08:00
1433,211,False,False,True,False,False,False,False,False,False,False,False,False,True,False,Lundi-08-10h,NON,Lundi,2020-03-23 08:00
1434,14,False,False,False,False,True,True,False,False,False,False,False,False,False,False,Lundi-08-10h,NON,Lundi,2020-03-23 08:00
1435,145,False,False,False,False,True,False,False,False,False,False,False,False,False,False,Lundi-08-10h,NON,Lundi,2020-03-23 08:00
1436,36,False,False,False,False,False,False,False,False,False,False,False,True,False,False,Lundi-08-10h,NON,Lundi,2020-03-23 08:00
1437,60,True,True,True,False,False,True,False,False,False,False,False,False,False,False,Lundi-08-10h,NON,Lundi,2020-03-23 08:00
1438,137,True,True,True,False,False,True,False,False,False,False,True,False,False,False,Lundi-08-10h,OUI,Lundi,2020-03-23 08:00
1439,285,False,True,False,False,True,True,False,False,False,False,False,False,False,False,Lundi-08-10h,NON,Lundi,2020-03-23 08:00
1440,40,False,True,True,False,True,True,False,False,False,False,False,False,False,False,Lundi-08-10h,OUI,Lundi,2020-03-23 08:00
1441,97,False,False,False,False,False,True,False,False,False,False,False,False,False,False,Lundi-08-10h,NON,Lundi,2020-03-23 08:00
1442,109,True,False,True,True,False,False,False,False,False,False,False,False,False,False,Lundi-08-10h,NON,Lundi,2020-03-23 08:00
1443,10,False,False,False,False,False,False,False,False,False,False,False,False,False,False,Lundi-08-10h,NON,Lundi,2020-03-23 08:00
1444,256,False,False,False,False,False,False,False,False,False,False,False,True,False,False,Lundi-08-10h,NON,Lundi,2020-03-23 08:00
1445,141,True,True,True,False,False,False,False,False,False,False,True,False,False,False,Lundi-08-10h,NON,Lundi,2020-03-23 08:00
1446,28,False,False,False,False,False,False,False,False,False,False,False,False,False,False,Lundi-08-10h,NON,Lundi,2020-03-23 08:00
1447,101,True,True,True,True,True,True,False,False,False,False,False,False,False,False,Lundi-08-10h,OUI,Lundi,2020-03-23 08:00
1448,48,True,False,True,False,True,False,False,False,False,False,False,False,True,False,Lundi-08-10h,NON,Lundi,2020-03-23 08:00
1449,27,False,False,False,False,False,True,False,False,False,False,False,False,False,False,Lundi-08-10h,NON,Lundi,2020-03-23 08:00
1450,142,True,False,True,False,False,False,False,False,False,False,True,False,True,False,Lundi-08-10h,NON,Lundi,2020-03-23 08:00
1451,234,False,False,True,False,False,False,False,False,False,False,True,False,False,False,Lundi-08-10h,NON,Lundi,2020-03-23 08:00
1452,23,False,False,False,False,True,False,False,False,False,False,False,False,False,False,Lundi-08-10h,NON,Lundi,2020-03-23 08:00
1453,195,False,False,False,False,True,False,False,False,True,False,False,False,False,False,Lundi-08-10h,NON,Lundi,2020-03-23 08:00
1454,275,False,False,False,False,False,False,False,False,False,False,False,True,False,False,Lundi-08-10h,NON,Lundi,2020-03-23 08:00
1455,226,False,False,False,False,True,True,False,False,False,False,False,False,False,False,Lundi-08-10h,NON,Lundi,2020-03-23 08:00
1456,207,False,False,True,False,False,False,False,False,False,False,False,False,False,False,Lundi-08-10h,NON,Lundi,2020-03-23 08:00
1457,57,False,False,False,False,False,False,False,False,False,False,False,False,False,False,Lundi-08-10h,NON,Lundi,2020-03-23 08:00
1458,4,False,True,False,False,False,True,False,False,False,False,False,False,False,False,Lundi-08-10h,NON,Lundi,2020-03-23 08:00
1459,265,False,False,False,False,False,True,False,False,False,False,False,False,False,False,Lundi-08-10h,OUI,Lundi,2020-03-23 08:00
1460,88,False,True,False,False,False,False,False,False,False,False,False,False,False,False,Lundi-08-10h,NON,Lundi,2020-03-23 08:00
1461,198,False,False,False,False,False,False,False,False,False,False,True,False,False,False,Lundi-08-10h,NON,Lundi,2020-03-23 08:00
1462,249,True,True,True,False,False,False,False,False,False,False,False,False,False,False,Lundi-08-10h,NON,Lundi,2020-03-23 08:00
1463,263,False,False,False,False,True,True,False,False,False,False,False,False,False,False,Lundi-08-10h,NON,Lundi,2020-03-23 08:00
1464,217,True,False,True,False,False,False,False,False,False,False,False,False,True,False,Lundi-08-10h,NON,Lundi,2020-03-23 08:00
1465,278,False,False,False,False,True,True,False,False,False,False,False,False,False,False,Lundi-08-10h,NON,Lundi,2020-03-23 08:00
1466,189,False,True,False,False,False,False,False,False,False,False,False,False,False,False,Lundi-08-10h,NON,Lundi,2020-03-23 08:00
1467,61,True,False,True,False,False,False,False,False,False,False,False,False,False,False,Lundi-08-10h,NON,Lundi,2020-03-23 08:00
1468,251,False,False,False,False,False,False,False,False,False,False,False,False,True,False,Lundi-08-10h,NON,Lundi,2020-03-23 08:00
1469,281,False,True,False,False,False,False,False,False,False,False,False,False,False,False,Lundi-08-10h,NON,Lundi,2020-03-23 08:00
1470,134,False,True,False,False,False,False,False,False,False,False,False,False,False,False,Lundi-08-10h,NON,Lundi,2020-03-23 08:00
1471,293,False,True,False,False,False,True,False,False,False,False,False,False,False,False,Lundi-08-10h,NON,Lundi,2020-03-23 08:00
1472,279,True,True,True,True,False,True,False,False,False,False,False,False,False,False,Lundi-08-10h,NON,Lundi,2020-03-23 08:00
1473,81,True,False,True,True,False,False,False,True,False,False,False,False,False,False,Lundi-08-10h,NON,Lundi,2020-03-23 08:00
1474,92,True,False,False,True,False,False,False,False,False,False,True,False,False,False,Lundi-08-10h,NON,Lundi,2020-03-23 08:00
1475,147,False,False,False,False,False,False,False,False,False,False,False,False,False,False,Lundi-08-10h,NON,Lundi,2020-03-23 08:00
1476,33,False,True,False,False,True,False,False,False,False,False,False,False,False,False,Lundi-08-10h,NON,Lundi,2020-03-23 08:00
1477,266,False,False,False,False,False,False,False,False,False,False,False,False,False,False,Lundi-08-10h,NON,Lundi,2020-03-23 08:00
1478,225,True,False,False,False,False,True,False,False,False,False,False,False,False,False,Lundi-08-10h,NON,Lundi,2020-03-23 08:00
1479,83,True,False,True,False,False,False,False,False,False,False,False,False,False,False,Lundi-08-10h,NON,Lundi,2020-03-23 08:00
1480,95,False,False,False,False,True,True,False,True,False,False,False,False,False,False,Lundi-08-10h,NON,Lundi,2020-03-23 08:00
1481,127,False,False,False,False,True,False,False,False,False,False,False,False,False,False,Lundi-08-10h,NON,Lundi,2020-03-23 08:00
1482,20,False,False,False,False,False,False,False,False,False,False,False,False,False,False,Lundi-08-10h,NON,Lundi,2020-03-23 08:00
1483,89,False,False,False,False,False,False,False,False,True,False,False,False,False,False,Lundi-08-10h,OUI,Lundi,2020-03-23 08:00
1484,120,False,True,True,False,True,True,False,True,False,False,True,False,False,False,Lundi-08-10h,NON,Lundi,2020-03-23 08:00
1485,253,False,False,False,False,True,True,False,False,False,False,False,True,False,False,Lundi-08-10h,NON,Lundi,2020-03-23 08:00
1486,52,False,False,True,False,False,False,False,False,False,False,False,False,False,False,Lundi-08-10h,OUI,Lundi,2020-03-23 08:00
1487,168,True,False,True,False,False,False,False,True,False,False,False,False,False,False,Lundi-08-10h,NON,Lundi,2020-03-23 08:00
1488,202,False,True,False,False,False,False,False,False,False,False,False,False,False,False,Lundi-08-10h,NON,Lundi,2020-03-23 08:00
1489,172,False,False,False,False,True,False,False,False,False,False,False,False,False,False,Lundi-08-10h,NON,Lundi,2020-03-23 08:00
1490,239,False,False,False,False,True,True,False,False,False,False,False,False,False,False,Lundi-08-10h,NON,Lundi,2020-03-23 08:00
1491,85,False,False,False,False,True,False,False,False,False,False,False,False,False,False,Lundi-08-10h,NON,Lundi,2020-03-23 08:00
1492,215,False,False,False,False,False,False,False,False,True,False,False,False,False,False,Lundi-08-10h,NON,Lundi,2020-03-23 08:00
1493,260,True,False,True,False,False,False,False,False,False,False,False,False,False,False,Lundi-08-10h,NON,Lundi,2020-03-23 08:00
1494,286,True,True,False,False,True,False,False,False,False,False,False,False,False,False,Lundi-08-10h,NON,Lundi,2020-03-23 08:00
1495,72,False,True,False,False,False,False,False,False,False,False,False,False,False,False,Lundi-10-12h,OUI,Lundi,2020-03-23 10:00
1496,167,True,True,True,True,True,True,False,False,False,False,False,False,False,False,Lundi-10-12h,OUI,Lundi,2020-03-23 10:00
1497,130,True,False,True,False,False,False,False,True,False,False,False,False,True,True,Lundi-10-12h,OUI,Lundi,2020-03-23 10:00
1498,288,True,True,True,False,True,False,False,False,False,False,False,False,False,False,Lundi-10-12h,NON,Lundi,2020-03-23 10:00
1499,59,False,False,False,False,False,True,False,False,False,False,False,False,False,False,Lundi-10-12h,NON,Lundi,2020-03-23 10:00
1500,178,True,False,False,False,False,False,False,False,False,False,True,False,False,False,Lundi-10-12h,OUI,Lundi,2020-03-23 10:00
1501,254,False,False,False,False,False,False,False,False,False,False,False,True,False,False,Lundi-10-12h,NON,Lundi,2020-03-23 10:00
1502,34,False,False,False,False,False,False,False,False,False,False,False,False,False,False,Lundi-10-12h,NON,Lundi,2020-03-23 10:00
1503,264,False,False,False,False,True,True,True,False,False,False,False,False,False,False,Lundi-10-12h,OUI,Lundi,2020-03-23 10:00
1504,158,True,False,False,False,True,False,False,False,False,True,False,False,False,False,Lundi-10-12h,OUI,Lundi,2020-03-23 10:00
1505,210,False,True,False,False,True,True,False,False,False,False,False,False,False,False,Lundi-10-12h,OUI,Lundi,2020-03-23 10:00
1506,93,False,False,False,False,True,False,False,False,False,False,False,False,True,False,Lundi-10-12h,OUI,Lundi,2020-03-23 10:00
1507,144,True,False,True,False,True,False,False,False,False,False,False,False,False,False,Lundi-10-12h,NON,Lundi,2020-03-23 10:00
1508,164,False,True,False,False,True,True,False,False,False,False,False,False,False,False,Lundi-10-12h,NON,Lundi,2020-03-23 10:00
1509,289,False,False,False,False,True,True,False,False,False,False,False,False,False,False,Lundi-10-12h,NON,Lundi,2020-03-23 10:00
1510,50,False,False,False,False,False,False,False,False,False,False,False,False,False,False,Lundi-10-12h,NON,Lundi,2020-03-23 10:00
1511,51,True,True,False,False,True,False,False,False,False,False,False,False,False,False,Lundi-10-12h,OUI,Lundi,2020-03-23 10:00
1512,247,False,False,True,False,False,False,False,False,False,False,False,False,False,False,Lundi-10-12h,OUI,Lundi,2020-03-23 10:00
1513,159,False,False,False,False,False,False,False,True,False,False,False,False,False,False,Lundi-10-12h,NON,Lundi,2020-03-23 10:00
1514,54,False,False,False,False,False,True,False,False,False,False,False,False,False,False,Lundi-10-12h,NON,Lundi,2020-03-23 10:00
1515,55,True,False,False,False,True,True,False,True,False,False,False,False,False,False,Lundi-10-12h,NON,Lundi,2020-03-23 10:00
1516,257,False,False,False,False,True,False,False,False,False,False,False,False,False,False,Lundi-10-12h,OUI,Lundi,2020-03-23 10:00
1517,67,False,False,False,False,False,False,False,False,False,False,False,False,False,False,Lundi-10-12h,NON,Lundi,2020-03-23 10:00
1518,71,True,False,True,False,False,False,False,False,False,False,False,False,False,False,Lundi-10-12h,NON,Lundi,2020-03-23 10:00
1519,280,False,False,False,False,False,True,False,False,False,False,False,False,False,False,Lundi-10-12h,OUI,Lundi,2020-03-23 10:00
1520,283,True,True,False,False,False,False,False,False,False,False,False,False,False,False,Lundi-10-12h,OUI,Lundi,2020-03-23 10:00
1521,154,False,False,False,False,True,True,False,False,False,False,False,True,False,False,Lundi-10-12h,OUI,Lundi,2020-03-23 10:00
1522,171,False,False,False,False,False,False,False,False,False,False,False,True,False,False,Lundi-10-12h,OUI,Lundi,2020-03-23 10:00
1523,131,False,False,True,False,False,False,False,False,False,False,False,False,False,False,Lundi-10-12h,OUI,Lundi,2020-03-23 10:00
1524,237,True,False,False,False,False,True,True,False,False,False,False,False,True,False,Lundi-10-12h,NON,Lundi,2020-03-23 10:00
1525,75,False,False,False,False,True,True,False,False,False,False,False,False,False,False,Lundi-10-12h,NON,Lundi,2020-03-23 10:00
1526,235,True,False,False,False,True,False,False,False,False,False,False,False,False,False,Lundi-10-12h,NON,Lundi,2020-03-23 10:00
1527,180,False,False,False,False,True,True,False,False,False,False,False,False,False,False,Lundi-10-12h,OUI,Lundi,2020-03-23 10:00
1528,219,False,False,False,False,False,True,False,False,False,False,False,False,False,False,Lundi-10-12h,OUI,Lundi,2020-03-23 10:00
1529,250,False,False,False,False,False,False,False,False,True,False,False,False,False,False,Lundi-10-12h,NON,Lundi,2020-03-23 10:00
1530,267,True,True,False,False,False,False,False,False,False,False,False,False,False,False,Lundi-10-12h,NON,Lundi,2020-03-23 10:00
1531,160,False,True,False,False,False,True,False,False,False,False,False,False,False,False,Lundi-10-12h,NON,Lundi,2020-03-23 10:00
1532,182,False,True,False,False,True,True,True,False,False,False,False,False,False,False,Lundi-10-12h,OUI,Lundi,2020-03-23 10:00
1533,143,False,False,False,False,False,False,False,True,False,False,True,False,False,False,Lundi-10-12h,OUI,Lundi,2020-03-23 10:00
1534,223,True,True,False,False,False,False,False,False,False,False,False,False,False,False,Lundi-10-12h,NON,Lundi,2020-03-23 10:00
1535,192,True,False,True,False,False,False,False,False,False,False,False,False,False,False,Lundi-10-12h,NON,Lundi,2020-03-23 10:00
1536,30,False,False,True,False,False,False,False,True,False,False,False,False,False,False,Lundi-10-12h,NON,Lundi,2020-03-23 10:00
1537,125,True,False,False,False,True,False,False,True,False,False,False,False,False,False,Lundi-10-12h,NON,Lundi,2020-03-23 10:00
1538,39,False,False,True,False,True,False,False,True,False,False,False,False,False,False,Lundi-10-12h,OUI,Lundi,2020-03-23 10:00
1539,113,True,False,True,False,False,False,False,False,False,False,False,False,False,False,Lundi-10-12h,NON,Lundi,2020-03-23 10:00
1540,121,True,False,True,False,False,False,False,True,False,False,False,False,False,False,Lundi-10-12h,NON,Lundi,2020-03-23 10:00
1541,228,False,False,False,False,False,False,False,False,False,False,True,False,False,False,Lundi-10-12h,NON,Lundi,2020-03-23 10:00
1542,290,False,False,False,False,False,False,False,False,True,False,False,False,False,False,Lundi-10-12h,NON,Lundi,2020-03-23 10:00
1543,197,False,False,True,False,True,False,False,False,False,False,False,False,False,False,Lundi-10-12h,NON,Lundi,2020-03-23 10:00
1544,31,True,True,True,False,False,True,False,False,False,False,False,False,False,False,Lundi-10-12h,OUI,Lundi,2020-03-23 10:00
1545,173,True,False,False,False,True,True,False,True,False,False,False,False,False,False,Lundi-10-12h,NON,Lundi,2020-03-23 10:00
1546,74,True,False,False,True,False,False,False,True,False,False,True,False,False,False,Lundi-10-12h,NON,Lundi,2020-03-23 10:00
1547,15,False,False,True,False,False,False,False,False,False,False,False,False,False,False,Lundi-10-12h,NON,Lundi,2020-03-23 10:00
1548,45,True,False,False,False,True,True,False,True,False,False,False,False,False,False,Lundi-10-12h,NON,Lundi,2020-03-23 10:00
1549,63,False,False,True,False,False,False,False,False,False,False,False,False,False,False,Lundi-10-12h,NON,Lundi,2020-03-23 10:00
1550,3,False,False,False,False,False,True,False,False,False,False,False,True,False,False,Lundi-10-12h,OUI,Lundi,2020-03-23 10:00
1551,21,True,False,True,False,False,False,False,False,False,False,False,False,False,False,Lundi-10-12h,NON,Lundi,2020-03-23 10:00
1552,78,False,True,True,False,True,True,False,True,False,False,False,False,False,False,Lundi-10-12h,NON,Lundi,2020-03-23 10:00
1553,47,False,True,False,False,False,False,False,False,False,False,False,False,False,False,Lundi-10-12h,NON,Lundi,2020-03-23 10:00
1554,151,True,True,False,False,True,False,False,True,False,False,False,False,False,False,Lundi-10-12h,NON,Lundi,2020-03-23 10:00
1555,6,True,False,True,False,False,False,False,False,False,False,False,False,False,False,Lundi-10-12h,NON,Lundi,2020-03-23 10:00
1556,135,True,False,True,False,False,False,False,False,False,False,False,False,True,False,Lundi-10-12h,OUI,Lundi,2020-03-23 10:00
1557,221,False,False,False,False,True,True,False,False,False,False,False,False,False,False,Lundi-10-12h,NON,Lundi,2020-03-23 10:00
1558,170,False,False,True,False,False,False,False,False,False,False,True,False,False,True,Lundi-10-12h,NON,Lundi,2020-03-23 10:00
1559,129,False,True,False,False,False,False,False,False,False,False,False,False,False,False,Lundi-10-12h,NON,Lundi,2020-03-23 10:00
1560,132,True,True,True,False,False,True,False,False,False,False,False,False,False,False,Lundi-10-12h,OUI,Lundi,2020-03-23 10:00
1561,110,False,True,False,False,False,False,False,False,False,False,False,False,False,False,Lundi-10-12h,NON,Lundi,2020-03-23 10:00
1562,191,False,False,False,False,False,True,False,False,False,False,False,False,False,False,Lundi-10-12h,NON,Lundi,2020-03-23 10:00
1563,94,True,True,True,False,False,True,False,False,False,False,True,False,True,False,Lundi-10-12h,OUI,Lundi,2020-03-23 10:00
1564,108,False,False,False,False,False,True,True,False,False,False,False,False,False,False,Lundi-10-12h,OUI,Lundi,2020-03-23 10:00
1565,236,False,False,False,False,True,True,False,False,False,False,False,False,False,False,Lundi-10-12h,OUI,Lundi,2020-03-23 10:00
1566,42,True,False,True,False,True,False,False,False,False,False,False,False,False,False,Lundi-10-12h,OUI,Lundi,2020-03-23 10:00
1567,155,True,False,False,False,True,False,False,False,False,False,False,False,False,False,Lundi-10-12h,NON,Lundi,2020-03-23 10:00
1568,1,False,False,False,False,False,False,False,False,False,False,False,False,False,False,Lundi-10-12h,NON,Lundi,2020-03-23 10:00
1569,58,False,True,True,False,False,True,False,False,False,False,True,False,False,False,Lundi-10-12h,OUI,Lundi,2020-03-23 10:00
1570,0,False,True,False,False,False,False,False,False,False,False,False,False,False,False,Lundi-10-12h,NON,Lundi,2020-03-23 10:00
1571,269,False,False,False,False,False,False,False,False,False,False,False,False,False,False,Lundi-10-12h,NON,Lundi,2020-03-23 10:00
1572,2,True,False,True,False,False,False,False,False,False,False,False,False,False,False,Lundi-10-12h,NON,Lundi,2020-03-23 10:00
1573,103,False,False,False,False,True,False,False,False,False,False,False,False,False,False,Lundi-10-12h,NON,Lundi,2020-03-23 10:00
1574,12,False,True,False,False,True,False,False,False,False,False,False,False,False,False,Lundi-10-12h,NON,Lundi,2020-03-23 10:00
1575,245,True,False,False,False,True,True,False,True,False,False,False,False,False,False,Lundi-10-12h,NON,Lundi,2020-03-23 10:00
1576,161,False,False,True,False,False,False,False,False,False,False,True,False,False,False,Lundi-10-12h,OUI,Lundi,2020-03-23 10:00
1577,38,False,False,False,False,False,False,False,False,True,False,False,False,False,False,Lundi-10-12h,NON,Lundi,2020-03-23 10:00
1578,122,False,False,False,False,False,False,False,False,False,False,False,False,False,False,Lundi-10-12h,NON,Lundi,2020-03-23 10:00
1579,248,False,False,True,False,False,False,False,False,False,False,False,False,True,False,Lundi-10-12h,NON,Lundi,2020-03-23 10:00
1580,271,False,True,True,False,False,True,False,False,False,False,False,False,False,False,Lundi-10-12h,OUI,Lundi,2020-03-23 10:00
1581,116,False,False,True,False,False,False,False,False,False,False,False,False,False,False,Lundi-10-12h,OUI,Lundi,2020-03-23 10:00
1582,117,True,True,True,True,False,True,False,False,False,False,False,False,False,False,Lundi-10-12h,NON,Lundi,2020-03-23 10:00
1583,213,False,False,False,False,True,True,False,True,False,False,False,False,False,False,Lundi-10-12h,NON,Lundi,2020-03-23 10:00
1584,220,False,True,True,False,False,True,False,False,False,False,False,False,False,False,Lundi-10-12h,OUI,Lundi,2020-03-23 10:00
1585,176,False,False,True,False,False,False,False,False,False,False,False,False,False,False,Lundi-10-12h,OUI,Lundi,2020-03-23 10:00
1586,96,False,False,False,False,True,True,False,False,False,True,False,False,False,False,Lundi-10-12h,NON,Lundi,2020-03-23 10:00
1587,214,False,False,False,False,True,True,False,False,False,True,False,False,False,False,Lundi-10-12h,OUI,Lundi,2020-03-23 10:00
1588,11,True,False,False,True,False,False,False,False,False,False,True,False,False,False,Lundi-10-12h,NON,Lundi,2020-03-23 10:00
1589,255,True,False,True,False,False,False,False,True,False,False,False,False,False,False,Lundi-10-12h,NON,Lundi,2020-03-23 10:00
1590,86,False,False,True,False,False,False,False,False,False,False,False,False,False,False,Lundi-10-12h,NON,Lundi,2020-03-23 10:00
1591,209,True,False,False,False,True,True,False,True,False,False,False,False,False,False,Lundi-10-12h,OUI,Lundi,2020-03-23 10:00
1592,291,False,False,False,False,False,True,False,False,True,False,False,False,False,False,Lundi-10-12h,NON,Lundi,2020-03-23 10:00
1593,287,False,False,False,False,False,False,False,False,False,False,False,True,False,False,Lundi-10-12h,NON,Lundi,2020-03-23 10:00
1594,104,False,False,False,False,True,True,False,False,False,False,False,False,False,False,Lundi-10-12h,NON,Lundi,2020-03-23 10:00
1595,18,False,False,False,False,True,False,False,False,False,False,False,False,False,False,Lundi-10-12h,OUI,Lundi,2020-03-23 10:00
1596,123,False,True,False,False,True,True,False,False,False,False,False,False,False,False,Lundi-10-12h,OUI,Lundi,2020-03-23 10:00
1597,136,False,False,False,False,True,False,False,False,False,False,False,False,False,False,Lundi-10-12h,NON,Lundi,2020-03-23 10:00
1598,276,True,False,True,False,False,False,False,False,False,False,False,False,False,False,Lundi-10-12h,NON,Lundi,2020-03-23 10:00
1599,53,False,False,False,False,True,True,False,False,False,False,False,False,False,False,Lundi-10-12h,OUI,Lundi,2020-03-23 10:00
1600,179,True,False,True,False,False,False,False,False,False,False,False,False,False,False,Lundi-10-12h,OUI,Lundi,2020-03-23 10:00
1601,200,False,False,False,False,False,False,False,False,False,False,False,False,False,False,Lundi-10-12h,NON,Lundi,2020-03-23 10:00
1602,73,False,False,False,False,False,False,False,False,False,False,False,False,False,False,Lundi-10-12h,NON,Lundi,2020-03-23 10:00
1603,156,False,False,False,False,True,True,False,False,False,False,False,False,False,False,Lundi-10-12h,NON,Lundi,2020-03-23 10:00
1604,128,True,True,True,False,False,True,False,False,False,False,False,False,False,False,Lundi-10-12h,NON,Lundi,2020-03-23 10:00
1605,118,False,False,False,False,False,False,False,False,False,False,False,False,False,False,Lundi-10-12h,NON,Lundi,2020-03-23 10:00
1606,112,True,False,True,False,False,False,False,False,False,False,False,False,False,False,Lundi-10-12h,NON,Lundi,2020-03-23 10:00
1607,35,False,False,False,False,True,True,False,False,False,False,False,False,False,False,Lundi-10-12h,NON,Lundi,2020-03-23 10:00
1608,32,False,False,False,False,False,False,False,False,False,False,False,True,False,False,Lundi-10-12h,NON,Lundi,2020-03-23 10:00
1609,199,True,False,True,False,False,False,False,False,False,False,False,False,False,False,Lundi-10-12h,NON,Lundi,2020-03-23 10:00
1610,153,True,False,False,False,True,True,False,False,False,False,False,False,False,False,Lundi-10-12h,NON,Lundi,2020-03-23 10:00
1611,82,False,False,True,False,False,False,False,False,False,False,False,False,False,False,Lundi-10-12h,NON,Lundi,2020-03-23 10:00
1612,292,False,True,False,False,False,False,False,False,False,False,False,False,False,False,Lundi-10-12h,NON,Lundi,2020-03-23 10:00
1613,169,False,False,False,True,False,False,False,False,False,False,False,False,False,False,Lundi-10-12h,OUI,Lundi,2020-03-23 10:00
1614,16,False,False,False,False,True,True,False,False,False,False,False,False,False,False,Lundi-10-12h,OUI,Lundi,2020-03-23 10:00
1615,46,True,True,True,False,False,True,True,False,False,False,False,False,False,False,Lundi-10-12h,NON,Lundi,2020-03-23 10:00
1616,216,False,True,False,False,False,True,False,False,False,False,False,False,False,False,Lundi-10-12h,NON,Lundi,2020-03-23 10:00
1617,174,False,True,True,False,False,True,False,False,False,False,True,False,False,False,Lundi-10-12h,NON,Lundi,2020-03-23 10:00
1618,43,False,False,False,False,True,False,False,False,False,False,False,False,False,False,Lundi-10-12h,NON,Lundi,2020-03-23 10:00
1619,165,False,False,False,False,True,True,False,False,False,False,False,False,False,False,Lundi-10-12h,NON,Lundi,2020-03-23 10:00
1620,126,False,True,False,False,False,True,False,False,False,False,False,False,False,False,Lundi-10-12h,NON,Lundi,2020-03-23 10:00
1621,41,False,False,False,False,False,True,False,False,True,False,False,False,False,False,Lundi-10-12h,OUI,Lundi,2020-03-23 10:00
1622,157,False,False,True,False,False,False,False,False,False,False,False,False,False,False,Lundi-10-12h,OUI,Lundi,2020-03-23 10:00
1623,272,False,True,True,False,False,False,True,False,False,False,True,False,True,True,Lundi-10-12h,NON,Lundi,2020-03-23 10:00
1624,115,True,False,True,False,False,False,False,False,False,False,False,False,False,False,Lundi-10-12h,NON,Lundi,2020-03-23 10:00
1625,84,False,False,False,False,False,False,False,False,False,False,False,True,False,False,Lundi-10-12h,NON,Lundi,2020-03-23 10:00
1626,183,True,True,True,True,False,False,False,False,False,False,False,False,False,False,Lundi-10-12h,OUI,Lundi,2020-03-23 10:00
1627,65,True,True,False,False,False,True,False,False,False,False,False,False,False,False,Lundi-10-12h,NON,Lundi,2020-03-23 10:00
1628,105,True,False,False,False,False,False,False,False,False,False,False,False,False,False,Lundi-10-12h,OUI,Lundi,2020-03-23 10:00
1629,187,True,False,False,False,False,True,False,False,False,False,False,False,False,False,Lundi-10-12h,OUI,Lundi,2020-03-23 10:00
1630,139,True,False,True,False,False,False,False,False,False,False,False,False,False,False,Lundi-10-12h,NON,Lundi,2020-03-23 10:00
1631,259,False,False,False,False,True,True,False,False,False,False,False,False,False,False,Lundi-10-12h,OUI,Lundi,2020-03-23 10:00
1632,124,True,False,True,False,False,False,False,False,False,False,True,False,False,False,Lundi-10-12h,OUI,Lundi,2020-03-23 10:00
1633,98,False,False,False,False,False,True,False,False,False,False,False,True,False,False,Lundi-10-12h,NON,Lundi,2020-03-23 10:00
1634,284,False,True,True,False,False,True,False,False,False,False,False,False,True,False,Lundi-10-12h,OUI,Lundi,2020-03-23 10:00
1635,148,True,False,True,False,True,False,False,True,False,False,False,False,False,False,Lundi-10-12h,OUI,Lundi,2020-03-23 10:00
1636,258,True,False,True,False,False,False,False,False,False,False,False,False,False,False,Lundi-10-12h,NON,Lundi,2020-03-23 10:00
1637,175,False,False,False,False,False,True,False,False,False,False,False,False,False,False,Lundi-10-12h,NON,Lundi,2020-03-23 10:00
1638,119,False,False,False,False,False,False,False,False,False,False,True,False,False,False,Lundi-10-12h,NON,Lundi,2020-03-23 10:00
1639,229,True,False,True,False,False,False,False,True,False,False,False,False,False,False,Lundi-10-12h,OUI,Lundi,2020-03-23 10:00
1640,230,False,False,False,False,False,True,True,False,False,False,False,False,False,False,Lundi-10-12h,NON,Lundi,2020-03-23 10:00
1641,17,True,False,False,False,False,True,True,False,False,False,False,False,False,False,Lundi-10-12h,OUI,Lundi,2020-03-23 10:00
1642,177,False,False,False,False,False,False,False,False,False,False,False,False,False,False,Lundi-10-12h,NON,Lundi,2020-03-23 10:00
1643,7,False,False,False,False,False,False,False,False,False,False,False,False,False,False,Lundi-10-12h,NON,Lundi,2020-03-23 10:00
1644,241,False,False,True,False,False,False,False,False,False,False,False,False,False,False,Lundi-10-12h,NON,Lundi,2020-03-23 10:00
1645,8,True,False,False,False,True,True,False,True,False,False,False,False,False,False,Lundi-10-12h,NON,Lundi,2020-03-23 10:00
1646,268,False,True,False,False,False,True,False,False,False,False,False,False,False,False,Lundi-10-12h,OUI,Lundi,2020-03-23 10:00
1647,294,False,False,True,False,True,False,False,False,False,False,False,False,False,False,Lundi-10-12h,OUI,Lundi,2020-03-23 10:00
1648,242,True,False,False,False,True,True,False,False,False,False,False,False,False,False,Lundi-10-12h,NON,Lundi,2020-03-23 10:00
1649,194,False,False,False,False,False,True,False,False,False,False,False,False,False,False,Lundi-10-12h,NON,Lundi,2020-03-23 10:00
1650,243,False,False,False,False,True,True,False,False,False,False,False,False,False,False,Lundi-10-12h,OUI,Lundi,2020-03-23 10:00
1651,212,True,True,True,False,False,True,False,False,False,False,False,False,False,False,Lundi-10-12h,NON,Lundi,2020-03-23 10:00
1652,19,False,False,False,False,False,True,False,False,False,False,False,False,False,False,Lundi-10-12h,OUI,Lundi,2020-03-23 10:00
1653,114,False,False,False,False,True,False,False,False,False,False,False,False,False,False,Lundi-10-12h,OUI,Lundi,2020-03-23 10:00
1654,190,False,False,False,False,False,True,False,False,True,False,False,False,False,False,Lundi-10-12h,NON,Lundi,2020-03-23 10:00
1655,64,False,False,True,False,False,False,False,False,False,False,False,False,False,False,Lundi-10-12h,OUI,Lundi,2020-03-23 10:00
1656,227,False,False,False,False,False,False,False,False,False,False,False,False,False,False,Lundi-10-12h,NON,Lundi,2020-03-23 10:00
1657,232,False,False,False,False,False,True,False,False,False,False,False,False,False,False,Lundi-10-12h,OUI,Lundi,2020-03-23 10:00
1658,246,False,True,False,False,False,True,True,False,False,False,False,False,False,False,Lundi-10-12h,NON,Lundi,2020-03-23 10:00
1659,100,False,False,False,False,False,True,False,False,False,False,False,False,False,False,Lundi-10-12h,OUI,Lundi,2020-03-23 10:00
1660,13,False,False,False,False,True,False,False,False,False,False,False,False,False,False,Lundi-10-12h,NON,Lundi,2020-03-23 10:00
1661,262,True,True,True,False,False,False,False,False,False,False,False,False,False,False,Lundi-10-12h,NON,Lundi,2020-03-23 10:00
1662,76,True,True,True,False,False,True,False,False,False,False,True,False,False,False,Lundi-10-12h,NON,Lundi,2020-03-23 10:00
1663,261,False,True,False,False,True,False,False,False,False,False,False,False,False,False,Lundi-10-12h,OUI,Lundi,2020-03-23 10:00
1664,150,False,True,False,False,False,False,False,False,False,False,False,False,False,False,Lundi-10-12h,OUI,Lundi,2020-03-23 10:00
1665,205,False,False,False,False,False,False,False,False,False,False,False,False,False,False,Lundi-10-12h,NON,Lundi,2020-03-23 10:00
1666,56,False,False,False,False,True,True,False,False,False,False,False,False,False,False,Lundi-10-12h,OUI,Lundi,2020-03-23 10:00
1667,186,False,False,False,False,True,False,False,False,False,False,False,False,False,False,Lundi-10-12h,OUI,Lundi,2020-03-23 10:00
1668,162,True,False,False,False,True,True,False,False,False,False,False,False,False,False,Lundi-10-12h,NON,Lundi,2020-03-23 10:00
1669,68,False,True,False,False,True,True,False,False,False,False,False,False,False,False,Lundi-10-12h,NON,Lundi,2020-03-23 10:00
1670,146,False,False,False,False,False,True,False,False,False,False,False,True,False,False,Lundi-10-12h,OUI,Lundi,2020-03-23 10:00
1671,49,False,False,False,False,False,False,False,False,False,False,False,False,True,False,Lundi-10-12h,NON,Lundi,2020-03-23 10:00
1672,91,True,False,True,True,False,False,False,False,False,False,False,False,False,False,Lundi-10-12h,OUI,Lundi,2020-03-23 10:00
1673,22,False,False,False,False,False,False,False,False,False,True,False,False,False,False,Lundi-10-12h,NON,Lundi,2020-03-23 10:00
1674,151,False,False,False,False,True,False,False,False,False,False,False,False,False,False,Lundi-10-12h,NON,Lundi,2020-03-23 10:00
1675,193,False,False,False,False,True,True,False,False,False,False,False,False,False,False,Lundi-10-12h,NON,Lundi,2020-03-23 10:00
1676,9,True,True,False,False,False,False,False,False,False,False,False,False,False,False,Lundi-10-12h,NON,Lundi,2020-03-23 10:00
1677,99,True,False,True,False,False,False,False,False,False,False,False,False,False,False,Lundi-10-12h,NON,Lundi,2020-03-23 10:00
1678,181,False,False,False,False,True,True,False,False,False,False,False,False,False,False,Lundi-10-12h,OUI,Lundi,2020-03-23 10:00
1679,111,False,False,False,False,False,True,False,True,False,False,False,False,False,False,Lundi-10-12h,OUI,Lundi,2020-03-23 10:00
1680,44,False,True,False,False,False,True,False,False,False,False,False,False,False,False,Lundi-10-12h,OUI,Lundi,2020-03-23 10:00
1681,24,False,False,False,False,True,False,False,True,False,False,False,False,False,False,Lundi-10-12h,NON,Lundi,2020-03-23 10:00
1682,102,False,False,False,False,True,True,False,True,False,False,False,False,False,False,Lundi-10-12h,NON,Lundi,2020-03-23 10:00
1683,203,True,True,False,False,False,False,False,True,False,False,False,False,False,False,Lundi-10-12h,NON,Lundi,2020-03-23 10:00
1684,140,False,False,False,False,True,True,False,True,False,False,False,False,False,False,Lundi-10-12h,NON,Lundi,2020-03-23 10:00
1685,188,False,False,False,False,False,True,False,False,True,False,False,False,False,False,Lundi-10-12h,NON,Lundi,2020-03-23 10:00
1686,206,False,False,False,True,False,False,False,False,False,False,True,False,False,False,Lundi-10-12h,NON,Lundi,2020-03-23 10:00
1687,273,False,False,False,False,False,False,False,False,False,False,False,True,False,False,Lundi-10-12h,OUI,Lundi,2020-03-23 10:00
1688,69,True,False,True,False,False,False,False,False,False,False,False,False,False,False,Lundi-10-12h,OUI,Lundi,2020-03-23 10:00
1689,87,True,False,False,True,False,False,False,False,False,False,True,False,False,False,Lundi-10-12h,NON,Lundi,2020-03-23 10:00
1690,83,True,False,True,False,False,False,False,False,False,False,False,False,False,False,Lundi-10-12h,OUI,Lundi,2020-03-23 10:00
1691,149,True,False,True,True,False,False,False,False,False,False,False,False,False,False,Lundi-10-12h,NON,Lundi,2020-03-23 10:00
1692,274,False,False,False,False,False,True,False,False,False,False,False,False,False,False,Lundi-10-12h,NON,Lundi,2020-03-23 10:00
1693,282,True,False,True,True,False,False,False,False,False,False,False,False,False,False,Lundi-10-12h,OUI,Lundi,2020-03-23 10:00
1694,147,False,False,False,False,False,False,False,False,False,False,False,False,False,False,Lundi-10-12h,NON,Lundi,2020-03-23 10:00
1695,238,False,False,False,False,False,False,False,False,False,False,False,True,False,False,Lundi-10-12h,NON,Lundi,2020-03-23 10:00
1696,201,False,False,False,False,False,False,False,False,False,False,False,False,False,False,Lundi-10-12h,NON,Lundi,2020-03-23 10:00
1697,152,False,True,False,False,False,False,False,False,False,False,False,False,False,False,Lundi-10-12h,NON,Lundi,2020-03-23 10:00
1698,222,False,False,False,False,False,True,False,False,True,True,False,False,False,False,Lundi-10-12h,OUI,Lundi,2020-03-23 10:00
1699,106,False,False,False,False,False,True,False,False,False,False,False,True,False,False,Lundi-10-12h,NON,Lundi,2020-03-23 10:00
1700,133,False,False,True,False,True,False,False,False,False,False,False,False,False,False,Lundi-10-12h,NON,Lundi,2020-03-23 10:00
1701,163,False,False,False,False,True,False,False,False,False,False,False,False,False,False,Lundi-10-12h,NON,Lundi,2020-03-23 10:00
1702,231,False,False,False,False,False,False,False,False,False,False,False,False,False,False,Lundi-10-12h,NON,Lundi,2020-03-23 10:00
1703,25,False,False,False,False,True,False,False,False,False,False,False,False,False,False,Lundi-10-12h,NON,Lundi,2020-03-23 10:00
1704,196,False,False,True,False,True,False,False,True,False,False,False,False,False,False,Lundi-10-12h,NON,Lundi,2020-03-23 10:00
1705,5,False,False,False,False,True,True,False,False,False,False,False,False,False,False,Lundi-10-12h,OUI,Lundi,2020-03-23 10:00
1706,90,False,True,False,False,False,False,False,False,False,False,False,False,False,False,Lundi-10-12h,NON,Lundi,2020-03-23 10:00
1707,244,True,False,True,False,False,False,False,False,False,False,False,False,False,False,Lundi-10-12h,NON,Lundi,2020-03-23 10:00
1708,107,False,True,False,False,False,True,False,False,False,False,False,False,False,False,Lundi-10-12h,OUI,Lundi,2020-03-23 10:00
1709,218,False,True,False,False,True,True,False,False,False,False,False,False,False,False,Lundi-10-12h,NON,Lundi,2020-03-23 10:00
1710,62,False,True,True,False,True,True,False,False,False,False,False,False,False,False,Lundi-10-12h,NON,Lundi,2020-03-23 10:00
1711,79,False,True,False,False,False,False,False,False,False,False,False,False,False,False,Lundi-10-12h,NON,Lundi,2020-03-23 10:00
1712,208,False,False,False,False,False,True,False,False,False,False,False,False,False,False,Lundi-10-12h,NON,Lundi,2020-03-23 10:00
1713,270,False,False,False,False,False,False,False,False,True,False,False,False,False,False,Lundi-10-12h,NON,Lundi,2020-03-23 10:00
1714,166,True,False,False,False,True,True,False,False,False,False,False,False,False,False,Lundi-10-12h,OUI,Lundi,2020-03-23 10:00
1715,77,False,False,True,False,True,False,False,False,False,False,False,False,False,False,Lundi-10-12h,NON,Lundi,2020-03-23 10:00
1716,29,False,False,False,False,False,True,False,False,False,False,False,True,False,False,Lundi-10-12h,NON,Lundi,2020-03-23 10:00
1717,240,False,False,False,False,False,True,False,False,False,False,False,False,False,False,Lundi-10-12h,NON,Lundi,2020-03-23 10:00
1718,184,False,True,False,False,False,False,False,False,False,False,False,False,False,False,Lundi-10-12h,OUI,Lundi,2020-03-23 10:00
1719,277,False,True,True,False,False,True,False,False,False,False,False,False,False,False,Lundi-10-12h,OUI,Lundi,2020-03-23 10:00
1720,80,True,False,False,False,False,True,False,False,False,True,False,False,False,False,Lundi-10-12h,NON,Lundi,2020-03-23 10:00
1721,185,True,True,True,False,False,True,False,False,False,False,True,False,True,False,Lundi-10-12h,NON,Lundi,2020-03-23 10:00
1722,204,False,False,False,False,True,True,False,False,False,False,False,True,False,False,Lundi-10-12h,OUI,Lundi,2020-03-23 10:00
1723,252,True,True,True,False,False,True,False,False,False,False,False,False,False,False,Lundi-10-12h,NON,Lundi,2020-03-23 10:00
1724,26,False,False,False,False,True,False,False,False,False,False,False,False,False,False,Lundi-10-12h,NON,Lundi,2020-03-23 10:00
1725,70,False,False,False,False,True,False,False,False,False,False,False,True,False,False,Lundi-10-12h,OUI,Lundi,2020-03-23 10:00
1726,233,False,False,False,False,True,False,False,False,False,False,False,False,False,False,Lundi-10-12h,OUI,Lundi,2020-03-23 10:00
1727,37,True,True,True,False,True,True,False,False,False,False,False,False,False,False,Lundi-10-12h,NON,Lundi,2020-03-23 10:00
1728,185,False,False,True,False,False,False,False,False,False,False,False,False,False,False,Lundi-10-12h,NON,Lundi,2020-03-23 10:00
1729,138,True,False,False,False,True,True,False,False,False,False,False,False,False,False,Lundi-10-12h,NON,Lundi,2020-03-23 10:00
1730,224,True,False,True,False,False,False,False,False,False,False,False,False,False,False,Lundi-10-12h,NON,Lundi,2020-03-23 10:00
1731,66,False,False,False,False,True,True,False,False,False,False,False,False,True,False,Lundi-10-12h,OUI,Lundi,2020-03-23 10:00
1732,211,False,False,True,False,False,False,False,False,False,False,False,False,True,False,Lundi-10-12h,NON,Lundi,2020-03-23 10:00
1733,14,False,False,False,False,True,True,False,False,False,False,False,False,False,False,Lundi-10-12h,NON,Lundi,2020-03-23 10:00
1734,145,False,False,False,False,True,False,False,False,False,False,False,False,False,False,Lundi-10-12h,NON,Lundi,2020-03-23 10:00
1735,36,False,False,False,False,False,False,False,False,False,False,False,True,False,False,Lundi-10-12h,NON,Lundi,2020-03-23 10:00
1736,60,True,True,True,False,False,True,False,False,False,False,False,False,False,False,Lundi-10-12h,NON,Lundi,2020-03-23 10:00
1737,137,True,True,True,False,False,True,False,False,False,False,True,False,False,False,Lundi-10-12h,OUI,Lundi,2020-03-23 10:00
1738,285,False,True,False,False,True,True,False,False,False,False,False,False,False,False,Lundi-10-12h,NON,Lundi,2020-03-23 10:00
1739,40,False,True,True,False,True,True,False,False,False,False,False,False,False,False,Lundi-10-12h,OUI,Lundi,2020-03-23 10:00
1740,97,False,False,False,False,False,True,False,False,False,False,False,False,False,False,Lundi-10-12h,NON,Lundi,2020-03-23 10:00
1741,109,True,False,True,True,False,False,False,False,False,False,False,False,False,False,Lundi-10-12h,NON,Lundi,2020-03-23 10:00
1742,10,False,False,False,False,False,False,False,False,False,False,False,False,False,False,Lundi-10-12h,NON,Lundi,2020-03-23 10:00
1743,256,False,False,False,False,False,False,False,False,False,False,False,True,False,False,Lundi-10-12h,NON,Lundi,2020-03-23 10:00
1744,141,True,True,True,False,False,False,False,False,False,False,True,False,False,False,Lundi-10-12h,NON,Lundi,2020-03-23 10:00
1745,28,False,False,False,False,False,False,False,False,False,False,False,False,False,False,Lundi-10-12h,NON,Lundi,2020-03-23 10:00
1746,101,True,True,True,True,True,True,False,False,False,False,False,False,False,False,Lundi-10-12h,OUI,Lundi,2020-03-23 10:00
1747,48,True,False,True,False,True,False,False,False,False,False,False,False,True,False,Lundi-10-12h,NON,Lundi,2020-03-23 10:00
1748,27,False,False,False,False,False,True,False,False,False,False,False,False,False,False,Lundi-10-12h,NON,Lundi,2020-03-23 10:00
1749,142,True,False,True,False,False,False,False,False,False,False,True,False,True,False,Lundi-10-12h,NON,Lundi,2020-03-23 10:00
1750,234,False,False,True,False,False,False,False,False,False,False,True,False,False,False,Lundi-10-12h,NON,Lundi,2020-03-23 10:00
1751,23,False,False,False,False,True,False,False,False,False,False,False,False,False,False,Lundi-10-12h,NON,Lundi,2020-03-23 10:00
1752,195,False,False,False,False,True,False,False,False,True,False,False,False,False,False,Lundi-10-12h,NON,Lundi,2020-03-23 10:00
1753,275,False,False,False,False,False,False,False,False,False,False,False,True,False,False,Lundi-10-12h,NON,Lundi,2020-03-23 10:00
1754,226,False,False,False,False,True,True,False,False,False,False,False,False,False,False,Lundi-10-12h,NON,Lundi,2020-03-23 10:00
1755,207,False,False,True,False,False,False,False,False,False,False,False,False,False,False,Lundi-10-12h,NON,Lundi,2020-03-23 10:00
1756,57,False,False,False,False,False,False,False,False,False,False,False,False,False,False,Lundi-10-12h,NON,Lundi,2020-03-23 10:00
1757,4,False,True,False,False,False,True,False,False,False,False,False,False,False,False,Lundi-10-12h,NON,Lundi,2020-03-23 10:00
1758,265,False,False,False,False,False,True,False,False,False,False,False,False,False,False,Lundi-10-12h,OUI,Lundi,2020-03-23 10:00
1759,88,False,True,False,False,False,False,False,False,False,False,False,False,False,False,Lundi-10-12h,NON,Lundi,2020-03-23 10:00
1760,198,False,False,False,False,False,False,False,False,False,False,True,False,False,False,Lundi-10-12h,NON,Lundi,2020-03-23 10:00
1761,249,True,True,True,False,False,False,False,False,False,False,False,False,False,False,Lundi-10-12h,NON,Lundi,2020-03-23 10:00
1762,263,False,False,False,False,True,True,False,False,False,False,False,False,False,False,Lundi-10-12h,NON,Lundi,2020-03-23 10:00
1763,217,True,False,True,False,False,False,False,False,False,False,False,False,True,False,Lundi-10-12h,NON,Lundi,2020-03-23 10:00
1764,278,False,False,False,False,True,True,False,False,False,False,False,False,False,False,Lundi-10-12h,NON,Lundi,2020-03-23 10:00
1765,189,False,True,False,False,False,False,False,False,False,False,False,False,False,False,Lundi-10-12h,NON,Lundi,2020-03-23 10:00
1766,61,True,False,True,False,False,False,False,False,False,False,False,False,False,False,Lundi-10-12h,NON,Lundi,2020-03-23 10:00
1767,251,False,False,False,False,False,False,False,False,False,False,False,False,True,False,Lundi-10-12h,NON,Lundi,2020-03-23 10:00
1768,281,False,True,False,False,False,False,False,False,False,False,False,False,False,False,Lundi-10-12h,NON,Lundi,2020-03-23 10:00
1769,134,False,True,False,False,False,False,False,False,False,False,False,False,False,False,Lundi-10-12h,NON,Lundi,2020-03-23 10:00
1770,293,False,True,False,False,False,True,False,False,False,False,False,False,False,False,Lundi-10-12h,NON,Lundi,2020-03-23 10:00
1771,279,True,True,True,True,False,True,False,False,False,False,False,False,False,False,Lundi-10-12h,NON,Lundi,2020-03-23 10:00
1772,81,True,False,True,True,False,False,False,True,False,False,False,False,False,False,Lundi-10-12h,NON,Lundi,2020-03-23 10:00
1773,92,True,False,False,True,False,False,False,False,False,False,True,False,False,False,Lundi-10-12h,NON,Lundi,2020-03-23 10:00
1774,147,False,False,False,False,False,False,False,False,False,False,False,False,False,False,Lundi-10-12h,NON,Lundi,2020-03-23 10:00
1775,33,False,True,False,False,True,False,False,False,False,False,False,False,False,False,Lundi-10-12h,NON,Lundi,2020-03-23 10:00
1776,266,False,False,False,False,False,False,False,False,False,False,False,False,False,False,Lundi-10-12h,NON,Lundi,2020-03-23 10:00
1777,225,True,False,False,False,False,True,False,False,False,False,False,False,False,False,Lundi-10-12h,NON,Lundi,2020-03-23 10:00
1778,83,True,False,True,False,False,False,False,False,False,False,False,False,False,False,Lundi-10-12h,OUI,Lundi,2020-03-23 10:00
1779,95,False,False,False,False,True,True,False,True,False,False,False,False,False,False,Lundi-10-12h,NON,Lundi,2020-03-23 10:00
1780,127,False,False,False,False,True,False,False,False,False,False,False,False,False,False,Lundi-10-12h,NON,Lundi,2020-03-23 10:00
1781,20,False,False,False,False,False,False,False,False,False,False,False,False,False,False,Lundi-10-12h,NON,Lundi,2020-03-23 10:00
1782,89,False,False,False,False,False,False,False,False,True,False,False,False,False,False,Lundi-10-12h,OUI,Lundi,2020-03-23 10:00
1783,120,False,True,True,False,True,True,False,True,False,False,True,False,False,False,Lundi-10-12h,NON,Lundi,2020-03-23 10:00
1784,253,False,False,False,False,True,True,False,False,False,False,False,True,False,False,Lundi-10-12h,NON,Lundi,2020-03-23 10:00
1785,52,False,False,True,False,False,False,False,False,False,False,False,False,False,False,Lundi-10-12h,OUI,Lundi,2020-03-23 10:00
1786,168,True,False,True,False,False,False,False,True,False,False,False,False,False,False,Lundi-10-12h,NON,Lundi,2020-03-23 10:00
1787,202,False,True,False,False,False,False,False,False,False,False,False,False,False,False,Lundi-10-12h,NON,Lundi,2020-03-23 10:00
1788,172,False,False,False,False,True,False,False,False,False,False,False,False,False,False,Lundi-10-12h,NON,Lundi,2020-03-23 10:00
1789,239,False,False,False,False,True,True,False,False,False,False,False,False,False,False,Lundi-10-12h,NON,Lundi,2020-03-23 10:00
1790,85,False,False,False,False,True,False,False,False,False,False,False,False,False,False,Lundi-10-12h,NON,Lundi,2020-03-23 10:00
1791,215,False,False,False,False,False,False,False,False,True,False,False,False,False,False,Lundi-10-12h,NON,Lundi,2020-03-23 10:00
1792,260,True,False,True,False,False,False,False,False,False,False,False,False,False,False,Lundi-10-12h,NON,Lundi,2020-03-23 10:00
1793,286,True,True,False,False,True,False,False,False,False,False,False,False,False,False,Lundi-10-12h,NON,Lundi,2020-03-23 10:00
1794,72,False,True,False,False,False,False,False,False,False,False,False,False,False,False,Lundi-12-14h,OUI,Lundi,2020-03-23 12:00
1795,167,True,True,True,True,True,True,False,False,False,False,False,False,False,False,Lundi-12-14h,OUI,Lundi,2020-03-23 12:00
1796,130,True,False,True,False,False,False,False,True,False,False,False,False,True,True,Lundi-12-14h,OUI,Lundi,2020-03-23 12:00
1797,288,True,True,True,False,True,False,False,False,False,False,False,False,False,False,Lundi-12-14h,NON,Lundi,2020-03-23 12:00
1798,59,False,False,False,False,False,True,False,False,False,False,False,False,False,False,Lundi-12-14h,NON,Lundi,2020-03-23 12:00
1799,178,True,False,False,False,False,False,False,False,False,False,True,False,False,False,Lundi-12-14h,OUI,Lundi,2020-03-23 12:00
1800,254,False,False,False,False,False,False,False,False,False,False,False,True,False,False,Lundi-12-14h,NON,Lundi,2020-03-23 12:00
1801,34,False,False,False,False,False,False,False,False,False,False,False,False,False,False,Lundi-12-14h,NON,Lundi,2020-03-23 12:00
1802,264,False,False,False,False,True,True,True,False,False,False,False,False,False,False,Lundi-12-14h,OUI,Lundi,2020-03-23 12:00
1803,158,True,False,False,False,True,False,False,False,False,True,False,False,False,False,Lundi-12-14h,OUI,Lundi,2020-03-23 12:00
1804,210,False,True,False,False,True,True,False,False,False,False,False,False,False,False,Lundi-12-14h,OUI,Lundi,2020-03-23 12:00
1805,93,False,False,False,False,True,False,False,False,False,False,False,False,True,False,Lundi-12-14h,OUI,Lundi,2020-03-23 12:00
1806,144,True,False,True,False,True,False,False,False,False,False,False,False,False,False,Lundi-12-14h,NON,Lundi,2020-03-23 12:00
1807,164,False,True,False,False,True,True,False,False,False,False,False,False,False,False,Lundi-12-14h,OUI,Lundi,2020-03-23 12:00
1808,289,False,False,False,False,True,True,False,False,False,False,False,False,False,False,Lundi-12-14h,NON,Lundi,2020-03-23 12:00
1809,50,False,False,False,False,False,False,False,False,False,False,False,False,False,False,Lundi-12-14h,NON,Lundi,2020-03-23 12:00
1810,51,True,True,False,False,True,False,False,False,False,False,False,False,False,False,Lundi-12-14h,OUI,Lundi,2020-03-23 12:00
1811,247,False,False,True,False,False,False,False,False,False,False,False,False,False,False,Lundi-12-14h,OUI,Lundi,2020-03-23 12:00
1812,159,False,False,False,False,False,False,False,True,False,False,False,False,False,False,Lundi-12-14h,NON,Lundi,2020-03-23 12:00
1813,54,False,False,False,False,False,True,False,False,False,False,False,False,False,False,Lundi-12-14h,NON,Lundi,2020-03-23 12:00
1814,55,True,False,False,False,True,True,False,True,False,False,False,False,False,False,Lundi-12-14h,NON,Lundi,2020-03-23 12:00
1815,257,False,False,False,False,True,False,False,False,False,False,False,False,False,False,Lundi-12-14h,OUI,Lundi,2020-03-23 12:00
1816,67,False,False,False,False,False,False,False,False,False,False,False,False,False,False,Lundi-12-14h,NON,Lundi,2020-03-23 12:00
1817,71,True,False,True,False,False,False,False,False,False,False,False,False,False,False,Lundi-12-14h,NON,Lundi,2020-03-23 12:00
1818,280,False,False,False,False,False,True,False,False,False,False,False,False,False,False,Lundi-12-14h,OUI,Lundi,2020-03-23 12:00
1819,283,True,True,False,False,False,False,False,False,False,False,False,False,False,False,Lundi-12-14h,OUI,Lundi,2020-03-23 12:00
1820,154,False,False,False,False,True,True,False,False,False,False,False,True,False,False,Lundi-12-14h,OUI,Lundi,2020-03-23 12:00
1821,171,False,False,False,False,False,False,False,False,False,False,False,True,False,False,Lundi-12-14h,OUI,Lundi,2020-03-23 12:00
1822,131,False,False,True,False,False,False,False,False,False,False,False,False,False,False,Lundi-12-14h,OUI,Lundi,2020-03-23 12:00
1823,237,True,False,False,False,False,True,True,False,False,False,False,False,True,False,Lundi-12-14h,NON,Lundi,2020-03-23 12:00
1824,75,False,False,False,False,True,True,False,False,False,False,False,False,False,False,Lundi-12-14h,NON,Lundi,2020-03-23 12:00
1825,235,True,False,False,False,True,False,False,False,False,False,False,False,False,False,Lundi-12-14h,NON,Lundi,2020-03-23 12:00
1826,180,False,False,False,False,True,True,False,False,False,False,False,False,False,False,Lundi-12-14h,OUI,Lundi,2020-03-23 12:00
1827,219,False,False,False,False,False,True,False,False,False,False,False,False,False,False,Lundi-12-14h,OUI,Lundi,2020-03-23 12:00
1828,250,False,False,False,False,False,False,False,False,True,False,False,False,False,False,Lundi-12-14h,NON,Lundi,2020-03-23 12:00
1829,267,True,True,False,False,False,False,False,False,False,False,False,False,False,False,Lundi-12-14h,OUI,Lundi,2020-03-23 12:00
1830,160,False,True,False,False,False,True,False,False,False,False,False,False,False,False,Lundi-12-14h,NON,Lundi,2020-03-23 12:00
1831,182,False,True,False,False,True,True,True,False,False,False,False,False,False,False,Lundi-12-14h,OUI,Lundi,2020-03-23 12:00
1832,143,False,False,False,False,False,False,False,True,False,False,True,False,False,False,Lundi-12-14h,OUI,Lundi,2020-03-23 12:00
1833,223,True,True,False,False,False,False,False,False,False,False,False,False,False,False,Lundi-12-14h,NON,Lundi,2020-03-23 12:00
1834,192,True,False,True,False,False,False,False,False,False,False,False,False,False,False,Lundi-12-14h,NON,Lundi,2020-03-23 12:00
1835,30,False,False,True,False,False,False,False,True,False,False,False,False,False,False,Lundi-12-14h,OUI,Lundi,2020-03-23 12:00
1836,125,True,False,False,False,True,False,False,True,False,False,False,False,False,False,Lundi-12-14h,NON,Lundi,2020-03-23 12:00
1837,39,False,False,True,False,True,False,False,True,False,False,False,False,False,False,Lundi-12-14h,OUI,Lundi,2020-03-23 12:00
1838,113,True,False,True,False,False,False,False,False,False,False,False,False,False,False,Lundi-12-14h,NON,Lundi,2020-03-23 12:00
1839,121,True,False,True,False,False,False,False,True,False,False,False,False,False,False,Lundi-12-14h,NON,Lundi,2020-03-23 12:00
1840,228,False,False,False,False,False,False,False,False,False,False,True,False,False,False,Lundi-12-14h,NON,Lundi,2020-03-23 12:00
1841,290,False,False,False,False,False,False,False,False,True,False,False,False,False,False,Lundi-12-14h,NON,Lundi,2020-03-23 12:00
1842,197,False,False,True,False,True,False,False,False,False,False,False,False,False,False,Lundi-12-14h,NON,Lundi,2020-03-23 12:00
1843,31,True,True,True,False,False,True,False,False,False,False,False,False,False,False,Lundi-12-14h,OUI,Lundi,2020-03-23 12:00
1844,173,True,False,False,False,True,True,False,True,False,False,False,False,False,False,Lundi-12-14h,NON,Lundi,2020-03-23 12:00
1845,74,True,False,False,True,False,False,False,True,False,False,True,False,False,False,Lundi-12-14h,NON,Lundi,2020-03-23 12:00
1846,15,False,False,True,False,False,False,False,False,False,False,False,False,False,False,Lundi-12-14h,NON,Lundi,2020-03-23 12:00
1847,45,True,False,False,False,True,True,False,True,False,False,False,False,False,False,Lundi-12-14h,NON,Lundi,2020-03-23 12:00
1848,63,False,False,True,False,False,False,False,False,False,False,False,False,False,False,Lundi-12-14h,NON,Lundi,2020-03-23 12:00
1849,3,False,False,False,False,False,True,False,False,False,False,False,True,False,False,Lundi-12-14h,OUI,Lundi,2020-03-23 12:00
1850,21,True,False,True,False,False,False,False,False,False,False,False,False,False,False,Lundi-12-14h,NON,Lundi,2020-03-23 12:00
1851,78,False,True,True,False,True,True,False,True,False,False,False,False,False,False,Lundi-12-14h,NON,Lundi,2020-03-23 12:00
1852,47,False,True,False,False,False,False,False,False,False,False,False,False,False,False,Lundi-12-14h,NON,Lundi,2020-03-23 12:00
1853,151,True,True,False,False,True,False,False,True,False,False,False,False,False,False,Lundi-12-14h,OUI,Lundi,2020-03-23 12:00
1854,6,True,False,True,False,False,False,False,False,False,False,False,False,False,False,Lundi-12-14h,NON,Lundi,2020-03-23 12:00
1855,135,True,False,True,False,False,False,False,False,False,False,False,False,True,False,Lundi-12-14h,NON,Lundi,2020-03-23 12:00
1856,221,False,False,False,False,True,True,False,False,False,False,False,False,False,False,Lundi-12-14h,NON,Lundi,2020-03-23 12:00
1857,170,False,False,True,False,False,False,False,False,False,False,True,False,False,True,Lundi-12-14h,NON,Lundi,2020-03-23 12:00
1858,129,False,True,False,False,False,False,False,False,False,False,False,False,False,False,Lundi-12-14h,NON,Lundi,2020-03-23 12:00
1859,132,True,True,True,False,False,True,False,False,False,False,False,False,False,False,Lundi-12-14h,OUI,Lundi,2020-03-23 12:00
1860,110,False,True,False,False,False,False,False,False,False,False,False,False,False,False,Lundi-12-14h,NON,Lundi,2020-03-23 12:00
1861,191,False,False,False,False,False,True,False,False,False,False,False,False,False,False,Lundi-12-14h,NON,Lundi,2020-03-23 12:00
1862,94,True,True,True,False,False,True,False,False,False,False,True,False,True,False,Lundi-12-14h,OUI,Lundi,2020-03-23 12:00
1863,108,False,False,False,False,False,True,True,False,False,False,False,False,False,False,Lundi-12-14h,OUI,Lundi,2020-03-23 12:00
1864,236,False,False,False,False,True,True,False,False,False,False,False,False,False,False,Lundi-12-14h,OUI,Lundi,2020-03-23 12:00
1865,42,True,False,True,False,True,False,False,False,False,False,False,False,False,False,Lundi-12-14h,OUI,Lundi,2020-03-23 12:00
1866,155,True,False,False,False,True,False,False,False,False,False,False,False,False,False,Lundi-12-14h,OUI,Lundi,2020-03-23 12:00
1867,1,False,False,False,False,False,False,False,False,False,False,False,False,False,False,Lundi-12-14h,NON,Lundi,2020-03-23 12:00
1868,58,False,True,True,False,False,True,False,False,False,False,True,False,False,False,Lundi-12-14h,OUI,Lundi,2020-03-23 12:00
1869,0,False,True,False,False,False,False,False,False,False,False,False,False,False,False,Lundi-12-14h,NON,Lundi,2020-03-23 12:00
1870,269,False,False,False,False,False,False,False,False,False,False,False,False,False,False,Lundi-12-14h,NON,Lundi,2020-03-23 12:00
1871,2,True,False,True,False,False,False,False,False,False,False,False,False,False,False,Lundi-12-14h,NON,Lundi,2020-03-23 12:00
1872,103,False,False,False,False,True,False,False,False,False,False,False,False,False,False,Lundi-12-14h,NON,Lundi,2020-03-23 12:00
1873,12,False,True,False,False,True,False,False,False,False,False,False,False,False,False,Lundi-12-14h,NON,Lundi,2020-03-23 12:00
1874,245,True,False,False,False,True,True,False,True,False,False,False,False,False,False,Lundi-12-14h,NON,Lundi,2020-03-23 12:00
1875,161,False,False,True,False,False,False,False,False,False,False,True,False,False,False,Lundi-12-14h,OUI,Lundi,2020-03-23 12:00
1876,38,False,False,False,False,False,False,False,False,True,False,False,False,False,False,Lundi-12-14h,NON,Lundi,2020-03-23 12:00
1877,122,False,False,False,False,False,False,False,False,False,False,False,False,False,False,Lundi-12-14h,NON,Lundi,2020-03-23 12:00
1878,248,False,False,True,False,False,False,False,False,False,False,False,False,True,False,Lundi-12-14h,NON,Lundi,2020-03-23 12:00
1879,271,False,True,True,False,False,True,False,False,False,False,False,False,False,False,Lundi-12-14h,OUI,Lundi,2020-03-23 12:00
1880,116,False,False,True,False,False,False,False,False,False,False,False,False,False,False,Lundi-12-14h,OUI,Lundi,2020-03-23 12:00
1881,117,True,True,True,True,False,True,False,False,False,False,False,False,False,False,Lundi-12-14h,NON,Lundi,2020-03-23 12:00
1882,213,False,False,False,False,True,True,False,True,False,False,False,False,False,False,Lundi-12-14h,NON,Lundi,2020-03-23 12:00
1883,220,False,True,True,False,False,True,False,False,False,False,False,False,False,False,Lundi-12-14h,OUI,Lundi,2020-03-23 12:00
1884,176,False,False,True,False,False,False,False,False,False,False,False,False,False,False,Lundi-12-14h,OUI,Lundi,2020-03-23 12:00
1885,96,False,False,False,False,True,True,False,False,False,True,False,False,False,False,Lundi-12-14h,NON,Lundi,2020-03-23 12:00
1886,214,False,False,False,False,True,True,False,False,False,True,False,False,False,False,Lundi-12-14h,OUI,Lundi,2020-03-23 12:00
1887,11,True,False,False,True,False,False,False,False,False,False,True,False,False,False,Lundi-12-14h,NON,Lundi,2020-03-23 12:00
1888,255,True,False,True,False,False,False,False,True,False,False,False,False,False,False,Lundi-12-14h,NON,Lundi,2020-03-23 12:00
1889,86,False,False,True,False,False,False,False,False,False,False,False,False,False,False,Lundi-12-14h,NON,Lundi,2020-03-23 12:00
1890,209,True,False,False,False,True,True,False,True,False,False,False,False,False,False,Lundi-12-14h,OUI,Lundi,2020-03-23 12:00
1891,291,False,False,False,False,False,True,False,False,True,False,False,False,False,False,Lundi-12-14h,NON,Lundi,2020-03-23 12:00
1892,287,False,False,False,False,False,False,False,False,False,False,False,True,False,False,Lundi-12-14h,NON,Lundi,2020-03-23 12:00
1893,104,False,False,False,False,True,True,False,False,False,False,False,False,False,False,Lundi-12-14h,NON,Lundi,2020-03-23 12:00
1894,18,False,False,False,False,True,False,False,False,False,False,False,False,False,False,Lundi-12-14h,OUI,Lundi,2020-03-23 12:00
1895,123,False,True,False,False,True,True,False,False,False,False,False,False,False,False,Lundi-12-14h,OUI,Lundi,2020-03-23 12:00
1896,136,False,False,False,False,True,False,False,False,False,False,False,False,False,False,Lundi-12-14h,NON,Lundi,2020-03-23 12:00
1897,276,True,False,True,False,False,False,False,False,False,False,False,False,False,False,Lundi-12-14h,NON,Lundi,2020-03-23 12:00
1898,53,False,False,False,False,True,True,False,False,False,False,False,False,False,False,Lundi-12-14h,OUI,Lundi,2020-03-23 12:00
1899,179,True,False,True,False,False,False,False,False,False,False,False,False,False,False,Lundi-12-14h,OUI,Lundi,2020-03-23 12:00
1900,200,False,False,False,False,False,False,False,False,False,False,False,False,False,False,Lundi-12-14h,NON,Lundi,2020-03-23 12:00
1901,73,False,False,False,False,False,False,False,False,False,False,False,False,False,False,Lundi-12-14h,NON,Lundi,2020-03-23 12:00
1902,156,False,False,False,False,True,True,False,False,False,False,False,False,False,False,Lundi-12-14h,NON,Lundi,2020-03-23 12:00
1903,128,True,True,True,False,False,True,False,False,False,False,False,False,False,False,Lundi-12-14h,NON,Lundi,2020-03-23 12:00
1904,118,False,False,False,False,False,False,False,False,False,False,False,False,False,False,Lundi-12-14h,NON,Lundi,2020-03-23 12:00
1905,112,True,False,True,False,False,False,False,False,False,False,False,False,False,False,Lundi-12-14h,NON,Lundi,2020-03-23 12:00
1906,35,False,False,False,False,True,True,False,False,False,False,False,False,False,False,Lundi-12-14h,NON,Lundi,2020-03-23 12:00
1907,32,False,False,False,False,False,False,False,False,False,False,False,True,False,False,Lundi-12-14h,NON,Lundi,2020-03-23 12:00
1908,199,True,False,True,False,False,False,False,False,False,False,False,False,False,False,Lundi-12-14h,NON,Lundi,2020-03-23 12:00
1909,153,True,False,False,False,True,True,False,False,False,False,False,False,False,False,Lundi-12-14h,NON,Lundi,2020-03-23 12:00
1910,82,False,False,True,False,False,False,False,False,False,False,False,False,False,False,Lundi-12-14h,NON,Lundi,2020-03-23 12:00
1911,292,False,True,False,False,False,False,False,False,False,False,False,False,False,False,Lundi-12-14h,NON,Lundi,2020-03-23 12:00
1912,169,False,False,False,True,False,False,False,False,False,False,False,False,False,False,Lundi-12-14h,OUI,Lundi,2020-03-23 12:00
1913,16,False,False,False,False,True,True,False,False,False,False,False,False,False,False,Lundi-12-14h,OUI,Lundi,2020-03-23 12:00
1914,46,True,True,True,False,False,True,True,False,False,False,False,False,False,False,Lundi-12-14h,NON,Lundi,2020-03-23 12:00
1915,216,False,True,False,False,False,True,False,False,False,False,False,False,False,False,Lundi-12-14h,OUI,Lundi,2020-03-23 12:00
1916,174,False,True,True,False,False,True,False,False,False,False,True,False,False,False,Lundi-12-14h,NON,Lundi,2020-03-23 12:00
1917,43,False,False,False,False,True,False,False,False,False,False,False,False,False,False,Lundi-12-14h,NON,Lundi,2020-03-23 12:00
1918,165,False,False,False,False,True,True,False,False,False,False,False,False,False,False,Lundi-12-14h,NON,Lundi,2020-03-23 12:00
1919,126,False,True,False,False,False,True,False,False,False,False,False,False,False,False,Lundi-12-14h,NON,Lundi,2020-03-23 12:00
1920,41,False,False,False,False,False,True,False,False,True,False,False,False,False,False,Lundi-12-14h,NON,Lundi,2020-03-23 12:00
1921,157,False,False,True,False,False,False,False,False,False,False,False,False,False,False,Lundi-12-14h,OUI,Lundi,2020-03-23 12:00
1922,272,False,True,True,False,False,False,True,False,False,False,True,False,True,True,Lundi-12-14h,NON,Lundi,2020-03-23 12:00
1923,115,True,False,True,False,False,False,False,False,False,False,False,False,False,False,Lundi-12-14h,NON,Lundi,2020-03-23 12:00
1924,84,False,False,False,False,False,False,False,False,False,False,False,True,False,False,Lundi-12-14h,NON,Lundi,2020-03-23 12:00
1925,183,True,True,True,True,False,False,False,False,False,False,False,False,False,False,Lundi-12-14h,OUI,Lundi,2020-03-23 12:00
1926,65,True,True,False,False,False,True,False,False,False,False,False,False,False,False,Lundi-12-14h,NON,Lundi,2020-03-23 12:00
1927,105,True,False,False,False,False,False,False,False,False,False,False,False,False,False,Lundi-12-14h,OUI,Lundi,2020-03-23 12:00
1928,187,True,False,False,False,False,True,False,False,False,False,False,False,False,False,Lundi-12-14h,OUI,Lundi,2020-03-23 12:00
1929,139,True,False,True,False,False,False,False,False,False,False,False,False,False,False,Lundi-12-14h,NON,Lundi,2020-03-23 12:00
1930,259,False,False,False,False,True,True,False,False,False,False,False,False,False,False,Lundi-12-14h,OUI,Lundi,2020-03-23 12:00
1931,124,True,False,True,False,False,False,False,False,False,False,True,False,False,False,Lundi-12-14h,OUI,Lundi,2020-03-23 12:00
1932,98,False,False,False,False,False,True,False,False,False,False,False,True,False,False,Lundi-12-14h,NON,Lundi,2020-03-23 12:00
1933,284,False,True,True,False,False,True,False,False,False,False,False,False,True,False,Lundi-12-14h,OUI,Lundi,2020-03-23 12:00
1934,148,True,False,True,False,True,False,False,True,False,False,False,False,False,False,Lundi-12-14h,OUI,Lundi,2020-03-23 12:00
1935,258,True,False,True,False,False,False,False,False,False,False,False,False,False,False,Lundi-12-14h,NON,Lundi,2020-03-23 12:00
1936,175,False,False,False,False,False,True,False,False,False,False,False,False,False,False,Lundi-12-14h,NON,Lundi,2020-03-23 12:00
1937,119,False,False,False,False,False,False,False,False,False,False,True,False,False,False,Lundi-12-14h,NON,Lundi,2020-03-23 12:00
1938,229,True,False,True,False,False,False,False,True,False,False,False,False,False,False,Lundi-12-14h,OUI,Lundi,2020-03-23 12:00
1939,230,False,False,False,False,False,True,True,False,False,False,False,False,False,False,Lundi-12-14h,NON,Lundi,2020-03-23 12:00
1940,17,True,False,False,False,False,True,True,False,False,False,False,False,False,False,Lundi-12-14h,OUI,Lundi,2020-03-23 12:00
1941,177,False,False,False,False,False,False,False,False,False,False,False,False,False,False,Lundi-12-14h,NON,Lundi,2020-03-23 12:00
1942,7,False,False,False,False,False,False,False,False,False,False,False,False,False,False,Lundi-12-14h,NON,Lundi,2020-03-23 12:00
1943,241,False,False,True,False,False,False,False,False,False,False,False,False,False,False,Lundi-12-14h,NON,Lundi,2020-03-23 12:00
1944,8,True,False,False,False,True,True,False,True,False,False,False,False,False,False,Lundi-12-14h,NON,Lundi,2020-03-23 12:00
1945,268,False,True,False,False,False,True,False,False,False,False,False,False,False,False,Lundi-12-14h,OUI,Lundi,2020-03-23 12:00
1946,294,False,False,True,False,True,False,False,False,False,False,False,False,False,False,Lundi-12-14h,OUI,Lundi,2020-03-23 12:00
1947,242,True,False,False,False,True,True,False,False,False,False,False,False,False,False,Lundi-12-14h,NON,Lundi,2020-03-23 12:00
1948,194,False,False,False,False,False,True,False,False,False,False,False,False,False,False,Lundi-12-14h,NON,Lundi,2020-03-23 12:00
1949,243,False,False,False,False,True,True,False,False,False,False,False,False,False,False,Lundi-12-14h,OUI,Lundi,2020-03-23 12:00
1950,212,True,True,True,False,False,True,False,False,False,False,False,False,False,False,Lundi-12-14h,NON,Lundi,2020-03-23 12:00
1951,19,False,False,False,False,False,True,False,False,False,False,False,False,False,False,Lundi-12-14h,OUI,Lundi,2020-03-23 12:00
1952,114,False,False,False,False,True,False,False,False,False,False,False,False,False,False,Lundi-12-14h,OUI,Lundi,2020-03-23 12:00
1953,190,False,False,False,False,False,True,False,False,True,False,False,False,False,False,Lundi-12-14h,NON,Lundi,2020-03-23 12:00
1954,64,False,False,True,False,False,False,False,False,False,False,False,False,False,False,Lundi-12-14h,OUI,Lundi,2020-03-23 12:00
1955,227,False,False,False,False,False,False,False,False,False,False,False,False,False,False,Lundi-12-14h,NON,Lundi,2020-03-23 12:00
1956,232,False,False,False,False,False,True,False,False,False,False,False,False,False,False,Lundi-12-14h,OUI,Lundi,2020-03-23 12:00
1957,246,False,True,False,False,False,True,True,False,False,False,False,False,False,False,Lundi-12-14h,NON,Lundi,2020-03-23 12:00
1958,100,False,False,False,False,False,True,False,False,False,False,False,False,False,False,Lundi-12-14h,OUI,Lundi,2020-03-23 12:00
1959,13,False,False,False,False,True,False,False,False,False,False,False,False,False,False,Lundi-12-14h,NON,Lundi,2020-03-23 12:00
1960,262,True,True,True,False,False,False,False,False,False,False,False,False,False,False,Lundi-12-14h,NON,Lundi,2020-03-23 12:00
1961,76,True,True,True,False,False,True,False,False,False,False,True,False,False,False,Lundi-12-14h,NON,Lundi,2020-03-23 12:00
1962,261,False,True,False,False,True,False,False,False,False,False,False,False,False,False,Lundi-12-14h,OUI,Lundi,2020-03-23 12:00
1963,150,False,True,False,False,False,False,False,False,False,False,False,False,False,False,Lundi-12-14h,OUI,Lundi,2020-03-23 12:00
1964,205,False,False,False,False,False,False,False,False,False,False,False,False,False,False,Lundi-12-14h,NON,Lundi,2020-03-23 12:00
1965,56,False,False,False,False,True,True,False,False,False,False,False,False,False,False,Lundi-12-14h,OUI,Lundi,2020-03-23 12:00
1966,186,False,False,False,False,True,False,False,False,False,False,False,False,False,False,Lundi-12-14h,OUI,Lundi,2020-03-23 12:00
1967,162,True,False,False,False,True,True,False,False,False,False,False,False,False,False,Lundi-12-14h,NON,Lundi,2020-03-23 12:00
1968,68,False,True,False,False,True,True,False,False,False,False,False,False,False,False,Lundi-12-14h,OUI,Lundi,2020-03-23 12:00
1969,146,False,False,False,False,False,True,False,False,False,False,False,True,False,False,Lundi-12-14h,OUI,Lundi,2020-03-23 12:00
1970,49,False,False,False,False,False,False,False,False,False,False,False,False,True,False,Lundi-12-14h,NON,Lundi,2020-03-23 12:00
1971,91,True,False,True,True,False,False,False,False,False,False,False,False,False,False,Lundi-12-14h,OUI,Lundi,2020-03-23 12:00
1972,22,False,False,False,False,False,False,False,False,False,True,False,False,False,False,Lundi-12-14h,NON,Lundi,2020-03-23 12:00
1973,151,False,False,False,False,True,False,False,False,False,False,False,False,False,False,Lundi-12-14h,NON,Lundi,2020-03-23 12:00
1974,193,False,False,False,False,True,True,False,False,False,False,False,False,False,False,Lundi-12-14h,NON,Lundi,2020-03-23 12:00
1975,9,True,True,False,False,False,False,False,False,False,False,False,False,False,False,Lundi-12-14h,NON,Lundi,2020-03-23 12:00
1976,99,True,False,True,False,False,False,False,False,False,False,False,False,False,False,Lundi-12-14h,NON,Lundi,2020-03-23 12:00
1977,181,False,False,False,False,True,True,False,False,False,False,False,False,False,False,Lundi-12-14h,OUI,Lundi,2020-03-23 12:00
1978,111,False,False,False,False,False,True,False,True,False,False,False,False,False,False,Lundi-12-14h,OUI,Lundi,2020-03-23 12:00
1979,44,False,True,False,False,False,True,False,False,False,False,False,False,False,False,Lundi-12-14h,OUI,Lundi,2020-03-23 12:00
1980,24,False,False,False,False,True,False,False,True,False,False,False,False,False,False,Lundi-12-14h,NON,Lundi,2020-03-23 12:00
1981,102,False,False,False,False,True,True,False,True,False,False,False,False,False,False,Lundi-12-14h,NON,Lundi,2020-03-23 12:00
1982,203,True,True,False,False,False,False,False,True,False,False,False,False,False,False,Lundi-12-14h,NON,Lundi,2020-03-23 12:00
1983,140,False,False,False,False,True,True,False,True,False,False,False,False,False,False,Lundi-12-14h,NON,Lundi,2020-03-23 12:00
1984,188,False,False,False,False,False,True,False,False,True,False,False,False,False,False,Lundi-12-14h,NON,Lundi,2020-03-23 12:00
1985,206,False,False,False,True,False,False,False,False,False,False,True,False,False,False,Lundi-12-14h,NON,Lundi,2020-03-23 12:00
1986,273,False,False,False,False,False,False,False,False,False,False,False,True,False,False,Lundi-12-14h,OUI,Lundi,2020-03-23 12:00
1987,69,True,False,True,False,False,False,False,False,False,False,False,False,False,False,Lundi-12-14h,OUI,Lundi,2020-03-23 12:00
1988,87,True,False,False,True,False,False,False,False,False,False,True,False,False,False,Lundi-12-14h,NON,Lundi,2020-03-23 12:00
1989,83,True,False,True,False,False,False,False,False,False,False,False,False,False,False,Lundi-12-14h,OUI,Lundi,2020-03-23 12:00
1990,149,True,False,True,True,False,False,False,False,False,False,False,False,False,False,Lundi-12-14h,NON,Lundi,2020-03-23 12:00
1991,274,False,False,False,False,False,True,False,False,False,False,False,False,False,False,Lundi-12-14h,NON,Lundi,2020-03-23 12:00
1992,282,True,False,True,True,False,False,False,False,False,False,False,False,False,False,Lundi-12-14h,OUI,Lundi,2020-03-23 12:00
1993,147,False,False,False,False,False,False,False,False,False,False,False,False,False,False,Lundi-12-14h,NON,Lundi,2020-03-23 12:00
1994,238,False,False,False,False,False,False,False,False,False,False,False,True,False,False,Lundi-12-14h,NON,Lundi,2020-03-23 12:00
1995,201,False,False,False,False,False,False,False,False,False,False,False,False,False,False,Lundi-12-14h,NON,Lundi,2020-03-23 12:00
1996,152,False,True,False,False,False,False,False,False,False,False,False,False,False,False,Lundi-12-14h,NON,Lundi,2020-03-23 12:00
1997,222,False,False,False,False,False,True,False,False,True,True,False,False,False,False,Lundi-12-14h,NON,Lundi,2020-03-23 12:00
1998,106,False,False,False,False,False,True,False,False,False,False,False,True,False,False,Lundi-12-14h,NON,Lundi,2020-03-23 12:00
1999,133,False,False,True,False,True,False,False,False,False,False,False,False,False,False,Lundi-12-14h,NON,Lundi,2020-03-23 12:00
2000,163,False,False,False,False,True,False,False,False,False,False,False,False,False,False,Lundi-12-14h,NON,Lundi,2020-03-23 12:00
2001,231,False,False,False,False,False,False,False,False,False,False,False,False,False,False,Lundi-12-14h,NON,Lundi,2020-03-23 12:00
2002,25,False,False,False,False,True,False,False,False,False,False,False,False,False,False,Lundi-12-14h,NON,Lundi,2020-03-23 12:00
2003,196,False,False,True,False,True,False,False,True,False,False,False,False,False,False,Lundi-12-14h,NON,Lundi,2020-03-23 12:00
2004,5,False,False,False,False,True,True,False,False,False,False,False,False,False,False,Lundi-12-14h,OUI,Lundi,2020-03-23 12:00
2005,90,False,True,False,False,False,False,False,False,False,False,False,False,False,False,Lundi-12-14h,NON,Lundi,2020-03-23 12:00
2006,244,True,False,True,False,False,False,False,False,False,False,False,False,False,False,Lundi-12-14h,NON,Lundi,2020-03-23 12:00
2007,107,False,True,False,False,False,True,False,False,False,False,False,False,False,False,Lundi-12-14h,OUI,Lundi,2020-03-23 12:00
2008,218,False,True,False,False,True,True,False,False,False,False,False,False,False,False,Lundi-12-14h,NON,Lundi,2020-03-23 12:00
2009,62,False,True,True,False,True,True,False,False,False,False,False,False,False,False,Lundi-12-14h,NON,Lundi,2020-03-23 12:00
2010,79,False,True,False,False,False,False,False,False,False,False,False,False,False,False,Lundi-12-14h,NON,Lundi,2020-03-23 12:00
2011,208,False,False,False,False,False,True,False,False,False,False,False,False,False,False,Lundi-12-14h,NON,Lundi,2020-03-23 12:00
2012,270,False,False,False,False,False,False,False,False,True,False,False,False,False,False,Lundi-12-14h,NON,Lundi,2020-03-23 12:00
2013,166,True,False,False,False,True,True,False,False,False,False,False,False,False,False,Lundi-12-14h,OUI,Lundi,2020-03-23 12:00
2014,77,False,False,True,False,True,False,False,False,False,False,False,False,False,False,Lundi-12-14h,NON,Lundi,2020-03-23 12:00
2015,29,False,False,False,False,False,True,False,False,False,False,False,True,False,False,Lundi-12-14h,NON,Lundi,2020-03-23 12:00
2016,240,False,False,False,False,False,True,False,False,False,False,False,False,False,False,Lundi-12-14h,NON,Lundi,2020-03-23 12:00
2017,184,False,True,False,False,False,False,False,False,False,False,False,False,False,False,Lundi-12-14h,OUI,Lundi,2020-03-23 12:00
2018,277,False,True,True,False,False,True,False,False,False,False,False,False,False,False,Lundi-12-14h,OUI,Lundi,2020-03-23 12:00
2019,80,True,False,False,False,False,True,False,False,False,True,False,False,False,False,Lundi-12-14h,NON,Lundi,2020-03-23 12:00
2020,185,True,True,True,False,False,True,False,False,False,False,True,False,True,False,Lundi-12-14h,NON,Lundi,2020-03-23 12:00
2021,204,False,False,False,False,True,True,False,False,False,False,False,True,False,False,Lundi-12-14h,OUI,Lundi,2020-03-23 12:00
2022,252,True,True,True,False,False,True,False,False,False,False,False,False,False,False,Lundi-12-14h,NON,Lundi,2020-03-23 12:00
2023,26,False,False,False,False,True,False,False,False,False,False,False,False,False,False,Lundi-12-14h,NON,Lundi,2020-03-23 12:00
2024,70,False,False,False,False,True,False,False,False,False,False,False,True,False,False,Lundi-12-14h,OUI,Lundi,2020-03-23 12:00
2025,233,False,False,False,False,True,False,False,False,False,False,False,False,False,False,Lundi-12-14h,OUI,Lundi,2020-03-23 12:00
2026,37,True,True,True,False,True,True,False,False,False,False,False,False,False,False,Lundi-12-14h,NON,Lundi,2020-03-23 12:00
2027,185,False,False,True,False,False,False,False,False,False,False,False,False,False,False,Lundi-12-14h,OUI,Lundi,2020-03-23 12:00
2028,138,True,False,False,False,True,True,False,False,False,False,False,False,False,False,Lundi-12-14h,NON,Lundi,2020-03-23 12:00
2029,224,True,False,True,False,False,False,False,False,False,False,False,False,False,False,Lundi-12-14h,NON,Lundi,2020-03-23 12:00
2030,66,False,False,False,False,True,True,False,False,False,False,False,False,True,False,Lundi-12-14h,OUI,Lundi,2020-03-23 12:00
2031,211,False,False,True,False,False,False,False,False,False,False,False,False,True,False,Lundi-12-14h,NON,Lundi,2020-03-23 12:00
2032,14,False,False,False,False,True,True,False,False,False,False,False,False,False,False,Lundi-12-14h,NON,Lundi,2020-03-23 12:00
2033,145,False,False,False,False,True,False,False,False,False,False,False,False,False,False,Lundi-12-14h,NON,Lundi,2020-03-23 12:00
2034,36,False,False,False,False,False,False,False,False,False,False,False,True,False,False,Lundi-12-14h,NON,Lundi,2020-03-23 12:00
2035,60,True,True,True,False,False,True,False,False,False,False,False,False,False,False,Lundi-12-14h,NON,Lundi,2020-03-23 12:00
2036,137,True,True,True,False,False,True,False,False,False,False,True,False,False,False,Lundi-12-14h,OUI,Lundi,2020-03-23 12:00
2037,285,False,True,False,False,True,True,False,False,False,False,False,False,False,False,Lundi-12-14h,NON,Lundi,2020-03-23 12:00
2038,40,False,True,True,False,True,True,False,False,False,False,False,False,False,False,Lundi-12-14h,OUI,Lundi,2020-03-23 12:00
2039,97,False,False,False,False,False,True,False,False,False,False,False,False,False,False,Lundi-12-14h,NON,Lundi,2020-03-23 12:00
2040,109,True,False,True,True,False,False,False,False,False,False,False,False,False,False,Lundi-12-14h,NON,Lundi,2020-03-23 12:00
2041,10,False,False,False,False,False,False,False,False,False,False,False,False,False,False,Lundi-12-14h,NON,Lundi,2020-03-23 12:00
2042,256,False,False,False,False,False,False,False,False,False,False,False,True,False,False,Lundi-12-14h,NON,Lundi,2020-03-23 12:00
2043,141,True,True,True,False,False,False,False,False,False,False,True,False,False,False,Lundi-12-14h,NON,Lundi,2020-03-23 12:00
2044,28,False,False,False,False,False,False,False,False,False,False,False,False,False,False,Lundi-12-14h,NON,Lundi,2020-03-23 12:00
2045,101,True,True,True,True,True,True,False,False,False,False,False,False,False,False,Lundi-12-14h,OUI,Lundi,2020-03-23 12:00
2046,48,True,False,True,False,True,False,False,False,False,False,False,False,True,False,Lundi-12-14h,NON,Lundi,2020-03-23 12:00
2047,27,False,False,False,False,False,True,False,False,False,False,False,False,False,False,Lundi-12-14h,NON,Lundi,2020-03-23 12:00
2048,142,True,False,True,False,False,False,False,False,False,False,True,False,True,False,Lundi-12-14h,NON,Lundi,2020-03-23 12:00
2049,234,False,False,True,False,False,False,False,False,False,False,True,False,False,False,Lundi-12-14h,NON,Lundi,2020-03-23 12:00
2050,23,False,False,False,False,True,False,False,False,False,False,False,False,False,False,Lundi-12-14h,NON,Lundi,2020-03-23 12:00
2051,195,False,False,False,False,True,False,False,False,True,False,False,False,False,False,Lundi-12-14h,NON,Lundi,2020-03-23 12:00
2052,275,False,False,False,False,False,False,False,False,False,False,False,True,False,False,Lundi-12-14h,NON,Lundi,2020-03-23 12:00
2053,226,False,False,False,False,True,True,False,False,False,False,False,False,False,False,Lundi-12-14h,NON,Lundi,2020-03-23 12:00
2054,207,False,False,True,False,False,False,False,False,False,False,False,False,False,False,Lundi-12-14h,NON,Lundi,2020-03-23 12:00
2055,57,False,False,False,False,False,False,False,False,False,False,False,False,False,False,Lundi-12-14h,NON,Lundi,2020-03-23 12:00
2056,4,False,True,False,False,False,True,False,False,False,False,False,False,False,False,Lundi-12-14h,NON,Lundi,2020-03-23 12:00
2057,265,False,False,False,False,False,True,False,False,False,False,False,False,False,False,Lundi-12-14h,OUI,Lundi,2020-03-23 12:00
2058,88,False,True,False,False,False,False,False,False,False,False,False,False,False,False,Lundi-12-14h,NON,Lundi,2020-03-23 12:00
2059,198,False,False,False,False,False,False,False,False,False,False,True,False,False,False,Lundi-12-14h,NON,Lundi,2020-03-23 12:00
2060,249,True,True,True,False,False,False,False,False,False,False,False,False,False,False,Lundi-12-14h,NON,Lundi,2020-03-23 12:00
2061,263,False,False,False,False,True,True,False,False,False,False,False,False,False,False,Lundi-12-14h,NON,Lundi,2020-03-23 12:00
2062,217,True,False,True,False,False,False,False,False,False,False,False,False,True,False,Lundi-12-14h,NON,Lundi,2020-03-23 12:00
2063,278,False,False,False,False,True,True,False,False,False,False,False,False,False,False,Lundi-12-14h,NON,Lundi,2020-03-23 12:00
2064,189,False,True,False,False,False,False,False,False,False,False,False,False,False,False,Lundi-12-14h,NON,Lundi,2020-03-23 12:00
2065,61,True,False,True,False,False,False,False,False,False,False,False,False,False,False,Lundi-12-14h,NON,Lundi,2020-03-23 12:00
2066,251,False,False,False,False,False,False,False,False,False,False,False,False,True,False,Lundi-12-14h,NON,Lundi,2020-03-23 12:00
2067,281,False,True,False,False,False,False,False,False,False,False,False,False,False,False,Lundi-12-14h,NON,Lundi,2020-03-23 12:00
2068,134,False,True,False,False,False,False,False,False,False,False,False,False,False,False,Lundi-12-14h,NON,Lundi,2020-03-23 12:00
2069,293,False,True,False,False,False,True,False,False,False,False,False,False,False,False,Lundi-12-14h,NON,Lundi,2020-03-23 12:00
2070,279,True,True,True,True,False,True,False,False,False,False,False,False,False,False,Lundi-12-14h,NON,Lundi,2020-03-23 12:00
2071,81,True,False,True,True,False,False,False,True,False,False,False,False,False,False,Lundi-12-14h,NON,Lundi,2020-03-23 12:00
2072,92,True,False,False,True,False,False,False,False,False,False,True,False,False,False,Lundi-12-14h,NON,Lundi,2020-03-23 12:00
2073,147,False,False,False,False,False,False,False,False,False,False,False,False,False,False,Lundi-12-14h,NON,Lundi,2020-03-23 12:00
2074,33,False,True,False,False,True,False,False,False,False,False,False,False,False,False,Lundi-12-14h,NON,Lundi,2020-03-23 12:00
2075,266,False,False,False,False,False,False,False,False,False,False,False,False,False,False,Lundi-12-14h,NON,Lundi,2020-03-23 12:00
2076,225,True,False,False,False,False,True,False,False,False,False,False,False,False,False,Lundi-12-14h,NON,Lundi,2020-03-23 12:00
2077,83,True,False,True,False,False,False,False,False,False,False,False,False,False,False,Lundi-12-14h,OUI,Lundi,2020-03-23 12:00
2078,95,False,False,False,False,True,True,False,True,False,False,False,False,False,False,Lundi-12-14h,NON,Lundi,2020-03-23 12:00
2079,127,False,False,False,False,True,False,False,False,False,False,False,False,False,False,Lundi-12-14h,NON,Lundi,2020-03-23 12:00
2080,20,False,False,False,False,False,False,False,False,False,False,False,False,False,False,Lundi-12-14h,NON,Lundi,2020-03-23 12:00
2081,89,False,False,False,False,False,False,False,False,True,False,False,False,False,False,Lundi-12-14h,OUI,Lundi,2020-03-23 12:00
2082,120,False,True,True,False,True,True,False,True,False,False,True,False,False,False,Lundi-12-14h,NON,Lundi,2020-03-23 12:00
2083,253,False,False,False,False,True,True,False,False,False,False,False,True,False,False,Lundi-12-14h,NON,Lundi,2020-03-23 12:00
2084,52,False,False,True,False,False,False,False,False,False,False,False,False,False,False,Lundi-12-14h,OUI,Lundi,2020-03-23 12:00
2085,168,True,False,True,False,False,False,False,True,False,False,False,False,False,False,Lundi-12-14h,NON,Lundi,2020-03-23 12:00
2086,202,False,True,False,False,False,False,False,False,False,False,False,False,False,False,Lundi-12-14h,NON,Lundi,2020-03-23 12:00
2087,172,False,False,False,False,True,False,False,False,False,False,False,False,False,False,Lundi-12-14h,OUI,Lundi,2020-03-23 12:00
2088,239,False,False,False,False,True,True,False,False,False,False,False,False,False,False,Lundi-12-14h,NON,Lundi,2020-03-23 12:00
2089,85,False,False,False,False,True,False,False,False,False,False,False,False,False,False,Lundi-12-14h,NON,Lundi,2020-03-23 12:00
2090,215,False,False,False,False,False,False,False,False,True,False,False,False,False,False,Lundi-12-14h,NON,Lundi,2020-03-23 12:00
2091,260,True,False,True,False,False,False,False,False,False,False,False,False,False,False,Lundi-12-14h,NON,Lundi,2020-03-23 12:00
2092,286,True,True,False,False,True,False,False,False,False,False,False,False,False,False,Lundi-12-14h,NON,Lundi,2020-03-23 12:00
2093,72,False,True,False,False,False,False,False,False,False,False,False,False,False,False,Lundi-14-16h,OUI,Lundi,2020-03-23 14:00
2094,167,True,True,True,True,True,True,False,False,False,False,False,False,False,False,Lundi-14-16h,OUI,Lundi,2020-03-23 14:00
2095,130,True,False,True,False,False,False,False,True,False,False,False,False,True,True,Lundi-14-16h,OUI,Lundi,2020-03-23 14:00
2096,288,True,True,True,False,True,False,False,False,False,False,False,False,False,False,Lundi-14-16h,NON,Lundi,2020-03-23 14:00
2097,59,False,False,False,False,False,True,False,False,False,False,False,False,False,False,Lundi-14-16h,NON,Lundi,2020-03-23 14:00
2098,178,True,False,False,False,False,False,False,False,False,False,True,False,False,False,Lundi-14-16h,OUI,Lundi,2020-03-23 14:00
2099,254,False,False,False,False,False,False,False,False,False,False,False,True,False,False,Lundi-14-16h,NON,Lundi,2020-03-23 14:00
2100,34,False,False,False,False,False,False,False,False,False,False,False,False,False,False,Lundi-14-16h,NON,Lundi,2020-03-23 14:00
2101,264,False,False,False,False,True,True,True,False,False,False,False,False,False,False,Lundi-14-16h,OUI,Lundi,2020-03-23 14:00
2102,158,True,False,False,False,True,False,False,False,False,True,False,False,False,False,Lundi-14-16h,OUI,Lundi,2020-03-23 14:00
2103,210,False,True,False,False,True,True,False,False,False,False,False,False,False,False,Lundi-14-16h,OUI,Lundi,2020-03-23 14:00
2104,93,False,False,False,False,True,False,False,False,False,False,False,False,True,False,Lundi-14-16h,OUI,Lundi,2020-03-23 14:00
2105,144,True,False,True,False,True,False,False,False,False,False,False,False,False,False,Lundi-14-16h,NON,Lundi,2020-03-23 14:00
2106,164,False,True,False,False,True,True,False,False,False,False,False,False,False,False,Lundi-14-16h,OUI,Lundi,2020-03-23 14:00
2107,289,False,False,False,False,True,True,False,False,False,False,False,False,False,False,Lundi-14-16h,NON,Lundi,2020-03-23 14:00
2108,50,False,False,False,False,False,False,False,False,False,False,False,False,False,False,Lundi-14-16h,NON,Lundi,2020-03-23 14:00
2109,51,True,True,False,False,True,False,False,False,False,False,False,False,False,False,Lundi-14-16h,OUI,Lundi,2020-03-23 14:00
2110,247,False,False,True,False,False,False,False,False,False,False,False,False,False,False,Lundi-14-16h,OUI,Lundi,2020-03-23 14:00
2111,159,False,False,False,False,False,False,False,True,False,False,False,False,False,False,Lundi-14-16h,NON,Lundi,2020-03-23 14:00
2112,54,False,False,False,False,False,True,False,False,False,False,False,False,False,False,Lundi-14-16h,NON,Lundi,2020-03-23 14:00
2113,55,True,False,False,False,True,True,False,True,False,False,False,False,False,False,Lundi-14-16h,NON,Lundi,2020-03-23 14:00
2114,257,False,False,False,False,True,False,False,False,False,False,False,False,False,False,Lundi-14-16h,OUI,Lundi,2020-03-23 14:00
2115,67,False,False,False,False,False,False,False,False,False,False,False,False,False,False,Lundi-14-16h,NON,Lundi,2020-03-23 14:00
2116,71,True,False,True,False,False,False,False,False,False,False,False,False,False,False,Lundi-14-16h,NON,Lundi,2020-03-23 14:00
2117,280,False,False,False,False,False,True,False,False,False,False,False,False,False,False,Lundi-14-16h,OUI,Lundi,2020-03-23 14:00
2118,283,True,True,False,False,False,False,False,False,False,False,False,False,False,False,Lundi-14-16h,OUI,Lundi,2020-03-23 14:00
2119,154,False,False,False,False,True,True,False,False,False,False,False,True,False,False,Lundi-14-16h,OUI,Lundi,2020-03-23 14:00
2120,171,False,False,False,False,False,False,False,False,False,False,False,True,False,False,Lundi-14-16h,OUI,Lundi,2020-03-23 14:00
2121,131,False,False,True,False,False,False,False,False,False,False,False,False,False,False,Lundi-14-16h,OUI,Lundi,2020-03-23 14:00
2122,237,True,False,False,False,False,True,True,False,False,False,False,False,True,False,Lundi-14-16h,NON,Lundi,2020-03-23 14:00
2123,75,False,False,False,False,True,True,False,False,False,False,False,False,False,False,Lundi-14-16h,NON,Lundi,2020-03-23 14:00
2124,235,True,False,False,False,True,False,False,False,False,False,False,False,False,False,Lundi-14-16h,NON,Lundi,2020-03-23 14:00
2125,180,False,False,False,False,True,True,False,False,False,False,False,False,False,False,Lundi-14-16h,OUI,Lundi,2020-03-23 14:00
2126,219,False,False,False,False,False,True,False,False,False,False,False,False,False,False,Lundi-14-16h,OUI,Lundi,2020-03-23 14:00
2127,250,False,False,False,False,False,False,False,False,True,False,False,False,False,False,Lundi-14-16h,NON,Lundi,2020-03-23 14:00
2128,267,True,True,False,False,False,False,False,False,False,False,False,False,False,False,Lundi-14-16h,OUI,Lundi,2020-03-23 14:00
2129,160,False,True,False,False,False,True,False,False,False,False,False,False,False,False,Lundi-14-16h,NON,Lundi,2020-03-23 14:00
2130,182,False,True,False,False,True,True,True,False,False,False,False,False,False,False,Lundi-14-16h,OUI,Lundi,2020-03-23 14:00
2131,143,False,False,False,False,False,False,False,True,False,False,True,False,False,False,Lundi-14-16h,OUI,Lundi,2020-03-23 14:00
2132,223,True,True,False,False,False,False,False,False,False,False,False,False,False,False,Lundi-14-16h,NON,Lundi,2020-03-23 14:00
2133,192,True,False,True,False,False,False,False,False,False,False,False,False,False,False,Lundi-14-16h,NON,Lundi,2020-03-23 14:00
2134,30,False,False,True,False,False,False,False,True,False,False,False,False,False,False,Lundi-14-16h,OUI,Lundi,2020-03-23 14:00
2135,125,True,False,False,False,True,False,False,True,False,False,False,False,False,False,Lundi-14-16h,NON,Lundi,2020-03-23 14:00
2136,39,False,False,True,False,True,False,False,True,False,False,False,False,False,False,Lundi-14-16h,OUI,Lundi,2020-03-23 14:00
2137,113,True,False,True,False,False,False,False,False,False,False,False,False,False,False,Lundi-14-16h,NON,Lundi,2020-03-23 14:00
2138,121,True,False,True,False,False,False,False,True,False,False,False,False,False,False,Lundi-14-16h,NON,Lundi,2020-03-23 14:00
2139,228,False,False,False,False,False,False,False,False,False,False,True,False,False,False,Lundi-14-16h,NON,Lundi,2020-03-23 14:00
2140,290,False,False,False,False,False,False,False,False,True,False,False,False,False,False,Lundi-14-16h,NON,Lundi,2020-03-23 14:00
2141,197,False,False,True,False,True,False,False,False,False,False,False,False,False,False,Lundi-14-16h,NON,Lundi,2020-03-23 14:00
2142,31,True,True,True,False,False,True,False,False,False,False,False,False,False,False,Lundi-14-16h,OUI,Lundi,2020-03-23 14:00
2143,173,True,False,False,False,True,True,False,True,False,False,False,False,False,False,Lundi-14-16h,NON,Lundi,2020-03-23 14:00
2144,74,True,False,False,True,False,False,False,True,False,False,True,False,False,False,Lundi-14-16h,NON,Lundi,2020-03-23 14:00
2145,15,False,False,True,False,False,False,False,False,False,False,False,False,False,False,Lundi-14-16h,NON,Lundi,2020-03-23 14:00
2146,45,True,False,False,False,True,True,False,True,False,False,False,False,False,False,Lundi-14-16h,NON,Lundi,2020-03-23 14:00
2147,63,False,False,True,False,False,False,False,False,False,False,False,False,False,False,Lundi-14-16h,NON,Lundi,2020-03-23 14:00
2148,3,False,False,False,False,False,True,False,False,False,False,False,True,False,False,Lundi-14-16h,OUI,Lundi,2020-03-23 14:00
2149,21,True,False,True,False,False,False,False,False,False,False,False,False,False,False,Lundi-14-16h,OUI,Lundi,2020-03-23 14:00
2150,78,False,True,True,False,True,True,False,True,False,False,False,False,False,False,Lundi-14-16h,NON,Lundi,2020-03-23 14:00
2151,47,False,True,False,False,False,False,False,False,False,False,False,False,False,False,Lundi-14-16h,NON,Lundi,2020-03-23 14:00
2152,151,True,True,False,False,True,False,False,True,False,False,False,False,False,False,Lundi-14-16h,NON,Lundi,2020-03-23 14:00
2153,6,True,False,True,False,False,False,False,False,False,False,False,False,False,False,Lundi-14-16h,NON,Lundi,2020-03-23 14:00
2154,135,True,False,True,False,False,False,False,False,False,False,False,False,True,False,Lundi-14-16h,NON,Lundi,2020-03-23 14:00
2155,221,False,False,False,False,True,True,False,False,False,False,False,False,False,False,Lundi-14-16h,NON,Lundi,2020-03-23 14:00
2156,170,False,False,True,False,False,False,False,False,False,False,True,False,False,True,Lundi-14-16h,NON,Lundi,2020-03-23 14:00
2157,129,False,True,False,False,False,False,False,False,False,False,False,False,False,False,Lundi-14-16h,NON,Lundi,2020-03-23 14:00
2158,132,True,True,True,False,False,True,False,False,False,False,False,False,False,False,Lundi-14-16h,OUI,Lundi,2020-03-23 14:00
2159,110,False,True,False,False,False,False,False,False,False,False,False,False,False,False,Lundi-14-16h,NON,Lundi,2020-03-23 14:00
2160,191,False,False,False,False,False,True,False,False,False,False,False,False,False,False,Lundi-14-16h,NON,Lundi,2020-03-23 14:00
2161,94,True,True,True,False,False,True,False,False,False,False,True,False,True,False,Lundi-14-16h,OUI,Lundi,2020-03-23 14:00
2162,108,False,False,False,False,False,True,True,False,False,False,False,False,False,False,Lundi-14-16h,OUI,Lundi,2020-03-23 14:00
2163,236,False,False,False,False,True,True,False,False,False,False,False,False,False,False,Lundi-14-16h,OUI,Lundi,2020-03-23 14:00
2164,42,True,False,True,False,True,False,False,False,False,False,False,False,False,False,Lundi-14-16h,OUI,Lundi,2020-03-23 14:00
2165,155,True,False,False,False,True,False,False,False,False,False,False,False,False,False,Lundi-14-16h,NON,Lundi,2020-03-23 14:00
2166,1,False,False,False,False,False,False,False,False,False,False,False,False,False,False,Lundi-14-16h,NON,Lundi,2020-03-23 14:00
2167,58,False,True,True,False,False,True,False,False,False,False,True,False,False,False,Lundi-14-16h,OUI,Lundi,2020-03-23 14:00
2168,0,False,True,False,False,False,False,False,False,False,False,False,False,False,False,Lundi-14-16h,NON,Lundi,2020-03-23 14:00
2169,269,False,False,False,False,False,False,False,False,False,False,False,False,False,False,Lundi-14-16h,NON,Lundi,2020-03-23 14:00
2170,2,True,False,True,False,False,False,False,False,False,False,False,False,False,False,Lundi-14-16h,NON,Lundi,2020-03-23 14:00
2171,103,False,False,False,False,True,False,False,False,False,False,False,False,False,False,Lundi-14-16h,NON,Lundi,2020-03-23 14:00
2172,12,False,True,False,False,True,False,False,False,False,False,False,False,False,False,Lundi-14-16h,NON,Lundi,2020-03-23 14:00
2173,245,True,False,False,False,True,True,False,True,False,False,False,False,False,False,Lundi-14-16h,OUI,Lundi,2020-03-23 14:00
2174,161,False,False,True,False,False,False,False,False,False,False,True,False,False,False,Lundi-14-16h,OUI,Lundi,2020-03-23 14:00
2175,38,False,False,False,False,False,False,False,False,True,False,False,False,False,False,Lundi-14-16h,NON,Lundi,2020-03-23 14:00
2176,122,False,False,False,False,False,False,False,False,False,False,False,False,False,False,Lundi-14-16h,NON,Lundi,2020-03-23 14:00
2177,248,False,False,True,False,False,False,False,False,False,False,False,False,True,False,Lundi-14-16h,NON,Lundi,2020-03-23 14:00
2178,271,False,True,True,False,False,True,False,False,False,False,False,False,False,False,Lundi-14-16h,OUI,Lundi,2020-03-23 14:00
2179,116,False,False,True,False,False,False,False,False,False,False,False,False,False,False,Lundi-14-16h,OUI,Lundi,2020-03-23 14:00
2180,117,True,True,True,True,False,True,False,False,False,False,False,False,False,False,Lundi-14-16h,NON,Lundi,2020-03-23 14:00
2181,213,False,False,False,False,True,True,False,True,False,False,False,False,False,False,Lundi-14-16h,NON,Lundi,2020-03-23 14:00
2182,220,False,True,True,False,False,True,False,False,False,False,False,False,False,False,Lundi-14-16h,OUI,Lundi,2020-03-23 14:00
2183,176,False,False,True,False,False,False,False,False,False,False,False,False,False,False,Lundi-14-16h,OUI,Lundi,2020-03-23 14:00
2184,96,False,False,False,False,True,True,False,False,False,True,False,False,False,False,Lundi-14-16h,NON,Lundi,2020-03-23 14:00
2185,214,False,False,False,False,True,True,False,False,False,True,False,False,False,False,Lundi-14-16h,OUI,Lundi,2020-03-23 14:00
2186,11,True,False,False,True,False,False,False,False,False,False,True,False,False,False,Lundi-14-16h,NON,Lundi,2020-03-23 14:00
2187,255,True,False,True,False,False,False,False,True,False,False,False,False,False,False,Lundi-14-16h,NON,Lundi,2020-03-23 14:00
2188,86,False,False,True,False,False,False,False,False,False,False,False,False,False,False,Lundi-14-16h,NON,Lundi,2020-03-23 14:00
2189,209,True,False,False,False,True,True,False,True,False,False,False,False,False,False,Lundi-14-16h,OUI,Lundi,2020-03-23 14:00
2190,291,False,False,False,False,False,True,False,False,True,False,False,False,False,False,Lundi-14-16h,NON,Lundi,2020-03-23 14:00
2191,287,False,False,False,False,False,False,False,False,False,False,False,True,False,False,Lundi-14-16h,NON,Lundi,2020-03-23 14:00
2192,104,False,False,False,False,True,True,False,False,False,False,False,False,False,False,Lundi-14-16h,OUI,Lundi,2020-03-23 14:00
2193,18,False,False,False,False,True,False,False,False,False,False,False,False,False,False,Lundi-14-16h,OUI,Lundi,2020-03-23 14:00
2194,123,False,True,False,False,True,True,False,False,False,False,False,False,False,False,Lundi-14-16h,OUI,Lundi,2020-03-23 14:00
2195,136,False,False,False,False,True,False,False,False,False,False,False,False,False,False,Lundi-14-16h,NON,Lundi,2020-03-23 14:00
2196,276,True,False,True,False,False,False,False,False,False,False,False,False,False,False,Lundi-14-16h,NON,Lundi,2020-03-23 14:00
2197,53,False,False,False,False,True,True,False,False,False,False,False,False,False,False,Lundi-14-16h,OUI,Lundi,2020-03-23 14:00
2198,179,True,False,True,False,False,False,False,False,False,False,False,False,False,False,Lundi-14-16h,OUI,Lundi,2020-03-23 14:00
2199,200,False,False,False,False,False,False,False,False,False,False,False,False,False,False,Lundi-14-16h,NON,Lundi,2020-03-23 14:00
2200,73,False,False,False,False,False,False,False,False,False,False,False,False,False,False,Lundi-14-16h,NON,Lundi,2020-03-23 14:00
2201,156,False,False,False,False,True,True,False,False,False,False,False,False,False,False,Lundi-14-16h,NON,Lundi,2020-03-23 14:00
2202,128,True,True,True,False,False,True,False,False,False,False,False,False,False,False,Lundi-14-16h,NON,Lundi,2020-03-23 14:00
2203,118,False,False,False,False,False,False,False,False,False,False,False,False,False,False,Lundi-14-16h,NON,Lundi,2020-03-23 14:00
2204,112,True,False,True,False,False,False,False,False,False,False,False,False,False,False,Lundi-14-16h,NON,Lundi,2020-03-23 14:00
2205,35,False,False,False,False,True,True,False,False,False,False,False,False,False,False,Lundi-14-16h,NON,Lundi,2020-03-23 14:00
2206,32,False,False,False,False,False,False,False,False,False,False,False,True,False,False,Lundi-14-16h,NON,Lundi,2020-03-23 14:00
2207,199,True,False,True,False,False,False,False,False,False,False,False,False,False,False,Lundi-14-16h,NON,Lundi,2020-03-23 14:00
2208,153,True,False,False,False,True,True,False,False,False,False,False,False,False,False,Lundi-14-16h,NON,Lundi,2020-03-23 14:00
2209,82,False,False,True,False,False,False,False,False,False,False,False,False,False,False,Lundi-14-16h,NON,Lundi,2020-03-23 14:00
2210,292,False,True,False,False,False,False,False,False,False,False,False,False,False,False,Lundi-14-16h,NON,Lundi,2020-03-23 14:00
2211,169,False,False,False,True,False,False,False,False,False,False,False,False,False,False,Lundi-14-16h,OUI,Lundi,2020-03-23 14:00
2212,16,False,False,False,False,True,True,False,False,False,False,False,False,False,False,Lundi-14-16h,OUI,Lundi,2020-03-23 14:00
2213,46,True,True,True,False,False,True,True,False,False,False,False,False,False,False,Lundi-14-16h,NON,Lundi,2020-03-23 14:00
2214,216,False,True,False,False,False,True,False,False,False,False,False,False,False,False,Lundi-14-16h,OUI,Lundi,2020-03-23 14:00
2215,174,False,True,True,False,False,True,False,False,False,False,True,False,False,False,Lundi-14-16h,NON,Lundi,2020-03-23 14:00
2216,43,False,False,False,False,True,False,False,False,False,False,False,False,False,False,Lundi-14-16h,NON,Lundi,2020-03-23 14:00
2217,165,False,False,False,False,True,True,False,False,False,False,False,False,False,False,Lundi-14-16h,NON,Lundi,2020-03-23 14:00
2218,126,False,True,False,False,False,True,False,False,False,False,False,False,False,False,Lundi-14-16h,NON,Lundi,2020-03-23 14:00
2219,41,False,False,False,False,False,True,False,False,True,False,False,False,False,False,Lundi-14-16h,NON,Lundi,2020-03-23 14:00
2220,157,False,False,True,False,False,False,False,False,False,False,False,False,False,False,Lundi-14-16h,OUI,Lundi,2020-03-23 14:00
2221,272,False,True,True,False,False,False,True,False,False,False,True,False,True,True,Lundi-14-16h,NON,Lundi,2020-03-23 14:00
2222,115,True,False,True,False,False,False,False,False,False,False,False,False,False,False,Lundi-14-16h,NON,Lundi,2020-03-23 14:00
2223,84,False,False,False,False,False,False,False,False,False,False,False,True,False,False,Lundi-14-16h,NON,Lundi,2020-03-23 14:00
2224,183,True,True,True,True,False,False,False,False,False,False,False,False,False,False,Lundi-14-16h,OUI,Lundi,2020-03-23 14:00
2225,65,True,True,False,False,False,True,False,False,False,False,False,False,False,False,Lundi-14-16h,NON,Lundi,2020-03-23 14:00
2226,105,True,False,False,False,False,False,False,False,False,False,False,False,False,False,Lundi-14-16h,OUI,Lundi,2020-03-23 14:00
2227,187,True,False,False,False,False,True,False,False,False,False,False,False,False,False,Lundi-14-16h,NON,Lundi,2020-03-23 14:00
2228,139,True,False,True,False,False,False,False,False,False,False,False,False,False,False,Lundi-14-16h,NON,Lundi,2020-03-23 14:00
2229,259,False,False,False,False,True,True,False,False,False,False,False,False,False,False,Lundi-14-16h,OUI,Lundi,2020-03-23 14:00
2230,124,True,False,True,False,False,False,False,False,False,False,True,False,False,False,Lundi-14-16h,OUI,Lundi,2020-03-23 14:00
2231,98,False,False,False,False,False,True,False,False,False,False,False,True,False,False,Lundi-14-16h,NON,Lundi,2020-03-23 14:00
2232,284,False,True,True,False,False,True,False,False,False,False,False,False,True,False,Lundi-14-16h,OUI,Lundi,2020-03-23 14:00
2233,148,True,False,True,False,True,False,False,True,False,False,False,False,False,False,Lundi-14-16h,OUI,Lundi,2020-03-23 14:00
2234,258,True,False,True,False,False,False,False,False,False,False,False,False,False,False,Lundi-14-16h,NON,Lundi,2020-03-23 14:00
2235,175,False,False,False,False,False,True,False,False,False,False,False,False,False,False,Lundi-14-16h,NON,Lundi,2020-03-23 14:00
2236,119,False,False,False,False,False,False,False,False,False,False,True,False,False,False,Lundi-14-16h,NON,Lundi,2020-03-23 14:00
2237,229,True,False,True,False,False,False,False,True,False,False,False,False,False,False,Lundi-14-16h,OUI,Lundi,2020-03-23 14:00
2238,230,False,False,False,False,False,True,True,False,False,False,False,False,False,False,Lundi-14-16h,NON,Lundi,2020-03-23 14:00
2239,17,True,False,False,False,False,True,True,False,False,False,False,False,False,False,Lundi-14-16h,OUI,Lundi,2020-03-23 14:00
2240,177,False,False,False,False,False,False,False,False,False,False,False,False,False,False,Lundi-14-16h,NON,Lundi,2020-03-23 14:00
2241,7,False,False,False,False,False,False,False,False,False,False,False,False,False,False,Lundi-14-16h,NON,Lundi,2020-03-23 14:00
2242,241,False,False,True,False,False,False,False,False,False,False,False,False,False,False,Lundi-14-16h,NON,Lundi,2020-03-23 14:00
2243,8,True,False,False,False,True,True,False,True,False,False,False,False,False,False,Lundi-14-16h,NON,Lundi,2020-03-23 14:00
2244,268,False,True,False,False,False,True,False,False,False,False,False,False,False,False,Lundi-14-16h,OUI,Lundi,2020-03-23 14:00
2245,294,False,False,True,False,True,False,False,False,False,False,False,False,False,False,Lundi-14-16h,OUI,Lundi,2020-03-23 14:00
2246,242,True,False,False,False,True,True,False,False,False,False,False,False,False,False,Lundi-14-16h,NON,Lundi,2020-03-23 14:00
2247,194,False,False,False,False,False,True,False,False,False,False,False,False,False,False,Lundi-14-16h,NON,Lundi,2020-03-23 14:00
2248,243,False,False,False,False,True,True,False,False,False,False,False,False,False,False,Lundi-14-16h,OUI,Lundi,2020-03-23 14:00
2249,212,True,True,True,False,False,True,False,False,False,False,False,False,False,False,Lundi-14-16h,NON,Lundi,2020-03-23 14:00
2250,19,False,False,False,False,False,True,False,False,False,False,False,False,False,False,Lundi-14-16h,OUI,Lundi,2020-03-23 14:00
2251,114,False,False,False,False,True,False,False,False,False,False,False,False,False,False,Lundi-14-16h,OUI,Lundi,2020-03-23 14:00
2252,190,False,False,False,False,False,True,False,False,True,False,False,False,False,False,Lundi-14-16h,NON,Lundi,2020-03-23 14:00
2253,64,False,False,True,False,False,False,False,False,False,False,False,False,False,False,Lundi-14-16h,OUI,Lundi,2020-03-23 14:00
2254,227,False,False,False,False,False,False,False,False,False,False,False,False,False,False,Lundi-14-16h,NON,Lundi,2020-03-23 14:00
2255,232,False,False,False,False,False,True,False,False,False,False,False,False,False,False,Lundi-14-16h,OUI,Lundi,2020-03-23 14:00
2256,246,False,True,False,False,False,True,True,False,False,False,False,False,False,False,Lundi-14-16h,NON,Lundi,2020-03-23 14:00
2257,100,False,False,False,False,False,True,False,False,False,False,False,False,False,False,Lundi-14-16h,OUI,Lundi,2020-03-23 14:00
2258,13,False,False,False,False,True,False,False,False,False,False,False,False,False,False,Lundi-14-16h,NON,Lundi,2020-03-23 14:00
2259,262,True,True,True,False,False,False,False,False,False,False,False,False,False,False,Lundi-14-16h,NON,Lundi,2020-03-23 14:00
2260,76,True,True,True,False,False,True,False,False,False,False,True,False,False,False,Lundi-14-16h,NON,Lundi,2020-03-23 14:00
2261,261,False,True,False,False,True,False,False,False,False,False,False,False,False,False,Lundi-14-16h,OUI,Lundi,2020-03-23 14:00
2262,150,False,True,False,False,False,False,False,False,False,False,False,False,False,False,Lundi-14-16h,OUI,Lundi,2020-03-23 14:00
2263,205,False,False,False,False,False,False,False,False,False,False,False,False,False,False,Lundi-14-16h,NON,Lundi,2020-03-23 14:00
2264,56,False,False,False,False,True,True,False,False,False,False,False,False,False,False,Lundi-14-16h,OUI,Lundi,2020-03-23 14:00
2265,186,False,False,False,False,True,False,False,False,False,False,False,False,False,False,Lundi-14-16h,OUI,Lundi,2020-03-23 14:00
2266,162,True,False,False,False,True,True,False,False,False,False,False,False,False,False,Lundi-14-16h,NON,Lundi,2020-03-23 14:00
2267,68,False,True,False,False,True,True,False,False,False,False,False,False,False,False,Lundi-14-16h,OUI,Lundi,2020-03-23 14:00
2268,146,False,False,False,False,False,True,False,False,False,False,False,True,False,False,Lundi-14-16h,OUI,Lundi,2020-03-23 14:00
2269,49,False,False,False,False,False,False,False,False,False,False,False,False,True,False,Lundi-14-16h,NON,Lundi,2020-03-23 14:00
2270,91,True,False,True,True,False,False,False,False,False,False,False,False,False,False,Lundi-14-16h,OUI,Lundi,2020-03-23 14:00
2271,22,False,False,False,False,False,False,False,False,False,True,False,False,False,False,Lundi-14-16h,NON,Lundi,2020-03-23 14:00
2272,151,False,False,False,False,True,False,False,False,False,False,False,False,False,False,Lundi-14-16h,NON,Lundi,2020-03-23 14:00
2273,193,False,False,False,False,True,True,False,False,False,False,False,False,False,False,Lundi-14-16h,NON,Lundi,2020-03-23 14:00
2274,9,True,True,False,False,False,False,False,False,False,False,False,False,False,False,Lundi-14-16h,NON,Lundi,2020-03-23 14:00
2275,99,True,False,True,False,False,False,False,False,False,False,False,False,False,False,Lundi-14-16h,NON,Lundi,2020-03-23 14:00
2276,181,False,False,False,False,True,True,False,False,False,False,False,False,False,False,Lundi-14-16h,OUI,Lundi,2020-03-23 14:00
2277,111,False,False,False,False,False,True,False,True,False,False,False,False,False,False,Lundi-14-16h,OUI,Lundi,2020-03-23 14:00
2278,44,False,True,False,False,False,True,False,False,False,False,False,False,False,False,Lundi-14-16h,OUI,Lundi,2020-03-23 14:00
2279,24,False,False,False,False,True,False,False,True,False,False,False,False,False,False,Lundi-14-16h,NON,Lundi,2020-03-23 14:00
2280,102,False,False,False,False,True,True,False,True,False,False,False,False,False,False,Lundi-14-16h,NON,Lundi,2020-03-23 14:00
2281,203,True,True,False,False,False,False,False,True,False,False,False,False,False,False,Lundi-14-16h,NON,Lundi,2020-03-23 14:00
2282,140,False,False,False,False,True,True,False,True,False,False,False,False,False,False,Lundi-14-16h,OUI,Lundi,2020-03-23 14:00
2283,188,False,False,False,False,False,True,False,False,True,False,False,False,False,False,Lundi-14-16h,NON,Lundi,2020-03-23 14:00
2284,206,False,False,False,True,False,False,False,False,False,False,True,False,False,False,Lundi-14-16h,NON,Lundi,2020-03-23 14:00
2285,273,False,False,False,False,False,False,False,False,False,False,False,True,False,False,Lundi-14-16h,OUI,Lundi,2020-03-23 14:00
2286,69,True,False,True,False,False,False,False,False,False,False,False,False,False,False,Lundi-14-16h,OUI,Lundi,2020-03-23 14:00
2287,87,True,False,False,True,False,False,False,False,False,False,True,False,False,False,Lundi-14-16h,NON,Lundi,2020-03-23 14:00
2288,83,True,False,True,False,False,False,False,False,False,False,False,False,False,False,Lundi-14-16h,OUI,Lundi,2020-03-23 14:00
2289,149,True,False,True,True,False,False,False,False,False,False,False,False,False,False,Lundi-14-16h,NON,Lundi,2020-03-23 14:00
2290,274,False,False,False,False,False,True,False,False,False,False,False,False,False,False,Lundi-14-16h,NON,Lundi,2020-03-23 14:00
2291,282,True,False,True,True,False,False,False,False,False,False,False,False,False,False,Lundi-14-16h,OUI,Lundi,2020-03-23 14:00
2292,147,False,False,False,False,False,False,False,False,False,False,False,False,False,False,Lundi-14-16h,NON,Lundi,2020-03-23 14:00
2293,238,False,False,False,False,False,False,False,False,False,False,False,True,False,False,Lundi-14-16h,NON,Lundi,2020-03-23 14:00
2294,201,False,False,False,False,False,False,False,False,False,False,False,False,False,False,Lundi-14-16h,NON,Lundi,2020-03-23 14:00
2295,152,False,True,False,False,False,False,False,False,False,False,False,False,False,False,Lundi-14-16h,NON,Lundi,2020-03-23 14:00
2296,222,False,False,False,False,False,True,False,False,True,True,False,False,False,False,Lundi-14-16h,NON,Lundi,2020-03-23 14:00
2297,106,False,False,False,False,False,True,False,False,False,False,False,True,False,False,Lundi-14-16h,NON,Lundi,2020-03-23 14:00
2298,133,False,False,True,False,True,False,False,False,False,False,False,False,False,False,Lundi-14-16h,NON,Lundi,2020-03-23 14:00
2299,163,False,False,False,False,True,False,False,False,False,False,False,False,False,False,Lundi-14-16h,NON,Lundi,2020-03-23 14:00
2300,231,False,False,False,False,False,False,False,False,False,False,False,False,False,False,Lundi-14-16h,NON,Lundi,2020-03-23 14:00
2301,25,False,False,False,False,True,False,False,False,False,False,False,False,False,False,Lundi-14-16h,NON,Lundi,2020-03-23 14:00
2302,196,False,False,True,False,True,False,False,True,False,False,False,False,False,False,Lundi-14-16h,NON,Lundi,2020-03-23 14:00
2303,5,False,False,False,False,True,True,False,False,False,False,False,False,False,False,Lundi-14-16h,OUI,Lundi,2020-03-23 14:00
2304,90,False,True,False,False,False,False,False,False,False,False,False,False,False,False,Lundi-14-16h,NON,Lundi,2020-03-23 14:00
2305,244,True,False,True,False,False,False,False,False,False,False,False,False,False,False,Lundi-14-16h,NON,Lundi,2020-03-23 14:00
2306,107,False,True,False,False,False,True,False,False,False,False,False,False,False,False,Lundi-14-16h,OUI,Lundi,2020-03-23 14:00
2307,218,False,True,False,False,True,True,False,False,False,False,False,False,False,False,Lundi-14-16h,NON,Lundi,2020-03-23 14:00
2308,62,False,True,True,False,True,True,False,False,False,False,False,False,False,False,Lundi-14-16h,NON,Lundi,2020-03-23 14:00
2309,79,False,True,False,False,False,False,False,False,False,False,False,False,False,False,Lundi-14-16h,NON,Lundi,2020-03-23 14:00
2310,208,False,False,False,False,False,True,False,False,False,False,False,False,False,False,Lundi-14-16h,NON,Lundi,2020-03-23 14:00
2311,270,False,False,False,False,False,False,False,False,True,False,False,False,False,False,Lundi-14-16h,OUI,Lundi,2020-03-23 14:00
2312,166,True,False,False,False,True,True,False,False,False,False,False,False,False,False,Lundi-14-16h,OUI,Lundi,2020-03-23 14:00
2313,77,False,False,True,False,True,False,False,False,False,False,False,False,False,False,Lundi-14-16h,NON,Lundi,2020-03-23 14:00
2314,29,False,False,False,False,False,True,False,False,False,False,False,True,False,False,Lundi-14-16h,NON,Lundi,2020-03-23 14:00
2315,240,False,False,False,False,False,True,False,False,False,False,False,False,False,False,Lundi-14-16h,NON,Lundi,2020-03-23 14:00
2316,184,False,True,False,False,False,False,False,False,False,False,False,False,False,False,Lundi-14-16h,OUI,Lundi,2020-03-23 14:00
2317,277,False,True,True,False,False,True,False,False,False,False,False,False,False,False,Lundi-14-16h,OUI,Lundi,2020-03-23 14:00
2318,80,True,False,False,False,False,True,False,False,False,True,False,False,False,False,Lundi-14-16h,NON,Lundi,2020-03-23 14:00
2319,185,True,True,True,False,False,True,False,False,False,False,True,False,True,False,Lundi-14-16h,NON,Lundi,2020-03-23 14:00
2320,204,False,False,False,False,True,True,False,False,False,False,False,True,False,False,Lundi-14-16h,OUI,Lundi,2020-03-23 14:00
2321,252,True,True,True,False,False,True,False,False,False,False,False,False,False,False,Lundi-14-16h,NON,Lundi,2020-03-23 14:00
2322,26,False,False,False,False,True,False,False,False,False,False,False,False,False,False,Lundi-14-16h,NON,Lundi,2020-03-23 14:00
2323,70,False,False,False,False,True,False,False,False,False,False,False,True,False,False,Lundi-14-16h,OUI,Lundi,2020-03-23 14:00
2324,233,False,False,False,False,True,False,False,False,False,False,False,False,False,False,Lundi-14-16h,OUI,Lundi,2020-03-23 14:00
2325,37,True,True,True,False,True,True,False,False,False,False,False,False,False,False,Lundi-14-16h,NON,Lundi,2020-03-23 14:00
2326,185,False,False,True,False,False,False,False,False,False,False,False,False,False,False,Lundi-14-16h,OUI,Lundi,2020-03-23 14:00
2327,138,True,False,False,False,True,True,False,False,False,False,False,False,False,False,Lundi-14-16h,NON,Lundi,2020-03-23 14:00
2328,224,True,False,True,False,False,False,False,False,False,False,False,False,False,False,Lundi-14-16h,NON,Lundi,2020-03-23 14:00
2329,66,False,False,False,False,True,True,False,False,False,False,False,False,True,False,Lundi-14-16h,OUI,Lundi,2020-03-23 14:00
2330,211,False,False,True,False,False,False,False,False,False,False,False,False,True,False,Lundi-14-16h,NON,Lundi,2020-03-23 14:00
2331,14,False,False,False,False,True,True,False,False,False,False,False,False,False,False,Lundi-14-16h,NON,Lundi,2020-03-23 14:00
2332,145,False,False,False,False,True,False,False,False,False,False,False,False,False,False,Lundi-14-16h,NON,Lundi,2020-03-23 14:00
2333,36,False,False,False,False,False,False,False,False,False,False,False,True,False,False,Lundi-14-16h,NON,Lundi,2020-03-23 14:00
2334,60,True,True,True,False,False,True,False,False,False,False,False,False,False,False,Lundi-14-16h,NON,Lundi,2020-03-23 14:00
2335,137,True,True,True,False,False,True,False,False,False,False,True,False,False,False,Lundi-14-16h,OUI,Lundi,2020-03-23 14:00
2336,285,False,True,False,False,True,True,False,False,False,False,False,False,False,False,Lundi-14-16h,OUI,Lundi,2020-03-23 14:00
2337,40,False,True,True,False,True,True,False,False,False,False,False,False,False,False,Lundi-14-16h,OUI,Lundi,2020-03-23 14:00
2338,97,False,False,False,False,False,True,False,False,False,False,False,False,False,False,Lundi-14-16h,NON,Lundi,2020-03-23 14:00
2339,109,True,False,True,True,False,False,False,False,False,False,False,False,False,False,Lundi-14-16h,NON,Lundi,2020-03-23 14:00
2340,10,False,False,False,False,False,False,False,False,False,False,False,False,False,False,Lundi-14-16h,NON,Lundi,2020-03-23 14:00
2341,256,False,False,False,False,False,False,False,False,False,False,False,True,False,False,Lundi-14-16h,NON,Lundi,2020-03-23 14:00
2342,141,True,True,True,False,False,False,False,False,False,False,True,False,False,False,Lundi-14-16h,NON,Lundi,2020-03-23 14:00
2343,28,False,False,False,False,False,False,False,False,False,False,False,False,False,False,Lundi-14-16h,NON,Lundi,2020-03-23 14:00
2344,101,True,True,True,True,True,True,False,False,False,False,False,False,False,False,Lundi-14-16h,OUI,Lundi,2020-03-23 14:00
2345,48,True,False,True,False,True,False,False,False,False,False,False,False,True,False,Lundi-14-16h,NON,Lundi,2020-03-23 14:00
2346,27,False,False,False,False,False,True,False,False,False,False,False,False,False,False,Lundi-14-16h,NON,Lundi,2020-03-23 14:00
2347,142,True,False,True,False,False,False,False,False,False,False,True,False,True,False,Lundi-14-16h,NON,Lundi,2020-03-23 14:00
2348,234,False,False,True,False,False,False,False,False,False,False,True,False,False,False,Lundi-14-16h,NON,Lundi,2020-03-23 14:00
2349,23,False,False,False,False,True,False,False,False,False,False,False,False,False,False,Lundi-14-16h,NON,Lundi,2020-03-23 14:00
2350,195,False,False,False,False,True,False,False,False,True,False,False,False,False,False,Lundi-14-16h,NON,Lundi,2020-03-23 14:00
2351,275,False,False,False,False,False,False,False,False,False,False,False,True,False,False,Lundi-14-16h,NON,Lundi,2020-03-23 14:00
2352,226,False,False,False,False,True,True,False,False,False,False,False,False,False,False,Lundi-14-16h,NON,Lundi,2020-03-23 14:00
2353,207,False,False,True,False,False,False,False,False,False,False,False,False,False,False,Lundi-14-16h,NON,Lundi,2020-03-23 14:00
2354,57,False,False,False,False,False,False,False,False,False,False,False,False,False,False,Lundi-14-16h,NON,Lundi,2020-03-23 14:00
2355,4,False,True,False,False,False,True,False,False,False,False,False,False,False,False,Lundi-14-16h,NON,Lundi,2020-03-23 14:00
2356,265,False,False,False,False,False,True,False,False,False,False,False,False,False,False,Lundi-14-16h,OUI,Lundi,2020-03-23 14:00
2357,88,False,True,False,False,False,False,False,False,False,False,False,False,False,False,Lundi-14-16h,NON,Lundi,2020-03-23 14:00
2358,198,False,False,False,False,False,False,False,False,False,False,True,False,False,False,Lundi-14-16h,NON,Lundi,2020-03-23 14:00
2359,249,True,True,True,False,False,False,False,False,False,False,False,False,False,False,Lundi-14-16h,NON,Lundi,2020-03-23 14:00
2360,263,False,False,False,False,True,True,False,False,False,False,False,False,False,False,Lundi-14-16h,NON,Lundi,2020-03-23 14:00
2361,217,True,False,True,False,False,False,False,False,False,False,False,False,True,False,Lundi-14-16h,NON,Lundi,2020-03-23 14:00
2362,278,False,False,False,False,True,True,False,False,False,False,False,False,False,False,Lundi-14-16h,NON,Lundi,2020-03-23 14:00
2363,189,False,True,False,False,False,False,False,False,False,False,False,False,False,False,Lundi-14-16h,NON,Lundi,2020-03-23 14:00
2364,61,True,False,True,False,False,False,False,False,False,False,False,False,False,False,Lundi-14-16h,NON,Lundi,2020-03-23 14:00
2365,251,False,False,False,False,False,False,False,False,False,False,False,False,True,False,Lundi-14-16h,NON,Lundi,2020-03-23 14:00
2366,281,False,True,False,False,False,False,False,False,False,False,False,False,False,False,Lundi-14-16h,NON,Lundi,2020-03-23 14:00
2367,134,False,True,False,False,False,False,False,False,False,False,False,False,False,False,Lundi-14-16h,NON,Lundi,2020-03-23 14:00
2368,293,False,True,False,False,False,True,False,False,False,False,False,False,False,False,Lundi-14-16h,NON,Lundi,2020-03-23 14:00
2369,279,True,True,True,True,False,True,False,False,False,False,False,False,False,False,Lundi-14-16h,NON,Lundi,2020-03-23 14:00
2370,81,True,False,True,True,False,False,False,True,False,False,False,False,False,False,Lundi-14-16h,NON,Lundi,2020-03-23 14:00
2371,92,True,False,False,True,False,False,False,False,False,False,True,False,False,False,Lundi-14-16h,NON,Lundi,2020-03-23 14:00
2372,147,False,False,False,False,False,False,False,False,False,False,False,False,False,False,Lundi-14-16h,NON,Lundi,2020-03-23 14:00
2373,33,False,True,False,False,True,False,False,False,False,False,False,False,False,False,Lundi-14-16h,NON,Lundi,2020-03-23 14:00
2374,266,False,False,False,False,False,False,False,False,False,False,False,False,False,False,Lundi-14-16h,NON,Lundi,2020-03-23 14:00
2375,225,True,False,False,False,False,True,False,False,False,False,False,False,False,False,Lundi-14-16h,NON,Lundi,2020-03-23 14:00
2376,83,True,False,True,False,False,False,False,False,False,False,False,False,False,False,Lundi-14-16h,OUI,Lundi,2020-03-23 14:00
2377,95,False,False,False,False,True,True,False,True,False,False,False,False,False,False,Lundi-14-16h,NON,Lundi,2020-03-23 14:00
2378,127,False,False,False,False,True,False,False,False,False,False,False,False,False,False,Lundi-14-16h,NON,Lundi,2020-03-23 14:00
2379,20,False,False,False,False,False,False,False,False,False,False,False,False,False,False,Lundi-14-16h,NON,Lundi,2020-03-23 14:00
2380,89,False,False,False,False,False,False,False,False,True,False,False,False,False,False,Lundi-14-16h,OUI,Lundi,2020-03-23 14:00
2381,120,False,True,True,False,True,True,False,True,False,False,True,False,False,False,Lundi-14-16h,NON,Lundi,2020-03-23 14:00
2382,253,False,False,False,False,True,True,False,False,False,False,False,True,False,False,Lundi-14-16h,NON,Lundi,2020-03-23 14:00
2383,52,False,False,True,False,False,False,False,False,False,False,False,False,False,False,Lundi-14-16h,OUI,Lundi,2020-03-23 14:00
2384,168,True,False,True,False,False,False,False,True,False,False,False,False,False,False,Lundi-14-16h,NON,Lundi,2020-03-23 14:00
2385,202,False,True,False,False,False,False,False,False,False,False,False,False,False,False,Lundi-14-16h,NON,Lundi,2020-03-23 14:00
2386,172,False,False,False,False,True,False,False,False,False,False,False,False,False,False,Lundi-14-16h,NON,Lundi,2020-03-23 14:00
2387,239,False,False,False,False,True,True,False,False,False,False,False,False,False,False,Lundi-14-16h,NON,Lundi,2020-03-23 14:00
2388,85,False,False,False,False,True,False,False,False,False,False,False,False,False,False,Lundi-14-16h,NON,Lundi,2020-03-23 14:00
2389,215,False,False,False,False,False,False,False,False,True,False,False,False,False,False,Lundi-14-16h,NON,Lundi,2020-03-23 14:00
2390,260,True,False,True,False,False,False,False,False,False,False,False,False,False,False,Lundi-14-16h,NON,Lundi,2020-03-23 14:00
2391,286,True,True,False,False,True,False,False,False,False,False,False,False,False,False,Lundi-14-16h,NON,Lundi,2020-03-23 14:00
2392,72,False,True,False,False,False,False,False,False,False,False,False,False,False,False,Lundi-16-18h,OUI,Lundi,2020-03-23 16:00
2393,167,True,True,True,True,True,True,False,False,False,False,False,False,False,False,Lundi-16-18h,OUI,Lundi,2020-03-23 16:00
2394,130,True,False,True,False,False,False,False,True,False,False,False,False,True,True,Lundi-16-18h,OUI,Lundi,2020-03-23 16:00
2395,288,True,True,True,False,True,False,False,False,False,False,False,False,False,False,Lundi-16-18h,OUI,Lundi,2020-03-23 16:00
2396,59,False,False,False,False,False,True,False,False,False,False,False,False,False,False,Lundi-16-18h,OUI,Lundi,2020-03-23 16:00
2397,178,True,False,False,False,False,False,False,False,False,False,True,False,False,False,Lundi-16-18h,OUI,Lundi,2020-03-23 16:00
2398,254,False,False,False,False,False,False,False,False,False,False,False,True,False,False,Lundi-16-18h,NON,Lundi,2020-03-23 16:00
2399,34,False,False,False,False,False,False,False,False,False,False,False,False,False,False,Lundi-16-18h,NON,Lundi,2020-03-23 16:00
2400,264,False,False,False,False,True,True,True,False,False,False,False,False,False,False,Lundi-16-18h,OUI,Lundi,2020-03-23 16:00
2401,158,True,False,False,False,True,False,False,False,False,True,False,False,False,False,Lundi-16-18h,OUI,Lundi,2020-03-23 16:00
2402,210,False,True,False,False,True,True,False,False,False,False,False,False,False,False,Lundi-16-18h,OUI,Lundi,2020-03-23 16:00
2403,93,False,False,False,False,True,False,False,False,False,False,False,False,True,False,Lundi-16-18h,OUI,Lundi,2020-03-23 16:00
2404,144,True,False,True,False,True,False,False,False,False,False,False,False,False,False,Lundi-16-18h,NON,Lundi,2020-03-23 16:00
2405,164,False,True,False,False,True,True,False,False,False,False,False,False,False,False,Lundi-16-18h,OUI,Lundi,2020-03-23 16:00
2406,289,False,False,False,False,True,True,False,False,False,False,False,False,False,False,Lundi-16-18h,NON,Lundi,2020-03-23 16:00
2407,50,False,False,False,False,False,False,False,False,False,False,False,False,False,False,Lundi-16-18h,NON,Lundi,2020-03-23 16:00
2408,51,True,True,False,False,True,False,False,False,False,False,False,False,False,False,Lundi-16-18h,OUI,Lundi,2020-03-23 16:00
2409,247,False,False,True,False,False,False,False,False,False,False,False,False,False,False,Lundi-16-18h,OUI,Lundi,2020-03-23 16:00
2410,159,False,False,False,False,False,False,False,True,False,False,False,False,False,False,Lundi-16-18h,NON,Lundi,2020-03-23 16:00
2411,54,False,False,False,False,False,True,False,False,False,False,False,False,False,False,Lundi-16-18h,NON,Lundi,2020-03-23 16:00
2412,55,True,False,False,False,True,True,False,True,False,False,False,False,False,False,Lundi-16-18h,NON,Lundi,2020-03-23 16:00
2413,257,False,False,False,False,True,False,False,False,False,False,False,False,False,False,Lundi-16-18h,NON,Lundi,2020-03-23 16:00
2414,67,False,False,False,False,False,False,False,False,False,False,False,False,False,False,Lundi-16-18h,NON,Lundi,2020-03-23 16:00
2415,71,True,False,True,False,False,False,False,False,False,False,False,False,False,False,Lundi-16-18h,NON,Lundi,2020-03-23 16:00
2416,280,False,False,False,False,False,True,False,False,False,False,False,False,False,False,Lundi-16-18h,OUI,Lundi,2020-03-23 16:00
2417,283,True,True,False,False,False,False,False,False,False,False,False,False,False,False,Lundi-16-18h,OUI,Lundi,2020-03-23 16:00
2418,154,False,False,False,False,True,True,False,False,False,False,False,True,False,False,Lundi-16-18h,OUI,Lundi,2020-03-23 16:00
2419,171,False,False,False,False,False,False,False,False,False,False,False,True,False,False,Lundi-16-18h,OUI,Lundi,2020-03-23 16:00
2420,131,False,False,True,False,False,False,False,False,False,False,False,False,False,False,Lundi-16-18h,OUI,Lundi,2020-03-23 16:00
2421,237,True,False,False,False,False,True,True,False,False,False,False,False,True,False,Lundi-16-18h,NON,Lundi,2020-03-23 16:00
2422,75,False,False,False,False,True,True,False,False,False,False,False,False,False,False,Lundi-16-18h,NON,Lundi,2020-03-23 16:00
2423,235,True,False,False,False,True,False,False,False,False,False,False,False,False,False,Lundi-16-18h,NON,Lundi,2020-03-23 16:00
2424,180,False,False,False,False,True,True,False,False,False,False,False,False,False,False,Lundi-16-18h,OUI,Lundi,2020-03-23 16:00
2425,219,False,False,False,False,False,True,False,False,False,False,False,False,False,False,Lundi-16-18h,OUI,Lundi,2020-03-23 16:00
2426,250,False,False,False,False,False,False,False,False,True,False,False,False,False,False,Lundi-16-18h,OUI,Lundi,2020-03-23 16:00
2427,267,True,True,False,False,False,False,False,False,False,False,False,False,False,False,Lundi-16-18h,OUI,Lundi,2020-03-23 16:00
2428,160,False,True,False,False,False,True,False,False,False,False,False,False,False,False,Lundi-16-18h,NON,Lundi,2020-03-23 16:00
2429,182,False,True,False,False,True,True,True,False,False,False,False,False,False,False,Lundi-16-18h,OUI,Lundi,2020-03-23 16:00
2430,143,False,False,False,False,False,False,False,True,False,False,True,False,False,False,Lundi-16-18h,OUI,Lundi,2020-03-23 16:00
2431,223,True,True,False,False,False,False,False,False,False,False,False,False,False,False,Lundi-16-18h,OUI,Lundi,2020-03-23 16:00
2432,192,True,False,True,False,False,False,False,False,False,False,False,False,False,False,Lundi-16-18h,NON,Lundi,2020-03-23 16:00
2433,30,False,False,True,False,False,False,False,True,False,False,False,False,False,False,Lundi-16-18h,OUI,Lundi,2020-03-23 16:00
2434,125,True,False,False,False,True,False,False,True,False,False,False,False,False,False,Lundi-16-18h,NON,Lundi,2020-03-23 16:00
2435,39,False,False,True,False,True,False,False,True,False,False,False,False,False,False,Lundi-16-18h,OUI,Lundi,2020-03-23 16:00
2436,113,True,False,True,False,False,False,False,False,False,False,False,False,False,False,Lundi-16-18h,NON,Lundi,2020-03-23 16:00
2437,121,True,False,True,False,False,False,False,True,False,False,False,False,False,False,Lundi-16-18h,NON,Lundi,2020-03-23 16:00
2438,228,False,False,False,False,False,False,False,False,False,False,True,False,False,False,Lundi-16-18h,NON,Lundi,2020-03-23 16:00
2439,290,False,False,False,False,False,False,False,False,True,False,False,False,False,False,Lundi-16-18h,NON,Lundi,2020-03-23 16:00
2440,197,False,False,True,False,True,False,False,False,False,False,False,False,False,False,Lundi-16-18h,NON,Lundi,2020-03-23 16:00
2441,31,True,True,True,False,False,True,False,False,False,False,False,False,False,False,Lundi-16-18h,OUI,Lundi,2020-03-23 16:00
2442,173,True,False,False,False,True,True,False,True,False,False,False,False,False,False,Lundi-16-18h,NON,Lundi,2020-03-23 16:00
2443,74,True,False,False,True,False,False,False,True,False,False,True,False,False,False,Lundi-16-18h,NON,Lundi,2020-03-23 16:00
2444,15,False,False,True,False,False,False,False,False,False,False,False,False,False,False,Lundi-16-18h,NON,Lundi,2020-03-23 16:00
2445,45,True,False,False,False,True,True,False,True,False,False,False,False,False,False,Lundi-16-18h,NON,Lundi,2020-03-23 16:00
2446,63,False,False,True,False,False,False,False,False,False,False,False,False,False,False,Lundi-16-18h,NON,Lundi,2020-03-23 16:00
2447,3,False,False,False,False,False,True,False,False,False,False,False,True,False,False,Lundi-16-18h,OUI,Lundi,2020-03-23 16:00
2448,21,True,False,True,False,False,False,False,False,False,False,False,False,False,False,Lundi-16-18h,OUI,Lundi,2020-03-23 16:00
2449,78,False,True,True,False,True,True,False,True,False,False,False,False,False,False,Lundi-16-18h,NON,Lundi,2020-03-23 16:00
2450,47,False,True,False,False,False,False,False,False,False,False,False,False,False,False,Lundi-16-18h,NON,Lundi,2020-03-23 16:00
2451,151,True,True,False,False,True,False,False,True,False,False,False,False,False,False,Lundi-16-18h,NON,Lundi,2020-03-23 16:00
2452,6,True,False,True,False,False,False,False,False,False,False,False,False,False,False,Lundi-16-18h,NON,Lundi,2020-03-23 16:00
2453,135,True,False,True,False,False,False,False,False,False,False,False,False,True,False,Lundi-16-18h,NON,Lundi,2020-03-23 16:00
2454,221,False,False,False,False,True,True,False,False,False,False,False,False,False,False,Lundi-16-18h,NON,Lundi,2020-03-23 16:00
2455,170,False,False,True,False,False,False,False,False,False,False,True,False,False,True,Lundi-16-18h,NON,Lundi,2020-03-23 16:00
2456,129,False,True,False,False,False,False,False,False,False,False,False,False,False,False,Lundi-16-18h,NON,Lundi,2020-03-23 16:00
2457,132,True,True,True,False,False,True,False,False,False,False,False,False,False,False,Lundi-16-18h,OUI,Lundi,2020-03-23 16:00
2458,110,False,True,False,False,False,False,False,False,False,False,False,False,False,False,Lundi-16-18h,OUI,Lundi,2020-03-23 16:00
2459,191,False,False,False,False,False,True,False,False,False,False,False,False,False,False,Lundi-16-18h,NON,Lundi,2020-03-23 16:00
2460,94,True,True,True,False,False,True,False,False,False,False,True,False,True,False,Lundi-16-18h,OUI,Lundi,2020-03-23 16:00
2461,108,False,False,False,False,False,True,True,False,False,False,False,False,False,False,Lundi-16-18h,OUI,Lundi,2020-03-23 16:00
2462,236,False,False,False,False,True,True,False,False,False,False,False,False,False,False,Lundi-16-18h,OUI,Lundi,2020-03-23 16:00
2463,42,True,False,True,False,True,False,False,False,False,False,False,False,False,False,Lundi-16-18h,OUI,Lundi,2020-03-23 16:00
2464,155,True,False,False,False,True,False,False,False,False,False,False,False,False,False,Lundi-16-18h,NON,Lundi,2020-03-23 16:00
2465,1,False,False,False,False,False,False,False,False,False,False,False,False,False,False,Lundi-16-18h,NON,Lundi,2020-03-23 16:00
2466,58,False,True,True,False,False,True,False,False,False,False,True,False,False,False,Lundi-16-18h,OUI,Lundi,2020-03-23 16:00
2467,0,False,True,False,False,False,False,False,False,False,False,False,False,False,False,Lundi-16-18h,NON,Lundi,2020-03-23 16:00
2468,269,False,False,False,False,False,False,False,False,False,False,False,False,False,False,Lundi-16-18h,NON,Lundi,2020-03-23 16:00
2469,2,True,False,True,False,False,False,False,False,False,False,False,False,False,False,Lundi-16-18h,NON,Lundi,2020-03-23 16:00
2470,103,False,False,False,False,True,False,False,False,False,False,False,False,False,False,Lundi-16-18h,OUI,Lundi,2020-03-23 16:00
2471,12,False,True,False,False,True,False,False,False,False,False,False,False,False,False,Lundi-16-18h,NON,Lundi,2020-03-23 16:00
2472,245,True,False,False,False,True,True,False,True,False,False,False,False,False,False,Lundi-16-18h,OUI,Lundi,2020-03-23 16:00
2473,161,False,False,True,False,False,False,False,False,False,False,True,False,False,False,Lundi-16-18h,OUI,Lundi,2020-03-23 16:00
2474,38,False,False,False,False,False,False,False,False,True,False,False,False,False,False,Lundi-16-18h,NON,Lundi,2020-03-23 16:00
2475,122,False,False,False,False,False,False,False,False,False,False,False,False,False,False,Lundi-16-18h,NON,Lundi,2020-03-23 16:00
2476,248,False,False,True,False,False,False,False,False,False,False,False,False,True,False,Lundi-16-18h,NON,Lundi,2020-03-23 16:00
2477,271,False,True,True,False,False,True,False,False,False,False,False,False,False,False,Lundi-16-18h,OUI,Lundi,2020-03-23 16:00
2478,116,False,False,True,False,False,False,False,False,False,False,False,False,False,False,Lundi-16-18h,OUI,Lundi,2020-03-23 16:00
2479,117,True,True,True,True,False,True,False,False,False,False,False,False,False,False,Lundi-16-18h,NON,Lundi,2020-03-23 16:00
2480,213,False,False,False,False,True,True,False,True,False,False,False,False,False,False,Lundi-16-18h,NON,Lundi,2020-03-23 16:00
2481,220,False,True,True,False,False,True,False,False,False,False,False,False,False,False,Lundi-16-18h,OUI,Lundi,2020-03-23 16:00
2482,176,False,False,True,False,False,False,False,False,False,False,False,False,False,False,Lundi-16-18h,OUI,Lundi,2020-03-23 16:00
2483,96,False,False,False,False,True,True,False,False,False,True,False,False,False,False,Lundi-16-18h,NON,Lundi,2020-03-23 16:00
2484,214,False,False,False,False,True,True,False,False,False,True,False,False,False,False,Lundi-16-18h,OUI,Lundi,2020-03-23 16:00
2485,11,True,False,False,True,False,False,False,False,False,False,True,False,False,False,Lundi-16-18h,NON,Lundi,2020-03-23 16:00
2486,255,True,False,True,False,False,False,False,True,False,False,False,False,False,False,Lundi-16-18h,OUI,Lundi,2020-03-23 16:00
2487,86,False,False,True,False,False,False,False,False,False,False,False,False,False,False,Lundi-16-18h,OUI,Lundi,2020-03-23 16:00
2488,209,True,False,False,False,True,True,False,True,False,False,False,False,False,False,Lundi-16-18h,OUI,Lundi,2020-03-23 16:00
2489,291,False,False,False,False,False,True,False,False,True,False,False,False,False,False,Lundi-16-18h,OUI,Lundi,2020-03-23 16:00
2490,287,False,False,False,False,False,False,False,False,False,False,False,True,False,False,Lundi-16-18h,NON,Lundi,2020-03-23 16:00
2491,104,False,False,False,False,True,True,False,False,False,False,False,False,False,False,Lundi-16-18h,OUI,Lundi,2020-03-23 16:00
2492,18,False,False,False,False,True,False,False,False,False,False,False,False,False,False,Lundi-16-18h,OUI,Lundi,2020-03-23 16:00
2493,123,False,True,False,False,True,True,False,False,False,False,False,False,False,False,Lundi-16-18h,OUI,Lundi,2020-03-23 16:00
2494,136,False,False,False,False,True,False,False,False,False,False,False,False,False,False,Lundi-16-18h,OUI,Lundi,2020-03-23 16:00
2495,276,True,False,True,False,False,False,False,False,False,False,False,False,False,False,Lundi-16-18h,NON,Lundi,2020-03-23 16:00
2496,53,False,False,False,False,True,True,False,False,False,False,False,False,False,False,Lundi-16-18h,OUI,Lundi,2020-03-23 16:00
2497,179,True,False,True,False,False,False,False,False,False,False,False,False,False,False,Lundi-16-18h,OUI,Lundi,2020-03-23 16:00
2498,200,False,False,False,False,False,False,False,False,False,False,False,False,False,False,Lundi-16-18h,NON,Lundi,2020-03-23 16:00
2499,73,False,False,False,False,False,False,False,False,False,False,False,False,False,False,Lundi-16-18h,NON,Lundi,2020-03-23 16:00
2500,156,False,False,False,False,True,True,False,False,False,False,False,False,False,False,Lundi-16-18h,NON,Lundi,2020-03-23 16:00
2501,128,True,True,True,False,False,True,False,False,False,False,False,False,False,False,Lundi-16-18h,NON,Lundi,2020-03-23 16:00
2502,118,False,False,False,False,False,False,False,False,False,False,False,False,False,False,Lundi-16-18h,NON,Lundi,2020-03-23 16:00
2503,112,True,False,True,False,False,False,False,False,False,False,False,False,False,False,Lundi-16-18h,NON,Lundi,2020-03-23 16:00
2504,35,False,False,False,False,True,True,False,False,False,False,False,False,False,False,Lundi-16-18h,NON,Lundi,2020-03-23 16:00
2505,32,False,False,False,False,False,False,False,False,False,False,False,True,False,False,Lundi-16-18h,NON,Lundi,2020-03-23 16:00
2506,199,True,False,True,False,False,False,False,False,False,False,False,False,False,False,Lundi-16-18h,OUI,Lundi,2020-03-23 16:00
2507,153,True,False,False,False,True,True,False,False,False,False,False,False,False,False,Lundi-16-18h,NON,Lundi,2020-03-23 16:00
2508,82,False,False,True,False,False,False,False,False,False,False,False,False,False,False,Lundi-16-18h,NON,Lundi,2020-03-23 16:00
2509,292,False,True,False,False,False,False,False,False,False,False,False,False,False,False,Lundi-16-18h,NON,Lundi,2020-03-23 16:00
2510,169,False,False,False,True,False,False,False,False,False,False,False,False,False,False,Lundi-16-18h,OUI,Lundi,2020-03-23 16:00
2511,16,False,False,False,False,True,True,False,False,False,False,False,False,False,False,Lundi-16-18h,OUI,Lundi,2020-03-23 16:00
2512,46,True,True,True,False,False,True,True,False,False,False,False,False,False,False,Lundi-16-18h,NON,Lundi,2020-03-23 16:00
2513,216,False,True,False,False,False,True,False,False,False,False,False,False,False,False,Lundi-16-18h,OUI,Lundi,2020-03-23 16:00
2514,174,False,True,True,False,False,True,False,False,False,False,True,False,False,False,Lundi-16-18h,OUI,Lundi,2020-03-23 16:00
2515,43,False,False,False,False,True,False,False,False,False,False,False,False,False,False,Lundi-16-18h,NON,Lundi,2020-03-23 16:00
2516,165,False,False,False,False,True,True,False,False,False,False,False,False,False,False,Lundi-16-18h,NON,Lundi,2020-03-23 16:00
2517,126,False,True,False,False,False,True,False,False,False,False,False,False,False,False,Lundi-16-18h,NON,Lundi,2020-03-23 16:00
2518,41,False,False,False,False,False,True,False,False,True,False,False,False,False,False,Lundi-16-18h,NON,Lundi,2020-03-23 16:00
2519,157,False,False,True,False,False,False,False,False,False,False,False,False,False,False,Lundi-16-18h,OUI,Lundi,2020-03-23 16:00
2520,272,False,True,True,False,False,False,True,False,False,False,True,False,True,True,Lundi-16-18h,NON,Lundi,2020-03-23 16:00
2521,115,True,False,True,False,False,False,False,False,False,False,False,False,False,False,Lundi-16-18h,OUI,Lundi,2020-03-23 16:00
2522,84,False,False,False,False,False,False,False,False,False,False,False,True,False,False,Lundi-16-18h,NON,Lundi,2020-03-23 16:00
2523,183,True,True,True,True,False,False,False,False,False,False,False,False,False,False,Lundi-16-18h,OUI,Lundi,2020-03-23 16:00
2524,65,True,True,False,False,False,True,False,False,False,False,False,False,False,False,Lundi-16-18h,NON,Lundi,2020-03-23 16:00
2525,105,True,False,False,False,False,False,False,False,False,False,False,False,False,False,Lundi-16-18h,OUI,Lundi,2020-03-23 16:00
2526,187,True,False,False,False,False,True,False,False,False,False,False,False,False,False,Lundi-16-18h,NON,Lundi,2020-03-23 16:00
2527,139,True,False,True,False,False,False,False,False,False,False,False,False,False,False,Lundi-16-18h,NON,Lundi,2020-03-23 16:00
2528,259,False,False,False,False,True,True,False,False,False,False,False,False,False,False,Lundi-16-18h,OUI,Lundi,2020-03-23 16:00
2529,124,True,False,True,False,False,False,False,False,False,False,True,False,False,False,Lundi-16-18h,OUI,Lundi,2020-03-23 16:00
2530,98,False,False,False,False,False,True,False,False,False,False,False,True,False,False,Lundi-16-18h,NON,Lundi,2020-03-23 16:00
2531,284,False,True,True,False,False,True,False,False,False,False,False,False,True,False,Lundi-16-18h,OUI,Lundi,2020-03-23 16:00
2532,148,True,False,True,False,True,False,False,True,False,False,False,False,False,False,Lundi-16-18h,OUI,Lundi,2020-03-23 16:00
2533,258,True,False,True,False,False,False,False,False,False,False,False,False,False,False,Lundi-16-18h,NON,Lundi,2020-03-23 16:00
2534,175,False,False,False,False,False,True,False,False,False,False,False,False,False,False,Lundi-16-18h,NON,Lundi,2020-03-23 16:00
2535,119,False,False,False,False,False,False,False,False,False,False,True,False,False,False,Lundi-16-18h,NON,Lundi,2020-03-23 16:00
2536,229,True,False,True,False,False,False,False,True,False,False,False,False,False,False,Lundi-16-18h,OUI,Lundi,2020-03-23 16:00
2537,230,False,False,False,False,False,True,True,False,False,False,False,False,False,False,Lundi-16-18h,NON,Lundi,2020-03-23 16:00
2538,17,True,False,False,False,False,True,True,False,False,False,False,False,False,False,Lundi-16-18h,OUI,Lundi,2020-03-23 16:00
2539,177,False,False,False,False,False,False,False,False,False,False,False,False,False,False,Lundi-16-18h,NON,Lundi,2020-03-23 16:00
2540,7,False,False,False,False,False,False,False,False,False,False,False,False,False,False,Lundi-16-18h,NON,Lundi,2020-03-23 16:00
2541,241,False,False,True,False,False,False,False,False,False,False,False,False,False,False,Lundi-16-18h,NON,Lundi,2020-03-23 16:00
2542,8,True,False,False,False,True,True,False,True,False,False,False,False,False,False,Lundi-16-18h,NON,Lundi,2020-03-23 16:00
2543,268,False,True,False,False,False,True,False,False,False,False,False,False,False,False,Lundi-16-18h,OUI,Lundi,2020-03-23 16:00
2544,294,False,False,True,False,True,False,False,False,False,False,False,False,False,False,Lundi-16-18h,OUI,Lundi,2020-03-23 16:00
2545,242,True,False,False,False,True,True,False,False,False,False,False,False,False,False,Lundi-16-18h,NON,Lundi,2020-03-23 16:00
2546,194,False,False,False,False,False,True,False,False,False,False,False,False,False,False,Lundi-16-18h,NON,Lundi,2020-03-23 16:00
2547,243,False,False,False,False,True,True,False,False,False,False,False,False,False,False,Lundi-16-18h,OUI,Lundi,2020-03-23 16:00
2548,212,True,True,True,False,False,True,False,False,False,False,False,False,False,False,Lundi-16-18h,NON,Lundi,2020-03-23 16:00
2549,19,False,False,False,False,False,True,False,False,False,False,False,False,False,False,Lundi-16-18h,OUI,Lundi,2020-03-23 16:00
2550,114,False,False,False,False,True,False,False,False,False,False,False,False,False,False,Lundi-16-18h,OUI,Lundi,2020-03-23 16:00
2551,190,False,False,False,False,False,True,False,False,True,False,False,False,False,False,Lundi-16-18h,NON,Lundi,2020-03-23 16:00
2552,64,False,False,True,False,False,False,False,False,False,False,False,False,False,False,Lundi-16-18h,OUI,Lundi,2020-03-23 16:00
2553,227,False,False,False,False,False,False,False,False,False,False,False,False,False,False,Lundi-16-18h,NON,Lundi,2020-03-23 16:00
2554,232,False,False,False,False,False,True,False,False,False,False,False,False,False,False,Lundi-16-18h,OUI,Lundi,2020-03-23 16:00
2555,246,False,True,False,False,False,True,True,False,False,False,False,False,False,False,Lundi-16-18h,NON,Lundi,2020-03-23 16:00
2556,100,False,False,False,False,False,True,False,False,False,False,False,False,False,False,Lundi-16-18h,OUI,Lundi,2020-03-23 16:00
2557,13,False,False,False,False,True,False,False,False,False,False,False,False,False,False,Lundi-16-18h,NON,Lundi,2020-03-23 16:00
2558,262,True,True,True,False,False,False,False,False,False,False,False,False,False,False,Lundi-16-18h,NON,Lundi,2020-03-23 16:00
2559,76,True,True,True,False,False,True,False,False,False,False,True,False,False,False,Lundi-16-18h,OUI,Lundi,2020-03-23 16:00
2560,261,False,True,False,False,True,False,False,False,False,False,False,False,False,False,Lundi-16-18h,OUI,Lundi,2020-03-23 16:00
2561,150,False,True,False,False,False,False,False,False,False,False,False,False,False,False,Lundi-16-18h,OUI,Lundi,2020-03-23 16:00
2562,205,False,False,False,False,False,False,False,False,False,False,False,False,False,False,Lundi-16-18h,NON,Lundi,2020-03-23 16:00
2563,56,False,False,False,False,True,True,False,False,False,False,False,False,False,False,Lundi-16-18h,OUI,Lundi,2020-03-23 16:00
2564,186,False,False,False,False,True,False,False,False,False,False,False,False,False,False,Lundi-16-18h,OUI,Lundi,2020-03-23 16:00
2565,162,True,False,False,False,True,True,False,False,False,False,False,False,False,False,Lundi-16-18h,NON,Lundi,2020-03-23 16:00
2566,68,False,True,False,False,True,True,False,False,False,False,False,False,False,False,Lundi-16-18h,OUI,Lundi,2020-03-23 16:00
2567,146,False,False,False,False,False,True,False,False,False,False,False,True,False,False,Lundi-16-18h,OUI,Lundi,2020-03-23 16:00
2568,49,False,False,False,False,False,False,False,False,False,False,False,False,True,False,Lundi-16-18h,NON,Lundi,2020-03-23 16:00
2569,91,True,False,True,True,False,False,False,False,False,False,False,False,False,False,Lundi-16-18h,OUI,Lundi,2020-03-23 16:00
2570,22,False,False,False,False,False,False,False,False,False,True,False,False,False,False,Lundi-16-18h,NON,Lundi,2020-03-23 16:00
2571,151,False,False,False,False,True,False,False,False,False,False,False,False,False,False,Lundi-16-18h,NON,Lundi,2020-03-23 16:00
2572,193,False,False,False,False,True,True,False,False,False,False,False,False,False,False,Lundi-16-18h,OUI,Lundi,2020-03-23 16:00
2573,9,True,True,False,False,False,False,False,False,False,False,False,False,False,False,Lundi-16-18h,NON,Lundi,2020-03-23 16:00
2574,99,True,False,True,False,False,False,False,False,False,False,False,False,False,False,Lundi-16-18h,NON,Lundi,2020-03-23 16:00
2575,181,False,False,False,False,True,True,False,False,False,False,False,False,False,False,Lundi-16-18h,OUI,Lundi,2020-03-23 16:00
2576,111,False,False,False,False,False,True,False,True,False,False,False,False,False,False,Lundi-16-18h,OUI,Lundi,2020-03-23 16:00
2577,44,False,True,False,False,False,True,False,False,False,False,False,False,False,False,Lundi-16-18h,OUI,Lundi,2020-03-23 16:00
2578,24,False,False,False,False,True,False,False,True,False,False,False,False,False,False,Lundi-16-18h,NON,Lundi,2020-03-23 16:00
2579,102,False,False,False,False,True,True,False,True,False,False,False,False,False,False,Lundi-16-18h,NON,Lundi,2020-03-23 16:00
2580,203,True,True,False,False,False,False,False,True,False,False,False,False,False,False,Lundi-16-18h,NON,Lundi,2020-03-23 16:00
2581,140,False,False,False,False,True,True,False,True,False,False,False,False,False,False,Lundi-16-18h,OUI,Lundi,2020-03-23 16:00
2582,188,False,False,False,False,False,True,False,False,True,False,False,False,False,False,Lundi-16-18h,NON,Lundi,2020-03-23 16:00
2583,206,False,False,False,True,False,False,False,False,False,False,True,False,False,False,Lundi-16-18h,NON,Lundi,2020-03-23 16:00
2584,273,False,False,False,False,False,False,False,False,False,False,False,True,False,False,Lundi-16-18h,OUI,Lundi,2020-03-23 16:00
2585,69,True,False,True,False,False,False,False,False,False,False,False,False,False,False,Lundi-16-18h,OUI,Lundi,2020-03-23 16:00
2586,87,True,False,False,True,False,False,False,False,False,False,True,False,False,False,Lundi-16-18h,OUI,Lundi,2020-03-23 16:00
2587,83,True,False,True,False,False,False,False,False,False,False,False,False,False,False,Lundi-16-18h,OUI,Lundi,2020-03-23 16:00
2588,149,True,False,True,True,False,False,False,False,False,False,False,False,False,False,Lundi-16-18h,NON,Lundi,2020-03-23 16:00
2589,274,False,False,False,False,False,True,False,False,False,False,False,False,False,False,Lundi-16-18h,NON,Lundi,2020-03-23 16:00
2590,282,True,False,True,True,False,False,False,False,False,False,False,False,False,False,Lundi-16-18h,OUI,Lundi,2020-03-23 16:00
2591,147,False,False,False,False,False,False,False,False,False,False,False,False,False,False,Lundi-16-18h,NON,Lundi,2020-03-23 16:00
2592,238,False,False,False,False,False,False,False,False,False,False,False,True,False,False,Lundi-16-18h,NON,Lundi,2020-03-23 16:00
2593,201,False,False,False,False,False,False,False,False,False,False,False,False,False,False,Lundi-16-18h,NON,Lundi,2020-03-23 16:00
2594,152,False,True,False,False,False,False,False,False,False,False,False,False,False,False,Lundi-16-18h,NON,Lundi,2020-03-23 16:00
2595,222,False,False,False,False,False,True,False,False,True,True,False,False,False,False,Lundi-16-18h,NON,Lundi,2020-03-23 16:00
2596,106,False,False,False,False,False,True,False,False,False,False,False,True,False,False,Lundi-16-18h,NON,Lundi,2020-03-23 16:00
2597,133,False,False,True,False,True,False,False,False,False,False,False,False,False,False,Lundi-16-18h,OUI,Lundi,2020-03-23 16:00
2598,163,False,False,False,False,True,False,False,False,False,False,False,False,False,False,Lundi-16-18h,NON,Lundi,2020-03-23 16:00
2599,231,False,False,False,False,False,False,False,False,False,False,False,False,False,False,Lundi-16-18h,NON,Lundi,2020-03-23 16:00
2600,25,False,False,False,False,True,False,False,False,False,False,False,False,False,False,Lundi-16-18h,NON,Lundi,2020-03-23 16:00
2601,196,False,False,True,False,True,False,False,True,False,False,False,False,False,False,Lundi-16-18h,NON,Lundi,2020-03-23 16:00
2602,5,False,False,False,False,True,True,False,False,False,False,False,False,False,False,Lundi-16-18h,OUI,Lundi,2020-03-23 16:00
2603,90,False,True,False,False,False,False,False,False,False,False,False,False,False,False,Lundi-16-18h,NON,Lundi,2020-03-23 16:00
2604,244,True,False,True,False,False,False,False,False,False,False,False,False,False,False,Lundi-16-18h,NON,Lundi,2020-03-23 16:00
2605,107,False,True,False,False,False,True,False,False,False,False,False,False,False,False,Lundi-16-18h,OUI,Lundi,2020-03-23 16:00
2606,218,False,True,False,False,True,True,False,False,False,False,False,False,False,False,Lundi-16-18h,NON,Lundi,2020-03-23 16:00
2607,62,False,True,True,False,True,True,False,False,False,False,False,False,False,False,Lundi-16-18h,NON,Lundi,2020-03-23 16:00
2608,79,False,True,False,False,False,False,False,False,False,False,False,False,False,False,Lundi-16-18h,NON,Lundi,2020-03-23 16:00
2609,208,False,False,False,False,False,True,False,False,False,False,False,False,False,False,Lundi-16-18h,OUI,Lundi,2020-03-23 16:00
2610,270,False,False,False,False,False,False,False,False,True,False,False,False,False,False,Lundi-16-18h,OUI,Lundi,2020-03-23 16:00
2611,166,True,False,False,False,True,True,False,False,False,False,False,False,False,False,Lundi-16-18h,OUI,Lundi,2020-03-23 16:00
2612,77,False,False,True,False,True,False,False,False,False,False,False,False,False,False,Lundi-16-18h,NON,Lundi,2020-03-23 16:00
2613,29,False,False,False,False,False,True,False,False,False,False,False,True,False,False,Lundi-16-18h,NON,Lundi,2020-03-23 16:00
2614,240,False,False,False,False,False,True,False,False,False,False,False,False,False,False,Lundi-16-18h,NON,Lundi,2020-03-23 16:00
2615,184,False,True,False,False,False,False,False,False,False,False,False,False,False,False,Lundi-16-18h,OUI,Lundi,2020-03-23 16:00
2616,277,False,True,True,False,False,True,False,False,False,False,False,False,False,False,Lundi-16-18h,OUI,Lundi,2020-03-23 16:00
2617,80,True,False,False,False,False,True,False,False,False,True,False,False,False,False,Lundi-16-18h,NON,Lundi,2020-03-23 16:00
2618,185,True,True,True,False,False,True,False,False,False,False,True,False,True,False,Lundi-16-18h,NON,Lundi,2020-03-23 16:00
2619,204,False,False,False,False,True,True,False,False,False,False,False,True,False,False,Lundi-16-18h,OUI,Lundi,2020-03-23 16:00
2620,252,True,True,True,False,False,True,False,False,False,False,False,False,False,False,Lundi-16-18h,NON,Lundi,2020-03-23 16:00
2621,26,False,False,False,False,True,False,False,False,False,False,False,False,False,False,Lundi-16-18h,NON,Lundi,2020-03-23 16:00
2622,70,False,False,False,False,True,False,False,False,False,False,False,True,False,False,Lundi-16-18h,OUI,Lundi,2020-03-23 16:00
2623,233,False,False,False,False,True,False,False,False,False,False,False,False,False,False,Lundi-16-18h,OUI,Lundi,2020-03-23 16:00
2624,37,True,True,True,False,True,True,False,False,False,False,False,False,False,False,Lundi-16-18h,NON,Lundi,2020-03-23 16:00
2625,185,False,False,True,False,False,False,False,False,False,False,False,False,False,False,Lundi-16-18h,OUI,Lundi,2020-03-23 16:00
2626,138,True,False,False,False,True,True,False,False,False,False,False,False,False,False,Lundi-16-18h,NON,Lundi,2020-03-23 16:00
2627,224,True,False,True,False,False,False,False,False,False,False,False,False,False,False,Lundi-16-18h,NON,Lundi,2020-03-23 16:00
2628,66,False,False,False,False,True,True,False,False,False,False,False,False,True,False,Lundi-16-18h,OUI,Lundi,2020-03-23 16:00
2629,211,False,False,True,False,False,False,False,False,False,False,False,False,True,False,Lundi-16-18h,NON,Lundi,2020-03-23 16:00
2630,14,False,False,False,False,True,True,False,False,False,False,False,False,False,False,Lundi-16-18h,NON,Lundi,2020-03-23 16:00
2631,145,False,False,False,False,True,False,False,False,False,False,False,False,False,False,Lundi-16-18h,NON,Lundi,2020-03-23 16:00
2632,36,False,False,False,False,False,False,False,False,False,False,False,True,False,False,Lundi-16-18h,NON,Lundi,2020-03-23 16:00
2633,60,True,True,True,False,False,True,False,False,False,False,False,False,False,False,Lundi-16-18h,NON,Lundi,2020-03-23 16:00
2634,137,True,True,True,False,False,True,False,False,False,False,True,False,False,False,Lundi-16-18h,OUI,Lundi,2020-03-23 16:00
2635,285,False,True,False,False,True,True,False,False,False,False,False,False,False,False,Lundi-16-18h,OUI,Lundi,2020-03-23 16:00
2636,40,False,True,True,False,True,True,False,False,False,False,False,False,False,False,Lundi-16-18h,OUI,Lundi,2020-03-23 16:00
2637,97,False,False,False,False,False,True,False,False,False,False,False,False,False,False,Lundi-16-18h,NON,Lundi,2020-03-23 16:00
2638,109,True,False,True,True,False,False,False,False,False,False,False,False,False,False,Lundi-16-18h,NON,Lundi,2020-03-23 16:00
2639,10,False,False,False,False,False,False,False,False,False,False,False,False,False,False,Lundi-16-18h,NON,Lundi,2020-03-23 16:00
2640,256,False,False,False,False,False,False,False,False,False,False,False,True,False,False,Lundi-16-18h,NON,Lundi,2020-03-23 16:00
2641,141,True,True,True,False,False,False,False,False,False,False,True,False,False,False,Lundi-16-18h,NON,Lundi,2020-03-23 16:00
2642,28,False,False,False,False,False,False,False,False,False,False,False,False,False,False,Lundi-16-18h,NON,Lundi,2020-03-23 16:00
2643,101,True,True,True,True,True,True,False,False,False,False,False,False,False,False,Lundi-16-18h,OUI,Lundi,2020-03-23 16:00
2644,48,True,False,True,False,True,False,False,False,False,False,False,False,True,False,Lundi-16-18h,NON,Lundi,2020-03-23 16:00
2645,27,False,False,False,False,False,True,False,False,False,False,False,False,False,False,Lundi-16-18h,NON,Lundi,2020-03-23 16:00
2646,142,True,False,True,False,False,False,False,False,False,False,True,False,True,False,Lundi-16-18h,NON,Lundi,2020-03-23 16:00
2647,234,False,False,True,False,False,False,False,False,False,False,True,False,False,False,Lundi-16-18h,NON,Lundi,2020-03-23 16:00
2648,23,False,False,False,False,True,False,False,False,False,False,False,False,False,False,Lundi-16-18h,NON,Lundi,2020-03-23 16:00
2649,195,False,False,False,False,True,False,False,False,True,False,False,False,False,False,Lundi-16-18h,NON,Lundi,2020-03-23 16:00
2650,275,False,False,False,False,False,False,False,False,False,False,False,True,False,False,Lundi-16-18h,NON,Lundi,2020-03-23 16:00
2651,226,False,False,False,False,True,True,False,False,False,False,False,False,False,False,Lundi-16-18h,NON,Lundi,2020-03-23 16:00
2652,207,False,False,True,False,False,False,False,False,False,False,False,False,False,False,Lundi-16-18h,NON,Lundi,2020-03-23 16:00
2653,57,False,False,False,False,False,False,False,False,False,False,False,False,False,False,Lundi-16-18h,NON,Lundi,2020-03-23 16:00
2654,4,False,True,False,False,False,True,False,False,False,False,False,False,False,False,Lundi-16-18h,NON,Lundi,2020-03-23 16:00
2655,265,False,False,False,False,False,True,False,False,False,False,False,False,False,False,Lundi-16-18h,OUI,Lundi,2020-03-23 16:00
2656,88,False,True,False,False,False,False,False,False,False,False,False,False,False,False,Lundi-16-18h,NON,Lundi,2020-03-23 16:00
2657,198,False,False,False,False,False,False,False,False,False,False,True,False,False,False,Lundi-16-18h,NON,Lundi,2020-03-23 16:00
2658,249,True,True,True,False,False,False,False,False,False,False,False,False,False,False,Lundi-16-18h,NON,Lundi,2020-03-23 16:00
2659,263,False,False,False,False,True,True,False,False,False,False,False,False,False,False,Lundi-16-18h,NON,Lundi,2020-03-23 16:00
2660,217,True,False,True,False,False,False,False,False,False,False,False,False,True,False,Lundi-16-18h,NON,Lundi,2020-03-23 16:00
2661,278,False,False,False,False,True,True,False,False,False,False,False,False,False,False,Lundi-16-18h,NON,Lundi,2020-03-23 16:00
2662,189,False,True,False,False,False,False,False,False,False,False,False,False,False,False,Lundi-16-18h,NON,Lundi,2020-03-23 16:00
2663,61,True,False,True,False,False,False,False,False,False,False,False,False,False,False,Lundi-16-18h,NON,Lundi,2020-03-23 16:00
2664,251,False,False,False,False,False,False,False,False,False,False,False,False,True,False,Lundi-16-18h,NON,Lundi,2020-03-23 16:00
2665,281,False,True,False,False,False,False,False,False,False,False,False,False,False,False,Lundi-16-18h,NON,Lundi,2020-03-23 16:00
2666,134,False,True,False,False,False,False,False,False,False,False,False,False,False,False,Lundi-16-18h,NON,Lundi,2020-03-23 16:00
2667,293,False,True,False,False,False,True,False,False,False,False,False,False,False,False,Lundi-16-18h,NON,Lundi,2020-03-23 16:00
2668,279,True,True,True,True,False,True,False,False,False,False,False,False,False,False,Lundi-16-18h,OUI,Lundi,2020-03-23 16:00
2669,81,True,False,True,True,False,False,False,True,False,False,False,False,False,False,Lundi-16-18h,OUI,Lundi,2020-03-23 16:00
2670,92,True,False,False,True,False,False,False,False,False,False,True,False,False,False,Lundi-16-18h,NON,Lundi,2020-03-23 16:00
2671,147,False,False,False,False,False,False,False,False,False,False,False,False,False,False,Lundi-16-18h,NON,Lundi,2020-03-23 16:00
2672,33,False,True,False,False,True,False,False,False,False,False,False,False,False,False,Lundi-16-18h,NON,Lundi,2020-03-23 16:00
2673,266,False,False,False,False,False,False,False,False,False,False,False,False,False,False,Lundi-16-18h,NON,Lundi,2020-03-23 16:00
2674,225,True,False,False,False,False,True,False,False,False,False,False,False,False,False,Lundi-16-18h,NON,Lundi,2020-03-23 16:00
2675,83,True,False,True,False,False,False,False,False,False,False,False,False,False,False,Lundi-16-18h,OUI,Lundi,2020-03-23 16:00
2676,95,False,False,False,False,True,True,False,True,False,False,False,False,False,False,Lundi-16-18h,NON,Lundi,2020-03-23 16:00
2677,127,False,False,False,False,True,False,False,False,False,False,False,False,False,False,Lundi-16-18h,NON,Lundi,2020-03-23 16:00
2678,20,False,False,False,False,False,False,False,False,False,False,False,False,False,False,Lundi-16-18h,NON,Lundi,2020-03-23 16:00
2679,89,False,False,False,False,False,False,False,False,True,False,False,False,False,False,Lundi-16-18h,OUI,Lundi,2020-03-23 16:00
2680,120,False,True,True,False,True,True,False,True,False,False,True,False,False,False,Lundi-16-18h,NON,Lundi,2020-03-23 16:00
2681,253,False,False,False,False,True,True,False,False,False,False,False,True,False,False,Lundi-16-18h,NON,Lundi,2020-03-23 16:00
2682,52,False,False,True,False,False,False,False,False,False,False,False,False,False,False,Lundi-16-18h,OUI,Lundi,2020-03-23 16:00
2683,168,True,False,True,False,False,False,False,True,False,False,False,False,False,False,Lundi-16-18h,NON,Lundi,2020-03-23 16:00
2684,202,False,True,False,False,False,False,False,False,False,False,False,False,False,False,Lundi-16-18h,NON,Lundi,2020-03-23 16:00
2685,172,False,False,False,False,True,False,False,False,False,False,False,False,False,False,Lundi-16-18h,OUI,Lundi,2020-03-23 16:00
2686,239,False,False,False,False,True,True,False,False,False,False,False,False,False,False,Lundi-16-18h,NON,Lundi,2020-03-23 16:00
2687,85,False,False,False,False,True,False,False,False,False,False,False,False,False,False,Lundi-16-18h,NON,Lundi,2020-03-23 16:00
2688,215,False,False,False,False,False,False,False,False,True,False,False,False,False,False,Lundi-16-18h,NON,Lundi,2020-03-23 16:00
2689,260,True,False,True,False,False,False,False,False,False,False,False,False,False,False,Lundi-16-18h,NON,Lundi,2020-03-23 16:00
2690,286,True,True,False,False,True,False,False,False,False,False,False,False,False,False,Lundi-16-18h,NON,Lundi,2020-03-23 16:00
2691,72,False,True,False,False,False,False,False,False,False,False,False,False,False,False,Lundi-18-20h,OUI,Lundi,2020-03-23 18:00
2692,167,True,True,True,True,True,True,False,False,False,False,False,False,False,False,Lundi-18-20h,OUI,Lundi,2020-03-23 18:00
2693,130,True,False,True,False,False,False,False,True,False,False,False,False,True,True,Lundi-18-20h,OUI,Lundi,2020-03-23 18:00
2694,288,True,True,True,False,True,False,False,False,False,False,False,False,False,False,Lundi-18-20h,OUI,Lundi,2020-03-23 18:00
2695,59,False,False,False,False,False,True,False,False,False,False,False,False,False,False,Lundi-18-20h,OUI,Lundi,2020-03-23 18:00
2696,178,True,False,False,False,False,False,False,False,False,False,True,False,False,False,Lundi-18-20h,OUI,Lundi,2020-03-23 18:00
2697,254,False,False,False,False,False,False,False,False,False,False,False,True,False,False,Lundi-18-20h,NON,Lundi,2020-03-23 18:00
2698,34,False,False,False,False,False,False,False,False,False,False,False,False,False,False,Lundi-18-20h,NON,Lundi,2020-03-23 18:00
2699,264,False,False,False,False,True,True,True,False,False,False,False,False,False,False,Lundi-18-20h,OUI,Lundi,2020-03-23 18:00
2700,158,True,False,False,False,True,False,False,False,False,True,False,False,False,False,Lundi-18-20h,OUI,Lundi,2020-03-23 18:00
2701,210,False,True,False,False,True,True,False,False,False,False,False,False,False,False,Lundi-18-20h,OUI,Lundi,2020-03-23 18:00
2702,93,False,False,False,False,True,False,False,False,False,False,False,False,True,False,Lundi-18-20h,OUI,Lundi,2020-03-23 18:00
2703,144,True,False,True,False,True,False,False,False,False,False,False,False,False,False,Lundi-18-20h,NON,Lundi,2020-03-23 18:00
2704,164,False,True,False,False,True,True,False,False,False,False,False,False,False,False,Lundi-18-20h,OUI,Lundi,2020-03-23 18:00
2705,289,False,False,False,False,True,True,False,False,False,False,False,False,False,False,Lundi-18-20h,NON,Lundi,2020-03-23 18:00
2706,50,False,False,False,False,False,False,False,False,False,False,False,False,False,False,Lundi-18-20h,NON,Lundi,2020-03-23 18:00
2707,51,True,True,False,False,True,False,False,False,False,False,False,False,False,False,Lundi-18-20h,OUI,Lundi,2020-03-23 18:00
2708,247,False,False,True,False,False,False,False,False,False,False,False,False,False,False,Lundi-18-20h,OUI,Lundi,2020-03-23 18:00
2709,159,False,False,False,False,False,False,False,True,False,False,False,False,False,False,Lundi-18-20h,NON,Lundi,2020-03-23 18:00
2710,54,False,False,False,False,False,True,False,False,False,False,False,False,False,False,Lundi-18-20h,NON,Lundi,2020-03-23 18:00
2711,55,True,False,False,False,True,True,False,True,False,False,False,False,False,False,Lundi-18-20h,OUI,Lundi,2020-03-23 18:00
2712,257,False,False,False,False,True,False,False,False,False,False,False,False,False,False,Lundi-18-20h,NON,Lundi,2020-03-23 18:00
2713,67,False,False,False,False,False,False,False,False,False,False,False,False,False,False,Lundi-18-20h,NON,Lundi,2020-03-23 18:00
2714,71,True,False,True,False,False,False,False,False,False,False,False,False,False,False,Lundi-18-20h,NON,Lundi,2020-03-23 18:00
2715,280,False,False,False,False,False,True,False,False,False,False,False,False,False,False,Lundi-18-20h,OUI,Lundi,2020-03-23 18:00
2716,283,True,True,False,False,False,False,False,False,False,False,False,False,False,False,Lundi-18-20h,OUI,Lundi,2020-03-23 18:00
2717,154,False,False,False,False,True,True,False,False,False,False,False,True,False,False,Lundi-18-20h,OUI,Lundi,2020-03-23 18:00
2718,171,False,False,False,False,False,False,False,False,False,False,False,True,False,False,Lundi-18-20h,OUI,Lundi,2020-03-23 18:00
2719,131,False,False,True,False,False,False,False,False,False,False,False,False,False,False,Lundi-18-20h,OUI,Lundi,2020-03-23 18:00
2720,237,True,False,False,False,False,True,True,False,False,False,False,False,True,False,Lundi-18-20h,OUI,Lundi,2020-03-23 18:00
2721,75,False,False,False,False,True,True,False,False,False,False,False,False,False,False,Lundi-18-20h,NON,Lundi,2020-03-23 18:00
2722,235,True,False,False,False,True,False,False,False,False,False,False,False,False,False,Lundi-18-20h,OUI,Lundi,2020-03-23 18:00
2723,180,False,False,False,False,True,True,False,False,False,False,False,False,False,False,Lundi-18-20h,OUI,Lundi,2020-03-23 18:00
2724,219,False,False,False,False,False,True,False,False,False,False,False,False,False,False,Lundi-18-20h,NON,Lundi,2020-03-23 18:00
2725,250,False,False,False,False,False,False,False,False,True,False,False,False,False,False,Lundi-18-20h,OUI,Lundi,2020-03-23 18:00
2726,267,True,True,False,False,False,False,False,False,False,False,False,False,False,False,Lundi-18-20h,OUI,Lundi,2020-03-23 18:00
2727,160,False,True,False,False,False,True,False,False,False,False,False,False,False,False,Lundi-18-20h,NON,Lundi,2020-03-23 18:00
2728,182,False,True,False,False,True,True,True,False,False,False,False,False,False,False,Lundi-18-20h,OUI,Lundi,2020-03-23 18:00
2729,143,False,False,False,False,False,False,False,True,False,False,True,False,False,False,Lundi-18-20h,OUI,Lundi,2020-03-23 18:00
2730,223,True,True,False,False,False,False,False,False,False,False,False,False,False,False,Lundi-18-20h,OUI,Lundi,2020-03-23 18:00
2731,192,True,False,True,False,False,False,False,False,False,False,False,False,False,False,Lundi-18-20h,NON,Lundi,2020-03-23 18:00
2732,30,False,False,True,False,False,False,False,True,False,False,False,False,False,False,Lundi-18-20h,OUI,Lundi,2020-03-23 18:00
2733,125,True,False,False,False,True,False,False,True,False,False,False,False,False,False,Lundi-18-20h,NON,Lundi,2020-03-23 18:00
2734,39,False,False,True,False,True,False,False,True,False,False,False,False,False,False,Lundi-18-20h,OUI,Lundi,2020-03-23 18:00
2735,113,True,False,True,False,False,False,False,False,False,False,False,False,False,False,Lundi-18-20h,OUI,Lundi,2020-03-23 18:00
2736,121,True,False,True,False,False,False,False,True,False,False,False,False,False,False,Lundi-18-20h,OUI,Lundi,2020-03-23 18:00
2737,228,False,False,False,False,False,False,False,False,False,False,True,False,False,False,Lundi-18-20h,NON,Lundi,2020-03-23 18:00
2738,290,False,False,False,False,False,False,False,False,True,False,False,False,False,False,Lundi-18-20h,NON,Lundi,2020-03-23 18:00
2739,197,False,False,True,False,True,False,False,False,False,False,False,False,False,False,Lundi-18-20h,NON,Lundi,2020-03-23 18:00
2740,31,True,True,True,False,False,True,False,False,False,False,False,False,False,False,Lundi-18-20h,OUI,Lundi,2020-03-23 18:00
2741,173,True,False,False,False,True,True,False,True,False,False,False,False,False,False,Lundi-18-20h,NON,Lundi,2020-03-23 18:00
2742,74,True,False,False,True,False,False,False,True,False,False,True,False,False,False,Lundi-18-20h,NON,Lundi,2020-03-23 18:00
2743,15,False,False,True,False,False,False,False,False,False,False,False,False,False,False,Lundi-18-20h,OUI,Lundi,2020-03-23 18:00
2744,45,True,False,False,False,True,True,False,True,False,False,False,False,False,False,Lundi-18-20h,NON,Lundi,2020-03-23 18:00
2745,63,False,False,True,False,False,False,False,False,False,False,False,False,False,False,Lundi-18-20h,NON,Lundi,2020-03-23 18:00
2746,3,False,False,False,False,False,True,False,False,False,False,False,True,False,False,Lundi-18-20h,OUI,Lundi,2020-03-23 18:00
2747,21,True,False,True,False,False,False,False,False,False,False,False,False,False,False,Lundi-18-20h,OUI,Lundi,2020-03-23 18:00
2748,78,False,True,True,False,True,True,False,True,False,False,False,False,False,False,Lundi-18-20h,NON,Lundi,2020-03-23 18:00
2749,47,False,True,False,False,False,False,False,False,False,False,False,False,False,False,Lundi-18-20h,OUI,Lundi,2020-03-23 18:00
2750,151,True,True,False,False,True,False,False,True,False,False,False,False,False,False,Lundi-18-20h,OUI,Lundi,2020-03-23 18:00
2751,6,True,False,True,False,False,False,False,False,False,False,False,False,False,False,Lundi-18-20h,OUI,Lundi,2020-03-23 18:00
2752,135,True,False,True,False,False,False,False,False,False,False,False,False,True,False,Lundi-18-20h,NON,Lundi,2020-03-23 18:00
2753,221,False,False,False,False,True,True,False,False,False,False,False,False,False,False,Lundi-18-20h,OUI,Lundi,2020-03-23 18:00
2754,170,False,False,True,False,False,False,False,False,False,False,True,False,False,True,Lundi-18-20h,NON,Lundi,2020-03-23 18:00
2755,129,False,True,False,False,False,False,False,False,False,False,False,False,False,False,Lundi-18-20h,NON,Lundi,2020-03-23 18:00
2756,132,True,True,True,False,False,True,False,False,False,False,False,False,False,False,Lundi-18-20h,OUI,Lundi,2020-03-23 18:00
2757,110,False,True,False,False,False,False,False,False,False,False,False,False,False,False,Lundi-18-20h,OUI,Lundi,2020-03-23 18:00
2758,191,False,False,False,False,False,True,False,False,False,False,False,False,False,False,Lundi-18-20h,OUI,Lundi,2020-03-23 18:00
2759,94,True,True,True,False,False,True,False,False,False,False,True,False,True,False,Lundi-18-20h,OUI,Lundi,2020-03-23 18:00
2760,108,False,False,False,False,False,True,True,False,False,False,False,False,False,False,Lundi-18-20h,OUI,Lundi,2020-03-23 18:00
2761,236,False,False,False,False,True,True,False,False,False,False,False,False,False,False,Lundi-18-20h,OUI,Lundi,2020-03-23 18:00
2762,42,True,False,True,False,True,False,False,False,False,False,False,False,False,False,Lundi-18-20h,OUI,Lundi,2020-03-23 18:00
2763,155,True,False,False,False,True,False,False,False,False,False,False,False,False,False,Lundi-18-20h,OUI,Lundi,2020-03-23 18:00
2764,1,False,False,False,False,False,False,False,False,False,False,False,False,False,False,Lundi-18-20h,NON,Lundi,2020-03-23 18:00
2765,58,False,True,True,False,False,True,False,False,False,False,True,False,False,False,Lundi-18-20h,OUI,Lundi,2020-03-23 18:00
2766,0,False,True,False,False,False,False,False,False,False,False,False,False,False,False,Lundi-18-20h,OUI,Lundi,2020-03-23 18:00
2767,269,False,False,False,False,False,False,False,False,False,False,False,False,False,False,Lundi-18-20h,NON,Lundi,2020-03-23 18:00
2768,2,True,False,True,False,False,False,False,False,False,False,False,False,False,False,Lundi-18-20h,NON,Lundi,2020-03-23 18:00
2769,103,False,False,False,False,True,False,False,False,False,False,False,False,False,False,Lundi-18-20h,OUI,Lundi,2020-03-23 18:00
2770,12,False,True,False,False,True,False,False,False,False,False,False,False,False,False,Lundi-18-20h,OUI,Lundi,2020-03-23 18:00
2771,245,True,False,False,False,True,True,False,True,False,False,False,False,False,False,Lundi-18-20h,NON,Lundi,2020-03-23 18:00
2772,161,False,False,True,False,False,False,False,False,False,False,True,False,False,False,Lundi-18-20h,OUI,Lundi,2020-03-23 18:00
2773,38,False,False,False,False,False,False,False,False,True,False,False,False,False,False,Lundi-18-20h,NON,Lundi,2020-03-23 18:00
2774,122,False,False,False,False,False,False,False,False,False,False,False,False,False,False,Lundi-18-20h,NON,Lundi,2020-03-23 18:00
2775,248,False,False,True,False,False,False,False,False,False,False,False,False,True,False,Lundi-18-20h,OUI,Lundi,2020-03-23 18:00
2776,271,False,True,True,False,False,True,False,False,False,False,False,False,False,False,Lundi-18-20h,OUI,Lundi,2020-03-23 18:00
2777,116,False,False,True,False,False,False,False,False,False,False,False,False,False,False,Lundi-18-20h,OUI,Lundi,2020-03-23 18:00
2778,117,True,True,True,True,False,True,False,False,False,False,False,False,False,False,Lundi-18-20h,NON,Lundi,2020-03-23 18:00
2779,213,False,False,False,False,True,True,False,True,False,False,False,False,False,False,Lundi-18-20h,NON,Lundi,2020-03-23 18:00
2780,220,False,True,True,False,False,True,False,False,False,False,False,False,False,False,Lundi-18-20h,OUI,Lundi,2020-03-23 18:00
2781,176,False,False,True,False,False,False,False,False,False,False,False,False,False,False,Lundi-18-20h,OUI,Lundi,2020-03-23 18:00
2782,96,False,False,False,False,True,True,False,False,False,True,False,False,False,False,Lundi-18-20h,NON,Lundi,2020-03-23 18:00
2783,214,False,False,False,False,True,True,False,False,False,True,False,False,False,False,Lundi-18-20h,OUI,Lundi,2020-03-23 18:00
2784,11,True,False,False,True,False,False,False,False,False,False,True,False,False,False,Lundi-18-20h,OUI,Lundi,2020-03-23 18:00
2785,255,True,False,True,False,False,False,False,True,False,False,False,False,False,False,Lundi-18-20h,OUI,Lundi,2020-03-23 18:00
2786,86,False,False,True,False,False,False,False,False,False,False,False,False,False,False,Lundi-18-20h,OUI,Lundi,2020-03-23 18:00
2787,209,True,False,False,False,True,True,False,True,False,False,False,False,False,False,Lundi-18-20h,OUI,Lundi,2020-03-23 18:00
2788,291,False,False,False,False,False,True,False,False,True,False,False,False,False,False,Lundi-18-20h,OUI,Lundi,2020-03-23 18:00
2789,287,False,False,False,False,False,False,False,False,False,False,False,True,False,False,Lundi-18-20h,NON,Lundi,2020-03-23 18:00
2790,104,False,False,False,False,True,True,False,False,False,False,False,False,False,False,Lundi-18-20h,OUI,Lundi,2020-03-23 18:00
2791,18,False,False,False,False,True,False,False,False,False,False,False,False,False,False,Lundi-18-20h,OUI,Lundi,2020-03-23 18:00
2792,123,False,True,False,False,True,True,False,False,False,False,False,False,False,False,Lundi-18-20h,OUI,Lundi,2020-03-23 18:00
2793,136,False,False,False,False,True,False,False,False,False,False,False,False,False,False,Lundi-18-20h,OUI,Lundi,2020-03-23 18:00
2794,276,True,False,True,False,False,False,False,False,False,False,False,False,False,False,Lundi-18-20h,OUI,Lundi,2020-03-23 18:00
2795,53,False,False,False,False,True,True,False,False,False,False,False,False,False,False,Lundi-18-20h,OUI,Lundi,2020-03-23 18:00
2796,179,True,False,True,False,False,False,False,False,False,False,False,False,False,False,Lundi-18-20h,OUI,Lundi,2020-03-23 18:00
2797,200,False,False,False,False,False,False,False,False,False,False,False,False,False,False,Lundi-18-20h,NON,Lundi,2020-03-23 18:00
2798,73,False,False,False,False,False,False,False,False,False,False,False,False,False,False,Lundi-18-20h,NON,Lundi,2020-03-23 18:00
2799,156,False,False,False,False,True,True,False,False,False,False,False,False,False,False,Lundi-18-20h,OUI,Lundi,2020-03-23 18:00
2800,128,True,True,True,False,False,True,False,False,False,False,False,False,False,False,Lundi-18-20h,OUI,Lundi,2020-03-23 18:00
2801,118,False,False,False,False,False,False,False,False,False,False,False,False,False,False,Lundi-18-20h,NON,Lundi,2020-03-23 18:00
2802,112,True,False,True,False,False,False,False,False,False,False,False,False,False,False,Lundi-18-20h,NON,Lundi,2020-03-23 18:00
2803,35,False,False,False,False,True,True,False,False,False,False,False,False,False,False,Lundi-18-20h,NON,Lundi,2020-03-23 18:00
2804,32,False,False,False,False,False,False,False,False,False,False,False,True,False,False,Lundi-18-20h,NON,Lundi,2020-03-23 18:00
2805,199,True,False,True,False,False,False,False,False,False,False,False,False,False,False,Lundi-18-20h,OUI,Lundi,2020-03-23 18:00
2806,153,True,False,False,False,True,True,False,False,False,False,False,False,False,False,Lundi-18-20h,NON,Lundi,2020-03-23 18:00
2807,82,False,False,True,False,False,False,False,False,False,False,False,False,False,False,Lundi-18-20h,NON,Lundi,2020-03-23 18:00
2808,292,False,True,False,False,False,False,False,False,False,False,False,False,False,False,Lundi-18-20h,NON,Lundi,2020-03-23 18:00
2809,169,False,False,False,True,False,False,False,False,False,False,False,False,False,False,Lundi-18-20h,OUI,Lundi,2020-03-23 18:00
2810,16,False,False,False,False,True,True,False,False,False,False,False,False,False,False,Lundi-18-20h,OUI,Lundi,2020-03-23 18:00
2811,46,True,True,True,False,False,True,True,False,False,False,False,False,False,False,Lundi-18-20h,NON,Lundi,2020-03-23 18:00
2812,216,False,True,False,False,False,True,False,False,False,False,False,False,False,False,Lundi-18-20h,OUI,Lundi,2020-03-23 18:00
2813,174,False,True,True,False,False,True,False,False,False,False,True,False,False,False,Lundi-18-20h,OUI,Lundi,2020-03-23 18:00
2814,43,False,False,False,False,True,False,False,False,False,False,False,False,False,False,Lundi-18-20h,NON,Lundi,2020-03-23 18:00
2815,165,False,False,False,False,True,True,False,False,False,False,False,False,False,False,Lundi-18-20h,NON,Lundi,2020-03-23 18:00
2816,126,False,True,False,False,False,True,False,False,False,False,False,False,False,False,Lundi-18-20h,NON,Lundi,2020-03-23 18:00
2817,41,False,False,False,False,False,True,False,False,True,False,False,False,False,False,Lundi-18-20h,NON,Lundi,2020-03-23 18:00
2818,157,False,False,True,False,False,False,False,False,False,False,False,False,False,False,Lundi-18-20h,OUI,Lundi,2020-03-23 18:00
2819,272,False,True,True,False,False,False,True,False,False,False,True,False,True,True,Lundi-18-20h,OUI,Lundi,2020-03-23 18:00
2820,115,True,False,True,False,False,False,False,False,False,False,False,False,False,False,Lundi-18-20h,OUI,Lundi,2020-03-23 18:00
2821,84,False,False,False,False,False,False,False,False,False,False,False,True,False,False,Lundi-18-20h,NON,Lundi,2020-03-23 18:00
2822,183,True,True,True,True,False,False,False,False,False,False,False,False,False,False,Lundi-18-20h,OUI,Lundi,2020-03-23 18:00
2823,65,True,True,False,False,False,True,False,False,False,False,False,False,False,False,Lundi-18-20h,OUI,Lundi,2020-03-23 18:00
2824,105,True,False,False,False,False,False,False,False,False,False,False,False,False,False,Lundi-18-20h,OUI,Lundi,2020-03-23 18:00
2825,187,True,False,False,False,False,True,False,False,False,False,False,False,False,False,Lundi-18-20h,OUI,Lundi,2020-03-23 18:00
2826,139,True,False,True,False,False,False,False,False,False,False,False,False,False,False,Lundi-18-20h,NON,Lundi,2020-03-23 18:00
2827,259,False,False,False,False,True,True,False,False,False,False,False,False,False,False,Lundi-18-20h,OUI,Lundi,2020-03-23 18:00
2828,124,True,False,True,False,False,False,False,False,False,False,True,False,False,False,Lundi-18-20h,OUI,Lundi,2020-03-23 18:00
2829,98,False,False,False,False,False,True,False,False,False,False,False,True,False,False,Lundi-18-20h,OUI,Lundi,2020-03-23 18:00
2830,284,False,True,True,False,False,True,False,False,False,False,False,False,True,False,Lundi-18-20h,OUI,Lundi,2020-03-23 18:00
2831,148,True,False,True,False,True,False,False,True,False,False,False,False,False,False,Lundi-18-20h,OUI,Lundi,2020-03-23 18:00
2832,258,True,False,True,False,False,False,False,False,False,False,False,False,False,False,Lundi-18-20h,NON,Lundi,2020-03-23 18:00
2833,175,False,False,False,False,False,True,False,False,False,False,False,False,False,False,Lundi-18-20h,NON,Lundi,2020-03-23 18:00
2834,119,False,False,False,False,False,False,False,False,False,False,True,False,False,False,Lundi-18-20h,NON,Lundi,2020-03-23 18:00
2835,229,True,False,True,False,False,False,False,True,False,False,False,False,False,False,Lundi-18-20h,OUI,Lundi,2020-03-23 18:00
2836,230,False,False,False,False,False,True,True,False,False,False,False,False,False,False,Lundi-18-20h,NON,Lundi,2020-03-23 18:00
2837,17,True,False,False,False,False,True,True,False,False,False,False,False,False,False,Lundi-18-20h,OUI,Lundi,2020-03-23 18:00
2838,177,False,False,False,False,False,False,False,False,False,False,False,False,False,False,Lundi-18-20h,NON,Lundi,2020-03-23 18:00
2839,7,False,False,False,False,False,False,False,False,False,False,False,False,False,False,Lundi-18-20h,NON,Lundi,2020-03-23 18:00
2840,241,False,False,True,False,False,False,False,False,False,False,False,False,False,False,Lundi-18-20h,OUI,Lundi,2020-03-23 18:00
2841,8,True,False,False,False,True,True,False,True,False,False,False,False,False,False,Lundi-18-20h,OUI,Lundi,2020-03-23 18:00
2842,268,False,True,False,False,False,True,False,False,False,False,False,False,False,False,Lundi-18-20h,OUI,Lundi,2020-03-23 18:00
2843,294,False,False,True,False,True,False,False,False,False,False,False,False,False,False,Lundi-18-20h,OUI,Lundi,2020-03-23 18:00
2844,242,True,False,False,False,True,True,False,False,False,False,False,False,False,False,Lundi-18-20h,NON,Lundi,2020-03-23 18:00
2845,194,False,False,False,False,False,True,False,False,False,False,False,False,False,False,Lundi-18-20h,NON,Lundi,2020-03-23 18:00
2846,243,False,False,False,False,True,True,False,False,False,False,False,False,False,False,Lundi-18-20h,OUI,Lundi,2020-03-23 18:00
2847,212,True,True,True,False,False,True,False,False,False,False,False,False,False,False,Lundi-18-20h,NON,Lundi,2020-03-23 18:00
2848,19,False,False,False,False,False,True,False,False,False,False,False,False,False,False,Lundi-18-20h,OUI,Lundi,2020-03-23 18:00
2849,114,False,False,False,False,True,False,False,False,False,False,False,False,False,False,Lundi-18-20h,OUI,Lundi,2020-03-23 18:00
2850,190,False,False,False,False,False,True,False,False,True,False,False,False,False,False,Lundi-18-20h,NON,Lundi,2020-03-23 18:00
2851,64,False,False,True,False,False,False,False,False,False,False,False,False,False,False,Lundi-18-20h,OUI,Lundi,2020-03-23 18:00
2852,227,False,False,False,False,False,False,False,False,False,False,False,False,False,False,Lundi-18-20h,NON,Lundi,2020-03-23 18:00
2853,232,False,False,False,False,False,True,False,False,False,False,False,False,False,False,Lundi-18-20h,OUI,Lundi,2020-03-23 18:00
2854,246,False,True,False,False,False,True,True,False,False,False,False,False,False,False,Lundi-18-20h,OUI,Lundi,2020-03-23 18:00
2855,100,False,False,False,False,False,True,False,False,False,False,False,False,False,False,Lundi-18-20h,OUI,Lundi,2020-03-23 18:00
2856,13,False,False,False,False,True,False,False,False,False,False,False,False,False,False,Lundi-18-20h,NON,Lundi,2020-03-23 18:00
2857,262,True,True,True,False,False,False,False,False,False,False,False,False,False,False,Lundi-18-20h,OUI,Lundi,2020-03-23 18:00
2858,76,True,True,True,False,False,True,False,False,False,False,True,False,False,False,Lundi-18-20h,OUI,Lundi,2020-03-23 18:00
2859,261,False,True,False,False,True,False,False,False,False,False,False,False,False,False,Lundi-18-20h,OUI,Lundi,2020-03-23 18:00
2860,150,False,True,False,False,False,False,False,False,False,False,False,False,False,False,Lundi-18-20h,OUI,Lundi,2020-03-23 18:00
2861,205,False,False,False,False,False,False,False,False,False,False,False,False,False,False,Lundi-18-20h,NON,Lundi,2020-03-23 18:00
2862,56,False,False,False,False,True,True,False,False,False,False,False,False,False,False,Lundi-18-20h,OUI,Lundi,2020-03-23 18:00
2863,186,False,False,False,False,True,False,False,False,False,False,False,False,False,False,Lundi-18-20h,OUI,Lundi,2020-03-23 18:00
2864,162,True,False,False,False,True,True,False,False,False,False,False,False,False,False,Lundi-18-20h,OUI,Lundi,2020-03-23 18:00
2865,68,False,True,False,False,True,True,False,False,False,False,False,False,False,False,Lundi-18-20h,OUI,Lundi,2020-03-23 18:00
2866,146,False,False,False,False,False,True,False,False,False,False,False,True,False,False,Lundi-18-20h,OUI,Lundi,2020-03-23 18:00
2867,49,False,False,False,False,False,False,False,False,False,False,False,False,True,False,Lundi-18-20h,NON,Lundi,2020-03-23 18:00
2868,91,True,False,True,True,False,False,False,False,False,False,False,False,False,False,Lundi-18-20h,OUI,Lundi,2020-03-23 18:00
2869,22,False,False,False,False,False,False,False,False,False,True,False,False,False,False,Lundi-18-20h,NON,Lundi,2020-03-23 18:00
2870,151,False,False,False,False,True,False,False,False,False,False,False,False,False,False,Lundi-18-20h,OUI,Lundi,2020-03-23 18:00
2871,193,False,False,False,False,True,True,False,False,False,False,False,False,False,False,Lundi-18-20h,OUI,Lundi,2020-03-23 18:00
2872,9,True,True,False,False,False,False,False,False,False,False,False,False,False,False,Lundi-18-20h,OUI,Lundi,2020-03-23 18:00
2873,99,True,False,True,False,False,False,False,False,False,False,False,False,False,False,Lundi-18-20h,NON,Lundi,2020-03-23 18:00
2874,181,False,False,False,False,True,True,False,False,False,False,False,False,False,False,Lundi-18-20h,OUI,Lundi,2020-03-23 18:00
2875,111,False,False,False,False,False,True,False,True,False,False,False,False,False,False,Lundi-18-20h,OUI,Lundi,2020-03-23 18:00
2876,44,False,True,False,False,False,True,False,False,False,False,False,False,False,False,Lundi-18-20h,OUI,Lundi,2020-03-23 18:00
2877,24,False,False,False,False,True,False,False,True,False,False,False,False,False,False,Lundi-18-20h,NON,Lundi,2020-03-23 18:00
2878,102,False,False,False,False,True,True,False,True,False,False,False,False,False,False,Lundi-18-20h,NON,Lundi,2020-03-23 18:00
2879,203,True,True,False,False,False,False,False,True,False,False,False,False,False,False,Lundi-18-20h,NON,Lundi,2020-03-23 18:00
2880,140,False,False,False,False,True,True,False,True,False,False,False,False,False,False,Lundi-18-20h,NON,Lundi,2020-03-23 18:00
2881,188,False,False,False,False,False,True,False,False,True,False,False,False,False,False,Lundi-18-20h,NON,Lundi,2020-03-23 18:00
2882,206,False,False,False,True,False,False,False,False,False,False,True,False,False,False,Lundi-18-20h,NON,Lundi,2020-03-23 18:00
2883,273,False,False,False,False,False,False,False,False,False,False,False,True,False,False,Lundi-18-20h,OUI,Lundi,2020-03-23 18:00
2884,69,True,False,True,False,False,False,False,False,False,False,False,False,False,False,Lundi-18-20h,OUI,Lundi,2020-03-23 18:00
2885,87,True,False,False,True,False,False,False,False,False,False,True,False,False,False,Lundi-18-20h,OUI,Lundi,2020-03-23 18:00
2886,83,True,False,True,False,False,False,False,False,False,False,False,False,False,False,Lundi-18-20h,OUI,Lundi,2020-03-23 18:00
2887,149,True,False,True,True,False,False,False,False,False,False,False,False,False,False,Lundi-18-20h,OUI,Lundi,2020-03-23 18:00
2888,274,False,False,False,False,False,True,False,False,False,False,False,False,False,False,Lundi-18-20h,OUI,Lundi,2020-03-23 18:00
2889,282,True,False,True,True,False,False,False,False,False,False,False,False,False,False,Lundi-18-20h,OUI,Lundi,2020-03-23 18:00
2890,147,False,False,False,False,False,False,False,False,False,False,False,False,False,False,Lundi-18-20h,NON,Lundi,2020-03-23 18:00
2891,238,False,False,False,False,False,False,False,False,False,False,False,True,False,False,Lundi-18-20h,OUI,Lundi,2020-03-23 18:00
2892,201,False,False,False,False,False,False,False,False,False,False,False,False,False,False,Lundi-18-20h,NON,Lundi,2020-03-23 18:00
2893,152,False,True,False,False,False,False,False,False,False,False,False,False,False,False,Lundi-18-20h,NON,Lundi,2020-03-23 18:00
2894,222,False,False,False,False,False,True,False,False,True,True,False,False,False,False,Lundi-18-20h,NON,Lundi,2020-03-23 18:00
2895,106,False,False,False,False,False,True,False,False,False,False,False,True,False,False,Lundi-18-20h,OUI,Lundi,2020-03-23 18:00
2896,133,False,False,True,False,True,False,False,False,False,False,False,False,False,False,Lundi-18-20h,OUI,Lundi,2020-03-23 18:00
2897,163,False,False,False,False,True,False,False,False,False,False,False,False,False,False,Lundi-18-20h,NON,Lundi,2020-03-23 18:00
2898,231,False,False,False,False,False,False,False,False,False,False,False,False,False,False,Lundi-18-20h,NON,Lundi,2020-03-23 18:00
2899,25,False,False,False,False,True,False,False,False,False,False,False,False,False,False,Lundi-18-20h,NON,Lundi,2020-03-23 18:00
2900,196,False,False,True,False,True,False,False,True,False,False,False,False,False,False,Lundi-18-20h,NON,Lundi,2020-03-23 18:00
2901,5,False,False,False,False,True,True,False,False,False,False,False,False,False,False,Lundi-18-20h,OUI,Lundi,2020-03-23 18:00
2902,90,False,True,False,False,False,False,False,False,False,False,False,False,False,False,Lundi-18-20h,NON,Lundi,2020-03-23 18:00
2903,244,True,False,True,False,False,False,False,False,False,False,False,False,False,False,Lundi-18-20h,NON,Lundi,2020-03-23 18:00
2904,107,False,True,False,False,False,True,False,False,False,False,False,False,False,False,Lundi-18-20h,OUI,Lundi,2020-03-23 18:00
2905,218,False,True,False,False,True,True,False,False,False,False,False,False,False,False,Lundi-18-20h,OUI,Lundi,2020-03-23 18:00
2906,62,False,True,True,False,True,True,False,False,False,False,False,False,False,False,Lundi-18-20h,NON,Lundi,2020-03-23 18:00
2907,79,False,True,False,False,False,False,False,False,False,False,False,False,False,False,Lundi-18-20h,NON,Lundi,2020-03-23 18:00
2908,208,False,False,False,False,False,True,False,False,False,False,False,False,False,False,Lundi-18-20h,OUI,Lundi,2020-03-23 18:00
2909,270,False,False,False,False,False,False,False,False,True,False,False,False,False,False,Lundi-18-20h,OUI,Lundi,2020-03-23 18:00
2910,166,True,False,False,False,True,True,False,False,False,False,False,False,False,False,Lundi-18-20h,OUI,Lundi,2020-03-23 18:00
2911,77,False,False,True,False,True,False,False,False,False,False,False,False,False,False,Lundi-18-20h,NON,Lundi,2020-03-23 18:00
2912,29,False,False,False,False,False,True,False,False,False,False,False,True,False,False,Lundi-18-20h,NON,Lundi,2020-03-23 18:00
2913,240,False,False,False,False,False,True,False,False,False,False,False,False,False,False,Lundi-18-20h,OUI,Lundi,2020-03-23 18:00
2914,184,False,True,False,False,False,False,False,False,False,False,False,False,False,False,Lundi-18-20h,OUI,Lundi,2020-03-23 18:00
2915,277,False,True,True,False,False,True,False,False,False,False,False,False,False,False,Lundi-18-20h,OUI,Lundi,2020-03-23 18:00
2916,80,True,False,False,False,False,True,False,False,False,True,False,False,False,False,Lundi-18-20h,NON,Lundi,2020-03-23 18:00
2917,185,True,True,True,False,False,True,False,False,False,False,True,False,True,False,Lundi-18-20h,NON,Lundi,2020-03-23 18:00
2918,204,False,False,False,False,True,True,False,False,False,False,False,True,False,False,Lundi-18-20h,OUI,Lundi,2020-03-23 18:00
2919,252,True,True,True,False,False,True,False,False,False,False,False,False,False,False,Lundi-18-20h,NON,Lundi,2020-03-23 18:00
2920,26,False,False,False,False,True,False,False,False,False,False,False,False,False,False,Lundi-18-20h,NON,Lundi,2020-03-23 18:00
2921,70,False,False,False,False,True,False,False,False,False,False,False,True,False,False,Lundi-18-20h,OUI,Lundi,2020-03-23 18:00
2922,233,False,False,False,False,True,False,False,False,False,False,False,False,False,False,Lundi-18-20h,OUI,Lundi,2020-03-23 18:00
2923,37,True,True,True,False,True,True,False,False,False,False,False,False,False,False,Lundi-18-20h,NON,Lundi,2020-03-23 18:00
2924,185,False,False,True,False,False,False,False,False,False,False,False,False,False,False,Lundi-18-20h,OUI,Lundi,2020-03-23 18:00
2925,138,True,False,False,False,True,True,False,False,False,False,False,False,False,False,Lundi-18-20h,OUI,Lundi,2020-03-23 18:00
2926,224,True,False,True,False,False,False,False,False,False,False,False,False,False,False,Lundi-18-20h,NON,Lundi,2020-03-23 18:00
2927,66,False,False,False,False,True,True,False,False,False,False,False,False,True,False,Lundi-18-20h,OUI,Lundi,2020-03-23 18:00
2928,211,False,False,True,False,False,False,False,False,False,False,False,False,True,False,Lundi-18-20h,NON,Lundi,2020-03-23 18:00
2929,14,False,False,False,False,True,True,False,False,False,False,False,False,False,False,Lundi-18-20h,NON,Lundi,2020-03-23 18:00
2930,145,False,False,False,False,True,False,False,False,False,False,False,False,False,False,Lundi-18-20h,NON,Lundi,2020-03-23 18:00
2931,36,False,False,False,False,False,False,False,False,False,False,False,True,False,False,Lundi-18-20h,NON,Lundi,2020-03-23 18:00
2932,60,True,True,True,False,False,True,False,False,False,False,False,False,False,False,Lundi-18-20h,NON,Lundi,2020-03-23 18:00
2933,137,True,True,True,False,False,True,False,False,False,False,True,False,False,False,Lundi-18-20h,OUI,Lundi,2020-03-23 18:00
2934,285,False,True,False,False,True,True,False,False,False,False,False,False,False,False,Lundi-18-20h,OUI,Lundi,2020-03-23 18:00
2935,40,False,True,True,False,True,True,False,False,False,False,False,False,False,False,Lundi-18-20h,OUI,Lundi,2020-03-23 18:00
2936,97,False,False,False,False,False,True,False,False,False,False,False,False,False,False,Lundi-18-20h,NON,Lundi,2020-03-23 18:00
2937,109,True,False,True,True,False,False,False,False,False,False,False,False,False,False,Lundi-18-20h,NON,Lundi,2020-03-23 18:00
2938,10,False,False,False,False,False,False,False,False,False,False,False,False,False,False,Lundi-18-20h,NON,Lundi,2020-03-23 18:00
2939,256,False,False,False,False,False,False,False,False,False,False,False,True,False,False,Lundi-18-20h,NON,Lundi,2020-03-23 18:00
2940,141,True,True,True,False,False,False,False,False,False,False,True,False,False,False,Lundi-18-20h,NON,Lundi,2020-03-23 18:00
2941,28,False,False,False,False,False,False,False,False,False,False,False,False,False,False,Lundi-18-20h,NON,Lundi,2020-03-23 18:00
2942,101,True,True,True,True,True,True,False,False,False,False,False,False,False,False,Lundi-18-20h,OUI,Lundi,2020-03-23 18:00
2943,48,True,False,True,False,True,False,False,False,False,False,False,False,True,False,Lundi-18-20h,NON,Lundi,2020-03-23 18:00
2944,27,False,False,False,False,False,True,False,False,False,False,False,False,False,False,Lundi-18-20h,OUI,Lundi,2020-03-23 18:00
2945,142,True,False,True,False,False,False,False,False,False,False,True,False,True,False,Lundi-18-20h,NON,Lundi,2020-03-23 18:00
2946,234,False,False,True,False,False,False,False,False,False,False,True,False,False,False,Lundi-18-20h,NON,Lundi,2020-03-23 18:00
2947,23,False,False,False,False,True,False,False,False,False,False,False,False,False,False,Lundi-18-20h,OUI,Lundi,2020-03-23 18:00
2948,195,False,False,False,False,True,False,False,False,True,False,False,False,False,False,Lundi-18-20h,OUI,Lundi,2020-03-23 18:00
2949,275,False,False,False,False,False,False,False,False,False,False,False,True,False,False,Lundi-18-20h,NON,Lundi,2020-03-23 18:00
2950,226,False,False,False,False,True,True,False,False,False,False,False,False,False,False,Lundi-18-20h,NON,Lundi,2020-03-23 18:00
2951,207,False,False,True,False,False,False,False,False,False,False,False,False,False,False,Lundi-18-20h,NON,Lundi,2020-03-23 18:00
2952,57,False,False,False,False,False,False,False,False,False,False,False,False,False,False,Lundi-18-20h,NON,Lundi,2020-03-23 18:00
2953,4,False,True,False,False,False,True,False,False,False,False,False,False,False,False,Lundi-18-20h,NON,Lundi,2020-03-23 18:00
2954,265,False,False,False,False,False,True,False,False,False,False,False,False,False,False,Lundi-18-20h,OUI,Lundi,2020-03-23 18:00
2955,88,False,True,False,False,False,False,False,False,False,False,False,False,False,False,Lundi-18-20h,NON,Lundi,2020-03-23 18:00
2956,198,False,False,False,False,False,False,False,False,False,False,True,False,False,False,Lundi-18-20h,OUI,Lundi,2020-03-23 18:00
2957,249,True,True,True,False,False,False,False,False,False,False,False,False,False,False,Lundi-18-20h,OUI,Lundi,2020-03-23 18:00
2958,263,False,False,False,False,True,True,False,False,False,False,False,False,False,False,Lundi-18-20h,NON,Lundi,2020-03-23 18:00
2959,217,True,False,True,False,False,False,False,False,False,False,False,False,True,False,Lundi-18-20h,NON,Lundi,2020-03-23 18:00
2960,278,False,False,False,False,True,True,False,False,False,False,False,False,False,False,Lundi-18-20h,NON,Lundi,2020-03-23 18:00
2961,189,False,True,False,False,False,False,False,False,False,False,False,False,False,False,Lundi-18-20h,NON,Lundi,2020-03-23 18:00
2962,61,True,False,True,False,False,False,False,False,False,False,False,False,False,False,Lundi-18-20h,NON,Lundi,2020-03-23 18:00
2963,251,False,False,False,False,False,False,False,False,False,False,False,False,True,False,Lundi-18-20h,NON,Lundi,2020-03-23 18:00
2964,281,False,True,False,False,False,False,False,False,False,False,False,False,False,False,Lundi-18-20h,OUI,Lundi,2020-03-23 18:00
2965,134,False,True,False,False,False,False,False,False,False,False,False,False,False,False,Lundi-18-20h,NON,Lundi,2020-03-23 18:00
2966,293,False,True,False,False,False,True,False,False,False,False,False,False,False,False,Lundi-18-20h,NON,Lundi,2020-03-23 18:00
2967,279,True,True,True,True,False,True,False,False,False,False,False,False,False,False,Lundi-18-20h,OUI,Lundi,2020-03-23 18:00
2968,81,True,False,True,True,False,False,False,True,False,False,False,False,False,False,Lundi-18-20h,OUI,Lundi,2020-03-23 18:00
2969,92,True,False,False,True,False,False,False,False,False,False,True,False,False,False,Lundi-18-20h,NON,Lundi,2020-03-23 18:00
2970,147,False,False,False,False,False,False,False,False,False,False,False,False,False,False,Lundi-18-20h,NON,Lundi,2020-03-23 18:00
2971,33,False,True,False,False,True,False,False,False,False,False,False,False,False,False,Lundi-18-20h,OUI,Lundi,2020-03-23 18:00
2972,266,False,False,False,False,False,False,False,False,False,False,False,False,False,False,Lundi-18-20h,NON,Lundi,2020-03-23 18:00
2973,225,True,False,False,False,False,True,False,False,False,False,False,False,False,False,Lundi-18-20h,NON,Lundi,2020-03-23 18:00
2974,83,True,False,True,False,False,False,False,False,False,False,False,False,False,False,Lundi-18-20h,OUI,Lundi,2020-03-23 18:00
2975,95,False,False,False,False,True,True,False,True,False,False,False,False,False,False,Lundi-18-20h,NON,Lundi,2020-03-23 18:00
2976,127,False,False,False,False,True,False,False,False,False,False,False,False,False,False,Lundi-18-20h,OUI,Lundi,2020-03-23 18:00
2977,20,False,False,False,False,False,False,False,False,False,False,False,False,False,False,Lundi-18-20h,NON,Lundi,2020-03-23 18:00
2978,89,False,False,False,False,False,False,False,False,True,False,False,False,False,False,Lundi-18-20h,OUI,Lundi,2020-03-23 18:00
2979,120,False,True,True,False,True,True,False,True,False,False,True,False,False,False,Lundi-18-20h,NON,Lundi,2020-03-23 18:00
2980,253,False,False,False,False,True,True,False,False,False,False,False,True,False,False,Lundi-18-20h,OUI,Lundi,2020-03-23 18:00
2981,52,False,False,True,False,False,False,False,False,False,False,False,False,False,False,Lundi-18-20h,OUI,Lundi,2020-03-23 18:00
2982,168,True,False,True,False,False,False,False,True,False,False,False,False,False,False,Lundi-18-20h,NON,Lundi,2020-03-23 18:00
2983,202,False,True,False,False,False,False,False,False,False,False,False,False,False,False,Lundi-18-20h,OUI,Lundi,2020-03-23 18:00
2984,172,False,False,False,False,True,False,False,False,False,False,False,False,False,False,Lundi-18-20h,OUI,Lundi,2020-03-23 18:00
2985,239,False,False,False,False,True,True,False,False,False,False,False,False,False,False,Lundi-18-20h,NON,Lundi,2020-03-23 18:00
2986,85,False,False,False,False,True,False,False,False,False,False,False,False,False,False,Lundi-18-20h,NON,Lundi,2020-03-23 18:00
2987,215,False,False,False,False,False,False,False,False,True,False,False,False,False,False,Lundi-18-20h,NON,Lundi,2020-03-23 18:00
2988,260,True,False,True,False,False,False,False,False,False,False,False,False,False,False,Lundi-18-20h,OUI,Lundi,2020-03-23 18:00
2989,286,True,True,False,False,True,False,False,False,False,False,False,False,False,False,Lundi-18-20h,NON,Lundi,2020-03-23 18:00
2990,72,False,True,False,False,False,False,False,False,False,False,False,False,False,False,Lundi-20-22h,OUI,Lundi,2020-03-23 20:00
2991,167,True,True,True,True,True,True,False,False,False,False,False,False,False,False,Lundi-20-22h,OUI,Lundi,2020-03-23 20:00
2992,130,True,False,True,False,False,False,False,True,False,False,False,False,True,True,Lundi-20-22h,OUI,Lundi,2020-03-23 20:00
2993,288,True,True,True,False,True,False,False,False,False,False,False,False,False,False,Lundi-20-22h,OUI,Lundi,2020-03-23 20:00
2994,59,False,False,False,False,False,True,False,False,False,False,False,False,False,False,Lundi-20-22h,NON,Lundi,2020-03-23 20:00
2995,178,True,False,False,False,False,False,False,False,False,False,True,False,False,False,Lundi-20-22h,OUI,Lundi,2020-03-23 20:00
2996,254,False,False,False,False,False,False,False,False,False,False,False,True,False,False,Lundi-20-22h,NON,Lundi,2020-03-23 20:00
2997,34,False,False,False,False,False,False,False,False,False,False,False,False,False,False,Lundi-20-22h,NON,Lundi,2020-03-23 20:00
2998,264,False,False,False,False,True,True,True,False,False,False,False,False,False,False,Lundi-20-22h,OUI,Lundi,2020-03-23 20:00
2999,158,True,False,False,False,True,False,False,False,False,True,False,False,False,False,Lundi-20-22h,OUI,Lundi,2020-03-23 20:00
3000,210,False,True,False,False,True,True,False,False,False,False,False,False,False,False,Lundi-20-22h,OUI,Lundi,2020-03-23 20:00
3001,93,False,False,False,False,True,False,False,False,False,False,False,False,True,False,Lundi-20-22h,OUI,Lundi,2020-03-23 20:00
3002,144,True,False,True,False,True,False,False,False,False,False,False,False,False,False,Lundi-20-22h,NON,Lundi,2020-03-23 20:00
3003,164,False,True,False,False,True,True,False,False,False,False,False,False,False,False,Lundi-20-22h,OUI,Lundi,2020-03-23 20:00
3004,289,False,False,False,False,True,True,False,False,False,False,False,False,False,False,Lundi-20-22h,NON,Lundi,2020-03-23 20:00
3005,50,False,False,False,False,False,False,False,False,False,False,False,False,False,False,Lundi-20-22h,NON,Lundi,2020-03-23 20:00
3006,51,True,True,False,False,True,False,False,False,False,False,False,False,False,False,Lundi-20-22h,OUI,Lundi,2020-03-23 20:00
3007,247,False,False,True,False,False,False,False,False,False,False,False,False,False,False,Lundi-20-22h,OUI,Lundi,2020-03-23 20:00
3008,159,False,False,False,False,False,False,False,True,False,False,False,False,False,False,Lundi-20-22h,OUI,Lundi,2020-03-23 20:00
3009,54,False,False,False,False,False,True,False,False,False,False,False,False,False,False,Lundi-20-22h,NON,Lundi,2020-03-23 20:00
3010,55,True,False,False,False,True,True,False,True,False,False,False,False,False,False,Lundi-20-22h,OUI,Lundi,2020-03-23 20:00
3011,257,False,False,False,False,True,False,False,False,False,False,False,False,False,False,Lundi-20-22h,NON,Lundi,2020-03-23 20:00
3012,67,False,False,False,False,False,False,False,False,False,False,False,False,False,False,Lundi-20-22h,NON,Lundi,2020-03-23 20:00
3013,71,True,False,True,False,False,False,False,False,False,False,False,False,False,False,Lundi-20-22h,NON,Lundi,2020-03-23 20:00
3014,280,False,False,False,False,False,True,False,False,False,False,False,False,False,False,Lundi-20-22h,OUI,Lundi,2020-03-23 20:00
3015,283,True,True,False,False,False,False,False,False,False,False,False,False,False,False,Lundi-20-22h,OUI,Lundi,2020-03-23 20:00
3016,154,False,False,False,False,True,True,False,False,False,False,False,True,False,False,Lundi-20-22h,OUI,Lundi,2020-03-23 20:00
3017,171,False,False,False,False,False,False,False,False,False,False,False,True,False,False,Lundi-20-22h,OUI,Lundi,2020-03-23 20:00
3018,131,False,False,True,False,False,False,False,False,False,False,False,False,False,False,Lundi-20-22h,NON,Lundi,2020-03-23 20:00
3019,237,True,False,False,False,False,True,True,False,False,False,False,False,True,False,Lundi-20-22h,OUI,Lundi,2020-03-23 20:00
3020,75,False,False,False,False,True,True,False,False,False,False,False,False,False,False,Lundi-20-22h,NON,Lundi,2020-03-23 20:00
3021,235,True,False,False,False,True,False,False,False,False,False,False,False,False,False,Lundi-20-22h,OUI,Lundi,2020-03-23 20:00
3022,180,False,False,False,False,True,True,False,False,False,False,False,False,False,False,Lundi-20-22h,OUI,Lundi,2020-03-23 20:00
3023,219,False,False,False,False,False,True,False,False,False,False,False,False,False,False,Lundi-20-22h,NON,Lundi,2020-03-23 20:00
3024,250,False,False,False,False,False,False,False,False,True,False,False,False,False,False,Lundi-20-22h,NON,Lundi,2020-03-23 20:00
3025,267,True,True,False,False,False,False,False,False,False,False,False,False,False,False,Lundi-20-22h,OUI,Lundi,2020-03-23 20:00
3026,160,False,True,False,False,False,True,False,False,False,False,False,False,False,False,Lundi-20-22h,NON,Lundi,2020-03-23 20:00
3027,182,False,True,False,False,True,True,True,False,False,False,False,False,False,False,Lundi-20-22h,OUI,Lundi,2020-03-23 20:00
3028,143,False,False,False,False,False,False,False,True,False,False,True,False,False,False,Lundi-20-22h,OUI,Lundi,2020-03-23 20:00
3029,223,True,True,False,False,False,False,False,False,False,False,False,False,False,False,Lundi-20-22h,OUI,Lundi,2020-03-23 20:00
3030,192,True,False,True,False,False,False,False,False,False,False,False,False,False,False,Lundi-20-22h,NON,Lundi,2020-03-23 20:00
3031,30,False,False,True,False,False,False,False,True,False,False,False,False,False,False,Lundi-20-22h,OUI,Lundi,2020-03-23 20:00
3032,125,True,False,False,False,True,False,False,True,False,False,False,False,False,False,Lundi-20-22h,OUI,Lundi,2020-03-23 20:00
3033,39,False,False,True,False,True,False,False,True,False,False,False,False,False,False,Lundi-20-22h,OUI,Lundi,2020-03-23 20:00
3034,113,True,False,True,False,False,False,False,False,False,False,False,False,False,False,Lundi-20-22h,OUI,Lundi,2020-03-23 20:00
3035,121,True,False,True,False,False,False,False,True,False,False,False,False,False,False,Lundi-20-22h,OUI,Lundi,2020-03-23 20:00
3036,228,False,False,False,False,False,False,False,False,False,False,True,False,False,False,Lundi-20-22h,NON,Lundi,2020-03-23 20:00
3037,290,False,False,False,False,False,False,False,False,True,False,False,False,False,False,Lundi-20-22h,OUI,Lundi,2020-03-23 20:00
3038,197,False,False,True,False,True,False,False,False,False,False,False,False,False,False,Lundi-20-22h,NON,Lundi,2020-03-23 20:00
3039,31,True,True,True,False,False,True,False,False,False,False,False,False,False,False,Lundi-20-22h,OUI,Lundi,2020-03-23 20:00
3040,173,True,False,False,False,True,True,False,True,False,False,False,False,False,False,Lundi-20-22h,NON,Lundi,2020-03-23 20:00
3041,74,True,False,False,True,False,False,False,True,False,False,True,False,False,False,Lundi-20-22h,NON,Lundi,2020-03-23 20:00
3042,15,False,False,True,False,False,False,False,False,False,False,False,False,False,False,Lundi-20-22h,OUI,Lundi,2020-03-23 20:00
3043,45,True,False,False,False,True,True,False,True,False,False,False,False,False,False,Lundi-20-22h,NON,Lundi,2020-03-23 20:00
3044,63,False,False,True,False,False,False,False,False,False,False,False,False,False,False,Lundi-20-22h,NON,Lundi,2020-03-23 20:00
3045,3,False,False,False,False,False,True,False,False,False,False,False,True,False,False,Lundi-20-22h,OUI,Lundi,2020-03-23 20:00
3046,21,True,False,True,False,False,False,False,False,False,False,False,False,False,False,Lundi-20-22h,OUI,Lundi,2020-03-23 20:00
3047,78,False,True,True,False,True,True,False,True,False,False,False,False,False,False,Lundi-20-22h,OUI,Lundi,2020-03-23 20:00
3048,47,False,True,False,False,False,False,False,False,False,False,False,False,False,False,Lundi-20-22h,OUI,Lundi,2020-03-23 20:00
3049,151,True,True,False,False,True,False,False,True,False,False,False,False,False,False,Lundi-20-22h,OUI,Lundi,2020-03-23 20:00
3050,6,True,False,True,False,False,False,False,False,False,False,False,False,False,False,Lundi-20-22h,OUI,Lundi,2020-03-23 20:00
3051,135,True,False,True,False,False,False,False,False,False,False,False,False,True,False,Lundi-20-22h,OUI,Lundi,2020-03-23 20:00
3052,221,False,False,False,False,True,True,False,False,False,False,False,False,False,False,Lundi-20-22h,OUI,Lundi,2020-03-23 20:00
3053,170,False,False,True,False,False,False,False,False,False,False,True,False,False,True,Lundi-20-22h,NON,Lundi,2020-03-23 20:00
3054,129,False,True,False,False,False,False,False,False,False,False,False,False,False,False,Lundi-20-22h,NON,Lundi,2020-03-23 20:00
3055,132,True,True,True,False,False,True,False,False,False,False,False,False,False,False,Lundi-20-22h,OUI,Lundi,2020-03-23 20:00
3056,110,False,True,False,False,False,False,False,False,False,False,False,False,False,False,Lundi-20-22h,OUI,Lundi,2020-03-23 20:00
3057,191,False,False,False,False,False,True,False,False,False,False,False,False,False,False,Lundi-20-22h,OUI,Lundi,2020-03-23 20:00
3058,94,True,True,True,False,False,True,False,False,False,False,True,False,True,False,Lundi-20-22h,NON,Lundi,2020-03-23 20:00
3059,108,False,False,False,False,False,True,True,False,False,False,False,False,False,False,Lundi-20-22h,OUI,Lundi,2020-03-23 20:00
3060,236,False,False,False,False,True,True,False,False,False,False,False,False,False,False,Lundi-20-22h,OUI,Lundi,2020-03-23 20:00
3061,42,True,False,True,False,True,False,False,False,False,False,False,False,False,False,Lundi-20-22h,OUI,Lundi,2020-03-23 20:00
3062,155,True,False,False,False,True,False,False,False,False,False,False,False,False,False,Lundi-20-22h,OUI,Lundi,2020-03-23 20:00
3063,1,False,False,False,False,False,False,False,False,False,False,False,False,False,False,Lundi-20-22h,NON,Lundi,2020-03-23 20:00
3064,58,False,True,True,False,False,True,False,False,False,False,True,False,False,False,Lundi-20-22h,OUI,Lundi,2020-03-23 20:00
3065,0,False,True,False,False,False,False,False,False,False,False,False,False,False,False,Lundi-20-22h,OUI,Lundi,2020-03-23 20:00
3066,269,False,False,False,False,False,False,False,False,False,False,False,False,False,False,Lundi-20-22h,NON,Lundi,2020-03-23 20:00
3067,2,True,False,True,False,False,False,False,False,False,False,False,False,False,False,Lundi-20-22h,OUI,Lundi,2020-03-23 20:00
3068,103,False,False,False,False,True,False,False,False,False,False,False,False,False,False,Lundi-20-22h,NON,Lundi,2020-03-23 20:00
3069,12,False,True,False,False,True,False,False,False,False,False,False,False,False,False,Lundi-20-22h,OUI,Lundi,2020-03-23 20:00
3070,245,True,False,False,False,True,True,False,True,False,False,False,False,False,False,Lundi-20-22h,OUI,Lundi,2020-03-23 20:00
3071,161,False,False,True,False,False,False,False,False,False,False,True,False,False,False,Lundi-20-22h,OUI,Lundi,2020-03-23 20:00
3072,38,False,False,False,False,False,False,False,False,True,False,False,False,False,False,Lundi-20-22h,NON,Lundi,2020-03-23 20:00
3073,122,False,False,False,False,False,False,False,False,False,False,False,False,False,False,Lundi-20-22h,NON,Lundi,2020-03-23 20:00
3074,248,False,False,True,False,False,False,False,False,False,False,False,False,True,False,Lundi-20-22h,OUI,Lundi,2020-03-23 20:00
3075,271,False,True,True,False,False,True,False,False,False,False,False,False,False,False,Lundi-20-22h,OUI,Lundi,2020-03-23 20:00
3076,116,False,False,True,False,False,False,False,False,False,False,False,False,False,False,Lundi-20-22h,OUI,Lundi,2020-03-23 20:00
3077,117,True,True,True,True,False,True,False,False,False,False,False,False,False,False,Lundi-20-22h,NON,Lundi,2020-03-23 20:00
3078,213,False,False,False,False,True,True,False,True,False,False,False,False,False,False,Lundi-20-22h,NON,Lundi,2020-03-23 20:00
3079,220,False,True,True,False,False,True,False,False,False,False,False,False,False,False,Lundi-20-22h,OUI,Lundi,2020-03-23 20:00
3080,176,False,False,True,False,False,False,False,False,False,False,False,False,False,False,Lundi-20-22h,OUI,Lundi,2020-03-23 20:00
3081,96,False,False,False,False,True,True,False,False,False,True,False,False,False,False,Lundi-20-22h,NON,Lundi,2020-03-23 20:00
3082,214,False,False,False,False,True,True,False,False,False,True,False,False,False,False,Lundi-20-22h,OUI,Lundi,2020-03-23 20:00
3083,11,True,False,False,True,False,False,False,False,False,False,True,False,False,False,Lundi-20-22h,OUI,Lundi,2020-03-23 20:00
3084,255,True,False,True,False,False,False,False,True,False,False,False,False,False,False,Lundi-20-22h,OUI,Lundi,2020-03-23 20:00
3085,86,False,False,True,False,False,False,False,False,False,False,False,False,False,False,Lundi-20-22h,OUI,Lundi,2020-03-23 20:00
3086,209,True,False,False,False,True,True,False,True,False,False,False,False,False,False,Lundi-20-22h,OUI,Lundi,2020-03-23 20:00
3087,291,False,False,False,False,False,True,False,False,True,False,False,False,False,False,Lundi-20-22h,OUI,Lundi,2020-03-23 20:00
3088,287,False,False,False,False,False,False,False,False,False,False,False,True,False,False,Lundi-20-22h,OUI,Lundi,2020-03-23 20:00
3089,104,False,False,False,False,True,True,False,False,False,False,False,False,False,False,Lundi-20-22h,NON,Lundi,2020-03-23 20:00
3090,18,False,False,False,False,True,False,False,False,False,False,False,False,False,False,Lundi-20-22h,OUI,Lundi,2020-03-23 20:00
3091,123,False,True,False,False,True,True,False,False,False,False,False,False,False,False,Lundi-20-22h,NON,Lundi,2020-03-23 20:00
3092,136,False,False,False,False,True,False,False,False,False,False,False,False,False,False,Lundi-20-22h,OUI,Lundi,2020-03-23 20:00
3093,276,True,False,True,False,False,False,False,False,False,False,False,False,False,False,Lundi-20-22h,OUI,Lundi,2020-03-23 20:00
3094,53,False,False,False,False,True,True,False,False,False,False,False,False,False,False,Lundi-20-22h,OUI,Lundi,2020-03-23 20:00
3095,179,True,False,True,False,False,False,False,False,False,False,False,False,False,False,Lundi-20-22h,OUI,Lundi,2020-03-23 20:00
3096,200,False,False,False,False,False,False,False,False,False,False,False,False,False,False,Lundi-20-22h,NON,Lundi,2020-03-23 20:00
3097,73,False,False,False,False,False,False,False,False,False,False,False,False,False,False,Lundi-20-22h,NON,Lundi,2020-03-23 20:00
3098,156,False,False,False,False,True,True,False,False,False,False,False,False,False,False,Lundi-20-22h,OUI,Lundi,2020-03-23 20:00
3099,128,True,True,True,False,False,True,False,False,False,False,False,False,False,False,Lundi-20-22h,OUI,Lundi,2020-03-23 20:00
3100,118,False,False,False,False,False,False,False,False,False,False,False,False,False,False,Lundi-20-22h,NON,Lundi,2020-03-23 20:00
3101,112,True,False,True,False,False,False,False,False,False,False,False,False,False,False,Lundi-20-22h,NON,Lundi,2020-03-23 20:00
3102,35,False,False,False,False,True,True,False,False,False,False,False,False,False,False,Lundi-20-22h,NON,Lundi,2020-03-23 20:00
3103,32,False,False,False,False,False,False,False,False,False,False,False,True,False,False,Lundi-20-22h,NON,Lundi,2020-03-23 20:00
3104,199,True,False,True,False,False,False,False,False,False,False,False,False,False,False,Lundi-20-22h,OUI,Lundi,2020-03-23 20:00
3105,153,True,False,False,False,True,True,False,False,False,False,False,False,False,False,Lundi-20-22h,NON,Lundi,2020-03-23 20:00
3106,82,False,False,True,False,False,False,False,False,False,False,False,False,False,False,Lundi-20-22h,NON,Lundi,2020-03-23 20:00
3107,292,False,True,False,False,False,False,False,False,False,False,False,False,False,False,Lundi-20-22h,NON,Lundi,2020-03-23 20:00
3108,169,False,False,False,True,False,False,False,False,False,False,False,False,False,False,Lundi-20-22h,OUI,Lundi,2020-03-23 20:00
3109,16,False,False,False,False,True,True,False,False,False,False,False,False,False,False,Lundi-20-22h,OUI,Lundi,2020-03-23 20:00
3110,46,True,True,True,False,False,True,True,False,False,False,False,False,False,False,Lundi-20-22h,NON,Lundi,2020-03-23 20:00
3111,216,False,True,False,False,False,True,False,False,False,False,False,False,False,False,Lundi-20-22h,OUI,Lundi,2020-03-23 20:00
3112,174,False,True,True,False,False,True,False,False,False,False,True,False,False,False,Lundi-20-22h,OUI,Lundi,2020-03-23 20:00
3113,43,False,False,False,False,True,False,False,False,False,False,False,False,False,False,Lundi-20-22h,OUI,Lundi,2020-03-23 20:00
3114,165,False,False,False,False,True,True,False,False,False,False,False,False,False,False,Lundi-20-22h,NON,Lundi,2020-03-23 20:00
3115,126,False,True,False,False,False,True,False,False,False,False,False,False,False,False,Lundi-20-22h,NON,Lundi,2020-03-23 20:00
3116,41,False,False,False,False,False,True,False,False,True,False,False,False,False,False,Lundi-20-22h,NON,Lundi,2020-03-23 20:00
3117,157,False,False,True,False,False,False,False,False,False,False,False,False,False,False,Lundi-20-22h,OUI,Lundi,2020-03-23 20:00
3118,272,False,True,True,False,False,False,True,False,False,False,True,False,True,True,Lundi-20-22h,OUI,Lundi,2020-03-23 20:00
3119,115,True,False,True,False,False,False,False,False,False,False,False,False,False,False,Lundi-20-22h,OUI,Lundi,2020-03-23 20:00
3120,84,False,False,False,False,False,False,False,False,False,False,False,True,False,False,Lundi-20-22h,NON,Lundi,2020-03-23 20:00
3121,183,True,True,True,True,False,False,False,False,False,False,False,False,False,False,Lundi-20-22h,OUI,Lundi,2020-03-23 20:00
3122,65,True,True,False,False,False,True,False,False,False,False,False,False,False,False,Lundi-20-22h,OUI,Lundi,2020-03-23 20:00
3123,105,True,False,False,False,False,False,False,False,False,False,False,False,False,False,Lundi-20-22h,OUI,Lundi,2020-03-23 20:00
3124,187,True,False,False,False,False,True,False,False,False,False,False,False,False,False,Lundi-20-22h,OUI,Lundi,2020-03-23 20:00
3125,139,True,False,True,False,False,False,False,False,False,False,False,False,False,False,Lundi-20-22h,NON,Lundi,2020-03-23 20:00
3126,259,False,False,False,False,True,True,False,False,False,False,False,False,False,False,Lundi-20-22h,OUI,Lundi,2020-03-23 20:00
3127,124,True,False,True,False,False,False,False,False,False,False,True,False,False,False,Lundi-20-22h,OUI,Lundi,2020-03-23 20:00
3128,98,False,False,False,False,False,True,False,False,False,False,False,True,False,False,Lundi-20-22h,OUI,Lundi,2020-03-23 20:00
3129,284,False,True,True,False,False,True,False,False,False,False,False,False,True,False,Lundi-20-22h,OUI,Lundi,2020-03-23 20:00
3130,148,True,False,True,False,True,False,False,True,False,False,False,False,False,False,Lundi-20-22h,OUI,Lundi,2020-03-23 20:00
3131,258,True,False,True,False,False,False,False,False,False,False,False,False,False,False,Lundi-20-22h,NON,Lundi,2020-03-23 20:00
3132,175,False,False,False,False,False,True,False,False,False,False,False,False,False,False,Lundi-20-22h,NON,Lundi,2020-03-23 20:00
3133,119,False,False,False,False,False,False,False,False,False,False,True,False,False,False,Lundi-20-22h,NON,Lundi,2020-03-23 20:00
3134,229,True,False,True,False,False,False,False,True,False,False,False,False,False,False,Lundi-20-22h,OUI,Lundi,2020-03-23 20:00
3135,230,False,False,False,False,False,True,True,False,False,False,False,False,False,False,Lundi-20-22h,NON,Lundi,2020-03-23 20:00
3136,17,True,False,False,False,False,True,True,False,False,False,False,False,False,False,Lundi-20-22h,OUI,Lundi,2020-03-23 20:00
3137,177,False,False,False,False,False,False,False,False,False,False,False,False,False,False,Lundi-20-22h,NON,Lundi,2020-03-23 20:00
3138,7,False,False,False,False,False,False,False,False,False,False,False,False,False,False,Lundi-20-22h,NON,Lundi,2020-03-23 20:00
3139,241,False,False,True,False,False,False,False,False,False,False,False,False,False,False,Lundi-20-22h,NON,Lundi,2020-03-23 20:00
3140,8,True,False,False,False,True,True,False,True,False,False,False,False,False,False,Lundi-20-22h,OUI,Lundi,2020-03-23 20:00
3141,268,False,True,False,False,False,True,False,False,False,False,False,False,False,False,Lundi-20-22h,OUI,Lundi,2020-03-23 20:00
3142,294,False,False,True,False,True,False,False,False,False,False,False,False,False,False,Lundi-20-22h,OUI,Lundi,2020-03-23 20:00
3143,242,True,False,False,False,True,True,False,False,False,False,False,False,False,False,Lundi-20-22h,NON,Lundi,2020-03-23 20:00
3144,194,False,False,False,False,False,True,False,False,False,False,False,False,False,False,Lundi-20-22h,NON,Lundi,2020-03-23 20:00
3145,243,False,False,False,False,True,True,False,False,False,False,False,False,False,False,Lundi-20-22h,OUI,Lundi,2020-03-23 20:00
3146,212,True,True,True,False,False,True,False,False,False,False,False,False,False,False,Lundi-20-22h,OUI,Lundi,2020-03-23 20:00
3147,19,False,False,False,False,False,True,False,False,False,False,False,False,False,False,Lundi-20-22h,OUI,Lundi,2020-03-23 20:00
3148,114,False,False,False,False,True,False,False,False,False,False,False,False,False,False,Lundi-20-22h,OUI,Lundi,2020-03-23 20:00
3149,190,False,False,False,False,False,True,False,False,True,False,False,False,False,False,Lundi-20-22h,NON,Lundi,2020-03-23 20:00
3150,64,False,False,True,False,False,False,False,False,False,False,False,False,False,False,Lundi-20-22h,NON,Lundi,2020-03-23 20:00
3151,227,False,False,False,False,False,False,False,False,False,False,False,False,False,False,Lundi-20-22h,NON,Lundi,2020-03-23 20:00
3152,232,False,False,False,False,False,True,False,False,False,False,False,False,False,False,Lundi-20-22h,OUI,Lundi,2020-03-23 20:00
3153,246,False,True,False,False,False,True,True,False,False,False,False,False,False,False,Lundi-20-22h,OUI,Lundi,2020-03-23 20:00
3154,100,False,False,False,False,False,True,False,False,False,False,False,False,False,False,Lundi-20-22h,OUI,Lundi,2020-03-23 20:00
3155,13,False,False,False,False,True,False,False,False,False,False,False,False,False,False,Lundi-20-22h,NON,Lundi,2020-03-23 20:00
3156,262,True,True,True,False,False,False,False,False,False,False,False,False,False,False,Lundi-20-22h,OUI,Lundi,2020-03-23 20:00
3157,76,True,True,True,False,False,True,False,False,False,False,True,False,False,False,Lundi-20-22h,OUI,Lundi,2020-03-23 20:00
3158,261,False,True,False,False,True,False,False,False,False,False,False,False,False,False,Lundi-20-22h,NON,Lundi,2020-03-23 20:00
3159,150,False,True,False,False,False,False,False,False,False,False,False,False,False,False,Lundi-20-22h,OUI,Lundi,2020-03-23 20:00
3160,205,False,False,False,False,False,False,False,False,False,False,False,False,False,False,Lundi-20-22h,NON,Lundi,2020-03-23 20:00
3161,56,False,False,False,False,True,True,False,False,False,False,False,False,False,False,Lundi-20-22h,OUI,Lundi,2020-03-23 20:00
3162,186,False,False,False,False,True,False,False,False,False,False,False,False,False,False,Lundi-20-22h,OUI,Lundi,2020-03-23 20:00
3163,162,True,False,False,False,True,True,False,False,False,False,False,False,False,False,Lundi-20-22h,OUI,Lundi,2020-03-23 20:00
3164,68,False,True,False,False,True,True,False,False,False,False,False,False,False,False,Lundi-20-22h,OUI,Lundi,2020-03-23 20:00
3165,146,False,False,False,False,False,True,False,False,False,False,False,True,False,False,Lundi-20-22h,OUI,Lundi,2020-03-23 20:00
3166,49,False,False,False,False,False,False,False,False,False,False,False,False,True,False,Lundi-20-22h,NON,Lundi,2020-03-23 20:00
3167,91,True,False,True,True,False,False,False,False,False,False,False,False,False,False,Lundi-20-22h,OUI,Lundi,2020-03-23 20:00
3168,22,False,False,False,False,False,False,False,False,False,True,False,False,False,False,Lundi-20-22h,NON,Lundi,2020-03-23 20:00
3169,151,False,False,False,False,True,False,False,False,False,False,False,False,False,False,Lundi-20-22h,OUI,Lundi,2020-03-23 20:00
3170,193,False,False,False,False,True,True,False,False,False,False,False,False,False,False,Lundi-20-22h,OUI,Lundi,2020-03-23 20:00
3171,9,True,True,False,False,False,False,False,False,False,False,False,False,False,False,Lundi-20-22h,OUI,Lundi,2020-03-23 20:00
3172,99,True,False,True,False,False,False,False,False,False,False,False,False,False,False,Lundi-20-22h,NON,Lundi,2020-03-23 20:00
3173,181,False,False,False,False,True,True,False,False,False,False,False,False,False,False,Lundi-20-22h,OUI,Lundi,2020-03-23 20:00
3174,111,False,False,False,False,False,True,False,True,False,False,False,False,False,False,Lundi-20-22h,OUI,Lundi,2020-03-23 20:00
3175,44,False,True,False,False,False,True,False,False,False,False,False,False,False,False,Lundi-20-22h,OUI,Lundi,2020-03-23 20:00
3176,24,False,False,False,False,True,False,False,True,False,False,False,False,False,False,Lundi-20-22h,NON,Lundi,2020-03-23 20:00
3177,102,False,False,False,False,True,True,False,True,False,False,False,False,False,False,Lundi-20-22h,OUI,Lundi,2020-03-23 20:00
3178,203,True,True,False,False,False,False,False,True,False,False,False,False,False,False,Lundi-20-22h,NON,Lundi,2020-03-23 20:00
3179,140,False,False,False,False,True,True,False,True,False,False,False,False,False,False,Lundi-20-22h,NON,Lundi,2020-03-23 20:00
3180,188,False,False,False,False,False,True,False,False,True,False,False,False,False,False,Lundi-20-22h,NON,Lundi,2020-03-23 20:00
3181,206,False,False,False,True,False,False,False,False,False,False,True,False,False,False,Lundi-20-22h,NON,Lundi,2020-03-23 20:00
3182,273,False,False,False,False,False,False,False,False,False,False,False,True,False,False,Lundi-20-22h,OUI,Lundi,2020-03-23 20:00
3183,69,True,False,True,False,False,False,False,False,False,False,False,False,False,False,Lundi-20-22h,OUI,Lundi,2020-03-23 20:00
3184,87,True,False,False,True,False,False,False,False,False,False,True,False,False,False,Lundi-20-22h,OUI,Lundi,2020-03-23 20:00
3185,83,True,False,True,False,False,False,False,False,False,False,False,False,False,False,Lundi-20-22h,OUI,Lundi,2020-03-23 20:00
3186,149,True,False,True,True,False,False,False,False,False,False,False,False,False,False,Lundi-20-22h,OUI,Lundi,2020-03-23 20:00
3187,274,False,False,False,False,False,True,False,False,False,False,False,False,False,False,Lundi-20-22h,OUI,Lundi,2020-03-23 20:00
3188,282,True,False,True,True,False,False,False,False,False,False,False,False,False,False,Lundi-20-22h,OUI,Lundi,2020-03-23 20:00
3189,147,False,False,False,False,False,False,False,False,False,False,False,False,False,False,Lundi-20-22h,NON,Lundi,2020-03-23 20:00
3190,238,False,False,False,False,False,False,False,False,False,False,False,True,False,False,Lundi-20-22h,OUI,Lundi,2020-03-23 20:00
3191,201,False,False,False,False,False,False,False,False,False,False,False,False,False,False,Lundi-20-22h,NON,Lundi,2020-03-23 20:00
3192,152,False,True,False,False,False,False,False,False,False,False,False,False,False,False,Lundi-20-22h,NON,Lundi,2020-03-23 20:00
3193,222,False,False,False,False,False,True,False,False,True,True,False,False,False,False,Lundi-20-22h,NON,Lundi,2020-03-23 20:00
3194,106,False,False,False,False,False,True,False,False,False,False,False,True,False,False,Lundi-20-22h,OUI,Lundi,2020-03-23 20:00
3195,133,False,False,True,False,True,False,False,False,False,False,False,False,False,False,Lundi-20-22h,OUI,Lundi,2020-03-23 20:00
3196,163,False,False,False,False,True,False,False,False,False,False,False,False,False,False,Lundi-20-22h,NON,Lundi,2020-03-23 20:00
3197,231,False,False,False,False,False,False,False,False,False,False,False,False,False,False,Lundi-20-22h,NON,Lundi,2020-03-23 20:00
3198,25,False,False,False,False,True,False,False,False,False,False,False,False,False,False,Lundi-20-22h,NON,Lundi,2020-03-23 20:00
3199,196,False,False,True,False,True,False,False,True,False,False,False,False,False,False,Lundi-20-22h,NON,Lundi,2020-03-23 20:00
3200,5,False,False,False,False,True,True,False,False,False,False,False,False,False,False,Lundi-20-22h,OUI,Lundi,2020-03-23 20:00
3201,90,False,True,False,False,False,False,False,False,False,False,False,False,False,False,Lundi-20-22h,NON,Lundi,2020-03-23 20:00
3202,244,True,False,True,False,False,False,False,False,False,False,False,False,False,False,Lundi-20-22h,NON,Lundi,2020-03-23 20:00
3203,107,False,True,False,False,False,True,False,False,False,False,False,False,False,False,Lundi-20-22h,OUI,Lundi,2020-03-23 20:00
3204,218,False,True,False,False,True,True,False,False,False,False,False,False,False,False,Lundi-20-22h,OUI,Lundi,2020-03-23 20:00
3205,62,False,True,True,False,True,True,False,False,False,False,False,False,False,False,Lundi-20-22h,OUI,Lundi,2020-03-23 20:00
3206,79,False,True,False,False,False,False,False,False,False,False,False,False,False,False,Lundi-20-22h,NON,Lundi,2020-03-23 20:00
3207,208,False,False,False,False,False,True,False,False,False,False,False,False,False,False,Lundi-20-22h,OUI,Lundi,2020-03-23 20:00
3208,270,False,False,False,False,False,False,False,False,True,False,False,False,False,False,Lundi-20-22h,OUI,Lundi,2020-03-23 20:00
3209,166,True,False,False,False,True,True,False,False,False,False,False,False,False,False,Lundi-20-22h,OUI,Lundi,2020-03-23 20:00
3210,77,False,False,True,False,True,False,False,False,False,False,False,False,False,False,Lundi-20-22h,NON,Lundi,2020-03-23 20:00
3211,29,False,False,False,False,False,True,False,False,False,False,False,True,False,False,Lundi-20-22h,NON,Lundi,2020-03-23 20:00
3212,240,False,False,False,False,False,True,False,False,False,False,False,False,False,False,Lundi-20-22h,OUI,Lundi,2020-03-23 20:00
3213,184,False,True,False,False,False,False,False,False,False,False,False,False,False,False,Lundi-20-22h,OUI,Lundi,2020-03-23 20:00
3214,277,False,True,True,False,False,True,False,False,False,False,False,False,False,False,Lundi-20-22h,OUI,Lundi,2020-03-23 20:00
3215,80,True,False,False,False,False,True,False,False,False,True,False,False,False,False,Lundi-20-22h,NON,Lundi,2020-03-23 20:00
3216,185,True,True,True,False,False,True,False,False,False,False,True,False,True,False,Lundi-20-22h,NON,Lundi,2020-03-23 20:00
3217,204,False,False,False,False,True,True,False,False,False,False,False,True,False,False,Lundi-20-22h,OUI,Lundi,2020-03-23 20:00
3218,252,True,True,True,False,False,True,False,False,False,False,False,False,False,False,Lundi-20-22h,NON,Lundi,2020-03-23 20:00
3219,26,False,False,False,False,True,False,False,False,False,False,False,False,False,False,Lundi-20-22h,NON,Lundi,2020-03-23 20:00
3220,70,False,False,False,False,True,False,False,False,False,False,False,True,False,False,Lundi-20-22h,OUI,Lundi,2020-03-23 20:00
3221,233,False,False,False,False,True,False,False,False,False,False,False,False,False,False,Lundi-20-22h,OUI,Lundi,2020-03-23 20:00
3222,37,True,True,True,False,True,True,False,False,False,False,False,False,False,False,Lundi-20-22h,NON,Lundi,2020-03-23 20:00
3223,185,False,False,True,False,False,False,False,False,False,False,False,False,False,False,Lundi-20-22h,OUI,Lundi,2020-03-23 20:00
3224,138,True,False,False,False,True,True,False,False,False,False,False,False,False,False,Lundi-20-22h,OUI,Lundi,2020-03-23 20:00
3225,224,True,False,True,False,False,False,False,False,False,False,False,False,False,False,Lundi-20-22h,NON,Lundi,2020-03-23 20:00
3226,66,False,False,False,False,True,True,False,False,False,False,False,False,True,False,Lundi-20-22h,OUI,Lundi,2020-03-23 20:00
3227,211,False,False,True,False,False,False,False,False,False,False,False,False,True,False,Lundi-20-22h,NON,Lundi,2020-03-23 20:00
3228,14,False,False,False,False,True,True,False,False,False,False,False,False,False,False,Lundi-20-22h,NON,Lundi,2020-03-23 20:00
3229,145,False,False,False,False,True,False,False,False,False,False,False,False,False,False,Lundi-20-22h,NON,Lundi,2020-03-23 20:00
3230,36,False,False,False,False,False,False,False,False,False,False,False,True,False,False,Lundi-20-22h,NON,Lundi,2020-03-23 20:00
3231,60,True,True,True,False,False,True,False,False,False,False,False,False,False,False,Lundi-20-22h,NON,Lundi,2020-03-23 20:00
3232,137,True,True,True,False,False,True,False,False,False,False,True,False,False,False,Lundi-20-22h,OUI,Lundi,2020-03-23 20:00
3233,285,False,True,False,False,True,True,False,False,False,False,False,False,False,False,Lundi-20-22h,OUI,Lundi,2020-03-23 20:00
3234,40,False,True,True,False,True,True,False,False,False,False,False,False,False,False,Lundi-20-22h,OUI,Lundi,2020-03-23 20:00
3235,97,False,False,False,False,False,True,False,False,False,False,False,False,False,False,Lundi-20-22h,NON,Lundi,2020-03-23 20:00
3236,109,True,False,True,True,False,False,False,False,False,False,False,False,False,False,Lundi-20-22h,NON,Lundi,2020-03-23 20:00
3237,10,False,False,False,False,False,False,False,False,False,False,False,False,False,False,Lundi-20-22h,NON,Lundi,2020-03-23 20:00
3238,256,False,False,False,False,False,False,False,False,False,False,False,True,False,False,Lundi-20-22h,OUI,Lundi,2020-03-23 20:00
3239,141,True,True,True,False,False,False,False,False,False,False,True,False,False,False,Lundi-20-22h,NON,Lundi,2020-03-23 20:00
3240,28,False,False,False,False,False,False,False,False,False,False,False,False,False,False,Lundi-20-22h,NON,Lundi,2020-03-23 20:00
3241,101,True,True,True,True,True,True,False,False,False,False,False,False,False,False,Lundi-20-22h,OUI,Lundi,2020-03-23 20:00
3242,48,True,False,True,False,True,False,False,False,False,False,False,False,True,False,Lundi-20-22h,NON,Lundi,2020-03-23 20:00
3243,27,False,False,False,False,False,True,False,False,False,False,False,False,False,False,Lundi-20-22h,OUI,Lundi,2020-03-23 20:00
3244,142,True,False,True,False,False,False,False,False,False,False,True,False,True,False,Lundi-20-22h,NON,Lundi,2020-03-23 20:00
3245,234,False,False,True,False,False,False,False,False,False,False,True,False,False,False,Lundi-20-22h,NON,Lundi,2020-03-23 20:00
3246,23,False,False,False,False,True,False,False,False,False,False,False,False,False,False,Lundi-20-22h,OUI,Lundi,2020-03-23 20:00
3247,195,False,False,False,False,True,False,False,False,True,False,False,False,False,False,Lundi-20-22h,OUI,Lundi,2020-03-23 20:00
3248,275,False,False,False,False,False,False,False,False,False,False,False,True,False,False,Lundi-20-22h,NON,Lundi,2020-03-23 20:00
3249,226,False,False,False,False,True,True,False,False,False,False,False,False,False,False,Lundi-20-22h,OUI,Lundi,2020-03-23 20:00
3250,207,False,False,True,False,False,False,False,False,False,False,False,False,False,False,Lundi-20-22h,NON,Lundi,2020-03-23 20:00
3251,57,False,False,False,False,False,False,False,False,False,False,False,False,False,False,Lundi-20-22h,NON,Lundi,2020-03-23 20:00
3252,4,False,True,False,False,False,True,False,False,False,False,False,False,False,False,Lundi-20-22h,NON,Lundi,2020-03-23 20:00
3253,265,False,False,False,False,False,True,False,False,False,False,False,False,False,False,Lundi-20-22h,NON,Lundi,2020-03-23 20:00
3254,88,False,True,False,False,False,False,False,False,False,False,False,False,False,False,Lundi-20-22h,NON,Lundi,2020-03-23 20:00
3255,198,False,False,False,False,False,False,False,False,False,False,True,False,False,False,Lundi-20-22h,OUI,Lundi,2020-03-23 20:00
3256,249,True,True,True,False,False,False,False,False,False,False,False,False,False,False,Lundi-20-22h,OUI,Lundi,2020-03-23 20:00
3257,263,False,False,False,False,True,True,False,False,False,False,False,False,False,False,Lundi-20-22h,NON,Lundi,2020-03-23 20:00
3258,217,True,False,True,False,False,False,False,False,False,False,False,False,True,False,Lundi-20-22h,NON,Lundi,2020-03-23 20:00
3259,278,False,False,False,False,True,True,False,False,False,False,False,False,False,False,Lundi-20-22h,NON,Lundi,2020-03-23 20:00
3260,189,False,True,False,False,False,False,False,False,False,False,False,False,False,False,Lundi-20-22h,NON,Lundi,2020-03-23 20:00
3261,61,True,False,True,False,False,False,False,False,False,False,False,False,False,False,Lundi-20-22h,NON,Lundi,2020-03-23 20:00
3262,251,False,False,False,False,False,False,False,False,False,False,False,False,True,False,Lundi-20-22h,NON,Lundi,2020-03-23 20:00
3263,281,False,True,False,False,False,False,False,False,False,False,False,False,False,False,Lundi-20-22h,OUI,Lundi,2020-03-23 20:00
3264,134,False,True,False,False,False,False,False,False,False,False,False,False,False,False,Lundi-20-22h,NON,Lundi,2020-03-23 20:00
3265,293,False,True,False,False,False,True,False,False,False,False,False,False,False,False,Lundi-20-22h,NON,Lundi,2020-03-23 20:00
3266,279,True,True,True,True,False,True,False,False,False,False,False,False,False,False,Lundi-20-22h,OUI,Lundi,2020-03-23 20:00
3267,81,True,False,True,True,False,False,False,True,False,False,False,False,False,False,Lundi-20-22h,OUI,Lundi,2020-03-23 20:00
3268,92,True,False,False,True,False,False,False,False,False,False,True,False,False,False,Lundi-20-22h,NON,Lundi,2020-03-23 20:00
3269,147,False,False,False,False,False,False,False,False,False,False,False,False,False,False,Lundi-20-22h,NON,Lundi,2020-03-23 20:00
3270,33,False,True,False,False,True,False,False,False,False,False,False,False,False,False,Lundi-20-22h,OUI,Lundi,2020-03-23 20:00
3271,266,False,False,False,False,False,False,False,False,False,False,False,False,False,False,Lundi-20-22h,NON,Lundi,2020-03-23 20:00
3272,225,True,False,False,False,False,True,False,False,False,False,False,False,False,False,Lundi-20-22h,NON,Lundi,2020-03-23 20:00
3273,83,True,False,True,False,False,False,False,False,False,False,False,False,False,False,Lundi-20-22h,OUI,Lundi,2020-03-23 20:00
3274,95,False,False,False,False,True,True,False,True,False,False,False,False,False,False,Lundi-20-22h,NON,Lundi,2020-03-23 20:00
3275,127,False,False,False,False,True,False,False,False,False,False,False,False,False,False,Lundi-20-22h,OUI,Lundi,2020-03-23 20:00
3276,20,False,False,False,False,False,False,False,False,False,False,False,False,False,False,Lundi-20-22h,NON,Lundi,2020-03-23 20:00
3277,89,False,False,False,False,False,False,False,False,True,False,False,False,False,False,Lundi-20-22h,OUI,Lundi,2020-03-23 20:00
3278,120,False,True,True,False,True,True,False,True,False,False,True,False,False,False,Lundi-20-22h,NON,Lundi,2020-03-23 20:00
3279,253,False,False,False,False,True,True,False,False,False,False,False,True,False,False,Lundi-20-22h,OUI,Lundi,2020-03-23 20:00
3280,52,False,False,True,False,False,False,False,False,False,False,False,False,False,False,Lundi-20-22h,OUI,Lundi,2020-03-23 20:00
3281,168,True,False,True,False,False,False,False,True,False,False,False,False,False,False,Lundi-20-22h,NON,Lundi,2020-03-23 20:00
3282,202,False,True,False,False,False,False,False,False,False,False,False,False,False,False,Lundi-20-22h,OUI,Lundi,2020-03-23 20:00
3283,172,False,False,False,False,True,False,False,False,False,False,False,False,False,False,Lundi-20-22h,OUI,Lundi,2020-03-23 20:00
3284,239,False,False,False,False,True,True,False,False,False,False,False,False,False,False,Lundi-20-22h,NON,Lundi,2020-03-23 20:00
3285,85,False,False,False,False,True,False,False,False,False,False,False,False,False,False,Lundi-20-22h,NON,Lundi,2020-03-23 20:00
3286,215,False,False,False,False,False,False,False,False,True,False,False,False,False,False,Lundi-20-22h,NON,Lundi,2020-03-23 20:00
3287,260,True,False,True,False,False,False,False,False,False,False,False,False,False,False,Lundi-20-22h,OUI,Lundi,2020-03-23 20:00
3288,286,True,True,False,False,True,False,False,False,False,False,False,False,False,False,Lundi-20-22h,NON,Lundi,2020-03-23 20:00
3289,72,False,True,False,False,False,False,False,False,False,False,False,False,False,False,Lundi-22-24h,OUI,Lundi,2020-03-23 22:00
3290,167,True,True,True,True,True,True,False,False,False,False,False,False,False,False,Lundi-22-24h,OUI,Lundi,2020-03-23 22:00
3291,130,True,False,True,False,False,False,False,True,False,False,False,False,True,True,Lundi-22-24h,OUI,Lundi,2020-03-23 22:00
3292,288,True,True,True,False,True,False,False,False,False,False,False,False,False,False,Lundi-22-24h,OUI,Lundi,2020-03-23 22:00
3293,59,False,False,False,False,False,True,False,False,False,False,False,False,False,False,Lundi-22-24h,NON,Lundi,2020-03-23 22:00
3294,178,True,False,False,False,False,False,False,False,False,False,True,False,False,False,Lundi-22-24h,OUI,Lundi,2020-03-23 22:00
3295,254,False,False,False,False,False,False,False,False,False,False,False,True,False,False,Lundi-22-24h,NON,Lundi,2020-03-23 22:00
3296,34,False,False,False,False,False,False,False,False,False,False,False,False,False,False,Lundi-22-24h,NON,Lundi,2020-03-23 22:00
3297,264,False,False,False,False,True,True,True,False,False,False,False,False,False,False,Lundi-22-24h,OUI,Lundi,2020-03-23 22:00
3298,158,True,False,False,False,True,False,False,False,False,True,False,False,False,False,Lundi-22-24h,NON,Lundi,2020-03-23 22:00
3299,210,False,True,False,False,True,True,False,False,False,False,False,False,False,False,Lundi-22-24h,NON,Lundi,2020-03-23 22:00
3300,93,False,False,False,False,True,False,False,False,False,False,False,False,True,False,Lundi-22-24h,OUI,Lundi,2020-03-23 22:00
3301,144,True,False,True,False,True,False,False,False,False,False,False,False,False,False,Lundi-22-24h,NON,Lundi,2020-03-23 22:00
3302,164,False,True,False,False,True,True,False,False,False,False,False,False,False,False,Lundi-22-24h,OUI,Lundi,2020-03-23 22:00
3303,289,False,False,False,False,True,True,False,False,False,False,False,False,False,False,Lundi-22-24h,NON,Lundi,2020-03-23 22:00
3304,50,False,False,False,False,False,False,False,False,False,False,False,False,False,False,Lundi-22-24h,NON,Lundi,2020-03-23 22:00
3305,51,True,True,False,False,True,False,False,False,False,False,False,False,False,False,Lundi-22-24h,OUI,Lundi,2020-03-23 22:00
3306,247,False,False,True,False,False,False,False,False,False,False,False,False,False,False,Lundi-22-24h,OUI,Lundi,2020-03-23 22:00
3307,159,False,False,False,False,False,False,False,True,False,False,False,False,False,False,Lundi-22-24h,OUI,Lundi,2020-03-23 22:00
3308,54,False,False,False,False,False,True,False,False,False,False,False,False,False,False,Lundi-22-24h,NON,Lundi,2020-03-23 22:00
3309,55,True,False,False,False,True,True,False,True,False,False,False,False,False,False,Lundi-22-24h,OUI,Lundi,2020-03-23 22:00
3310,257,False,False,False,False,True,False,False,False,False,False,False,False,False,False,Lundi-22-24h,NON,Lundi,2020-03-23 22:00
3311,67,False,False,False,False,False,False,False,False,False,False,False,False,False,False,Lundi-22-24h,NON,Lundi,2020-03-23 22:00
3312,71,True,False,True,False,False,False,False,False,False,False,False,False,False,False,Lundi-22-24h,NON,Lundi,2020-03-23 22:00
3313,280,False,False,False,False,False,True,False,False,False,False,False,False,False,False,Lundi-22-24h,OUI,Lundi,2020-03-23 22:00
3314,283,True,True,False,False,False,False,False,False,False,False,False,False,False,False,Lundi-22-24h,OUI,Lundi,2020-03-23 22:00
3315,154,False,False,False,False,True,True,False,False,False,False,False,True,False,False,Lundi-22-24h,OUI,Lundi,2020-03-23 22:00
3316,171,False,False,False,False,False,False,False,False,False,False,False,True,False,False,Lundi-22-24h,OUI,Lundi,2020-03-23 22:00
3317,131,False,False,True,False,False,False,False,False,False,False,False,False,False,False,Lundi-22-24h,NON,Lundi,2020-03-23 22:00
3318,237,True,False,False,False,False,True,True,False,False,False,False,False,True,False,Lundi-22-24h,OUI,Lundi,2020-03-23 22:00
3319,75,False,False,False,False,True,True,False,False,False,False,False,False,False,False,Lundi-22-24h,NON,Lundi,2020-03-23 22:00
3320,235,True,False,False,False,True,False,False,False,False,False,False,False,False,False,Lundi-22-24h,OUI,Lundi,2020-03-23 22:00
3321,180,False,False,False,False,True,True,False,False,False,False,False,False,False,False,Lundi-22-24h,OUI,Lundi,2020-03-23 22:00
3322,219,False,False,False,False,False,True,False,False,False,False,False,False,False,False,Lundi-22-24h,NON,Lundi,2020-03-23 22:00
3323,250,False,False,False,False,False,False,False,False,True,False,False,False,False,False,Lundi-22-24h,NON,Lundi,2020-03-23 22:00
3324,267,True,True,False,False,False,False,False,False,False,False,False,False,False,False,Lundi-22-24h,OUI,Lundi,2020-03-23 22:00
3325,160,False,True,False,False,False,True,False,False,False,False,False,False,False,False,Lundi-22-24h,NON,Lundi,2020-03-23 22:00
3326,182,False,True,False,False,True,True,True,False,False,False,False,False,False,False,Lundi-22-24h,OUI,Lundi,2020-03-23 22:00
3327,143,False,False,False,False,False,False,False,True,False,False,True,False,False,False,Lundi-22-24h,OUI,Lundi,2020-03-23 22:00
3328,223,True,True,False,False,False,False,False,False,False,False,False,False,False,False,Lundi-22-24h,OUI,Lundi,2020-03-23 22:00
3329,192,True,False,True,False,False,False,False,False,False,False,False,False,False,False,Lundi-22-24h,NON,Lundi,2020-03-23 22:00
3330,30,False,False,True,False,False,False,False,True,False,False,False,False,False,False,Lundi-22-24h,OUI,Lundi,2020-03-23 22:00
3331,125,True,False,False,False,True,False,False,True,False,False,False,False,False,False,Lundi-22-24h,OUI,Lundi,2020-03-23 22:00
3332,39,False,False,True,False,True,False,False,True,False,False,False,False,False,False,Lundi-22-24h,OUI,Lundi,2020-03-23 22:00
3333,113,True,False,True,False,False,False,False,False,False,False,False,False,False,False,Lundi-22-24h,OUI,Lundi,2020-03-23 22:00
3334,121,True,False,True,False,False,False,False,True,False,False,False,False,False,False,Lundi-22-24h,OUI,Lundi,2020-03-23 22:00
3335,228,False,False,False,False,False,False,False,False,False,False,True,False,False,False,Lundi-22-24h,NON,Lundi,2020-03-23 22:00
3336,290,False,False,False,False,False,False,False,False,True,False,False,False,False,False,Lundi-22-24h,OUI,Lundi,2020-03-23 22:00
3337,197,False,False,True,False,True,False,False,False,False,False,False,False,False,False,Lundi-22-24h,NON,Lundi,2020-03-23 22:00
3338,31,True,True,True,False,False,True,False,False,False,False,False,False,False,False,Lundi-22-24h,OUI,Lundi,2020-03-23 22:00
3339,173,True,False,False,False,True,True,False,True,False,False,False,False,False,False,Lundi-22-24h,NON,Lundi,2020-03-23 22:00
3340,74,True,False,False,True,False,False,False,True,False,False,True,False,False,False,Lundi-22-24h,NON,Lundi,2020-03-23 22:00
3341,15,False,False,True,False,False,False,False,False,False,False,False,False,False,False,Lundi-22-24h,OUI,Lundi,2020-03-23 22:00
3342,45,True,False,False,False,True,True,False,True,False,False,False,False,False,False,Lundi-22-24h,NON,Lundi,2020-03-23 22:00
3343,63,False,False,True,False,False,False,False,False,False,False,False,False,False,False,Lundi-22-24h,NON,Lundi,2020-03-23 22:00
3344,3,False,False,False,False,False,True,False,False,False,False,False,True,False,False,Lundi-22-24h,OUI,Lundi,2020-03-23 22:00
3345,21,True,False,True,False,False,False,False,False,False,False,False,False,False,False,Lundi-22-24h,OUI,Lundi,2020-03-23 22:00
3346,78,False,True,True,False,True,True,False,True,False,False,False,False,False,False,Lundi-22-24h,OUI,Lundi,2020-03-23 22:00
3347,47,False,True,False,False,False,False,False,False,False,False,False,False,False,False,Lundi-22-24h,OUI,Lundi,2020-03-23 22:00
3348,151,True,True,False,False,True,False,False,True,False,False,False,False,False,False,Lundi-22-24h,OUI,Lundi,2020-03-23 22:00
3349,6,True,False,True,False,False,False,False,False,False,False,False,False,False,False,Lundi-22-24h,OUI,Lundi,2020-03-23 22:00
3350,135,True,False,True,False,False,False,False,False,False,False,False,False,True,False,Lundi-22-24h,OUI,Lundi,2020-03-23 22:00
3351,221,False,False,False,False,True,True,False,False,False,False,False,False,False,False,Lundi-22-24h,OUI,Lundi,2020-03-23 22:00
3352,170,False,False,True,False,False,False,False,False,False,False,True,False,False,True,Lundi-22-24h,NON,Lundi,2020-03-23 22:00
3353,129,False,True,False,False,False,False,False,False,False,False,False,False,False,False,Lundi-22-24h,NON,Lundi,2020-03-23 22:00
3354,132,True,True,True,False,False,True,False,False,False,False,False,False,False,False,Lundi-22-24h,OUI,Lundi,2020-03-23 22:00
3355,110,False,True,False,False,False,False,False,False,False,False,False,False,False,False,Lundi-22-24h,OUI,Lundi,2020-03-23 22:00
3356,191,False,False,False,False,False,True,False,False,False,False,False,False,False,False,Lundi-22-24h,OUI,Lundi,2020-03-23 22:00
3357,94,True,True,True,False,False,True,False,False,False,False,True,False,True,False,Lundi-22-24h,NON,Lundi,2020-03-23 22:00
3358,108,False,False,False,False,False,True,True,False,False,False,False,False,False,False,Lundi-22-24h,OUI,Lundi,2020-03-23 22:00
3359,236,False,False,False,False,True,True,False,False,False,False,False,False,False,False,Lundi-22-24h,OUI,Lundi,2020-03-23 22:00
3360,42,True,False,True,False,True,False,False,False,False,False,False,False,False,False,Lundi-22-24h,OUI,Lundi,2020-03-23 22:00
3361,155,True,False,False,False,True,False,False,False,False,False,False,False,False,False,Lundi-22-24h,OUI,Lundi,2020-03-23 22:00
3362,1,False,False,False,False,False,False,False,False,False,False,False,False,False,False,Lundi-22-24h,NON,Lundi,2020-03-23 22:00
3363,58,False,True,True,False,False,True,False,False,False,False,True,False,False,False,Lundi-22-24h,OUI,Lundi,2020-03-23 22:00
3364,0,False,True,False,False,False,False,False,False,False,False,False,False,False,False,Lundi-22-24h,OUI,Lundi,2020-03-23 22:00
3365,269,False,False,False,False,False,False,False,False,False,False,False,False,False,False,Lundi-22-24h,NON,Lundi,2020-03-23 22:00
3366,2,True,False,True,False,False,False,False,False,False,False,False,False,False,False,Lundi-22-24h,NON,Lundi,2020-03-23 22:00
3367,103,False,False,False,False,True,False,False,False,False,False,False,False,False,False,Lundi-22-24h,NON,Lundi,2020-03-23 22:00
3368,12,False,True,False,False,True,False,False,False,False,False,False,False,False,False,Lundi-22-24h,OUI,Lundi,2020-03-23 22:00
3369,245,True,False,False,False,True,True,False,True,False,False,False,False,False,False,Lundi-22-24h,NON,Lundi,2020-03-23 22:00
3370,161,False,False,True,False,False,False,False,False,False,False,True,False,False,False,Lundi-22-24h,OUI,Lundi,2020-03-23 22:00
3371,38,False,False,False,False,False,False,False,False,True,False,False,False,False,False,Lundi-22-24h,NON,Lundi,2020-03-23 22:00
3372,122,False,False,False,False,False,False,False,False,False,False,False,False,False,False,Lundi-22-24h,NON,Lundi,2020-03-23 22:00
3373,248,False,False,True,False,False,False,False,False,False,False,False,False,True,False,Lundi-22-24h,OUI,Lundi,2020-03-23 22:00
3374,271,False,True,True,False,False,True,False,False,False,False,False,False,False,False,Lundi-22-24h,OUI,Lundi,2020-03-23 22:00
3375,116,False,False,True,False,False,False,False,False,False,False,False,False,False,False,Lundi-22-24h,OUI,Lundi,2020-03-23 22:00
3376,117,True,True,True,True,False,True,False,False,False,False,False,False,False,False,Lundi-22-24h,NON,Lundi,2020-03-23 22:00
3377,213,False,False,False,False,True,True,False,True,False,False,False,False,False,False,Lundi-22-24h,NON,Lundi,2020-03-23 22:00
3378,220,False,True,True,False,False,True,False,False,False,False,False,False,False,False,Lundi-22-24h,OUI,Lundi,2020-03-23 22:00
3379,176,False,False,True,False,False,False,False,False,False,False,False,False,False,False,Lundi-22-24h,OUI,Lundi,2020-03-23 22:00
3380,96,False,False,False,False,True,True,False,False,False,True,False,False,False,False,Lundi-22-24h,NON,Lundi,2020-03-23 22:00
3381,214,False,False,False,False,True,True,False,False,False,True,False,False,False,False,Lundi-22-24h,OUI,Lundi,2020-03-23 22:00
3382,11,True,False,False,True,False,False,False,False,False,False,True,False,False,False,Lundi-22-24h,OUI,Lundi,2020-03-23 22:00
3383,255,True,False,True,False,False,False,False,True,False,False,False,False,False,False,Lundi-22-24h,OUI,Lundi,2020-03-23 22:00
3384,86,False,False,True,False,False,False,False,False,False,False,False,False,False,False,Lundi-22-24h,OUI,Lundi,2020-03-23 22:00
3385,209,True,False,False,False,True,True,False,True,False,False,False,False,False,False,Lundi-22-24h,OUI,Lundi,2020-03-23 22:00
3386,291,False,False,False,False,False,True,False,False,True,False,False,False,False,False,Lundi-22-24h,OUI,Lundi,2020-03-23 22:00
3387,287,False,False,False,False,False,False,False,False,False,False,False,True,False,False,Lundi-22-24h,OUI,Lundi,2020-03-23 22:00
3388,104,False,False,False,False,True,True,False,False,False,False,False,False,False,False,Lundi-22-24h,NON,Lundi,2020-03-23 22:00
3389,18,False,False,False,False,True,False,False,False,False,False,False,False,False,False,Lundi-22-24h,OUI,Lundi,2020-03-23 22:00
3390,123,False,True,False,False,True,True,False,False,False,False,False,False,False,False,Lundi-22-24h,NON,Lundi,2020-03-23 22:00
3391,136,False,False,False,False,True,False,False,False,False,False,False,False,False,False,Lundi-22-24h,OUI,Lundi,2020-03-23 22:00
3392,276,True,False,True,False,False,False,False,False,False,False,False,False,False,False,Lundi-22-24h,OUI,Lundi,2020-03-23 22:00
3393,53,False,False,False,False,True,True,False,False,False,False,False,False,False,False,Lundi-22-24h,OUI,Lundi,2020-03-23 22:00
3394,179,True,False,True,False,False,False,False,False,False,False,False,False,False,False,Lundi-22-24h,OUI,Lundi,2020-03-23 22:00
3395,200,False,False,False,False,False,False,False,False,False,False,False,False,False,False,Lundi-22-24h,NON,Lundi,2020-03-23 22:00
3396,73,False,False,False,False,False,False,False,False,False,False,False,False,False,False,Lundi-22-24h,NON,Lundi,2020-03-23 22:00
3397,156,False,False,False,False,True,True,False,False,False,False,False,False,False,False,Lundi-22-24h,NON,Lundi,2020-03-23 22:00
3398,128,True,True,True,False,False,True,False,False,False,False,False,False,False,False,Lundi-22-24h,OUI,Lundi,2020-03-23 22:00
3399,118,False,False,False,False,False,False,False,False,False,False,False,False,False,False,Lundi-22-24h,NON,Lundi,2020-03-23 22:00
3400,112,True,False,True,False,False,False,False,False,False,False,False,False,False,False,Lundi-22-24h,NON,Lundi,2020-03-23 22:00
3401,35,False,False,False,False,True,True,False,False,False,False,False,False,False,False,Lundi-22-24h,NON,Lundi,2020-03-23 22:00
3402,32,False,False,False,False,False,False,False,False,False,False,False,True,False,False,Lundi-22-24h,NON,Lundi,2020-03-23 22:00
3403,199,True,False,True,False,False,False,False,False,False,False,False,False,False,False,Lundi-22-24h,OUI,Lundi,2020-03-23 22:00
3404,153,True,False,False,False,True,True,False,False,False,False,False,False,False,False,Lundi-22-24h,NON,Lundi,2020-03-23 22:00
3405,82,False,False,True,False,False,False,False,False,False,False,False,False,False,False,Lundi-22-24h,NON,Lundi,2020-03-23 22:00
3406,292,False,True,False,False,False,False,False,False,False,False,False,False,False,False,Lundi-22-24h,NON,Lundi,2020-03-23 22:00
3407,169,False,False,False,True,False,False,False,False,False,False,False,False,False,False,Lundi-22-24h,NON,Lundi,2020-03-23 22:00
3408,16,False,False,False,False,True,True,False,False,False,False,False,False,False,False,Lundi-22-24h,OUI,Lundi,2020-03-23 22:00
3409,46,True,True,True,False,False,True,True,False,False,False,False,False,False,False,Lundi-22-24h,NON,Lundi,2020-03-23 22:00
3410,216,False,True,False,False,False,True,False,False,False,False,False,False,False,False,Lundi-22-24h,OUI,Lundi,2020-03-23 22:00
3411,174,False,True,True,False,False,True,False,False,False,False,True,False,False,False,Lundi-22-24h,OUI,Lundi,2020-03-23 22:00
3412,43,False,False,False,False,True,False,False,False,False,False,False,False,False,False,Lundi-22-24h,NON,Lundi,2020-03-23 22:00
3413,165,False,False,False,False,True,True,False,False,False,False,False,False,False,False,Lundi-22-24h,NON,Lundi,2020-03-23 22:00
3414,126,False,True,False,False,False,True,False,False,False,False,False,False,False,False,Lundi-22-24h,NON,Lundi,2020-03-23 22:00
3415,41,False,False,False,False,False,True,False,False,True,False,False,False,False,False,Lundi-22-24h,NON,Lundi,2020-03-23 22:00
3416,157,False,False,True,False,False,False,False,False,False,False,False,False,False,False,Lundi-22-24h,OUI,Lundi,2020-03-23 22:00
3417,272,False,True,True,False,False,False,True,False,False,False,True,False,True,True,Lundi-22-24h,OUI,Lundi,2020-03-23 22:00
3418,115,True,False,True,False,False,False,False,False,False,False,False,False,False,False,Lundi-22-24h,OUI,Lundi,2020-03-23 22:00
3419,84,False,False,False,False,False,False,False,False,False,False,False,True,False,False,Lundi-22-24h,NON,Lundi,2020-03-23 22:00
3420,183,True,True,True,True,False,False,False,False,False,False,False,False,False,False,Lundi-22-24h,OUI,Lundi,2020-03-23 22:00
3421,65,True,True,False,False,False,True,False,False,False,False,False,False,False,False,Lundi-22-24h,OUI,Lundi,2020-03-23 22:00
3422,105,True,False,False,False,False,False,False,False,False,False,False,False,False,False,Lundi-22-24h,OUI,Lundi,2020-03-23 22:00
3423,187,True,False,False,False,False,True,False,False,False,False,False,False,False,False,Lundi-22-24h,OUI,Lundi,2020-03-23 22:00
3424,139,True,False,True,False,False,False,False,False,False,False,False,False,False,False,Lundi-22-24h,NON,Lundi,2020-03-23 22:00
3425,259,False,False,False,False,True,True,False,False,False,False,False,False,False,False,Lundi-22-24h,OUI,Lundi,2020-03-23 22:00
3426,124,True,False,True,False,False,False,False,False,False,False,True,False,False,False,Lundi-22-24h,OUI,Lundi,2020-03-23 22:00
3427,98,False,False,False,False,False,True,False,False,False,False,False,True,False,False,Lundi-22-24h,OUI,Lundi,2020-03-23 22:00
3428,284,False,True,True,False,False,True,False,False,False,False,False,False,True,False,Lundi-22-24h,OUI,Lundi,2020-03-23 22:00
3429,148,True,False,True,False,True,False,False,True,False,False,False,False,False,False,Lundi-22-24h,OUI,Lundi,2020-03-23 22:00
3430,258,True,False,True,False,False,False,False,False,False,False,False,False,False,False,Lundi-22-24h,OUI,Lundi,2020-03-23 22:00
3431,175,False,False,False,False,False,True,False,False,False,False,False,False,False,False,Lundi-22-24h,NON,Lundi,2020-03-23 22:00
3432,119,False,False,False,False,False,False,False,False,False,False,True,False,False,False,Lundi-22-24h,NON,Lundi,2020-03-23 22:00
3433,229,True,False,True,False,False,False,False,True,False,False,False,False,False,False,Lundi-22-24h,OUI,Lundi,2020-03-23 22:00
3434,230,False,False,False,False,False,True,True,False,False,False,False,False,False,False,Lundi-22-24h,NON,Lundi,2020-03-23 22:00
3435,17,True,False,False,False,False,True,True,False,False,False,False,False,False,False,Lundi-22-24h,OUI,Lundi,2020-03-23 22:00
3436,177,False,False,False,False,False,False,False,False,False,False,False,False,False,False,Lundi-22-24h,NON,Lundi,2020-03-23 22:00
3437,7,False,False,False,False,False,False,False,False,False,False,False,False,False,False,Lundi-22-24h,NON,Lundi,2020-03-23 22:00
3438,241,False,False,True,False,False,False,False,False,False,False,False,False,False,False,Lundi-22-24h,NON,Lundi,2020-03-23 22:00
3439,8,True,False,False,False,True,True,False,True,False,False,False,False,False,False,Lundi-22-24h,OUI,Lundi,2020-03-23 22:00
3440,268,False,True,False,False,False,True,False,False,False,False,False,False,False,False,Lundi-22-24h,OUI,Lundi,2020-03-23 22:00
3441,294,False,False,True,False,True,False,False,False,False,False,False,False,False,False,Lundi-22-24h,OUI,Lundi,2020-03-23 22:00
3442,242,True,False,False,False,True,True,False,False,False,False,False,False,False,False,Lundi-22-24h,NON,Lundi,2020-03-23 22:00
3443,194,False,False,False,False,False,True,False,False,False,False,False,False,False,False,Lundi-22-24h,NON,Lundi,2020-03-23 22:00
3444,243,False,False,False,False,True,True,False,False,False,False,False,False,False,False,Lundi-22-24h,OUI,Lundi,2020-03-23 22:00
3445,212,True,True,True,False,False,True,False,False,False,False,False,False,False,False,Lundi-22-24h,OUI,Lundi,2020-03-23 22:00
3446,19,False,False,False,False,False,True,False,False,False,False,False,False,False,False,Lundi-22-24h,OUI,Lundi,2020-03-23 22:00
3447,114,False,False,False,False,True,False,False,False,False,False,False,False,False,False,Lundi-22-24h,OUI,Lundi,2020-03-23 22:00
3448,190,False,False,False,False,False,True,False,False,True,False,False,False,False,False,Lundi-22-24h,NON,Lundi,2020-03-23 22:00
3449,64,False,False,True,False,False,False,False,False,False,False,False,False,False,False,Lundi-22-24h,NON,Lundi,2020-03-23 22:00
3450,227,False,False,False,False,False,False,False,False,False,False,False,False,False,False,Lundi-22-24h,NON,Lundi,2020-03-23 22:00
3451,232,False,False,False,False,False,True,False,False,False,False,False,False,False,False,Lundi-22-24h,OUI,Lundi,2020-03-23 22:00
3452,246,False,True,False,False,False,True,True,False,False,False,False,False,False,False,Lundi-22-24h,OUI,Lundi,2020-03-23 22:00
3453,100,False,False,False,False,False,True,False,False,False,False,False,False,False,False,Lundi-22-24h,OUI,Lundi,2020-03-23 22:00
3454,13,False,False,False,False,True,False,False,False,False,False,False,False,False,False,Lundi-22-24h,NON,Lundi,2020-03-23 22:00
3455,262,True,True,True,False,False,False,False,False,False,False,False,False,False,False,Lundi-22-24h,OUI,Lundi,2020-03-23 22:00
3456,76,True,True,True,False,False,True,False,False,False,False,True,False,False,False,Lundi-22-24h,OUI,Lundi,2020-03-23 22:00
3457,261,False,True,False,False,True,False,False,False,False,False,False,False,False,False,Lundi-22-24h,NON,Lundi,2020-03-23 22:00
3458,150,False,True,False,False,False,False,False,False,False,False,False,False,False,False,Lundi-22-24h,OUI,Lundi,2020-03-23 22:00
3459,205,False,False,False,False,False,False,False,False,False,False,False,False,False,False,Lundi-22-24h,NON,Lundi,2020-03-23 22:00
3460,56,False,False,False,False,True,True,False,False,False,False,False,False,False,False,Lundi-22-24h,OUI,Lundi,2020-03-23 22:00
3461,186,False,False,False,False,True,False,False,False,False,False,False,False,False,False,Lundi-22-24h,OUI,Lundi,2020-03-23 22:00
3462,162,True,False,False,False,True,True,False,False,False,False,False,False,False,False,Lundi-22-24h,OUI,Lundi,2020-03-23 22:00
3463,68,False,True,False,False,True,True,False,False,False,False,False,False,False,False,Lundi-22-24h,OUI,Lundi,2020-03-23 22:00
3464,146,False,False,False,False,False,True,False,False,False,False,False,True,False,False,Lundi-22-24h,OUI,Lundi,2020-03-23 22:00
3465,49,False,False,False,False,False,False,False,False,False,False,False,False,True,False,Lundi-22-24h,NON,Lundi,2020-03-23 22:00
3466,91,True,False,True,True,False,False,False,False,False,False,False,False,False,False,Lundi-22-24h,OUI,Lundi,2020-03-23 22:00
3467,22,False,False,False,False,False,False,False,False,False,True,False,False,False,False,Lundi-22-24h,NON,Lundi,2020-03-23 22:00
3468,151,False,False,False,False,True,False,False,False,False,False,False,False,False,False,Lundi-22-24h,OUI,Lundi,2020-03-23 22:00
3469,193,False,False,False,False,True,True,False,False,False,False,False,False,False,False,Lundi-22-24h,OUI,Lundi,2020-03-23 22:00
3470,9,True,True,False,False,False,False,False,False,False,False,False,False,False,False,Lundi-22-24h,OUI,Lundi,2020-03-23 22:00
3471,99,True,False,True,False,False,False,False,False,False,False,False,False,False,False,Lundi-22-24h,NON,Lundi,2020-03-23 22:00
3472,181,False,False,False,False,True,True,False,False,False,False,False,False,False,False,Lundi-22-24h,OUI,Lundi,2020-03-23 22:00
3473,111,False,False,False,False,False,True,False,True,False,False,False,False,False,False,Lundi-22-24h,OUI,Lundi,2020-03-23 22:00
3474,44,False,True,False,False,False,True,False,False,False,False,False,False,False,False,Lundi-22-24h,NON,Lundi,2020-03-23 22:00
3475,24,False,False,False,False,True,False,False,True,False,False,False,False,False,False,Lundi-22-24h,NON,Lundi,2020-03-23 22:00
3476,102,False,False,False,False,True,True,False,True,False,False,False,False,False,False,Lundi-22-24h,OUI,Lundi,2020-03-23 22:00
3477,203,True,True,False,False,False,False,False,True,False,False,False,False,False,False,Lundi-22-24h,NON,Lundi,2020-03-23 22:00
3478,140,False,False,False,False,True,True,False,True,False,False,False,False,False,False,Lundi-22-24h,NON,Lundi,2020-03-23 22:00
3479,188,False,False,False,False,False,True,False,False,True,False,False,False,False,False,Lundi-22-24h,NON,Lundi,2020-03-23 22:00
3480,206,False,False,False,True,False,False,False,False,False,False,True,False,False,False,Lundi-22-24h,NON,Lundi,2020-03-23 22:00
3481,273,False,False,False,False,False,False,False,False,False,False,False,True,False,False,Lundi-22-24h,NON,Lundi,2020-03-23 22:00
3482,69,True,False,True,False,False,False,False,False,False,False,False,False,False,False,Lundi-22-24h,OUI,Lundi,2020-03-23 22:00
3483,87,True,False,False,True,False,False,False,False,False,False,True,False,False,False,Lundi-22-24h,OUI,Lundi,2020-03-23 22:00
3484,83,True,False,True,False,False,False,False,False,False,False,False,False,False,False,Lundi-22-24h,OUI,Lundi,2020-03-23 22:00
3485,149,True,False,True,True,False,False,False,False,False,False,False,False,False,False,Lundi-22-24h,OUI,Lundi,2020-03-23 22:00
3486,274,False,False,False,False,False,True,False,False,False,False,False,False,False,False,Lundi-22-24h,NON,Lundi,2020-03-23 22:00
3487,282,True,False,True,True,False,False,False,False,False,False,False,False,False,False,Lundi-22-24h,OUI,Lundi,2020-03-23 22:00
3488,147,False,False,False,False,False,False,False,False,False,False,False,False,False,False,Lundi-22-24h,NON,Lundi,2020-03-23 22:00
3489,238,False,False,False,False,False,False,False,False,False,False,False,True,False,False,Lundi-22-24h,OUI,Lundi,2020-03-23 22:00
3490,201,False,False,False,False,False,False,False,False,False,False,False,False,False,False,Lundi-22-24h,NON,Lundi,2020-03-23 22:00
3491,152,False,True,False,False,False,False,False,False,False,False,False,False,False,False,Lundi-22-24h,NON,Lundi,2020-03-23 22:00
3492,222,False,False,False,False,False,True,False,False,True,True,False,False,False,False,Lundi-22-24h,NON,Lundi,2020-03-23 22:00
3493,106,False,False,False,False,False,True,False,False,False,False,False,True,False,False,Lundi-22-24h,OUI,Lundi,2020-03-23 22:00
3494,133,False,False,True,False,True,False,False,False,False,False,False,False,False,False,Lundi-22-24h,OUI,Lundi,2020-03-23 22:00
3495,163,False,False,False,False,True,False,False,False,False,False,False,False,False,False,Lundi-22-24h,NON,Lundi,2020-03-23 22:00
3496,231,False,False,False,False,False,False,False,False,False,False,False,False,False,False,Lundi-22-24h,NON,Lundi,2020-03-23 22:00
3497,25,False,False,False,False,True,False,False,False,False,False,False,False,False,False,Lundi-22-24h,NON,Lundi,2020-03-23 22:00
3498,196,False,False,True,False,True,False,False,True,False,False,False,False,False,False,Lundi-22-24h,NON,Lundi,2020-03-23 22:00
3499,5,False,False,False,False,True,True,False,False,False,False,False,False,False,False,Lundi-22-24h,OUI,Lundi,2020-03-23 22:00
3500,90,False,True,False,False,False,False,False,False,False,False,False,False,False,False,Lundi-22-24h,NON,Lundi,2020-03-23 22:00
3501,244,True,False,True,False,False,False,False,False,False,False,False,False,False,False,Lundi-22-24h,NON,Lundi,2020-03-23 22:00
3502,107,False,True,False,False,False,True,False,False,False,False,False,False,False,False,Lundi-22-24h,OUI,Lundi,2020-03-23 22:00
3503,218,False,True,False,False,True,True,False,False,False,False,False,False,False,False,Lundi-22-24h,OUI,Lundi,2020-03-23 22:00
3504,62,False,True,True,False,True,True,False,False,False,False,False,False,False,False,Lundi-22-24h,OUI,Lundi,2020-03-23 22:00
3505,79,False,True,False,False,False,False,False,False,False,False,False,False,False,False,Lundi-22-24h,NON,Lundi,2020-03-23 22:00
3506,208,False,False,False,False,False,True,False,False,False,False,False,False,False,False,Lundi-22-24h,OUI,Lundi,2020-03-23 22:00
3507,270,False,False,False,False,False,False,False,False,True,False,False,False,False,False,Lundi-22-24h,OUI,Lundi,2020-03-23 22:00
3508,166,True,False,False,False,True,True,False,False,False,False,False,False,False,False,Lundi-22-24h,OUI,Lundi,2020-03-23 22:00
3509,77,False,False,True,False,True,False,False,False,False,False,False,False,False,False,Lundi-22-24h,NON,Lundi,2020-03-23 22:00
3510,29,False,False,False,False,False,True,False,False,False,False,False,True,False,False,Lundi-22-24h,NON,Lundi,2020-03-23 22:00
3511,240,False,False,False,False,False,True,False,False,False,False,False,False,False,False,Lundi-22-24h,OUI,Lundi,2020-03-23 22:00
3512,184,False,True,False,False,False,False,False,False,False,False,False,False,False,False,Lundi-22-24h,OUI,Lundi,2020-03-23 22:00
3513,277,False,True,True,False,False,True,False,False,False,False,False,False,False,False,Lundi-22-24h,OUI,Lundi,2020-03-23 22:00
3514,80,True,False,False,False,False,True,False,False,False,True,False,False,False,False,Lundi-22-24h,NON,Lundi,2020-03-23 22:00
3515,185,True,True,True,False,False,True,False,False,False,False,True,False,True,False,Lundi-22-24h,NON,Lundi,2020-03-23 22:00
3516,204,False,False,False,False,True,True,False,False,False,False,False,True,False,False,Lundi-22-24h,OUI,Lundi,2020-03-23 22:00
3517,252,True,True,True,False,False,True,False,False,False,False,False,False,False,False,Lundi-22-24h,NON,Lundi,2020-03-23 22:00
3518,26,False,False,False,False,True,False,False,False,False,False,False,False,False,False,Lundi-22-24h,NON,Lundi,2020-03-23 22:00
3519,70,False,False,False,False,True,False,False,False,False,False,False,True,False,False,Lundi-22-24h,OUI,Lundi,2020-03-23 22:00
3520,233,False,False,False,False,True,False,False,False,False,False,False,False,False,False,Lundi-22-24h,OUI,Lundi,2020-03-23 22:00
3521,37,True,True,True,False,True,True,False,False,False,False,False,False,False,False,Lundi-22-24h,NON,Lundi,2020-03-23 22:00
3522,185,False,False,True,False,False,False,False,False,False,False,False,False,False,False,Lundi-22-24h,OUI,Lundi,2020-03-23 22:00
3523,138,True,False,False,False,True,True,False,False,False,False,False,False,False,False,Lundi-22-24h,OUI,Lundi,2020-03-23 22:00
3524,224,True,False,True,False,False,False,False,False,False,False,False,False,False,False,Lundi-22-24h,NON,Lundi,2020-03-23 22:00
3525,66,False,False,False,False,True,True,False,False,False,False,False,False,True,False,Lundi-22-24h,OUI,Lundi,2020-03-23 22:00
3526,211,False,False,True,False,False,False,False,False,False,False,False,False,True,False,Lundi-22-24h,NON,Lundi,2020-03-23 22:00
3527,14,False,False,False,False,True,True,False,False,False,False,False,False,False,False,Lundi-22-24h,NON,Lundi,2020-03-23 22:00
3528,145,False,False,False,False,True,False,False,False,False,False,False,False,False,False,Lundi-22-24h,NON,Lundi,2020-03-23 22:00
3529,36,False,False,False,False,False,False,False,False,False,False,False,True,False,False,Lundi-22-24h,NON,Lundi,2020-03-23 22:00
3530,60,True,True,True,False,False,True,False,False,False,False,False,False,False,False,Lundi-22-24h,NON,Lundi,2020-03-23 22:00
3531,137,True,True,True,False,False,True,False,False,False,False,True,False,False,False,Lundi-22-24h,OUI,Lundi,2020-03-23 22:00
3532,285,False,True,False,False,True,True,False,False,False,False,False,False,False,False,Lundi-22-24h,OUI,Lundi,2020-03-23 22:00
3533,40,False,True,True,False,True,True,False,False,False,False,False,False,False,False,Lundi-22-24h,OUI,Lundi,2020-03-23 22:00
3534,97,False,False,False,False,False,True,False,False,False,False,False,False,False,False,Lundi-22-24h,NON,Lundi,2020-03-23 22:00
3535,109,True,False,True,True,False,False,False,False,False,False,False,False,False,False,Lundi-22-24h,NON,Lundi,2020-03-23 22:00
3536,10,False,False,False,False,False,False,False,False,False,False,False,False,False,False,Lundi-22-24h,NON,Lundi,2020-03-23 22:00
3537,256,False,False,False,False,False,False,False,False,False,False,False,True,False,False,Lundi-22-24h,NON,Lundi,2020-03-23 22:00
3538,141,True,True,True,False,False,False,False,False,False,False,True,False,False,False,Lundi-22-24h,NON,Lundi,2020-03-23 22:00
3539,28,False,False,False,False,False,False,False,False,False,False,False,False,False,False,Lundi-22-24h,NON,Lundi,2020-03-23 22:00
3540,101,True,True,True,True,True,True,False,False,False,False,False,False,False,False,Lundi-22-24h,OUI,Lundi,2020-03-23 22:00
3541,48,True,False,True,False,True,False,False,False,False,False,False,False,True,False,Lundi-22-24h,NON,Lundi,2020-03-23 22:00
3542,27,False,False,False,False,False,True,False,False,False,False,False,False,False,False,Lundi-22-24h,OUI,Lundi,2020-03-23 22:00
3543,142,True,False,True,False,False,False,False,False,False,False,True,False,True,False,Lundi-22-24h,NON,Lundi,2020-03-23 22:00
3544,234,False,False,True,False,False,False,False,False,False,False,True,False,False,False,Lundi-22-24h,NON,Lundi,2020-03-23 22:00
3545,23,False,False,False,False,True,False,False,False,False,False,False,False,False,False,Lundi-22-24h,NON,Lundi,2020-03-23 22:00
3546,195,False,False,False,False,True,False,False,False,True,False,False,False,False,False,Lundi-22-24h,OUI,Lundi,2020-03-23 22:00
3547,275,False,False,False,False,False,False,False,False,False,False,False,True,False,False,Lundi-22-24h,NON,Lundi,2020-03-23 22:00
3548,226,False,False,False,False,True,True,False,False,False,False,False,False,False,False,Lundi-22-24h,OUI,Lundi,2020-03-23 22:00
3549,207,False,False,True,False,False,False,False,False,False,False,False,False,False,False,Lundi-22-24h,NON,Lundi,2020-03-23 22:00
3550,57,False,False,False,False,False,False,False,False,False,False,False,False,False,False,Lundi-22-24h,NON,Lundi,2020-03-23 22:00
3551,4,False,True,False,False,False,True,False,False,False,False,False,False,False,False,Lundi-22-24h,NON,Lundi,2020-03-23 22:00
3552,265,False,False,False,False,False,True,False,False,False,False,False,False,False,False,Lundi-22-24h,NON,Lundi,2020-03-23 22:00
3553,88,False,True,False,False,False,False,False,False,False,False,False,False,False,False,Lundi-22-24h,NON,Lundi,2020-03-23 22:00
3554,198,False,False,False,False,False,False,False,False,False,False,True,False,False,False,Lundi-22-24h,OUI,Lundi,2020-03-23 22:00
3555,249,True,True,True,False,False,False,False,False,False,False,False,False,False,False,Lundi-22-24h,OUI,Lundi,2020-03-23 22:00
3556,263,False,False,False,False,True,True,False,False,False,False,False,False,False,False,Lundi-22-24h,NON,Lundi,2020-03-23 22:00
3557,217,True,False,True,False,False,False,False,False,False,False,False,False,True,False,Lundi-22-24h,NON,Lundi,2020-03-23 22:00
3558,278,False,False,False,False,True,True,False,False,False,False,False,False,False,False,Lundi-22-24h,NON,Lundi,2020-03-23 22:00
3559,189,False,True,False,False,False,False,False,False,False,False,False,False,False,False,Lundi-22-24h,NON,Lundi,2020-03-23 22:00
3560,61,True,False,True,False,False,False,False,False,False,False,False,False,False,False,Lundi-22-24h,NON,Lundi,2020-03-23 22:00
3561,251,False,False,False,False,False,False,False,False,False,False,False,False,True,False,Lundi-22-24h,NON,Lundi,2020-03-23 22:00
3562,281,False,True,False,False,False,False,False,False,False,False,False,False,False,False,Lundi-22-24h,OUI,Lundi,2020-03-23 22:00
3563,134,False,True,False,False,False,False,False,False,False,False,False,False,False,False,Lundi-22-24h,NON,Lundi,2020-03-23 22:00
3564,293,False,True,False,False,False,True,False,False,False,False,False,False,False,False,Lundi-22-24h,NON,Lundi,2020-03-23 22:00
3565,279,True,True,True,True,False,True,False,False,False,False,False,False,False,False,Lundi-22-24h,OUI,Lundi,2020-03-23 22:00
3566,81,True,False,True,True,False,False,False,True,False,False,False,False,False,False,Lundi-22-24h,OUI,Lundi,2020-03-23 22:00
3567,92,True,False,False,True,False,False,False,False,False,False,True,False,False,False,Lundi-22-24h,NON,Lundi,2020-03-23 22:00
3568,147,False,False,False,False,False,False,False,False,False,False,False,False,False,False,Lundi-22-24h,NON,Lundi,2020-03-23 22:00
3569,33,False,True,False,False,True,False,False,False,False,False,False,False,False,False,Lundi-22-24h,OUI,Lundi,2020-03-23 22:00
3570,266,False,False,False,False,False,False,False,False,False,False,False,False,False,False,Lundi-22-24h,NON,Lundi,2020-03-23 22:00
3571,225,True,False,False,False,False,True,False,False,False,False,False,False,False,False,Lundi-22-24h,NON,Lundi,2020-03-23 22:00
3572,83,True,False,True,False,False,False,False,False,False,False,False,False,False,False,Lundi-22-24h,OUI,Lundi,2020-03-23 22:00
3573,95,False,False,False,False,True,True,False,True,False,False,False,False,False,False,Lundi-22-24h,NON,Lundi,2020-03-23 22:00
3574,127,False,False,False,False,True,False,False,False,False,False,False,False,False,False,Lundi-22-24h,OUI,Lundi,2020-03-23 22:00
3575,20,False,False,False,False,False,False,False,False,False,False,False,False,False,False,Lundi-22-24h,NON,Lundi,2020-03-23 22:00
3576,89,False,False,False,False,False,False,False,False,True,False,False,False,False,False,Lundi-22-24h,OUI,Lundi,2020-03-23 22:00
3577,120,False,True,True,False,True,True,False,True,False,False,True,False,False,False,Lundi-22-24h,NON,Lundi,2020-03-23 22:00
3578,253,False,False,False,False,True,True,False,False,False,False,False,True,False,False,Lundi-22-24h,NON,Lundi,2020-03-23 22:00
3579,52,False,False,True,False,False,False,False,False,False,False,False,False,False,False,Lundi-22-24h,OUI,Lundi,2020-03-23 22:00
3580,168,True,False,True,False,False,False,False,True,False,False,False,False,False,False,Lundi-22-24h,NON,Lundi,2020-03-23 22:00
3581,202,False,True,False,False,False,False,False,False,False,False,False,False,False,False,Lundi-22-24h,OUI,Lundi,2020-03-23 22:00
3582,172,False,False,False,False,True,False,False,False,False,False,False,False,False,False,Lundi-22-24h,OUI,Lundi,2020-03-23 22:00
3583,239,False,False,False,False,True,True,False,False,False,False,False,False,False,False,Lundi-22-24h,NON,Lundi,2020-03-23 22:00
3584,85,False,False,False,False,True,False,False,False,False,False,False,False,False,False,Lundi-22-24h,NON,Lundi,2020-03-23 22:00
3585,215,False,False,False,False,False,False,False,False,True,False,False,False,False,False,Lundi-22-24h,NON,Lundi,2020-03-23 22:00
3586,260,True,False,True,False,False,False,False,False,False,False,False,False,False,False,Lundi-22-24h,NON,Lundi,2020-03-23 22:00
3587,286,True,True,False,False,True,False,False,False,False,False,False,False,False,False,Lundi-22-24h,NON,Lundi,2020-03-23 22:00
3588,72,False,True,False,False,False,False,False,False,False,False,False,False,False,False,Mardi-00-02h,NON,Mardi,2020-03-24 00:00
3589,167,True,True,True,True,True,True,False,False,False,False,False,False,False,False,Mardi-00-02h,OUI,Mardi,2020-03-24 00:00
3590,130,True,False,True,False,False,False,False,True,False,False,False,False,True,True,Mardi-00-02h,OUI,Mardi,2020-03-24 00:00
3591,288,True,True,True,False,True,False,False,False,False,False,False,False,False,False,Mardi-00-02h,OUI,Mardi,2020-03-24 00:00
3592,59,False,False,False,False,False,True,False,False,False,False,False,False,False,False,Mardi-00-02h,NON,Mardi,2020-03-24 00:00
3593,178,True,False,False,False,False,False,False,False,False,False,True,False,False,False,Mardi-00-02h,OUI,Mardi,2020-03-24 00:00
3594,254,False,False,False,False,False,False,False,False,False,False,False,True,False,False,Mardi-00-02h,NON,Mardi,2020-03-24 00:00
3595,34,False,False,False,False,False,False,False,False,False,False,False,False,False,False,Mardi-00-02h,NON,Mardi,2020-03-24 00:00
3596,264,False,False,False,False,True,True,True,False,False,False,False,False,False,False,Mardi-00-02h,NON,Mardi,2020-03-24 00:00
3597,158,True,False,False,False,True,False,False,False,False,True,False,False,False,False,Mardi-00-02h,NON,Mardi,2020-03-24 00:00
3598,210,False,True,False,False,True,True,False,False,False,False,False,False,False,False,Mardi-00-02h,NON,Mardi,2020-03-24 00:00
3599,93,False,False,False,False,True,False,False,False,False,False,False,False,True,False,Mardi-00-02h,OUI,Mardi,2020-03-24 00:00
3600,144,True,False,True,False,True,False,False,False,False,False,False,False,False,False,Mardi-00-02h,NON,Mardi,2020-03-24 00:00
3601,164,False,True,False,False,True,True,False,False,False,False,False,False,False,False,Mardi-00-02h,OUI,Mardi,2020-03-24 00:00
3602,289,False,False,False,False,True,True,False,False,False,False,False,False,False,False,Mardi-00-02h,NON,Mardi,2020-03-24 00:00
3603,50,False,False,False,False,False,False,False,False,False,False,False,False,False,False,Mardi-00-02h,NON,Mardi,2020-03-24 00:00
3604,51,True,True,False,False,True,False,False,False,False,False,False,False,False,False,Mardi-00-02h,OUI,Mardi,2020-03-24 00:00
3605,247,False,False,True,False,False,False,False,False,False,False,False,False,False,False,Mardi-00-02h,NON,Mardi,2020-03-24 00:00
3606,159,False,False,False,False,False,False,False,True,False,False,False,False,False,False,Mardi-00-02h,NON,Mardi,2020-03-24 00:00
3607,54,False,False,False,False,False,True,False,False,False,False,False,False,False,False,Mardi-00-02h,NON,Mardi,2020-03-24 00:00
3608,55,True,False,False,False,True,True,False,True,False,False,False,False,False,False,Mardi-00-02h,OUI,Mardi,2020-03-24 00:00
3609,257,False,False,False,False,True,False,False,False,False,False,False,False,False,False,Mardi-00-02h,NON,Mardi,2020-03-24 00:00
3610,67,False,False,False,False,False,False,False,False,False,False,False,False,False,False,Mardi-00-02h,NON,Mardi,2020-03-24 00:00
3611,71,True,False,True,False,False,False,False,False,False,False,False,False,False,False,Mardi-00-02h,NON,Mardi,2020-03-24 00:00
3612,280,False,False,False,False,False,True,False,False,False,False,False,False,False,False,Mardi-00-02h,OUI,Mardi,2020-03-24 00:00
3613,283,True,True,False,False,False,False,False,False,False,False,False,False,False,False,Mardi-00-02h,OUI,Mardi,2020-03-24 00:00
3614,154,False,False,False,False,True,True,False,False,False,False,False,True,False,False,Mardi-00-02h,NON,Mardi,2020-03-24 00:00
3615,171,False,False,False,False,False,False,False,False,False,False,False,True,False,False,Mardi-00-02h,OUI,Mardi,2020-03-24 00:00
3616,131,False,False,True,False,False,False,False,False,False,False,False,False,False,False,Mardi-00-02h,NON,Mardi,2020-03-24 00:00
3617,237,True,False,False,False,False,True,True,False,False,False,False,False,True,False,Mardi-00-02h,OUI,Mardi,2020-03-24 00:00
3618,75,False,False,False,False,True,True,False,False,False,False,False,False,False,False,Mardi-00-02h,NON,Mardi,2020-03-24 00:00
3619,235,True,False,False,False,True,False,False,False,False,False,False,False,False,False,Mardi-00-02h,NON,Mardi,2020-03-24 00:00
3620,180,False,False,False,False,True,True,False,False,False,False,False,False,False,False,Mardi-00-02h,OUI,Mardi,2020-03-24 00:00
3621,219,False,False,False,False,False,True,False,False,False,False,False,False,False,False,Mardi-00-02h,NON,Mardi,2020-03-24 00:00
3622,250,False,False,False,False,False,False,False,False,True,False,False,False,False,False,Mardi-00-02h,NON,Mardi,2020-03-24 00:00
3623,267,True,True,False,False,False,False,False,False,False,False,False,False,False,False,Mardi-00-02h,NON,Mardi,2020-03-24 00:00
3624,160,False,True,False,False,False,True,False,False,False,False,False,False,False,False,Mardi-00-02h,NON,Mardi,2020-03-24 00:00
3625,182,False,True,False,False,True,True,True,False,False,False,False,False,False,False,Mardi-00-02h,OUI,Mardi,2020-03-24 00:00
3626,143,False,False,False,False,False,False,False,True,False,False,True,False,False,False,Mardi-00-02h,OUI,Mardi,2020-03-24 00:00
3627,223,True,True,False,False,False,False,False,False,False,False,False,False,False,False,Mardi-00-02h,NON,Mardi,2020-03-24 00:00
3628,192,True,False,True,False,False,False,False,False,False,False,False,False,False,False,Mardi-00-02h,NON,Mardi,2020-03-24 00:00
3629,30,False,False,True,False,False,False,False,True,False,False,False,False,False,False,Mardi-00-02h,NON,Mardi,2020-03-24 00:00
3630,125,True,False,False,False,True,False,False,True,False,False,False,False,False,False,Mardi-00-02h,NON,Mardi,2020-03-24 00:00
3631,39,False,False,True,False,True,False,False,True,False,False,False,False,False,False,Mardi-00-02h,NON,Mardi,2020-03-24 00:00
3632,113,True,False,True,False,False,False,False,False,False,False,False,False,False,False,Mardi-00-02h,OUI,Mardi,2020-03-24 00:00
3633,121,True,False,True,False,False,False,False,True,False,False,False,False,False,False,Mardi-00-02h,NON,Mardi,2020-03-24 00:00
3634,228,False,False,False,False,False,False,False,False,False,False,True,False,False,False,Mardi-00-02h,OUI,Mardi,2020-03-24 00:00
3635,290,False,False,False,False,False,False,False,False,True,False,False,False,False,False,Mardi-00-02h,NON,Mardi,2020-03-24 00:00
3636,197,False,False,True,False,True,False,False,False,False,False,False,False,False,False,Mardi-00-02h,NON,Mardi,2020-03-24 00:00
3637,31,True,True,True,False,False,True,False,False,False,False,False,False,False,False,Mardi-00-02h,OUI,Mardi,2020-03-24 00:00
3638,173,True,False,False,False,True,True,False,True,False,False,False,False,False,False,Mardi-00-02h,NON,Mardi,2020-03-24 00:00
3639,74,True,False,False,True,False,False,False,True,False,False,True,False,False,False,Mardi-00-02h,NON,Mardi,2020-03-24 00:00
3640,15,False,False,True,False,False,False,False,False,False,False,False,False,False,False,Mardi-00-02h,NON,Mardi,2020-03-24 00:00
3641,45,True,False,False,False,True,True,False,True,False,False,False,False,False,False,Mardi-00-02h,NON,Mardi,2020-03-24 00:00
3642,63,False,False,True,False,False,False,False,False,False,False,False,False,False,False,Mardi-00-02h,NON,Mardi,2020-03-24 00:00
3643,3,False,False,False,False,False,True,False,False,False,False,False,True,False,False,Mardi-00-02h,OUI,Mardi,2020-03-24 00:00
3644,21,True,False,True,False,False,False,False,False,False,False,False,False,False,False,Mardi-00-02h,OUI,Mardi,2020-03-24 00:00
3645,78,False,True,True,False,True,True,False,True,False,False,False,False,False,False,Mardi-00-02h,OUI,Mardi,2020-03-24 00:00
3646,47,False,True,False,False,False,False,False,False,False,False,False,False,False,False,Mardi-00-02h,NON,Mardi,2020-03-24 00:00
3647,151,True,True,False,False,True,False,False,True,False,False,False,False,False,False,Mardi-00-02h,NON,Mardi,2020-03-24 00:00
3648,6,True,False,True,False,False,False,False,False,False,False,False,False,False,False,Mardi-00-02h,OUI,Mardi,2020-03-24 00:00
3649,135,True,False,True,False,False,False,False,False,False,False,False,False,True,False,Mardi-00-02h,OUI,Mardi,2020-03-24 00:00
3650,221,False,False,False,False,True,True,False,False,False,False,False,False,False,False,Mardi-00-02h,NON,Mardi,2020-03-24 00:00
3651,170,False,False,True,False,False,False,False,False,False,False,True,False,False,True,Mardi-00-02h,NON,Mardi,2020-03-24 00:00
3652,129,False,True,False,False,False,False,False,False,False,False,False,False,False,False,Mardi-00-02h,OUI,Mardi,2020-03-24 00:00
3653,132,True,True,True,False,False,True,False,False,False,False,False,False,False,False,Mardi-00-02h,OUI,Mardi,2020-03-24 00:00
3654,110,False,True,False,False,False,False,False,False,False,False,False,False,False,False,Mardi-00-02h,OUI,Mardi,2020-03-24 00:00
3655,191,False,False,False,False,False,True,False,False,False,False,False,False,False,False,Mardi-00-02h,OUI,Mardi,2020-03-24 00:00
3656,94,True,True,True,False,False,True,False,False,False,False,True,False,True,False,Mardi-00-02h,NON,Mardi,2020-03-24 00:00
3657,108,False,False,False,False,False,True,True,False,False,False,False,False,False,False,Mardi-00-02h,OUI,Mardi,2020-03-24 00:00
3658,236,False,False,False,False,True,True,False,False,False,False,False,False,False,False,Mardi-00-02h,OUI,Mardi,2020-03-24 00:00
3659,42,True,False,True,False,True,False,False,False,False,False,False,False,False,False,Mardi-00-02h,NON,Mardi,2020-03-24 00:00
3660,155,True,False,False,False,True,False,False,False,False,False,False,False,False,False,Mardi-00-02h,NON,Mardi,2020-03-24 00:00
3661,1,False,False,False,False,False,False,False,False,False,False,False,False,False,False,Mardi-00-02h,NON,Mardi,2020-03-24 00:00
3662,58,False,True,True,False,False,True,False,False,False,False,True,False,False,False,Mardi-00-02h,OUI,Mardi,2020-03-24 00:00
3663,0,False,True,False,False,False,False,False,False,False,False,False,False,False,False,Mardi-00-02h,OUI,Mardi,2020-03-24 00:00
3664,269,False,False,False,False,False,False,False,False,False,False,False,False,False,False,Mardi-00-02h,NON,Mardi,2020-03-24 00:00
3665,2,True,False,True,False,False,False,False,False,False,False,False,False,False,False,Mardi-00-02h,NON,Mardi,2020-03-24 00:00
3666,103,False,False,False,False,True,False,False,False,False,False,False,False,False,False,Mardi-00-02h,NON,Mardi,2020-03-24 00:00
3667,12,False,True,False,False,True,False,False,False,False,False,False,False,False,False,Mardi-00-02h,OUI,Mardi,2020-03-24 00:00
3668,245,True,False,False,False,True,True,False,True,False,False,False,False,False,False,Mardi-00-02h,NON,Mardi,2020-03-24 00:00
3669,161,False,False,True,False,False,False,False,False,False,False,True,False,False,False,Mardi-00-02h,OUI,Mardi,2020-03-24 00:00
3670,38,False,False,False,False,False,False,False,False,True,False,False,False,False,False,Mardi-00-02h,NON,Mardi,2020-03-24 00:00
3671,122,False,False,False,False,False,False,False,False,False,False,False,False,False,False,Mardi-00-02h,NON,Mardi,2020-03-24 00:00
3672,248,False,False,True,False,False,False,False,False,False,False,False,False,True,False,Mardi-00-02h,NON,Mardi,2020-03-24 00:00
3673,271,False,True,True,False,False,True,False,False,False,False,False,False,False,False,Mardi-00-02h,OUI,Mardi,2020-03-24 00:00
3674,116,False,False,True,False,False,False,False,False,False,False,False,False,False,False,Mardi-00-02h,OUI,Mardi,2020-03-24 00:00
3675,117,True,True,True,True,False,True,False,False,False,False,False,False,False,False,Mardi-00-02h,NON,Mardi,2020-03-24 00:00
3676,213,False,False,False,False,True,True,False,True,False,False,False,False,False,False,Mardi-00-02h,NON,Mardi,2020-03-24 00:00
3677,220,False,True,True,False,False,True,False,False,False,False,False,False,False,False,Mardi-00-02h,OUI,Mardi,2020-03-24 00:00
3678,176,False,False,True,False,False,False,False,False,False,False,False,False,False,False,Mardi-00-02h,NON,Mardi,2020-03-24 00:00
3679,96,False,False,False,False,True,True,False,False,False,True,False,False,False,False,Mardi-00-02h,NON,Mardi,2020-03-24 00:00
3680,214,False,False,False,False,True,True,False,False,False,True,False,False,False,False,Mardi-00-02h,OUI,Mardi,2020-03-24 00:00
3681,11,True,False,False,True,False,False,False,False,False,False,True,False,False,False,Mardi-00-02h,NON,Mardi,2020-03-24 00:00
3682,255,True,False,True,False,False,False,False,True,False,False,False,False,False,False,Mardi-00-02h,OUI,Mardi,2020-03-24 00:00
3683,86,False,False,True,False,False,False,False,False,False,False,False,False,False,False,Mardi-00-02h,OUI,Mardi,2020-03-24 00:00
3684,209,True,False,False,False,True,True,False,True,False,False,False,False,False,False,Mardi-00-02h,OUI,Mardi,2020-03-24 00:00
3685,291,False,False,False,False,False,True,False,False,True,False,False,False,False,False,Mardi-00-02h,OUI,Mardi,2020-03-24 00:00
3686,287,False,False,False,False,False,False,False,False,False,False,False,True,False,False,Mardi-00-02h,NON,Mardi,2020-03-24 00:00
3687,104,False,False,False,False,True,True,False,False,False,False,False,False,False,False,Mardi-00-02h,NON,Mardi,2020-03-24 00:00
3688,18,False,False,False,False,True,False,False,False,False,False,False,False,False,False,Mardi-00-02h,OUI,Mardi,2020-03-24 00:00
3689,123,False,True,False,False,True,True,False,False,False,False,False,False,False,False,Mardi-00-02h,NON,Mardi,2020-03-24 00:00
3690,136,False,False,False,False,True,False,False,False,False,False,False,False,False,False,Mardi-00-02h,NON,Mardi,2020-03-24 00:00
3691,276,True,False,True,False,False,False,False,False,False,False,False,False,False,False,Mardi-00-02h,NON,Mardi,2020-03-24 00:00
3692,53,False,False,False,False,True,True,False,False,False,False,False,False,False,False,Mardi-00-02h,OUI,Mardi,2020-03-24 00:00
3693,179,True,False,True,False,False,False,False,False,False,False,False,False,False,False,Mardi-00-02h,OUI,Mardi,2020-03-24 00:00
3694,200,False,False,False,False,False,False,False,False,False,False,False,False,False,False,Mardi-00-02h,NON,Mardi,2020-03-24 00:00
3695,73,False,False,False,False,False,False,False,False,False,False,False,False,False,False,Mardi-00-02h,NON,Mardi,2020-03-24 00:00
3696,156,False,False,False,False,True,True,False,False,False,False,False,False,False,False,Mardi-00-02h,NON,Mardi,2020-03-24 00:00
3697,128,True,True,True,False,False,True,False,False,False,False,False,False,False,False,Mardi-00-02h,OUI,Mardi,2020-03-24 00:00
3698,118,False,False,False,False,False,False,False,False,False,False,False,False,False,False,Mardi-00-02h,NON,Mardi,2020-03-24 00:00
3699,112,True,False,True,False,False,False,False,False,False,False,False,False,False,False,Mardi-00-02h,NON,Mardi,2020-03-24 00:00
3700,35,False,False,False,False,True,True,False,False,False,False,False,False,False,False,Mardi-00-02h,NON,Mardi,2020-03-24 00:00
3701,32,False,False,False,False,False,False,False,False,False,False,False,True,False,False,Mardi-00-02h,NON,Mardi,2020-03-24 00:00
3702,199,True,False,True,False,False,False,False,False,False,False,False,False,False,False,Mardi-00-02h,NON,Mardi,2020-03-24 00:00
3703,153,True,False,False,False,True,True,False,False,False,False,False,False,False,False,Mardi-00-02h,NON,Mardi,2020-03-24 00:00
3704,82,False,False,True,False,False,False,False,False,False,False,False,False,False,False,Mardi-00-02h,NON,Mardi,2020-03-24 00:00
3705,292,False,True,False,False,False,False,False,False,False,False,False,False,False,False,Mardi-00-02h,NON,Mardi,2020-03-24 00:00
3706,169,False,False,False,True,False,False,False,False,False,False,False,False,False,False,Mardi-00-02h,NON,Mardi,2020-03-24 00:00
3707,16,False,False,False,False,True,True,False,False,False,False,False,False,False,False,Mardi-00-02h,OUI,Mardi,2020-03-24 00:00
3708,46,True,True,True,False,False,True,True,False,False,False,False,False,False,False,Mardi-00-02h,OUI,Mardi,2020-03-24 00:00
3709,216,False,True,False,False,False,True,False,False,False,False,False,False,False,False,Mardi-00-02h,OUI,Mardi,2020-03-24 00:00
3710,174,False,True,True,False,False,True,False,False,False,False,True,False,False,False,Mardi-00-02h,OUI,Mardi,2020-03-24 00:00
3711,43,False,False,False,False,True,False,False,False,False,False,False,False,False,False,Mardi-00-02h,NON,Mardi,2020-03-24 00:00
3712,165,False,False,False,False,True,True,False,False,False,False,False,False,False,False,Mardi-00-02h,NON,Mardi,2020-03-24 00:00
3713,126,False,True,False,False,False,True,False,False,False,False,False,False,False,False,Mardi-00-02h,NON,Mardi,2020-03-24 00:00
3714,41,False,False,False,False,False,True,False,False,True,False,False,False,False,False,Mardi-00-02h,NON,Mardi,2020-03-24 00:00
3715,157,False,False,True,False,False,False,False,False,False,False,False,False,False,False,Mardi-00-02h,NON,Mardi,2020-03-24 00:00
3716,272,False,True,True,False,False,False,True,False,False,False,True,False,True,True,Mardi-00-02h,OUI,Mardi,2020-03-24 00:00
3717,115,True,False,True,False,False,False,False,False,False,False,False,False,False,False,Mardi-00-02h,OUI,Mardi,2020-03-24 00:00
3718,84,False,False,False,False,False,False,False,False,False,False,False,True,False,False,Mardi-00-02h,NON,Mardi,2020-03-24 00:00
3719,183,True,True,True,True,False,False,False,False,False,False,False,False,False,False,Mardi-00-02h,OUI,Mardi,2020-03-24 00:00
3720,65,True,True,False,False,False,True,False,False,False,False,False,False,False,False,Mardi-00-02h,OUI,Mardi,2020-03-24 00:00
3721,105,True,False,False,False,False,False,False,False,False,False,False,False,False,False,Mardi-00-02h,OUI,Mardi,2020-03-24 00:00
3722,187,True,False,False,False,False,True,False,False,False,False,False,False,False,False,Mardi-00-02h,NON,Mardi,2020-03-24 00:00
3723,139,True,False,True,False,False,False,False,False,False,False,False,False,False,False,Mardi-00-02h,NON,Mardi,2020-03-24 00:00
3724,259,False,False,False,False,True,True,False,False,False,False,False,False,False,False,Mardi-00-02h,OUI,Mardi,2020-03-24 00:00
3725,124,True,False,True,False,False,False,False,False,False,False,True,False,False,False,Mardi-00-02h,OUI,Mardi,2020-03-24 00:00
3726,98,False,False,False,False,False,True,False,False,False,False,False,True,False,False,Mardi-00-02h,OUI,Mardi,2020-03-24 00:00
3727,284,False,True,True,False,False,True,False,False,False,False,False,False,True,False,Mardi-00-02h,OUI,Mardi,2020-03-24 00:00
3728,148,True,False,True,False,True,False,False,True,False,False,False,False,False,False,Mardi-00-02h,NON,Mardi,2020-03-24 00:00
3729,258,True,False,True,False,False,False,False,False,False,False,False,False,False,False,Mardi-00-02h,OUI,Mardi,2020-03-24 00:00
3730,175,False,False,False,False,False,True,False,False,False,False,False,False,False,False,Mardi-00-02h,NON,Mardi,2020-03-24 00:00
3731,119,False,False,False,False,False,False,False,False,False,False,True,False,False,False,Mardi-00-02h,NON,Mardi,2020-03-24 00:00
3732,229,True,False,True,False,False,False,False,True,False,False,False,False,False,False,Mardi-00-02h,OUI,Mardi,2020-03-24 00:00
3733,230,False,False,False,False,False,True,True,False,False,False,False,False,False,False,Mardi-00-02h,NON,Mardi,2020-03-24 00:00
3734,17,True,False,False,False,False,True,True,False,False,False,False,False,False,False,Mardi-00-02h,NON,Mardi,2020-03-24 00:00
3735,177,False,False,False,False,False,False,False,False,False,False,False,False,False,False,Mardi-00-02h,NON,Mardi,2020-03-24 00:00
3736,7,False,False,False,False,False,False,False,False,False,False,False,False,False,False,Mardi-00-02h,NON,Mardi,2020-03-24 00:00
3737,241,False,False,True,False,False,False,False,False,False,False,False,False,False,False,Mardi-00-02h,NON,Mardi,2020-03-24 00:00
3738,8,True,False,False,False,True,True,False,True,False,False,False,False,False,False,Mardi-00-02h,NON,Mardi,2020-03-24 00:00
3739,268,False,True,False,False,False,True,False,False,False,False,False,False,False,False,Mardi-00-02h,OUI,Mardi,2020-03-24 00:00
3740,294,False,False,True,False,True,False,False,False,False,False,False,False,False,False,Mardi-00-02h,OUI,Mardi,2020-03-24 00:00
3741,242,True,False,False,False,True,True,False,False,False,False,False,False,False,False,Mardi-00-02h,NON,Mardi,2020-03-24 00:00
3742,194,False,False,False,False,False,True,False,False,False,False,False,False,False,False,Mardi-00-02h,NON,Mardi,2020-03-24 00:00
3743,243,False,False,False,False,True,True,False,False,False,False,False,False,False,False,Mardi-00-02h,OUI,Mardi,2020-03-24 00:00
3744,212,True,True,True,False,False,True,False,False,False,False,False,False,False,False,Mardi-00-02h,OUI,Mardi,2020-03-24 00:00
3745,19,False,False,False,False,False,True,False,False,False,False,False,False,False,False,Mardi-00-02h,OUI,Mardi,2020-03-24 00:00
3746,114,False,False,False,False,True,False,False,False,False,False,False,False,False,False,Mardi-00-02h,OUI,Mardi,2020-03-24 00:00
3747,190,False,False,False,False,False,True,False,False,True,False,False,False,False,False,Mardi-00-02h,NON,Mardi,2020-03-24 00:00
3748,64,False,False,True,False,False,False,False,False,False,False,False,False,False,False,Mardi-00-02h,NON,Mardi,2020-03-24 00:00
3749,227,False,False,False,False,False,False,False,False,False,False,False,False,False,False,Mardi-00-02h,NON,Mardi,2020-03-24 00:00
3750,232,False,False,False,False,False,True,False,False,False,False,False,False,False,False,Mardi-00-02h,OUI,Mardi,2020-03-24 00:00
3751,246,False,True,False,False,False,True,True,False,False,False,False,False,False,False,Mardi-00-02h,NON,Mardi,2020-03-24 00:00
3752,100,False,False,False,False,False,True,False,False,False,False,False,False,False,False,Mardi-00-02h,NON,Mardi,2020-03-24 00:00
3753,13,False,False,False,False,True,False,False,False,False,False,False,False,False,False,Mardi-00-02h,NON,Mardi,2020-03-24 00:00
3754,262,True,True,True,False,False,False,False,False,False,False,False,False,False,False,Mardi-00-02h,NON,Mardi,2020-03-24 00:00
3755,76,True,True,True,False,False,True,False,False,False,False,True,False,False,False,Mardi-00-02h,NON,Mardi,2020-03-24 00:00
3756,261,False,True,False,False,True,False,False,False,False,False,False,False,False,False,Mardi-00-02h,NON,Mardi,2020-03-24 00:00
3757,150,False,True,False,False,False,False,False,False,False,False,False,False,False,False,Mardi-00-02h,OUI,Mardi,2020-03-24 00:00
3758,205,False,False,False,False,False,False,False,False,False,False,False,False,False,False,Mardi-00-02h,NON,Mardi,2020-03-24 00:00
3759,56,False,False,False,False,True,True,False,False,False,False,False,False,False,False,Mardi-00-02h,OUI,Mardi,2020-03-24 00:00
3760,186,False,False,False,False,True,False,False,False,False,False,False,False,False,False,Mardi-00-02h,OUI,Mardi,2020-03-24 00:00
3761,162,True,False,False,False,True,True,False,False,False,False,False,False,False,False,Mardi-00-02h,NON,Mardi,2020-03-24 00:00
3762,68,False,True,False,False,True,True,False,False,False,False,False,False,False,False,Mardi-00-02h,OUI,Mardi,2020-03-24 00:00
3763,146,False,False,False,False,False,True,False,False,False,False,False,True,False,False,Mardi-00-02h,OUI,Mardi,2020-03-24 00:00
3764,49,False,False,False,False,False,False,False,False,False,False,False,False,True,False,Mardi-00-02h,NON,Mardi,2020-03-24 00:00
3765,91,True,False,True,True,False,False,False,False,False,False,False,False,False,False,Mardi-00-02h,OUI,Mardi,2020-03-24 00:00
3766,22,False,False,False,False,False,False,False,False,False,True,False,False,False,False,Mardi-00-02h,NON,Mardi,2020-03-24 00:00
3767,151,False,False,False,False,True,False,False,False,False,False,False,False,False,False,Mardi-00-02h,NON,Mardi,2020-03-24 00:00
3768,193,False,False,False,False,True,True,False,False,False,False,False,False,False,False,Mardi-00-02h,OUI,Mardi,2020-03-24 00:00
3769,9,True,True,False,False,False,False,False,False,False,False,False,False,False,False,Mardi-00-02h,NON,Mardi,2020-03-24 00:00
3770,99,True,False,True,False,False,False,False,False,False,False,False,False,False,False,Mardi-00-02h,NON,Mardi,2020-03-24 00:00
3771,181,False,False,False,False,True,True,False,False,False,False,False,False,False,False,Mardi-00-02h,OUI,Mardi,2020-03-24 00:00
3772,111,False,False,False,False,False,True,False,True,False,False,False,False,False,False,Mardi-00-02h,OUI,Mardi,2020-03-24 00:00
3773,44,False,True,False,False,False,True,False,False,False,False,False,False,False,False,Mardi-00-02h,NON,Mardi,2020-03-24 00:00
3774,24,False,False,False,False,True,False,False,True,False,False,False,False,False,False,Mardi-00-02h,NON,Mardi,2020-03-24 00:00
3775,102,False,False,False,False,True,True,False,True,False,False,False,False,False,False,Mardi-00-02h,OUI,Mardi,2020-03-24 00:00
3776,203,True,True,False,False,False,False,False,True,False,False,False,False,False,False,Mardi-00-02h,NON,Mardi,2020-03-24 00:00
3777,140,False,False,False,False,True,True,False,True,False,False,False,False,False,False,Mardi-00-02h,NON,Mardi,2020-03-24 00:00
3778,188,False,False,False,False,False,True,False,False,True,False,False,False,False,False,Mardi-00-02h,NON,Mardi,2020-03-24 00:00
3779,206,False,False,False,True,False,False,False,False,False,False,True,False,False,False,Mardi-00-02h,NON,Mardi,2020-03-24 00:00
3780,273,False,False,False,False,False,False,False,False,False,False,False,True,False,False,Mardi-00-02h,NON,Mardi,2020-03-24 00:00
3781,69,True,False,True,False,False,False,False,False,False,False,False,False,False,False,Mardi-00-02h,NON,Mardi,2020-03-24 00:00
3782,87,True,False,False,True,False,False,False,False,False,False,True,False,False,False,Mardi-00-02h,OUI,Mardi,2020-03-24 00:00
3783,83,True,False,True,False,False,False,False,False,False,False,False,False,False,False,Mardi-00-02h,NON,Mardi,2020-03-24 00:00
3784,149,True,False,True,True,False,False,False,False,False,False,False,False,False,False,Mardi-00-02h,OUI,Mardi,2020-03-24 00:00
3785,274,False,False,False,False,False,True,False,False,False,False,False,False,False,False,Mardi-00-02h,NON,Mardi,2020-03-24 00:00
3786,282,True,False,True,True,False,False,False,False,False,False,False,False,False,False,Mardi-00-02h,OUI,Mardi,2020-03-24 00:00
3787,147,False,False,False,False,False,False,False,False,False,False,False,False,False,False,Mardi-00-02h,NON,Mardi,2020-03-24 00:00
3788,238,False,False,False,False,False,False,False,False,False,False,False,True,False,False,Mardi-00-02h,NON,Mardi,2020-03-24 00:00
3789,201,False,False,False,False,False,False,False,False,False,False,False,False,False,False,Mardi-00-02h,NON,Mardi,2020-03-24 00:00
3790,152,False,True,False,False,False,False,False,False,False,False,False,False,False,False,Mardi-00-02h,NON,Mardi,2020-03-24 00:00
3791,222,False,False,False,False,False,True,False,False,True,True,False,False,False,False,Mardi-00-02h,NON,Mardi,2020-03-24 00:00
3792,106,False,False,False,False,False,True,False,False,False,False,False,True,False,False,Mardi-00-02h,NON,Mardi,2020-03-24 00:00
3793,133,False,False,True,False,True,False,False,False,False,False,False,False,False,False,Mardi-00-02h,NON,Mardi,2020-03-24 00:00
3794,163,False,False,False,False,True,False,False,False,False,False,False,False,False,False,Mardi-00-02h,NON,Mardi,2020-03-24 00:00
3795,231,False,False,False,False,False,False,False,False,False,False,False,False,False,False,Mardi-00-02h,NON,Mardi,2020-03-24 00:00
3796,25,False,False,False,False,True,False,False,False,False,False,False,False,False,False,Mardi-00-02h,NON,Mardi,2020-03-24 00:00
3797,196,False,False,True,False,True,False,False,True,False,False,False,False,False,False,Mardi-00-02h,OUI,Mardi,2020-03-24 00:00
3798,5,False,False,False,False,True,True,False,False,False,False,False,False,False,False,Mardi-00-02h,NON,Mardi,2020-03-24 00:00
3799,90,False,True,False,False,False,False,False,False,False,False,False,False,False,False,Mardi-00-02h,NON,Mardi,2020-03-24 00:00
3800,244,True,False,True,False,False,False,False,False,False,False,False,False,False,False,Mardi-00-02h,OUI,Mardi,2020-03-24 00:00
3801,107,False,True,False,False,False,True,False,False,False,False,False,False,False,False,Mardi-00-02h,OUI,Mardi,2020-03-24 00:00
3802,218,False,True,False,False,True,True,False,False,False,False,False,False,False,False,Mardi-00-02h,OUI,Mardi,2020-03-24 00:00
3803,62,False,True,True,False,True,True,False,False,False,False,False,False,False,False,Mardi-00-02h,NON,Mardi,2020-03-24 00:00
3804,79,False,True,False,False,False,False,False,False,False,False,False,False,False,False,Mardi-00-02h,NON,Mardi,2020-03-24 00:00
3805,208,False,False,False,False,False,True,False,False,False,False,False,False,False,False,Mardi-00-02h,NON,Mardi,2020-03-24 00:00
3806,270,False,False,False,False,False,False,False,False,True,False,False,False,False,False,Mardi-00-02h,NON,Mardi,2020-03-24 00:00
3807,166,True,False,False,False,True,True,False,False,False,False,False,False,False,False,Mardi-00-02h,OUI,Mardi,2020-03-24 00:00
3808,77,False,False,True,False,True,False,False,False,False,False,False,False,False,False,Mardi-00-02h,NON,Mardi,2020-03-24 00:00
3809,29,False,False,False,False,False,True,False,False,False,False,False,True,False,False,Mardi-00-02h,OUI,Mardi,2020-03-24 00:00
3810,240,False,False,False,False,False,True,False,False,False,False,False,False,False,False,Mardi-00-02h,NON,Mardi,2020-03-24 00:00
3811,184,False,True,False,False,False,False,False,False,False,False,False,False,False,False,Mardi-00-02h,OUI,Mardi,2020-03-24 00:00
3812,277,False,True,True,False,False,True,False,False,False,False,False,False,False,False,Mardi-00-02h,OUI,Mardi,2020-03-24 00:00
3813,80,True,False,False,False,False,True,False,False,False,True,False,False,False,False,Mardi-00-02h,NON,Mardi,2020-03-24 00:00
3814,185,True,True,True,False,False,True,False,False,False,False,True,False,True,False,Mardi-00-02h,NON,Mardi,2020-03-24 00:00
3815,204,False,False,False,False,True,True,False,False,False,False,False,True,False,False,Mardi-00-02h,OUI,Mardi,2020-03-24 00:00
3816,252,True,True,True,False,False,True,False,False,False,False,False,False,False,False,Mardi-00-02h,NON,Mardi,2020-03-24 00:00
3817,26,False,False,False,False,True,False,False,False,False,False,False,False,False,False,Mardi-00-02h,NON,Mardi,2020-03-24 00:00
3818,70,False,False,False,False,True,False,False,False,False,False,False,True,False,False,Mardi-00-02h,OUI,Mardi,2020-03-24 00:00
3819,233,False,False,False,False,True,False,False,False,False,False,False,False,False,False,Mardi-00-02h,NON,Mardi,2020-03-24 00:00
3820,37,True,True,True,False,True,True,False,False,False,False,False,False,False,False,Mardi-00-02h,NON,Mardi,2020-03-24 00:00
3821,185,False,False,True,False,False,False,False,False,False,False,False,False,False,False,Mardi-00-02h,OUI,Mardi,2020-03-24 00:00
3822,138,True,False,False,False,True,True,False,False,False,False,False,False,False,False,Mardi-00-02h,NON,Mardi,2020-03-24 00:00
3823,224,True,False,True,False,False,False,False,False,False,False,False,False,False,False,Mardi-00-02h,NON,Mardi,2020-03-24 00:00
3824,66,False,False,False,False,True,True,False,False,False,False,False,False,True,False,Mardi-00-02h,OUI,Mardi,2020-03-24 00:00
3825,211,False,False,True,False,False,False,False,False,False,False,False,False,True,False,Mardi-00-02h,NON,Mardi,2020-03-24 00:00
3826,14,False,False,False,False,True,True,False,False,False,False,False,False,False,False,Mardi-00-02h,NON,Mardi,2020-03-24 00:00
3827,145,False,False,False,False,True,False,False,False,False,False,False,False,False,False,Mardi-00-02h,NON,Mardi,2020-03-24 00:00
3828,36,False,False,False,False,False,False,False,False,False,False,False,True,False,False,Mardi-00-02h,OUI,Mardi,2020-03-24 00:00
3829,60,True,True,True,False,False,True,False,False,False,False,False,False,False,False,Mardi-00-02h,NON,Mardi,2020-03-24 00:00
3830,137,True,True,True,False,False,True,False,False,False,False,True,False,False,False,Mardi-00-02h,OUI,Mardi,2020-03-24 00:00
3831,285,False,True,False,False,True,True,False,False,False,False,False,False,False,False,Mardi-00-02h,NON,Mardi,2020-03-24 00:00
3832,40,False,True,True,False,True,True,False,False,False,False,False,False,False,False,Mardi-00-02h,OUI,Mardi,2020-03-24 00:00
3833,97,False,False,False,False,False,True,False,False,False,False,False,False,False,False,Mardi-00-02h,OUI,Mardi,2020-03-24 00:00
3834,109,True,False,True,True,False,False,False,False,False,False,False,False,False,False,Mardi-00-02h,NON,Mardi,2020-03-24 00:00
3835,10,False,False,False,False,False,False,False,False,False,False,False,False,False,False,Mardi-00-02h,NON,Mardi,2020-03-24 00:00
3836,256,False,False,False,False,False,False,False,False,False,False,False,True,False,False,Mardi-00-02h,NON,Mardi,2020-03-24 00:00
3837,141,True,True,True,False,False,False,False,False,False,False,True,False,False,False,Mardi-00-02h,NON,Mardi,2020-03-24 00:00
3838,28,False,False,False,False,False,False,False,False,False,False,False,False,False,False,Mardi-00-02h,NON,Mardi,2020-03-24 00:00
3839,101,True,True,True,True,True,True,False,False,False,False,False,False,False,False,Mardi-00-02h,OUI,Mardi,2020-03-24 00:00
3840,48,True,False,True,False,True,False,False,False,False,False,False,False,True,False,Mardi-00-02h,OUI,Mardi,2020-03-24 00:00
3841,27,False,False,False,False,False,True,False,False,False,False,False,False,False,False,Mardi-00-02h,NON,Mardi,2020-03-24 00:00
3842,142,True,False,True,False,False,False,False,False,False,False,True,False,True,False,Mardi-00-02h,NON,Mardi,2020-03-24 00:00
3843,234,False,False,True,False,False,False,False,False,False,False,True,False,False,False,Mardi-00-02h,NON,Mardi,2020-03-24 00:00
3844,23,False,False,False,False,True,False,False,False,False,False,False,False,False,False,Mardi-00-02h,NON,Mardi,2020-03-24 00:00
3845,195,False,False,False,False,True,False,False,False,True,False,False,False,False,False,Mardi-00-02h,NON,Mardi,2020-03-24 00:00
3846,275,False,False,False,False,False,False,False,False,False,False,False,True,False,False,Mardi-00-02h,NON,Mardi,2020-03-24 00:00
3847,226,False,False,False,False,True,True,False,False,False,False,False,False,False,False,Mardi-00-02h,NON,Mardi,2020-03-24 00:00
3848,207,False,False,True,False,False,False,False,False,False,False,False,False,False,False,Mardi-00-02h,NON,Mardi,2020-03-24 00:00
3849,57,False,False,False,False,False,False,False,False,False,False,False,False,False,False,Mardi-00-02h,NON,Mardi,2020-03-24 00:00
3850,4,False,True,False,False,False,True,False,False,False,False,False,False,False,False,Mardi-00-02h,NON,Mardi,2020-03-24 00:00
3851,265,False,False,False,False,False,True,False,False,False,False,False,False,False,False,Mardi-00-02h,NON,Mardi,2020-03-24 00:00
3852,88,False,True,False,False,False,False,False,False,False,False,False,False,False,False,Mardi-00-02h,NON,Mardi,2020-03-24 00:00
3853,198,False,False,False,False,False,False,False,False,False,False,True,False,False,False,Mardi-00-02h,NON,Mardi,2020-03-24 00:00
3854,249,True,True,True,False,False,False,False,False,False,False,False,False,False,False,Mardi-00-02h,NON,Mardi,2020-03-24 00:00
3855,263,False,False,False,False,True,True,False,False,False,False,False,False,False,False,Mardi-00-02h,NON,Mardi,2020-03-24 00:00
3856,217,True,False,True,False,False,False,False,False,False,False,False,False,True,False,Mardi-00-02h,NON,Mardi,2020-03-24 00:00
3857,278,False,False,False,False,True,True,False,False,False,False,False,False,False,False,Mardi-00-02h,NON,Mardi,2020-03-24 00:00
3858,189,False,True,False,False,False,False,False,False,False,False,False,False,False,False,Mardi-00-02h,NON,Mardi,2020-03-24 00:00
3859,61,True,False,True,False,False,False,False,False,False,False,False,False,False,False,Mardi-00-02h,NON,Mardi,2020-03-24 00:00
3860,251,False,False,False,False,False,False,False,False,False,False,False,False,True,False,Mardi-00-02h,NON,Mardi,2020-03-24 00:00
3861,281,False,True,False,False,False,False,False,False,False,False,False,False,False,False,Mardi-00-02h,NON,Mardi,2020-03-24 00:00
3862,134,False,True,False,False,False,False,False,False,False,False,False,False,False,False,Mardi-00-02h,OUI,Mardi,2020-03-24 00:00
3863,293,False,True,False,False,False,True,False,False,False,False,False,False,False,False,Mardi-00-02h,NON,Mardi,2020-03-24 00:00
3864,279,True,True,True,True,False,True,False,False,False,False,False,False,False,False,Mardi-00-02h,OUI,Mardi,2020-03-24 00:00
3865,81,True,False,True,True,False,False,False,True,False,False,False,False,False,False,Mardi-00-02h,NON,Mardi,2020-03-24 00:00
3866,92,True,False,False,True,False,False,False,False,False,False,True,False,False,False,Mardi-00-02h,NON,Mardi,2020-03-24 00:00
3867,147,False,False,False,False,False,False,False,False,False,False,False,False,False,False,Mardi-00-02h,NON,Mardi,2020-03-24 00:00
3868,33,False,True,False,False,True,False,False,False,False,False,False,False,False,False,Mardi-00-02h,OUI,Mardi,2020-03-24 00:00
3869,266,False,False,False,False,False,False,False,False,False,False,False,False,False,False,Mardi-00-02h,NON,Mardi,2020-03-24 00:00
3870,225,True,False,False,False,False,True,False,False,False,False,False,False,False,False,Mardi-00-02h,NON,Mardi,2020-03-24 00:00
3871,83,True,False,True,False,False,False,False,False,False,False,False,False,False,False,Mardi-00-02h,NON,Mardi,2020-03-24 00:00
3872,95,False,False,False,False,True,True,False,True,False,False,False,False,False,False,Mardi-00-02h,NON,Mardi,2020-03-24 00:00
3873,127,False,False,False,False,True,False,False,False,False,False,False,False,False,False,Mardi-00-02h,NON,Mardi,2020-03-24 00:00
3874,20,False,False,False,False,False,False,False,False,False,False,False,False,False,False,Mardi-00-02h,NON,Mardi,2020-03-24 00:00
3875,89,False,False,False,False,False,False,False,False,True,False,False,False,False,False,Mardi-00-02h,OUI,Mardi,2020-03-24 00:00
3876,120,False,True,True,False,True,True,False,True,False,False,True,False,False,False,Mardi-00-02h,NON,Mardi,2020-03-24 00:00
3877,253,False,False,False,False,True,True,False,False,False,False,False,True,False,False,Mardi-00-02h,NON,Mardi,2020-03-24 00:00
3878,52,False,False,True,False,False,False,False,False,False,False,False,False,False,False,Mardi-00-02h,OUI,Mardi,2020-03-24 00:00
3879,168,True,False,True,False,False,False,False,True,False,False,False,False,False,False,Mardi-00-02h,NON,Mardi,2020-03-24 00:00
3880,202,False,True,False,False,False,False,False,False,False,False,False,False,False,False,Mardi-00-02h,NON,Mardi,2020-03-24 00:00
3881,172,False,False,False,False,True,False,False,False,False,False,False,False,False,False,Mardi-00-02h,NON,Mardi,2020-03-24 00:00
3882,239,False,False,False,False,True,True,False,False,False,False,False,False,False,False,Mardi-00-02h,NON,Mardi,2020-03-24 00:00
3883,85,False,False,False,False,True,False,False,False,False,False,False,False,False,False,Mardi-00-02h,NON,Mardi,2020-03-24 00:00
3884,215,False,False,False,False,False,False,False,False,True,False,False,False,False,False,Mardi-00-02h,NON,Mardi,2020-03-24 00:00
3885,260,True,False,True,False,False,False,False,False,False,False,False,False,False,False,Mardi-00-02h,NON,Mardi,2020-03-24 00:00
3886,286,True,True,False,False,True,False,False,False,False,False,False,False,False,False,Mardi-00-02h,NON,Mardi,2020-03-24 00:00
3887,72,False,True,False,False,False,False,False,False,False,False,False,False,False,False,Mardi-02-04h,NON,Mardi,2020-03-24 02:00
3888,167,True,True,True,True,True,True,False,False,False,False,False,False,False,False,Mardi-02-04h,OUI,Mardi,2020-03-24 02:00
3889,130,True,False,True,False,False,False,False,True,False,False,False,False,True,True,Mardi-02-04h,OUI,Mardi,2020-03-24 02:00
3890,288,True,True,True,False,True,False,False,False,False,False,False,False,False,False,Mardi-02-04h,OUI,Mardi,2020-03-24 02:00
3891,59,False,False,False,False,False,True,False,False,False,False,False,False,False,False,Mardi-02-04h,NON,Mardi,2020-03-24 02:00
3892,178,True,False,False,False,False,False,False,False,False,False,True,False,False,False,Mardi-02-04h,OUI,Mardi,2020-03-24 02:00
3893,254,False,False,False,False,False,False,False,False,False,False,False,True,False,False,Mardi-02-04h,NON,Mardi,2020-03-24 02:00
3894,34,False,False,False,False,False,False,False,False,False,False,False,False,False,False,Mardi-02-04h,NON,Mardi,2020-03-24 02:00
3895,264,False,False,False,False,True,True,True,False,False,False,False,False,False,False,Mardi-02-04h,NON,Mardi,2020-03-24 02:00
3896,158,True,False,False,False,True,False,False,False,False,True,False,False,False,False,Mardi-02-04h,NON,Mardi,2020-03-24 02:00
3897,210,False,True,False,False,True,True,False,False,False,False,False,False,False,False,Mardi-02-04h,NON,Mardi,2020-03-24 02:00
3898,93,False,False,False,False,True,False,False,False,False,False,False,False,True,False,Mardi-02-04h,OUI,Mardi,2020-03-24 02:00
3899,144,True,False,True,False,True,False,False,False,False,False,False,False,False,False,Mardi-02-04h,NON,Mardi,2020-03-24 02:00
3900,164,False,True,False,False,True,True,False,False,False,False,False,False,False,False,Mardi-02-04h,OUI,Mardi,2020-03-24 02:00
3901,289,False,False,False,False,True,True,False,False,False,False,False,False,False,False,Mardi-02-04h,NON,Mardi,2020-03-24 02:00
3902,50,False,False,False,False,False,False,False,False,False,False,False,False,False,False,Mardi-02-04h,NON,Mardi,2020-03-24 02:00
3903,51,True,True,False,False,True,False,False,False,False,False,False,False,False,False,Mardi-02-04h,OUI,Mardi,2020-03-24 02:00
3904,247,False,False,True,False,False,False,False,False,False,False,False,False,False,False,Mardi-02-04h,NON,Mardi,2020-03-24 02:00
3905,159,False,False,False,False,False,False,False,True,False,False,False,False,False,False,Mardi-02-04h,NON,Mardi,2020-03-24 02:00
3906,54,False,False,False,False,False,True,False,False,False,False,False,False,False,False,Mardi-02-04h,NON,Mardi,2020-03-24 02:00
3907,55,True,False,False,False,True,True,False,True,False,False,False,False,False,False,Mardi-02-04h,OUI,Mardi,2020-03-24 02:00
3908,257,False,False,False,False,True,False,False,False,False,False,False,False,False,False,Mardi-02-04h,NON,Mardi,2020-03-24 02:00
3909,67,False,False,False,False,False,False,False,False,False,False,False,False,False,False,Mardi-02-04h,NON,Mardi,2020-03-24 02:00
3910,71,True,False,True,False,False,False,False,False,False,False,False,False,False,False,Mardi-02-04h,NON,Mardi,2020-03-24 02:00
3911,280,False,False,False,False,False,True,False,False,False,False,False,False,False,False,Mardi-02-04h,OUI,Mardi,2020-03-24 02:00
3912,283,True,True,False,False,False,False,False,False,False,False,False,False,False,False,Mardi-02-04h,OUI,Mardi,2020-03-24 02:00
3913,154,False,False,False,False,True,True,False,False,False,False,False,True,False,False,Mardi-02-04h,OUI,Mardi,2020-03-24 02:00
3914,171,False,False,False,False,False,False,False,False,False,False,False,True,False,False,Mardi-02-04h,NON,Mardi,2020-03-24 02:00
3915,131,False,False,True,False,False,False,False,False,False,False,False,False,False,False,Mardi-02-04h,NON,Mardi,2020-03-24 02:00
3916,237,True,False,False,False,False,True,True,False,False,False,False,False,True,False,Mardi-02-04h,OUI,Mardi,2020-03-24 02:00
3917,75,False,False,False,False,True,True,False,False,False,False,False,False,False,False,Mardi-02-04h,NON,Mardi,2020-03-24 02:00
3918,235,True,False,False,False,True,False,False,False,False,False,False,False,False,False,Mardi-02-04h,NON,Mardi,2020-03-24 02:00
3919,180,False,False,False,False,True,True,False,False,False,False,False,False,False,False,Mardi-02-04h,OUI,Mardi,2020-03-24 02:00
3920,219,False,False,False,False,False,True,False,False,False,False,False,False,False,False,Mardi-02-04h,NON,Mardi,2020-03-24 02:00
3921,250,False,False,False,False,False,False,False,False,True,False,False,False,False,False,Mardi-02-04h,NON,Mardi,2020-03-24 02:00
3922,267,True,True,False,False,False,False,False,False,False,False,False,False,False,False,Mardi-02-04h,NON,Mardi,2020-03-24 02:00
3923,160,False,True,False,False,False,True,False,False,False,False,False,False,False,False,Mardi-02-04h,NON,Mardi,2020-03-24 02:00
3924,182,False,True,False,False,True,True,True,False,False,False,False,False,False,False,Mardi-02-04h,NON,Mardi,2020-03-24 02:00
3925,143,False,False,False,False,False,False,False,True,False,False,True,False,False,False,Mardi-02-04h,OUI,Mardi,2020-03-24 02:00
3926,223,True,True,False,False,False,False,False,False,False,False,False,False,False,False,Mardi-02-04h,NON,Mardi,2020-03-24 02:00
3927,192,True,False,True,False,False,False,False,False,False,False,False,False,False,False,Mardi-02-04h,NON,Mardi,2020-03-24 02:00
3928,30,False,False,True,False,False,False,False,True,False,False,False,False,False,False,Mardi-02-04h,NON,Mardi,2020-03-24 02:00
3929,125,True,False,False,False,True,False,False,True,False,False,False,False,False,False,Mardi-02-04h,NON,Mardi,2020-03-24 02:00
3930,39,False,False,True,False,True,False,False,True,False,False,False,False,False,False,Mardi-02-04h,NON,Mardi,2020-03-24 02:00
3931,113,True,False,True,False,False,False,False,False,False,False,False,False,False,False,Mardi-02-04h,NON,Mardi,2020-03-24 02:00
3932,121,True,False,True,False,False,False,False,True,False,False,False,False,False,False,Mardi-02-04h,NON,Mardi,2020-03-24 02:00
3933,228,False,False,False,False,False,False,False,False,False,False,True,False,False,False,Mardi-02-04h,OUI,Mardi,2020-03-24 02:00
3934,290,False,False,False,False,False,False,False,False,True,False,False,False,False,False,Mardi-02-04h,NON,Mardi,2020-03-24 02:00
3935,197,False,False,True,False,True,False,False,False,False,False,False,False,False,False,Mardi-02-04h,NON,Mardi,2020-03-24 02:00
3936,31,True,True,True,False,False,True,False,False,False,False,False,False,False,False,Mardi-02-04h,OUI,Mardi,2020-03-24 02:00
3937,173,True,False,False,False,True,True,False,True,False,False,False,False,False,False,Mardi-02-04h,NON,Mardi,2020-03-24 02:00
3938,74,True,False,False,True,False,False,False,True,False,False,True,False,False,False,Mardi-02-04h,NON,Mardi,2020-03-24 02:00
3939,15,False,False,True,False,False,False,False,False,False,False,False,False,False,False,Mardi-02-04h,NON,Mardi,2020-03-24 02:00
3940,45,True,False,False,False,True,True,False,True,False,False,False,False,False,False,Mardi-02-04h,NON,Mardi,2020-03-24 02:00
3941,63,False,False,True,False,False,False,False,False,False,False,False,False,False,False,Mardi-02-04h,NON,Mardi,2020-03-24 02:00
3942,3,False,False,False,False,False,True,False,False,False,False,False,True,False,False,Mardi-02-04h,OUI,Mardi,2020-03-24 02:00
3943,21,True,False,True,False,False,False,False,False,False,False,False,False,False,False,Mardi-02-04h,NON,Mardi,2020-03-24 02:00
3944,78,False,True,True,False,True,True,False,True,False,False,False,False,False,False,Mardi-02-04h,OUI,Mardi,2020-03-24 02:00
3945,47,False,True,False,False,False,False,False,False,False,False,False,False,False,False,Mardi-02-04h,NON,Mardi,2020-03-24 02:00
3946,151,True,True,False,False,True,False,False,True,False,False,False,False,False,False,Mardi-02-04h,NON,Mardi,2020-03-24 02:00
3947,6,True,False,True,False,False,False,False,False,False,False,False,False,False,False,Mardi-02-04h,OUI,Mardi,2020-03-24 02:00
3948,135,True,False,True,False,False,False,False,False,False,False,False,False,True,False,Mardi-02-04h,OUI,Mardi,2020-03-24 02:00
3949,221,False,False,False,False,True,True,False,False,False,False,False,False,False,False,Mardi-02-04h,NON,Mardi,2020-03-24 02:00
3950,170,False,False,True,False,False,False,False,False,False,False,True,False,False,True,Mardi-02-04h,NON,Mardi,2020-03-24 02:00
3951,129,False,True,False,False,False,False,False,False,False,False,False,False,False,False,Mardi-02-04h,OUI,Mardi,2020-03-24 02:00
3952,132,True,True,True,False,False,True,False,False,False,False,False,False,False,False,Mardi-02-04h,OUI,Mardi,2020-03-24 02:00
3953,110,False,True,False,False,False,False,False,False,False,False,False,False,False,False,Mardi-02-04h,OUI,Mardi,2020-03-24 02:00
3954,191,False,False,False,False,False,True,False,False,False,False,False,False,False,False,Mardi-02-04h,OUI,Mardi,2020-03-24 02:00
3955,94,True,True,True,False,False,True,False,False,False,False,True,False,True,False,Mardi-02-04h,NON,Mardi,2020-03-24 02:00
3956,108,False,False,False,False,False,True,True,False,False,False,False,False,False,False,Mardi-02-04h,OUI,Mardi,2020-03-24 02:00
3957,236,False,False,False,False,True,True,False,False,False,False,False,False,False,False,Mardi-02-04h,OUI,Mardi,2020-03-24 02:00
3958,42,True,False,True,False,True,False,False,False,False,False,False,False,False,False,Mardi-02-04h,NON,Mardi,2020-03-24 02:00
3959,155,True,False,False,False,True,False,False,False,False,False,False,False,False,False,Mardi-02-04h,NON,Mardi,2020-03-24 02:00
3960,1,False,False,False,False,False,False,False,False,False,False,False,False,False,False,Mardi-02-04h,NON,Mardi,2020-03-24 02:00
3961,58,False,True,True,False,False,True,False,False,False,False,True,False,False,False,Mardi-02-04h,OUI,Mardi,2020-03-24 02:00
3962,0,False,True,False,False,False,False,False,False,False,False,False,False,False,False,Mardi-02-04h,OUI,Mardi,2020-03-24 02:00
3963,269,False,False,False,False,False,False,False,False,False,False,False,False,False,False,Mardi-02-04h,NON,Mardi,2020-03-24 02:00
3964,2,True,False,True,False,False,False,False,False,False,False,False,False,False,False,Mardi-02-04h,NON,Mardi,2020-03-24 02:00
3965,103,False,False,False,False,True,False,False,False,False,False,False,False,False,False,Mardi-02-04h,NON,Mardi,2020-03-24 02:00
3966,12,False,True,False,False,True,False,False,False,False,False,False,False,False,False,Mardi-02-04h,OUI,Mardi,2020-03-24 02:00
3967,245,True,False,False,False,True,True,False,True,False,False,False,False,False,False,Mardi-02-04h,NON,Mardi,2020-03-24 02:00
3968,161,False,False,True,False,False,False,False,False,False,False,True,False,False,False,Mardi-02-04h,OUI,Mardi,2020-03-24 02:00
3969,38,False,False,False,False,False,False,False,False,True,False,False,False,False,False,Mardi-02-04h,NON,Mardi,2020-03-24 02:00
3970,122,False,False,False,False,False,False,False,False,False,False,False,False,False,False,Mardi-02-04h,NON,Mardi,2020-03-24 02:00
3971,248,False,False,True,False,False,False,False,False,False,False,False,False,True,False,Mardi-02-04h,NON,Mardi,2020-03-24 02:00
3972,271,False,True,True,False,False,True,False,False,False,False,False,False,False,False,Mardi-02-04h,OUI,Mardi,2020-03-24 02:00
3973,116,False,False,True,False,False,False,False,False,False,False,False,False,False,False,Mardi-02-04h,OUI,Mardi,2020-03-24 02:00
3974,117,True,True,True,True,False,True,False,False,False,False,False,False,False,False,Mardi-02-04h,NON,Mardi,2020-03-24 02:00
3975,213,False,False,False,False,True,True,False,True,False,False,False,False,False,False,Mardi-02-04h,NON,Mardi,2020-03-24 02:00
3976,220,False,True,True,False,False,True,False,False,False,False,False,False,False,False,Mardi-02-04h,OUI,Mardi,2020-03-24 02:00
3977,176,False,False,True,False,False,False,False,False,False,False,False,False,False,False,Mardi-02-04h,NON,Mardi,2020-03-24 02:00
3978,96,False,False,False,False,True,True,False,False,False,True,False,False,False,False,Mardi-02-04h,NON,Mardi,2020-03-24 02:00
3979,214,False,False,False,False,True,True,False,False,False,True,False,False,False,False,Mardi-02-04h,OUI,Mardi,2020-03-24 02:00
3980,11,True,False,False,True,False,False,False,False,False,False,True,False,False,False,Mardi-02-04h,NON,Mardi,2020-03-24 02:00
3981,255,True,False,True,False,False,False,False,True,False,False,False,False,False,False,Mardi-02-04h,OUI,Mardi,2020-03-24 02:00
3982,86,False,False,True,False,False,False,False,False,False,False,False,False,False,False,Mardi-02-04h,OUI,Mardi,2020-03-24 02:00
3983,209,True,False,False,False,True,True,False,True,False,False,False,False,False,False,Mardi-02-04h,OUI,Mardi,2020-03-24 02:00
3984,291,False,False,False,False,False,True,False,False,True,False,False,False,False,False,Mardi-02-04h,OUI,Mardi,2020-03-24 02:00
3985,287,False,False,False,False,False,False,False,False,False,False,False,True,False,False,Mardi-02-04h,NON,Mardi,2020-03-24 02:00
3986,104,False,False,False,False,True,True,False,False,False,False,False,False,False,False,Mardi-02-04h,NON,Mardi,2020-03-24 02:00
3987,18,False,False,False,False,True,False,False,False,False,False,False,False,False,False,Mardi-02-04h,OUI,Mardi,2020-03-24 02:00
3988,123,False,True,False,False,True,True,False,False,False,False,False,False,False,False,Mardi-02-04h,NON,Mardi,2020-03-24 02:00
3989,136,False,False,False,False,True,False,False,False,False,False,False,False,False,False,Mardi-02-04h,NON,Mardi,2020-03-24 02:00
3990,276,True,False,True,False,False,False,False,False,False,False,False,False,False,False,Mardi-02-04h,NON,Mardi,2020-03-24 02:00
3991,53,False,False,False,False,True,True,False,False,False,False,False,False,False,False,Mardi-02-04h,OUI,Mardi,2020-03-24 02:00
3992,179,True,False,True,False,False,False,False,False,False,False,False,False,False,False,Mardi-02-04h,OUI,Mardi,2020-03-24 02:00
3993,200,False,False,False,False,False,False,False,False,False,False,False,False,False,False,Mardi-02-04h,NON,Mardi,2020-03-24 02:00
3994,73,False,False,False,False,False,False,False,False,False,False,False,False,False,False,Mardi-02-04h,NON,Mardi,2020-03-24 02:00
3995,156,False,False,False,False,True,True,False,False,False,False,False,False,False,False,Mardi-02-04h,NON,Mardi,2020-03-24 02:00
3996,128,True,True,True,False,False,True,False,False,False,False,False,False,False,False,Mardi-02-04h,NON,Mardi,2020-03-24 02:00
3997,118,False,False,False,False,False,False,False,False,False,False,False,False,False,False,Mardi-02-04h,NON,Mardi,2020-03-24 02:00
3998,112,True,False,True,False,False,False,False,False,False,False,False,False,False,False,Mardi-02-04h,NON,Mardi,2020-03-24 02:00
3999,35,False,False,False,False,True,True,False,False,False,False,False,False,False,False,Mardi-02-04h,NON,Mardi,2020-03-24 02:00
4000,32,False,False,False,False,False,False,False,False,False,False,False,True,False,False,Mardi-02-04h,NON,Mardi,2020-03-24 02:00
4001,199,True,False,True,False,False,False,False,False,False,False,False,False,False,False,Mardi-02-04h,NON,Mardi,2020-03-24 02:00
4002,153,True,False,False,False,True,True,False,False,False,False,False,False,False,False,Mardi-02-04h,NON,Mardi,2020-03-24 02:00
4003,82,False,False,True,False,False,False,False,False,False,False,False,False,False,False,Mardi-02-04h,NON,Mardi,2020-03-24 02:00
4004,292,False,True,False,False,False,False,False,False,False,False,False,False,False,False,Mardi-02-04h,NON,Mardi,2020-03-24 02:00
4005,169,False,False,False,True,False,False,False,False,False,False,False,False,False,False,Mardi-02-04h,NON,Mardi,2020-03-24 02:00
4006,16,False,False,False,False,True,True,False,False,False,False,False,False,False,False,Mardi-02-04h,OUI,Mardi,2020-03-24 02:00
4007,46,True,True,True,False,False,True,True,False,False,False,False,False,False,False,Mardi-02-04h,OUI,Mardi,2020-03-24 02:00
4008,216,False,True,False,False,False,True,False,False,False,False,False,False,False,False,Mardi-02-04h,OUI,Mardi,2020-03-24 02:00
4009,174,False,True,True,False,False,True,False,False,False,False,True,False,False,False,Mardi-02-04h,NON,Mardi,2020-03-24 02:00
4010,43,False,False,False,False,True,False,False,False,False,False,False,False,False,False,Mardi-02-04h,NON,Mardi,2020-03-24 02:00
4011,165,False,False,False,False,True,True,False,False,False,False,False,False,False,False,Mardi-02-04h,NON,Mardi,2020-03-24 02:00
4012,126,False,True,False,False,False,True,False,False,False,False,False,False,False,False,Mardi-02-04h,NON,Mardi,2020-03-24 02:00
4013,41,False,False,False,False,False,True,False,False,True,False,False,False,False,False,Mardi-02-04h,NON,Mardi,2020-03-24 02:00
4014,157,False,False,True,False,False,False,False,False,False,False,False,False,False,False,Mardi-02-04h,NON,Mardi,2020-03-24 02:00
4015,272,False,True,True,False,False,False,True,False,False,False,True,False,True,True,Mardi-02-04h,OUI,Mardi,2020-03-24 02:00
4016,115,True,False,True,False,False,False,False,False,False,False,False,False,False,False,Mardi-02-04h,OUI,Mardi,2020-03-24 02:00
4017,84,False,False,False,False,False,False,False,False,False,False,False,True,False,False,Mardi-02-04h,NON,Mardi,2020-03-24 02:00
4018,183,True,True,True,True,False,False,False,False,False,False,False,False,False,False,Mardi-02-04h,OUI,Mardi,2020-03-24 02:00
4019,65,True,True,False,False,False,True,False,False,False,False,False,False,False,False,Mardi-02-04h,OUI,Mardi,2020-03-24 02:00
4020,105,True,False,False,False,False,False,False,False,False,False,False,False,False,False,Mardi-02-04h,OUI,Mardi,2020-03-24 02:00
4021,187,True,False,False,False,False,True,False,False,False,False,False,False,False,False,Mardi-02-04h,NON,Mardi,2020-03-24 02:00
4022,139,True,False,True,False,False,False,False,False,False,False,False,False,False,False,Mardi-02-04h,NON,Mardi,2020-03-24 02:00
4023,259,False,False,False,False,True,True,False,False,False,False,False,False,False,False,Mardi-02-04h,OUI,Mardi,2020-03-24 02:00
4024,124,True,False,True,False,False,False,False,False,False,False,True,False,False,False,Mardi-02-04h,OUI,Mardi,2020-03-24 02:00
4025,98,False,False,False,False,False,True,False,False,False,False,False,True,False,False,Mardi-02-04h,OUI,Mardi,2020-03-24 02:00
4026,284,False,True,True,False,False,True,False,False,False,False,False,False,True,False,Mardi-02-04h,OUI,Mardi,2020-03-24 02:00
4027,148,True,False,True,False,True,False,False,True,False,False,False,False,False,False,Mardi-02-04h,NON,Mardi,2020-03-24 02:00
4028,258,True,False,True,False,False,False,False,False,False,False,False,False,False,False,Mardi-02-04h,OUI,Mardi,2020-03-24 02:00
4029,175,False,False,False,False,False,True,False,False,False,False,False,False,False,False,Mardi-02-04h,NON,Mardi,2020-03-24 02:00
4030,119,False,False,False,False,False,False,False,False,False,False,True,False,False,False,Mardi-02-04h,NON,Mardi,2020-03-24 02:00
4031,229,True,False,True,False,False,False,False,True,False,False,False,False,False,False,Mardi-02-04h,OUI,Mardi,2020-03-24 02:00
4032,230,False,False,False,False,False,True,True,False,False,False,False,False,False,False,Mardi-02-04h,NON,Mardi,2020-03-24 02:00
4033,17,True,False,False,False,False,True,True,False,False,False,False,False,False,False,Mardi-02-04h,NON,Mardi,2020-03-24 02:00
4034,177,False,False,False,False,False,False,False,False,False,False,False,False,False,False,Mardi-02-04h,NON,Mardi,2020-03-24 02:00
4035,7,False,False,False,False,False,False,False,False,False,False,False,False,False,False,Mardi-02-04h,NON,Mardi,2020-03-24 02:00
4036,241,False,False,True,False,False,False,False,False,False,False,False,False,False,False,Mardi-02-04h,NON,Mardi,2020-03-24 02:00
4037,8,True,False,False,False,True,True,False,True,False,False,False,False,False,False,Mardi-02-04h,NON,Mardi,2020-03-24 02:00
4038,268,False,True,False,False,False,True,False,False,False,False,False,False,False,False,Mardi-02-04h,OUI,Mardi,2020-03-24 02:00
4039,294,False,False,True,False,True,False,False,False,False,False,False,False,False,False,Mardi-02-04h,OUI,Mardi,2020-03-24 02:00
4040,242,True,False,False,False,True,True,False,False,False,False,False,False,False,False,Mardi-02-04h,NON,Mardi,2020-03-24 02:00
4041,194,False,False,False,False,False,True,False,False,False,False,False,False,False,False,Mardi-02-04h,NON,Mardi,2020-03-24 02:00
4042,243,False,False,False,False,True,True,False,False,False,False,False,False,False,False,Mardi-02-04h,OUI,Mardi,2020-03-24 02:00
4043,212,True,True,True,False,False,True,False,False,False,False,False,False,False,False,Mardi-02-04h,OUI,Mardi,2020-03-24 02:00
4044,19,False,False,False,False,False,True,False,False,False,False,False,False,False,False,Mardi-02-04h,OUI,Mardi,2020-03-24 02:00
4045,114,False,False,False,False,True,False,False,False,False,False,False,False,False,False,Mardi-02-04h,OUI,Mardi,2020-03-24 02:00
4046,190,False,False,False,False,False,True,False,False,True,False,False,False,False,False,Mardi-02-04h,NON,Mardi,2020-03-24 02:00
4047,64,False,False,True,False,False,False,False,False,False,False,False,False,False,False,Mardi-02-04h,NON,Mardi,2020-03-24 02:00
4048,227,False,False,False,False,False,False,False,False,False,False,False,False,False,False,Mardi-02-04h,NON,Mardi,2020-03-24 02:00
4049,232,False,False,False,False,False,True,False,False,False,False,False,False,False,False,Mardi-02-04h,OUI,Mardi,2020-03-24 02:00
4050,246,False,True,False,False,False,True,True,False,False,False,False,False,False,False,Mardi-02-04h,NON,Mardi,2020-03-24 02:00
4051,100,False,False,False,False,False,True,False,False,False,False,False,False,False,False,Mardi-02-04h,NON,Mardi,2020-03-24 02:00
4052,13,False,False,False,False,True,False,False,False,False,False,False,False,False,False,Mardi-02-04h,NON,Mardi,2020-03-24 02:00
4053,262,True,True,True,False,False,False,False,False,False,False,False,False,False,False,Mardi-02-04h,NON,Mardi,2020-03-24 02:00
4054,76,True,True,True,False,False,True,False,False,False,False,True,False,False,False,Mardi-02-04h,NON,Mardi,2020-03-24 02:00
4055,261,False,True,False,False,True,False,False,False,False,False,False,False,False,False,Mardi-02-04h,NON,Mardi,2020-03-24 02:00
4056,150,False,True,False,False,False,False,False,False,False,False,False,False,False,False,Mardi-02-04h,OUI,Mardi,2020-03-24 02:00
4057,205,False,False,False,False,False,False,False,False,False,False,False,False,False,False,Mardi-02-04h,NON,Mardi,2020-03-24 02:00
4058,56,False,False,False,False,True,True,False,False,False,False,False,False,False,False,Mardi-02-04h,OUI,Mardi,2020-03-24 02:00
4059,186,False,False,False,False,True,False,False,False,False,False,False,False,False,False,Mardi-02-04h,OUI,Mardi,2020-03-24 02:00
4060,162,True,False,False,False,True,True,False,False,False,False,False,False,False,False,Mardi-02-04h,NON,Mardi,2020-03-24 02:00
4061,68,False,True,False,False,True,True,False,False,False,False,False,False,False,False,Mardi-02-04h,NON,Mardi,2020-03-24 02:00
4062,146,False,False,False,False,False,True,False,False,False,False,False,True,False,False,Mardi-02-04h,OUI,Mardi,2020-03-24 02:00
4063,49,False,False,False,False,False,False,False,False,False,False,False,False,True,False,Mardi-02-04h,NON,Mardi,2020-03-24 02:00
4064,91,True,False,True,True,False,False,False,False,False,False,False,False,False,False,Mardi-02-04h,OUI,Mardi,2020-03-24 02:00
4065,22,False,False,False,False,False,False,False,False,False,True,False,False,False,False,Mardi-02-04h,NON,Mardi,2020-03-24 02:00
4066,151,False,False,False,False,True,False,False,False,False,False,False,False,False,False,Mardi-02-04h,NON,Mardi,2020-03-24 02:00
4067,193,False,False,False,False,True,True,False,False,False,False,False,False,False,False,Mardi-02-04h,OUI,Mardi,2020-03-24 02:00
4068,9,True,True,False,False,False,False,False,False,False,False,False,False,False,False,Mardi-02-04h,NON,Mardi,2020-03-24 02:00
4069,99,True,False,True,False,False,False,False,False,False,False,False,False,False,False,Mardi-02-04h,NON,Mardi,2020-03-24 02:00
4070,181,False,False,False,False,True,True,False,False,False,False,False,False,False,False,Mardi-02-04h,OUI,Mardi,2020-03-24 02:00
4071,111,False,False,False,False,False,True,False,True,False,False,False,False,False,False,Mardi-02-04h,OUI,Mardi,2020-03-24 02:00
4072,44,False,True,False,False,False,True,False,False,False,False,False,False,False,False,Mardi-02-04h,NON,Mardi,2020-03-24 02:00
4073,24,False,False,False,False,True,False,False,True,False,False,False,False,False,False,Mardi-02-04h,NON,Mardi,2020-03-24 02:00
4074,102,False,False,False,False,True,True,False,True,False,False,False,False,False,False,Mardi-02-04h,OUI,Mardi,2020-03-24 02:00
4075,203,True,True,False,False,False,False,False,True,False,False,False,False,False,False,Mardi-02-04h,NON,Mardi,2020-03-24 02:00
4076,140,False,False,False,False,True,True,False,True,False,False,False,False,False,False,Mardi-02-04h,NON,Mardi,2020-03-24 02:00
4077,188,False,False,False,False,False,True,False,False,True,False,False,False,False,False,Mardi-02-04h,NON,Mardi,2020-03-24 02:00
4078,206,False,False,False,True,False,False,False,False,False,False,True,False,False,False,Mardi-02-04h,NON,Mardi,2020-03-24 02:00
4079,273,False,False,False,False,False,False,False,False,False,False,False,True,False,False,Mardi-02-04h,NON,Mardi,2020-03-24 02:00
4080,69,True,False,True,False,False,False,False,False,False,False,False,False,False,False,Mardi-02-04h,NON,Mardi,2020-03-24 02:00
4081,87,True,False,False,True,False,False,False,False,False,False,True,False,False,False,Mardi-02-04h,OUI,Mardi,2020-03-24 02:00
4082,83,True,False,True,False,False,False,False,False,False,False,False,False,False,False,Mardi-02-04h,NON,Mardi,2020-03-24 02:00
4083,149,True,False,True,True,False,False,False,False,False,False,False,False,False,False,Mardi-02-04h,NON,Mardi,2020-03-24 02:00
4084,274,False,False,False,False,False,True,False,False,False,False,False,False,False,False,Mardi-02-04h,NON,Mardi,2020-03-24 02:00
4085,282,True,False,True,True,False,False,False,False,False,False,False,False,False,False,Mardi-02-04h,OUI,Mardi,2020-03-24 02:00
4086,147,False,False,False,False,False,False,False,False,False,False,False,False,False,False,Mardi-02-04h,NON,Mardi,2020-03-24 02:00
4087,238,False,False,False,False,False,False,False,False,False,False,False,True,False,False,Mardi-02-04h,NON,Mardi,2020-03-24 02:00
4088,201,False,False,False,False,False,False,False,False,False,False,False,False,False,False,Mardi-02-04h,NON,Mardi,2020-03-24 02:00
4089,152,False,True,False,False,False,False,False,False,False,False,False,False,False,False,Mardi-02-04h,NON,Mardi,2020-03-24 02:00
4090,222,False,False,False,False,False,True,False,False,True,True,False,False,False,False,Mardi-02-04h,NON,Mardi,2020-03-24 02:00
4091,106,False,False,False,False,False,True,False,False,False,False,False,True,False,False,Mardi-02-04h,NON,Mardi,2020-03-24 02:00
4092,133,False,False,True,False,True,False,False,False,False,False,False,False,False,False,Mardi-02-04h,NON,Mardi,2020-03-24 02:00
4093,163,False,False,False,False,True,False,False,False,False,False,False,False,False,False,Mardi-02-04h,NON,Mardi,2020-03-24 02:00
4094,231,False,False,False,False,False,False,False,False,False,False,False,False,False,False,Mardi-02-04h,NON,Mardi,2020-03-24 02:00
4095,25,False,False,False,False,True,False,False,False,False,False,False,False,False,False,Mardi-02-04h,NON,Mardi,2020-03-24 02:00
4096,196,False,False,True,False,True,False,False,True,False,False,False,False,False,False,Mardi-02-04h,OUI,Mardi,2020-03-24 02:00
4097,5,False,False,False,False,True,True,False,False,False,False,False,False,False,False,Mardi-02-04h,NON,Mardi,2020-03-24 02:00
4098,90,False,True,False,False,False,False,False,False,False,False,False,False,False,False,Mardi-02-04h,NON,Mardi,2020-03-24 02:00
4099,244,True,False,True,False,False,False,False,False,False,False,False,False,False,False,Mardi-02-04h,OUI,Mardi,2020-03-24 02:00
4100,107,False,True,False,False,False,True,False,False,False,False,False,False,False,False,Mardi-02-04h,OUI,Mardi,2020-03-24 02:00
4101,218,False,True,False,False,True,True,False,False,False,False,False,False,False,False,Mardi-02-04h,OUI,Mardi,2020-03-24 02:00
4102,62,False,True,True,False,True,True,False,False,False,False,False,False,False,False,Mardi-02-04h,NON,Mardi,2020-03-24 02:00
4103,79,False,True,False,False,False,False,False,False,False,False,False,False,False,False,Mardi-02-04h,NON,Mardi,2020-03-24 02:00
4104,208,False,False,False,False,False,True,False,False,False,False,False,False,False,False,Mardi-02-04h,NON,Mardi,2020-03-24 02:00
4105,270,False,False,False,False,False,False,False,False,True,False,False,False,False,False,Mardi-02-04h,NON,Mardi,2020-03-24 02:00
4106,166,True,False,False,False,True,True,False,False,False,False,False,False,False,False,Mardi-02-04h,OUI,Mardi,2020-03-24 02:00
4107,77,False,False,True,False,True,False,False,False,False,False,False,False,False,False,Mardi-02-04h,NON,Mardi,2020-03-24 02:00
4108,29,False,False,False,False,False,True,False,False,False,False,False,True,False,False,Mardi-02-04h,OUI,Mardi,2020-03-24 02:00
4109,240,False,False,False,False,False,True,False,False,False,False,False,False,False,False,Mardi-02-04h,NON,Mardi,2020-03-24 02:00
4110,184,False,True,False,False,False,False,False,False,False,False,False,False,False,False,Mardi-02-04h,OUI,Mardi,2020-03-24 02:00
4111,277,False,True,True,False,False,True,False,False,False,False,False,False,False,False,Mardi-02-04h,OUI,Mardi,2020-03-24 02:00
4112,80,True,False,False,False,False,True,False,False,False,True,False,False,False,False,Mardi-02-04h,NON,Mardi,2020-03-24 02:00
4113,185,True,True,True,False,False,True,False,False,False,False,True,False,True,False,Mardi-02-04h,NON,Mardi,2020-03-24 02:00
4114,204,False,False,False,False,True,True,False,False,False,False,False,True,False,False,Mardi-02-04h,OUI,Mardi,2020-03-24 02:00
4115,252,True,True,True,False,False,True,False,False,False,False,False,False,False,False,Mardi-02-04h,NON,Mardi,2020-03-24 02:00
4116,26,False,False,False,False,True,False,False,False,False,False,False,False,False,False,Mardi-02-04h,NON,Mardi,2020-03-24 02:00
4117,70,False,False,False,False,True,False,False,False,False,False,False,True,False,False,Mardi-02-04h,OUI,Mardi,2020-03-24 02:00
4118,233,False,False,False,False,True,False,False,False,False,False,False,False,False,False,Mardi-02-04h,NON,Mardi,2020-03-24 02:00
4119,37,True,True,True,False,True,True,False,False,False,False,False,False,False,False,Mardi-02-04h,NON,Mardi,2020-03-24 02:00
4120,185,False,False,True,False,False,False,False,False,False,False,False,False,False,False,Mardi-02-04h,OUI,Mardi,2020-03-24 02:00
4121,138,True,False,False,False,True,True,False,False,False,False,False,False,False,False,Mardi-02-04h,NON,Mardi,2020-03-24 02:00
4122,224,True,False,True,False,False,False,False,False,False,False,False,False,False,False,Mardi-02-04h,NON,Mardi,2020-03-24 02:00
4123,66,False,False,False,False,True,True,False,False,False,False,False,False,True,False,Mardi-02-04h,OUI,Mardi,2020-03-24 02:00
4124,211,False,False,True,False,False,False,False,False,False,False,False,False,True,False,Mardi-02-04h,NON,Mardi,2020-03-24 02:00
4125,14,False,False,False,False,True,True,False,False,False,False,False,False,False,False,Mardi-02-04h,NON,Mardi,2020-03-24 02:00
4126,145,False,False,False,False,True,False,False,False,False,False,False,False,False,False,Mardi-02-04h,NON,Mardi,2020-03-24 02:00
4127,36,False,False,False,False,False,False,False,False,False,False,False,True,False,False,Mardi-02-04h,OUI,Mardi,2020-03-24 02:00
4128,60,True,True,True,False,False,True,False,False,False,False,False,False,False,False,Mardi-02-04h,NON,Mardi,2020-03-24 02:00
4129,137,True,True,True,False,False,True,False,False,False,False,True,False,False,False,Mardi-02-04h,OUI,Mardi,2020-03-24 02:00
4130,285,False,True,False,False,True,True,False,False,False,False,False,False,False,False,Mardi-02-04h,NON,Mardi,2020-03-24 02:00
4131,40,False,True,True,False,True,True,False,False,False,False,False,False,False,False,Mardi-02-04h,OUI,Mardi,2020-03-24 02:00
4132,97,False,False,False,False,False,True,False,False,False,False,False,False,False,False,Mardi-02-04h,OUI,Mardi,2020-03-24 02:00
4133,109,True,False,True,True,False,False,False,False,False,False,False,False,False,False,Mardi-02-04h,NON,Mardi,2020-03-24 02:00
4134,10,False,False,False,False,False,False,False,False,False,False,False,False,False,False,Mardi-02-04h,NON,Mardi,2020-03-24 02:00
4135,256,False,False,False,False,False,False,False,False,False,False,False,True,False,False,Mardi-02-04h,NON,Mardi,2020-03-24 02:00
4136,141,True,True,True,False,False,False,False,False,False,False,True,False,False,False,Mardi-02-04h,NON,Mardi,2020-03-24 02:00
4137,28,False,False,False,False,False,False,False,False,False,False,False,False,False,False,Mardi-02-04h,NON,Mardi,2020-03-24 02:00
4138,101,True,True,True,True,True,True,False,False,False,False,False,False,False,False,Mardi-02-04h,OUI,Mardi,2020-03-24 02:00
4139,48,True,False,True,False,True,False,False,False,False,False,False,False,True,False,Mardi-02-04h,OUI,Mardi,2020-03-24 02:00
4140,27,False,False,False,False,False,True,False,False,False,False,False,False,False,False,Mardi-02-04h,NON,Mardi,2020-03-24 02:00
4141,142,True,False,True,False,False,False,False,False,False,False,True,False,True,False,Mardi-02-04h,NON,Mardi,2020-03-24 02:00
4142,234,False,False,True,False,False,False,False,False,False,False,True,False,False,False,Mardi-02-04h,NON,Mardi,2020-03-24 02:00
4143,23,False,False,False,False,True,False,False,False,False,False,False,False,False,False,Mardi-02-04h,NON,Mardi,2020-03-24 02:00
4144,195,False,False,False,False,True,False,False,False,True,False,False,False,False,False,Mardi-02-04h,NON,Mardi,2020-03-24 02:00
4145,275,False,False,False,False,False,False,False,False,False,False,False,True,False,False,Mardi-02-04h,NON,Mardi,2020-03-24 02:00
4146,226,False,False,False,False,True,True,False,False,False,False,False,False,False,False,Mardi-02-04h,NON,Mardi,2020-03-24 02:00
4147,207,False,False,True,False,False,False,False,False,False,False,False,False,False,False,Mardi-02-04h,NON,Mardi,2020-03-24 02:00
4148,57,False,False,False,False,False,False,False,False,False,False,False,False,False,False,Mardi-02-04h,NON,Mardi,2020-03-24 02:00
4149,4,False,True,False,False,False,True,False,False,False,False,False,False,False,False,Mardi-02-04h,NON,Mardi,2020-03-24 02:00
4150,265,False,False,False,False,False,True,False,False,False,False,False,False,False,False,Mardi-02-04h,NON,Mardi,2020-03-24 02:00
4151,88,False,True,False,False,False,False,False,False,False,False,False,False,False,False,Mardi-02-04h,NON,Mardi,2020-03-24 02:00
4152,198,False,False,False,False,False,False,False,False,False,False,True,False,False,False,Mardi-02-04h,NON,Mardi,2020-03-24 02:00
4153,249,True,True,True,False,False,False,False,False,False,False,False,False,False,False,Mardi-02-04h,NON,Mardi,2020-03-24 02:00
4154,263,False,False,False,False,True,True,False,False,False,False,False,False,False,False,Mardi-02-04h,NON,Mardi,2020-03-24 02:00
4155,217,True,False,True,False,False,False,False,False,False,False,False,False,True,False,Mardi-02-04h,NON,Mardi,2020-03-24 02:00
4156,278,False,False,False,False,True,True,False,False,False,False,False,False,False,False,Mardi-02-04h,NON,Mardi,2020-03-24 02:00
4157,189,False,True,False,False,False,False,False,False,False,False,False,False,False,False,Mardi-02-04h,NON,Mardi,2020-03-24 02:00
4158,61,True,False,True,False,False,False,False,False,False,False,False,False,False,False,Mardi-02-04h,NON,Mardi,2020-03-24 02:00
4159,251,False,False,False,False,False,False,False,False,False,False,False,False,True,False,Mardi-02-04h,NON,Mardi,2020-03-24 02:00
4160,281,False,True,False,False,False,False,False,False,False,False,False,False,False,False,Mardi-02-04h,NON,Mardi,2020-03-24 02:00
4161,134,False,True,False,False,False,False,False,False,False,False,False,False,False,False,Mardi-02-04h,OUI,Mardi,2020-03-24 02:00
4162,293,False,True,False,False,False,True,False,False,False,False,False,False,False,False,Mardi-02-04h,NON,Mardi,2020-03-24 02:00
4163,279,True,True,True,True,False,True,False,False,False,False,False,False,False,False,Mardi-02-04h,OUI,Mardi,2020-03-24 02:00
4164,81,True,False,True,True,False,False,False,True,False,False,False,False,False,False,Mardi-02-04h,NON,Mardi,2020-03-24 02:00
4165,92,True,False,False,True,False,False,False,False,False,False,True,False,False,False,Mardi-02-04h,NON,Mardi,2020-03-24 02:00
4166,147,False,False,False,False,False,False,False,False,False,False,False,False,False,False,Mardi-02-04h,NON,Mardi,2020-03-24 02:00
4167,33,False,True,False,False,True,False,False,False,False,False,False,False,False,False,Mardi-02-04h,NON,Mardi,2020-03-24 02:00
4168,266,False,False,False,False,False,False,False,False,False,False,False,False,False,False,Mardi-02-04h,NON,Mardi,2020-03-24 02:00
4169,225,True,False,False,False,False,True,False,False,False,False,False,False,False,False,Mardi-02-04h,NON,Mardi,2020-03-24 02:00
4170,83,True,False,True,False,False,False,False,False,False,False,False,False,False,False,Mardi-02-04h,NON,Mardi,2020-03-24 02:00
4171,95,False,False,False,False,True,True,False,True,False,False,False,False,False,False,Mardi-02-04h,NON,Mardi,2020-03-24 02:00
4172,127,False,False,False,False,True,False,False,False,False,False,False,False,False,False,Mardi-02-04h,NON,Mardi,2020-03-24 02:00
4173,20,False,False,False,False,False,False,False,False,False,False,False,False,False,False,Mardi-02-04h,NON,Mardi,2020-03-24 02:00
4174,89,False,False,False,False,False,False,False,False,True,False,False,False,False,False,Mardi-02-04h,OUI,Mardi,2020-03-24 02:00
4175,120,False,True,True,False,True,True,False,True,False,False,True,False,False,False,Mardi-02-04h,NON,Mardi,2020-03-24 02:00
4176,253,False,False,False,False,True,True,False,False,False,False,False,True,False,False,Mardi-02-04h,NON,Mardi,2020-03-24 02:00
4177,52,False,False,True,False,False,False,False,False,False,False,False,False,False,False,Mardi-02-04h,OUI,Mardi,2020-03-24 02:00
4178,168,True,False,True,False,False,False,False,True,False,False,False,False,False,False,Mardi-02-04h,NON,Mardi,2020-03-24 02:00
4179,202,False,True,False,False,False,False,False,False,False,False,False,False,False,False,Mardi-02-04h,NON,Mardi,2020-03-24 02:00
4180,172,False,False,False,False,True,False,False,False,False,False,False,False,False,False,Mardi-02-04h,NON,Mardi,2020-03-24 02:00
4181,239,False,False,False,False,True,True,False,False,False,False,False,False,False,False,Mardi-02-04h,NON,Mardi,2020-03-24 02:00
4182,85,False,False,False,False,True,False,False,False,False,False,False,False,False,False,Mardi-02-04h,NON,Mardi,2020-03-24 02:00
4183,215,False,False,False,False,False,False,False,False,True,False,False,False,False,False,Mardi-02-04h,NON,Mardi,2020-03-24 02:00
4184,260,True,False,True,False,False,False,False,False,False,False,False,False,False,False,Mardi-02-04h,NON,Mardi,2020-03-24 02:00
4185,286,True,True,False,False,True,False,False,False,False,False,False,False,False,False,Mardi-02-04h,NON,Mardi,2020-03-24 02:00
4186,72,False,True,False,False,False,False,False,False,False,False,False,False,False,False,Mardi-04-06h,NON,Mardi,2020-03-24 04:00
4187,167,True,True,True,True,True,True,False,False,False,False,False,False,False,False,Mardi-04-06h,OUI,Mardi,2020-03-24 04:00
4188,130,True,False,True,False,False,False,False,True,False,False,False,False,True,True,Mardi-04-06h,OUI,Mardi,2020-03-24 04:00
4189,288,True,True,True,False,True,False,False,False,False,False,False,False,False,False,Mardi-04-06h,NON,Mardi,2020-03-24 04:00
4190,59,False,False,False,False,False,True,False,False,False,False,False,False,False,False,Mardi-04-06h,NON,Mardi,2020-03-24 04:00
4191,178,True,False,False,False,False,False,False,False,False,False,True,False,False,False,Mardi-04-06h,OUI,Mardi,2020-03-24 04:00
4192,254,False,False,False,False,False,False,False,False,False,False,False,True,False,False,Mardi-04-06h,NON,Mardi,2020-03-24 04:00
4193,34,False,False,False,False,False,False,False,False,False,False,False,False,False,False,Mardi-04-06h,NON,Mardi,2020-03-24 04:00
4194,264,False,False,False,False,True,True,True,False,False,False,False,False,False,False,Mardi-04-06h,NON,Mardi,2020-03-24 04:00
4195,158,True,False,False,False,True,False,False,False,False,True,False,False,False,False,Mardi-04-06h,NON,Mardi,2020-03-24 04:00
4196,210,False,True,False,False,True,True,False,False,False,False,False,False,False,False,Mardi-04-06h,NON,Mardi,2020-03-24 04:00
4197,93,False,False,False,False,True,False,False,False,False,False,False,False,True,False,Mardi-04-06h,OUI,Mardi,2020-03-24 04:00
4198,144,True,False,True,False,True,False,False,False,False,False,False,False,False,False,Mardi-04-06h,NON,Mardi,2020-03-24 04:00
4199,164,False,True,False,False,True,True,False,False,False,False,False,False,False,False,Mardi-04-06h,OUI,Mardi,2020-03-24 04:00
4200,289,False,False,False,False,True,True,False,False,False,False,False,False,False,False,Mardi-04-06h,NON,Mardi,2020-03-24 04:00
4201,50,False,False,False,False,False,False,False,False,False,False,False,False,False,False,Mardi-04-06h,NON,Mardi,2020-03-24 04:00
4202,51,True,True,False,False,True,False,False,False,False,False,False,False,False,False,Mardi-04-06h,OUI,Mardi,2020-03-24 04:00
4203,247,False,False,True,False,False,False,False,False,False,False,False,False,False,False,Mardi-04-06h,NON,Mardi,2020-03-24 04:00
4204,159,False,False,False,False,False,False,False,True,False,False,False,False,False,False,Mardi-04-06h,NON,Mardi,2020-03-24 04:00
4205,54,False,False,False,False,False,True,False,False,False,False,False,False,False,False,Mardi-04-06h,NON,Mardi,2020-03-24 04:00
4206,55,True,False,False,False,True,True,False,True,False,False,False,False,False,False,Mardi-04-06h,OUI,Mardi,2020-03-24 04:00
4207,257,False,False,False,False,True,False,False,False,False,False,False,False,False,False,Mardi-04-06h,NON,Mardi,2020-03-24 04:00
4208,67,False,False,False,False,False,False,False,False,False,False,False,False,False,False,Mardi-04-06h,NON,Mardi,2020-03-24 04:00
4209,71,True,False,True,False,False,False,False,False,False,False,False,False,False,False,Mardi-04-06h,NON,Mardi,2020-03-24 04:00
4210,280,False,False,False,False,False,True,False,False,False,False,False,False,False,False,Mardi-04-06h,OUI,Mardi,2020-03-24 04:00
4211,283,True,True,False,False,False,False,False,False,False,False,False,False,False,False,Mardi-04-06h,OUI,Mardi,2020-03-24 04:00
4212,154,False,False,False,False,True,True,False,False,False,False,False,True,False,False,Mardi-04-06h,OUI,Mardi,2020-03-24 04:00
4213,171,False,False,False,False,False,False,False,False,False,False,False,True,False,False,Mardi-04-06h,NON,Mardi,2020-03-24 04:00
4214,131,False,False,True,False,False,False,False,False,False,False,False,False,False,False,Mardi-04-06h,NON,Mardi,2020-03-24 04:00
4215,237,True,False,False,False,False,True,True,False,False,False,False,False,True,False,Mardi-04-06h,OUI,Mardi,2020-03-24 04:00
4216,75,False,False,False,False,True,True,False,False,False,False,False,False,False,False,Mardi-04-06h,NON,Mardi,2020-03-24 04:00
4217,235,True,False,False,False,True,False,False,False,False,False,False,False,False,False,Mardi-04-06h,NON,Mardi,2020-03-24 04:00
4218,180,False,False,False,False,True,True,False,False,False,False,False,False,False,False,Mardi-04-06h,OUI,Mardi,2020-03-24 04:00
4219,219,False,False,False,False,False,True,False,False,False,False,False,False,False,False,Mardi-04-06h,NON,Mardi,2020-03-24 04:00
4220,250,False,False,False,False,False,False,False,False,True,False,False,False,False,False,Mardi-04-06h,NON,Mardi,2020-03-24 04:00
4221,267,True,True,False,False,False,False,False,False,False,False,False,False,False,False,Mardi-04-06h,NON,Mardi,2020-03-24 04:00
4222,160,False,True,False,False,False,True,False,False,False,False,False,False,False,False,Mardi-04-06h,NON,Mardi,2020-03-24 04:00
4223,182,False,True,False,False,True,True,True,False,False,False,False,False,False,False,Mardi-04-06h,NON,Mardi,2020-03-24 04:00
4224,143,False,False,False,False,False,False,False,True,False,False,True,False,False,False,Mardi-04-06h,OUI,Mardi,2020-03-24 04:00
4225,223,True,True,False,False,False,False,False,False,False,False,False,False,False,False,Mardi-04-06h,NON,Mardi,2020-03-24 04:00
4226,192,True,False,True,False,False,False,False,False,False,False,False,False,False,False,Mardi-04-06h,NON,Mardi,2020-03-24 04:00
4227,30,False,False,True,False,False,False,False,True,False,False,False,False,False,False,Mardi-04-06h,NON,Mardi,2020-03-24 04:00
4228,125,True,False,False,False,True,False,False,True,False,False,False,False,False,False,Mardi-04-06h,NON,Mardi,2020-03-24 04:00
4229,39,False,False,True,False,True,False,False,True,False,False,False,False,False,False,Mardi-04-06h,NON,Mardi,2020-03-24 04:00
4230,113,True,False,True,False,False,False,False,False,False,False,False,False,False,False,Mardi-04-06h,NON,Mardi,2020-03-24 04:00
4231,121,True,False,True,False,False,False,False,True,False,False,False,False,False,False,Mardi-04-06h,NON,Mardi,2020-03-24 04:00
4232,228,False,False,False,False,False,False,False,False,False,False,True,False,False,False,Mardi-04-06h,OUI,Mardi,2020-03-24 04:00
4233,290,False,False,False,False,False,False,False,False,True,False,False,False,False,False,Mardi-04-06h,NON,Mardi,2020-03-24 04:00
4234,197,False,False,True,False,True,False,False,False,False,False,False,False,False,False,Mardi-04-06h,NON,Mardi,2020-03-24 04:00
4235,31,True,True,True,False,False,True,False,False,False,False,False,False,False,False,Mardi-04-06h,OUI,Mardi,2020-03-24 04:00
4236,173,True,False,False,False,True,True,False,True,False,False,False,False,False,False,Mardi-04-06h,NON,Mardi,2020-03-24 04:00
4237,74,True,False,False,True,False,False,False,True,False,False,True,False,False,False,Mardi-04-06h,NON,Mardi,2020-03-24 04:00
4238,15,False,False,True,False,False,False,False,False,False,False,False,False,False,False,Mardi-04-06h,NON,Mardi,2020-03-24 04:00
4239,45,True,False,False,False,True,True,False,True,False,False,False,False,False,False,Mardi-04-06h,NON,Mardi,2020-03-24 04:00
4240,63,False,False,True,False,False,False,False,False,False,False,False,False,False,False,Mardi-04-06h,NON,Mardi,2020-03-24 04:00
4241,3,False,False,False,False,False,True,False,False,False,False,False,True,False,False,Mardi-04-06h,OUI,Mardi,2020-03-24 04:00
4242,21,True,False,True,False,False,False,False,False,False,False,False,False,False,False,Mardi-04-06h,NON,Mardi,2020-03-24 04:00
4243,78,False,True,True,False,True,True,False,True,False,False,False,False,False,False,Mardi-04-06h,NON,Mardi,2020-03-24 04:00
4244,47,False,True,False,False,False,False,False,False,False,False,False,False,False,False,Mardi-04-06h,NON,Mardi,2020-03-24 04:00
4245,151,True,True,False,False,True,False,False,True,False,False,False,False,False,False,Mardi-04-06h,NON,Mardi,2020-03-24 04:00
4246,6,True,False,True,False,False,False,False,False,False,False,False,False,False,False,Mardi-04-06h,OUI,Mardi,2020-03-24 04:00
4247,135,True,False,True,False,False,False,False,False,False,False,False,False,True,False,Mardi-04-06h,OUI,Mardi,2020-03-24 04:00
4248,221,False,False,False,False,True,True,False,False,False,False,False,False,False,False,Mardi-04-06h,NON,Mardi,2020-03-24 04:00
4249,170,False,False,True,False,False,False,False,False,False,False,True,False,False,True,Mardi-04-06h,NON,Mardi,2020-03-24 04:00
4250,129,False,True,False,False,False,False,False,False,False,False,False,False,False,False,Mardi-04-06h,OUI,Mardi,2020-03-24 04:00
4251,132,True,True,True,False,False,True,False,False,False,False,False,False,False,False,Mardi-04-06h,OUI,Mardi,2020-03-24 04:00
4252,110,False,True,False,False,False,False,False,False,False,False,False,False,False,False,Mardi-04-06h,OUI,Mardi,2020-03-24 04:00
4253,191,False,False,False,False,False,True,False,False,False,False,False,False,False,False,Mardi-04-06h,OUI,Mardi,2020-03-24 04:00
4254,94,True,True,True,False,False,True,False,False,False,False,True,False,True,False,Mardi-04-06h,NON,Mardi,2020-03-24 04:00
4255,108,False,False,False,False,False,True,True,False,False,False,False,False,False,False,Mardi-04-06h,OUI,Mardi,2020-03-24 04:00
4256,236,False,False,False,False,True,True,False,False,False,False,False,False,False,False,Mardi-04-06h,OUI,Mardi,2020-03-24 04:00
4257,42,True,False,True,False,True,False,False,False,False,False,False,False,False,False,Mardi-04-06h,NON,Mardi,2020-03-24 04:00
4258,155,True,False,False,False,True,False,False,False,False,False,False,False,False,False,Mardi-04-06h,NON,Mardi,2020-03-24 04:00
4259,1,False,False,False,False,False,False,False,False,False,False,False,False,False,False,Mardi-04-06h,NON,Mardi,2020-03-24 04:00
4260,58,False,True,True,False,False,True,False,False,False,False,True,False,False,False,Mardi-04-06h,OUI,Mardi,2020-03-24 04:00
4261,0,False,True,False,False,False,False,False,False,False,False,False,False,False,False,Mardi-04-06h,OUI,Mardi,2020-03-24 04:00
4262,269,False,False,False,False,False,False,False,False,False,False,False,False,False,False,Mardi-04-06h,NON,Mardi,2020-03-24 04:00
4263,2,True,False,True,False,False,False,False,False,False,False,False,False,False,False,Mardi-04-06h,NON,Mardi,2020-03-24 04:00
4264,103,False,False,False,False,True,False,False,False,False,False,False,False,False,False,Mardi-04-06h,NON,Mardi,2020-03-24 04:00
4265,12,False,True,False,False,True,False,False,False,False,False,False,False,False,False,Mardi-04-06h,OUI,Mardi,2020-03-24 04:00
4266,245,True,False,False,False,True,True,False,True,False,False,False,False,False,False,Mardi-04-06h,NON,Mardi,2020-03-24 04:00
4267,161,False,False,True,False,False,False,False,False,False,False,True,False,False,False,Mardi-04-06h,OUI,Mardi,2020-03-24 04:00
4268,38,False,False,False,False,False,False,False,False,True,False,False,False,False,False,Mardi-04-06h,NON,Mardi,2020-03-24 04:00
4269,122,False,False,False,False,False,False,False,False,False,False,False,False,False,False,Mardi-04-06h,NON,Mardi,2020-03-24 04:00
4270,248,False,False,True,False,False,False,False,False,False,False,False,False,True,False,Mardi-04-06h,NON,Mardi,2020-03-24 04:00
4271,271,False,True,True,False,False,True,False,False,False,False,False,False,False,False,Mardi-04-06h,OUI,Mardi,2020-03-24 04:00
4272,116,False,False,True,False,False,False,False,False,False,False,False,False,False,False,Mardi-04-06h,OUI,Mardi,2020-03-24 04:00
4273,117,True,True,True,True,False,True,False,False,False,False,False,False,False,False,Mardi-04-06h,NON,Mardi,2020-03-24 04:00
4274,213,False,False,False,False,True,True,False,True,False,False,False,False,False,False,Mardi-04-06h,NON,Mardi,2020-03-24 04:00
4275,220,False,True,True,False,False,True,False,False,False,False,False,False,False,False,Mardi-04-06h,OUI,Mardi,2020-03-24 04:00
4276,176,False,False,True,False,False,False,False,False,False,False,False,False,False,False,Mardi-04-06h,NON,Mardi,2020-03-24 04:00
4277,96,False,False,False,False,True,True,False,False,False,True,False,False,False,False,Mardi-04-06h,NON,Mardi,2020-03-24 04:00
4278,214,False,False,False,False,True,True,False,False,False,True,False,False,False,False,Mardi-04-06h,OUI,Mardi,2020-03-24 04:00
4279,11,True,False,False,True,False,False,False,False,False,False,True,False,False,False,Mardi-04-06h,NON,Mardi,2020-03-24 04:00
4280,255,True,False,True,False,False,False,False,True,False,False,False,False,False,False,Mardi-04-06h,OUI,Mardi,2020-03-24 04:00
4281,86,False,False,True,False,False,False,False,False,False,False,False,False,False,False,Mardi-04-06h,OUI,Mardi,2020-03-24 04:00
4282,209,True,False,False,False,True,True,False,True,False,False,False,False,False,False,Mardi-04-06h,OUI,Mardi,2020-03-24 04:00
4283,291,False,False,False,False,False,True,False,False,True,False,False,False,False,False,Mardi-04-06h,OUI,Mardi,2020-03-24 04:00
4284,287,False,False,False,False,False,False,False,False,False,False,False,True,False,False,Mardi-04-06h,NON,Mardi,2020-03-24 04:00
4285,104,False,False,False,False,True,True,False,False,False,False,False,False,False,False,Mardi-04-06h,NON,Mardi,2020-03-24 04:00
4286,18,False,False,False,False,True,False,False,False,False,False,False,False,False,False,Mardi-04-06h,OUI,Mardi,2020-03-24 04:00
4287,123,False,True,False,False,True,True,False,False,False,False,False,False,False,False,Mardi-04-06h,NON,Mardi,2020-03-24 04:00
4288,136,False,False,False,False,True,False,False,False,False,False,False,False,False,False,Mardi-04-06h,NON,Mardi,2020-03-24 04:00
4289,276,True,False,True,False,False,False,False,False,False,False,False,False,False,False,Mardi-04-06h,NON,Mardi,2020-03-24 04:00
4290,53,False,False,False,False,True,True,False,False,False,False,False,False,False,False,Mardi-04-06h,OUI,Mardi,2020-03-24 04:00
4291,179,True,False,True,False,False,False,False,False,False,False,False,False,False,False,Mardi-04-06h,OUI,Mardi,2020-03-24 04:00
4292,200,False,False,False,False,False,False,False,False,False,False,False,False,False,False,Mardi-04-06h,NON,Mardi,2020-03-24 04:00
4293,73,False,False,False,False,False,False,False,False,False,False,False,False,False,False,Mardi-04-06h,NON,Mardi,2020-03-24 04:00
4294,156,False,False,False,False,True,True,False,False,False,False,False,False,False,False,Mardi-04-06h,NON,Mardi,2020-03-24 04:00
4295,128,True,True,True,False,False,True,False,False,False,False,False,False,False,False,Mardi-04-06h,NON,Mardi,2020-03-24 04:00
4296,118,False,False,False,False,False,False,False,False,False,False,False,False,False,False,Mardi-04-06h,NON,Mardi,2020-03-24 04:00
4297,112,True,False,True,False,False,False,False,False,False,False,False,False,False,False,Mardi-04-06h,NON,Mardi,2020-03-24 04:00
4298,35,False,False,False,False,True,True,False,False,False,False,False,False,False,False,Mardi-04-06h,NON,Mardi,2020-03-24 04:00
4299,32,False,False,False,False,False,False,False,False,False,False,False,True,False,False,Mardi-04-06h,NON,Mardi,2020-03-24 04:00
4300,199,True,False,True,False,False,False,False,False,False,False,False,False,False,False,Mardi-04-06h,NON,Mardi,2020-03-24 04:00
4301,153,True,False,False,False,True,True,False,False,False,False,False,False,False,False,Mardi-04-06h,NON,Mardi,2020-03-24 04:00
4302,82,False,False,True,False,False,False,False,False,False,False,False,False,False,False,Mardi-04-06h,NON,Mardi,2020-03-24 04:00
4303,292,False,True,False,False,False,False,False,False,False,False,False,False,False,False,Mardi-04-06h,NON,Mardi,2020-03-24 04:00
4304,169,False,False,False,True,False,False,False,False,False,False,False,False,False,False,Mardi-04-06h,NON,Mardi,2020-03-24 04:00
4305,16,False,False,False,False,True,True,False,False,False,False,False,False,False,False,Mardi-04-06h,OUI,Mardi,2020-03-24 04:00
4306,46,True,True,True,False,False,True,True,False,False,False,False,False,False,False,Mardi-04-06h,OUI,Mardi,2020-03-24 04:00
4307,216,False,True,False,False,False,True,False,False,False,False,False,False,False,False,Mardi-04-06h,OUI,Mardi,2020-03-24 04:00
4308,174,False,True,True,False,False,True,False,False,False,False,True,False,False,False,Mardi-04-06h,NON,Mardi,2020-03-24 04:00
4309,43,False,False,False,False,True,False,False,False,False,False,False,False,False,False,Mardi-04-06h,NON,Mardi,2020-03-24 04:00
4310,165,False,False,False,False,True,True,False,False,False,False,False,False,False,False,Mardi-04-06h,NON,Mardi,2020-03-24 04:00
4311,126,False,True,False,False,False,True,False,False,False,False,False,False,False,False,Mardi-04-06h,NON,Mardi,2020-03-24 04:00
4312,41,False,False,False,False,False,True,False,False,True,False,False,False,False,False,Mardi-04-06h,NON,Mardi,2020-03-24 04:00
4313,157,False,False,True,False,False,False,False,False,False,False,False,False,False,False,Mardi-04-06h,NON,Mardi,2020-03-24 04:00
4314,272,False,True,True,False,False,False,True,False,False,False,True,False,True,True,Mardi-04-06h,OUI,Mardi,2020-03-24 04:00
4315,115,True,False,True,False,False,False,False,False,False,False,False,False,False,False,Mardi-04-06h,OUI,Mardi,2020-03-24 04:00
4316,84,False,False,False,False,False,False,False,False,False,False,False,True,False,False,Mardi-04-06h,NON,Mardi,2020-03-24 04:00
4317,183,True,True,True,True,False,False,False,False,False,False,False,False,False,False,Mardi-04-06h,OUI,Mardi,2020-03-24 04:00
4318,65,True,True,False,False,False,True,False,False,False,False,False,False,False,False,Mardi-04-06h,OUI,Mardi,2020-03-24 04:00
4319,105,True,False,False,False,False,False,False,False,False,False,False,False,False,False,Mardi-04-06h,OUI,Mardi,2020-03-24 04:00
4320,187,True,False,False,False,False,True,False,False,False,False,False,False,False,False,Mardi-04-06h,NON,Mardi,2020-03-24 04:00
4321,139,True,False,True,False,False,False,False,False,False,False,False,False,False,False,Mardi-04-06h,NON,Mardi,2020-03-24 04:00
4322,259,False,False,False,False,True,True,False,False,False,False,False,False,False,False,Mardi-04-06h,OUI,Mardi,2020-03-24 04:00
4323,124,True,False,True,False,False,False,False,False,False,False,True,False,False,False,Mardi-04-06h,OUI,Mardi,2020-03-24 04:00
4324,98,False,False,False,False,False,True,False,False,False,False,False,True,False,False,Mardi-04-06h,OUI,Mardi,2020-03-24 04:00
4325,284,False,True,True,False,False,True,False,False,False,False,False,False,True,False,Mardi-04-06h,OUI,Mardi,2020-03-24 04:00
4326,148,True,False,True,False,True,False,False,True,False,False,False,False,False,False,Mardi-04-06h,NON,Mardi,2020-03-24 04:00
4327,258,True,False,True,False,False,False,False,False,False,False,False,False,False,False,Mardi-04-06h,OUI,Mardi,2020-03-24 04:00
4328,175,False,False,False,False,False,True,False,False,False,False,False,False,False,False,Mardi-04-06h,NON,Mardi,2020-03-24 04:00
4329,119,False,False,False,False,False,False,False,False,False,False,True,False,False,False,Mardi-04-06h,NON,Mardi,2020-03-24 04:00
4330,229,True,False,True,False,False,False,False,True,False,False,False,False,False,False,Mardi-04-06h,OUI,Mardi,2020-03-24 04:00
4331,230,False,False,False,False,False,True,True,False,False,False,False,False,False,False,Mardi-04-06h,NON,Mardi,2020-03-24 04:00
4332,17,True,False,False,False,False,True,True,False,False,False,False,False,False,False,Mardi-04-06h,NON,Mardi,2020-03-24 04:00
4333,177,False,False,False,False,False,False,False,False,False,False,False,False,False,False,Mardi-04-06h,NON,Mardi,2020-03-24 04:00
4334,7,False,False,False,False,False,False,False,False,False,False,False,False,False,False,Mardi-04-06h,NON,Mardi,2020-03-24 04:00
4335,241,False,False,True,False,False,False,False,False,False,False,False,False,False,False,Mardi-04-06h,NON,Mardi,2020-03-24 04:00
4336,8,True,False,False,False,True,True,False,True,False,False,False,False,False,False,Mardi-04-06h,NON,Mardi,2020-03-24 04:00
4337,268,False,True,False,False,False,True,False,False,False,False,False,False,False,False,Mardi-04-06h,OUI,Mardi,2020-03-24 04:00
4338,294,False,False,True,False,True,False,False,False,False,False,False,False,False,False,Mardi-04-06h,OUI,Mardi,2020-03-24 04:00
4339,242,True,False,False,False,True,True,False,False,False,False,False,False,False,False,Mardi-04-06h,NON,Mardi,2020-03-24 04:00
4340,194,False,False,False,False,False,True,False,False,False,False,False,False,False,False,Mardi-04-06h,NON,Mardi,2020-03-24 04:00
4341,243,False,False,False,False,True,True,False,False,False,False,False,False,False,False,Mardi-04-06h,OUI,Mardi,2020-03-24 04:00
4342,212,True,True,True,False,False,True,False,False,False,False,False,False,False,False,Mardi-04-06h,OUI,Mardi,2020-03-24 04:00
4343,19,False,False,False,False,False,True,False,False,False,False,False,False,False,False,Mardi-04-06h,OUI,Mardi,2020-03-24 04:00
4344,114,False,False,False,False,True,False,False,False,False,False,False,False,False,False,Mardi-04-06h,OUI,Mardi,2020-03-24 04:00
4345,190,False,False,False,False,False,True,False,False,True,False,False,False,False,False,Mardi-04-06h,NON,Mardi,2020-03-24 04:00
4346,64,False,False,True,False,False,False,False,False,False,False,False,False,False,False,Mardi-04-06h,NON,Mardi,2020-03-24 04:00
4347,227,False,False,False,False,False,False,False,False,False,False,False,False,False,False,Mardi-04-06h,NON,Mardi,2020-03-24 04:00
4348,232,False,False,False,False,False,True,False,False,False,False,False,False,False,False,Mardi-04-06h,OUI,Mardi,2020-03-24 04:00
4349,246,False,True,False,False,False,True,True,False,False,False,False,False,False,False,Mardi-04-06h,NON,Mardi,2020-03-24 04:00
4350,100,False,False,False,False,False,True,False,False,False,False,False,False,False,False,Mardi-04-06h,NON,Mardi,2020-03-24 04:00
4351,13,False,False,False,False,True,False,False,False,False,False,False,False,False,False,Mardi-04-06h,NON,Mardi,2020-03-24 04:00
4352,262,True,True,True,False,False,False,False,False,False,False,False,False,False,False,Mardi-04-06h,NON,Mardi,2020-03-24 04:00
4353,76,True,True,True,False,False,True,False,False,False,False,True,False,False,False,Mardi-04-06h,NON,Mardi,2020-03-24 04:00
4354,261,False,True,False,False,True,False,False,False,False,False,False,False,False,False,Mardi-04-06h,NON,Mardi,2020-03-24 04:00
4355,150,False,True,False,False,False,False,False,False,False,False,False,False,False,False,Mardi-04-06h,OUI,Mardi,2020-03-24 04:00
4356,205,False,False,False,False,False,False,False,False,False,False,False,False,False,False,Mardi-04-06h,NON,Mardi,2020-03-24 04:00
4357,56,False,False,False,False,True,True,False,False,False,False,False,False,False,False,Mardi-04-06h,OUI,Mardi,2020-03-24 04:00
4358,186,False,False,False,False,True,False,False,False,False,False,False,False,False,False,Mardi-04-06h,OUI,Mardi,2020-03-24 04:00
4359,162,True,False,False,False,True,True,False,False,False,False,False,False,False,False,Mardi-04-06h,NON,Mardi,2020-03-24 04:00
4360,68,False,True,False,False,True,True,False,False,False,False,False,False,False,False,Mardi-04-06h,OUI,Mardi,2020-03-24 04:00
4361,146,False,False,False,False,False,True,False,False,False,False,False,True,False,False,Mardi-04-06h,OUI,Mardi,2020-03-24 04:00
4362,49,False,False,False,False,False,False,False,False,False,False,False,False,True,False,Mardi-04-06h,NON,Mardi,2020-03-24 04:00
4363,91,True,False,True,True,False,False,False,False,False,False,False,False,False,False,Mardi-04-06h,OUI,Mardi,2020-03-24 04:00
4364,22,False,False,False,False,False,False,False,False,False,True,False,False,False,False,Mardi-04-06h,NON,Mardi,2020-03-24 04:00
4365,151,False,False,False,False,True,False,False,False,False,False,False,False,False,False,Mardi-04-06h,NON,Mardi,2020-03-24 04:00
4366,193,False,False,False,False,True,True,False,False,False,False,False,False,False,False,Mardi-04-06h,OUI,Mardi,2020-03-24 04:00
4367,9,True,True,False,False,False,False,False,False,False,False,False,False,False,False,Mardi-04-06h,NON,Mardi,2020-03-24 04:00
4368,99,True,False,True,False,False,False,False,False,False,False,False,False,False,False,Mardi-04-06h,NON,Mardi,2020-03-24 04:00
4369,181,False,False,False,False,True,True,False,False,False,False,False,False,False,False,Mardi-04-06h,OUI,Mardi,2020-03-24 04:00
4370,111,False,False,False,False,False,True,False,True,False,False,False,False,False,False,Mardi-04-06h,OUI,Mardi,2020-03-24 04:00
4371,44,False,True,False,False,False,True,False,False,False,False,False,False,False,False,Mardi-04-06h,OUI,Mardi,2020-03-24 04:00
4372,24,False,False,False,False,True,False,False,True,False,False,False,False,False,False,Mardi-04-06h,NON,Mardi,2020-03-24 04:00
4373,102,False,False,False,False,True,True,False,True,False,False,False,False,False,False,Mardi-04-06h,OUI,Mardi,2020-03-24 04:00
4374,203,True,True,False,False,False,False,False,True,False,False,False,False,False,False,Mardi-04-06h,NON,Mardi,2020-03-24 04:00
4375,140,False,False,False,False,True,True,False,True,False,False,False,False,False,False,Mardi-04-06h,NON,Mardi,2020-03-24 04:00
4376,188,False,False,False,False,False,True,False,False,True,False,False,False,False,False,Mardi-04-06h,NON,Mardi,2020-03-24 04:00
4377,206,False,False,False,True,False,False,False,False,False,False,True,False,False,False,Mardi-04-06h,NON,Mardi,2020-03-24 04:00
4378,273,False,False,False,False,False,False,False,False,False,False,False,True,False,False,Mardi-04-06h,NON,Mardi,2020-03-24 04:00
4379,69,True,False,True,False,False,False,False,False,False,False,False,False,False,False,Mardi-04-06h,NON,Mardi,2020-03-24 04:00
4380,87,True,False,False,True,False,False,False,False,False,False,True,False,False,False,Mardi-04-06h,OUI,Mardi,2020-03-24 04:00
4381,83,True,False,True,False,False,False,False,False,False,False,False,False,False,False,Mardi-04-06h,NON,Mardi,2020-03-24 04:00
4382,149,True,False,True,True,False,False,False,False,False,False,False,False,False,False,Mardi-04-06h,NON,Mardi,2020-03-24 04:00
4383,274,False,False,False,False,False,True,False,False,False,False,False,False,False,False,Mardi-04-06h,NON,Mardi,2020-03-24 04:00
4384,282,True,False,True,True,False,False,False,False,False,False,False,False,False,False,Mardi-04-06h,OUI,Mardi,2020-03-24 04:00
4385,147,False,False,False,False,False,False,False,False,False,False,False,False,False,False,Mardi-04-06h,NON,Mardi,2020-03-24 04:00
4386,238,False,False,False,False,False,False,False,False,False,False,False,True,False,False,Mardi-04-06h,NON,Mardi,2020-03-24 04:00
4387,201,False,False,False,False,False,False,False,False,False,False,False,False,False,False,Mardi-04-06h,NON,Mardi,2020-03-24 04:00
4388,152,False,True,False,False,False,False,False,False,False,False,False,False,False,False,Mardi-04-06h,NON,Mardi,2020-03-24 04:00
4389,222,False,False,False,False,False,True,False,False,True,True,False,False,False,False,Mardi-04-06h,NON,Mardi,2020-03-24 04:00
4390,106,False,False,False,False,False,True,False,False,False,False,False,True,False,False,Mardi-04-06h,NON,Mardi,2020-03-24 04:00
4391,133,False,False,True,False,True,False,False,False,False,False,False,False,False,False,Mardi-04-06h,NON,Mardi,2020-03-24 04:00
4392,163,False,False,False,False,True,False,False,False,False,False,False,False,False,False,Mardi-04-06h,NON,Mardi,2020-03-24 04:00
4393,231,False,False,False,False,False,False,False,False,False,False,False,False,False,False,Mardi-04-06h,NON,Mardi,2020-03-24 04:00
4394,25,False,False,False,False,True,False,False,False,False,False,False,False,False,False,Mardi-04-06h,NON,Mardi,2020-03-24 04:00
4395,196,False,False,True,False,True,False,False,True,False,False,False,False,False,False,Mardi-04-06h,OUI,Mardi,2020-03-24 04:00
4396,5,False,False,False,False,True,True,False,False,False,False,False,False,False,False,Mardi-04-06h,NON,Mardi,2020-03-24 04:00
4397,90,False,True,False,False,False,False,False,False,False,False,False,False,False,False,Mardi-04-06h,NON,Mardi,2020-03-24 04:00
4398,244,True,False,True,False,False,False,False,False,False,False,False,False,False,False,Mardi-04-06h,OUI,Mardi,2020-03-24 04:00
4399,107,False,True,False,False,False,True,False,False,False,False,False,False,False,False,Mardi-04-06h,OUI,Mardi,2020-03-24 04:00
4400,218,False,True,False,False,True,True,False,False,False,False,False,False,False,False,Mardi-04-06h,OUI,Mardi,2020-03-24 04:00
4401,62,False,True,True,False,True,True,False,False,False,False,False,False,False,False,Mardi-04-06h,NON,Mardi,2020-03-24 04:00
4402,79,False,True,False,False,False,False,False,False,False,False,False,False,False,False,Mardi-04-06h,NON,Mardi,2020-03-24 04:00
4403,208,False,False,False,False,False,True,False,False,False,False,False,False,False,False,Mardi-04-06h,NON,Mardi,2020-03-24 04:00
4404,270,False,False,False,False,False,False,False,False,True,False,False,False,False,False,Mardi-04-06h,NON,Mardi,2020-03-24 04:00
4405,166,True,False,False,False,True,True,False,False,False,False,False,False,False,False,Mardi-04-06h,OUI,Mardi,2020-03-24 04:00
4406,77,False,False,True,False,True,False,False,False,False,False,False,False,False,False,Mardi-04-06h,NON,Mardi,2020-03-24 04:00
4407,29,False,False,False,False,False,True,False,False,False,False,False,True,False,False,Mardi-04-06h,OUI,Mardi,2020-03-24 04:00
4408,240,False,False,False,False,False,True,False,False,False,False,False,False,False,False,Mardi-04-06h,NON,Mardi,2020-03-24 04:00
4409,184,False,True,False,False,False,False,False,False,False,False,False,False,False,False,Mardi-04-06h,OUI,Mardi,2020-03-24 04:00
4410,277,False,True,True,False,False,True,False,False,False,False,False,False,False,False,Mardi-04-06h,OUI,Mardi,2020-03-24 04:00
4411,80,True,False,False,False,False,True,False,False,False,True,False,False,False,False,Mardi-04-06h,NON,Mardi,2020-03-24 04:00
4412,185,True,True,True,False,False,True,False,False,False,False,True,False,True,False,Mardi-04-06h,NON,Mardi,2020-03-24 04:00
4413,204,False,False,False,False,True,True,False,False,False,False,False,True,False,False,Mardi-04-06h,OUI,Mardi,2020-03-24 04:00
4414,252,True,True,True,False,False,True,False,False,False,False,False,False,False,False,Mardi-04-06h,NON,Mardi,2020-03-24 04:00
4415,26,False,False,False,False,True,False,False,False,False,False,False,False,False,False,Mardi-04-06h,NON,Mardi,2020-03-24 04:00
4416,70,False,False,False,False,True,False,False,False,False,False,False,True,False,False,Mardi-04-06h,OUI,Mardi,2020-03-24 04:00
4417,233,False,False,False,False,True,False,False,False,False,False,False,False,False,False,Mardi-04-06h,NON,Mardi,2020-03-24 04:00
4418,37,True,True,True,False,True,True,False,False,False,False,False,False,False,False,Mardi-04-06h,NON,Mardi,2020-03-24 04:00
4419,185,False,False,True,False,False,False,False,False,False,False,False,False,False,False,Mardi-04-06h,OUI,Mardi,2020-03-24 04:00
4420,138,True,False,False,False,True,True,False,False,False,False,False,False,False,False,Mardi-04-06h,NON,Mardi,2020-03-24 04:00
4421,224,True,False,True,False,False,False,False,False,False,False,False,False,False,False,Mardi-04-06h,NON,Mardi,2020-03-24 04:00
4422,66,False,False,False,False,True,True,False,False,False,False,False,False,True,False,Mardi-04-06h,OUI,Mardi,2020-03-24 04:00
4423,211,False,False,True,False,False,False,False,False,False,False,False,False,True,False,Mardi-04-06h,NON,Mardi,2020-03-24 04:00
4424,14,False,False,False,False,True,True,False,False,False,False,False,False,False,False,Mardi-04-06h,NON,Mardi,2020-03-24 04:00
4425,145,False,False,False,False,True,False,False,False,False,False,False,False,False,False,Mardi-04-06h,NON,Mardi,2020-03-24 04:00
4426,36,False,False,False,False,False,False,False,False,False,False,False,True,False,False,Mardi-04-06h,OUI,Mardi,2020-03-24 04:00
4427,60,True,True,True,False,False,True,False,False,False,False,False,False,False,False,Mardi-04-06h,NON,Mardi,2020-03-24 04:00
4428,137,True,True,True,False,False,True,False,False,False,False,True,False,False,False,Mardi-04-06h,OUI,Mardi,2020-03-24 04:00
4429,285,False,True,False,False,True,True,False,False,False,False,False,False,False,False,Mardi-04-06h,NON,Mardi,2020-03-24 04:00
4430,40,False,True,True,False,True,True,False,False,False,False,False,False,False,False,Mardi-04-06h,OUI,Mardi,2020-03-24 04:00
4431,97,False,False,False,False,False,True,False,False,False,False,False,False,False,False,Mardi-04-06h,OUI,Mardi,2020-03-24 04:00
4432,109,True,False,True,True,False,False,False,False,False,False,False,False,False,False,Mardi-04-06h,NON,Mardi,2020-03-24 04:00
4433,10,False,False,False,False,False,False,False,False,False,False,False,False,False,False,Mardi-04-06h,NON,Mardi,2020-03-24 04:00
4434,256,False,False,False,False,False,False,False,False,False,False,False,True,False,False,Mardi-04-06h,NON,Mardi,2020-03-24 04:00
4435,141,True,True,True,False,False,False,False,False,False,False,True,False,False,False,Mardi-04-06h,NON,Mardi,2020-03-24 04:00
4436,28,False,False,False,False,False,False,False,False,False,False,False,False,False,False,Mardi-04-06h,NON,Mardi,2020-03-24 04:00
4437,101,True,True,True,True,True,True,False,False,False,False,False,False,False,False,Mardi-04-06h,OUI,Mardi,2020-03-24 04:00
4438,48,True,False,True,False,True,False,False,False,False,False,False,False,True,False,Mardi-04-06h,OUI,Mardi,2020-03-24 04:00
4439,27,False,False,False,False,False,True,False,False,False,False,False,False,False,False,Mardi-04-06h,NON,Mardi,2020-03-24 04:00
4440,142,True,False,True,False,False,False,False,False,False,False,True,False,True,False,Mardi-04-06h,NON,Mardi,2020-03-24 04:00
4441,234,False,False,True,False,False,False,False,False,False,False,True,False,False,False,Mardi-04-06h,NON,Mardi,2020-03-24 04:00
4442,23,False,False,False,False,True,False,False,False,False,False,False,False,False,False,Mardi-04-06h,NON,Mardi,2020-03-24 04:00
4443,195,False,False,False,False,True,False,False,False,True,False,False,False,False,False,Mardi-04-06h,NON,Mardi,2020-03-24 04:00
4444,275,False,False,False,False,False,False,False,False,False,False,False,True,False,False,Mardi-04-06h,NON,Mardi,2020-03-24 04:00
4445,226,False,False,False,False,True,True,False,False,False,False,False,False,False,False,Mardi-04-06h,NON,Mardi,2020-03-24 04:00
4446,207,False,False,True,False,False,False,False,False,False,False,False,False,False,False,Mardi-04-06h,NON,Mardi,2020-03-24 04:00
4447,57,False,False,False,False,False,False,False,False,False,False,False,False,False,False,Mardi-04-06h,NON,Mardi,2020-03-24 04:00
4448,4,False,True,False,False,False,True,False,False,False,False,False,False,False,False,Mardi-04-06h,NON,Mardi,2020-03-24 04:00
4449,265,False,False,False,False,False,True,False,False,False,False,False,False,False,False,Mardi-04-06h,NON,Mardi,2020-03-24 04:00
4450,88,False,True,False,False,False,False,False,False,False,False,False,False,False,False,Mardi-04-06h,NON,Mardi,2020-03-24 04:00
4451,198,False,False,False,False,False,False,False,False,False,False,True,False,False,False,Mardi-04-06h,NON,Mardi,2020-03-24 04:00
4452,249,True,True,True,False,False,False,False,False,False,False,False,False,False,False,Mardi-04-06h,NON,Mardi,2020-03-24 04:00
4453,263,False,False,False,False,True,True,False,False,False,False,False,False,False,False,Mardi-04-06h,NON,Mardi,2020-03-24 04:00
4454,217,True,False,True,False,False,False,False,False,False,False,False,False,True,False,Mardi-04-06h,NON,Mardi,2020-03-24 04:00
4455,278,False,False,False,False,True,True,False,False,False,False,False,False,False,False,Mardi-04-06h,NON,Mardi,2020-03-24 04:00
4456,189,False,True,False,False,False,False,False,False,False,False,False,False,False,False,Mardi-04-06h,NON,Mardi,2020-03-24 04:00
4457,61,True,False,True,False,False,False,False,False,False,False,False,False,False,False,Mardi-04-06h,NON,Mardi,2020-03-24 04:00
4458,251,False,False,False,False,False,False,False,False,False,False,False,False,True,False,Mardi-04-06h,NON,Mardi,2020-03-24 04:00
4459,281,False,True,False,False,False,False,False,False,False,False,False,False,False,False,Mardi-04-06h,NON,Mardi,2020-03-24 04:00
4460,134,False,True,False,False,False,False,False,False,False,False,False,False,False,False,Mardi-04-06h,OUI,Mardi,2020-03-24 04:00
4461,293,False,True,False,False,False,True,False,False,False,False,False,False,False,False,Mardi-04-06h,NON,Mardi,2020-03-24 04:00
4462,279,True,True,True,True,False,True,False,False,False,False,False,False,False,False,Mardi-04-06h,OUI,Mardi,2020-03-24 04:00
4463,81,True,False,True,True,False,False,False,True,False,False,False,False,False,False,Mardi-04-06h,NON,Mardi,2020-03-24 04:00
4464,92,True,False,False,True,False,False,False,False,False,False,True,False,False,False,Mardi-04-06h,NON,Mardi,2020-03-24 04:00
4465,147,False,False,False,False,False,False,False,False,False,False,False,False,False,False,Mardi-04-06h,NON,Mardi,2020-03-24 04:00
4466,33,False,True,False,False,True,False,False,False,False,False,False,False,False,False,Mardi-04-06h,NON,Mardi,2020-03-24 04:00
4467,266,False,False,False,False,False,False,False,False,False,False,False,False,False,False,Mardi-04-06h,NON,Mardi,2020-03-24 04:00
4468,225,True,False,False,False,False,True,False,False,False,False,False,False,False,False,Mardi-04-06h,NON,Mardi,2020-03-24 04:00
4469,83,True,False,True,False,False,False,False,False,False,False,False,False,False,False,Mardi-04-06h,NON,Mardi,2020-03-24 04:00
4470,95,False,False,False,False,True,True,False,True,False,False,False,False,False,False,Mardi-04-06h,NON,Mardi,2020-03-24 04:00
4471,127,False,False,False,False,True,False,False,False,False,False,False,False,False,False,Mardi-04-06h,NON,Mardi,2020-03-24 04:00
4472,20,False,False,False,False,False,False,False,False,False,False,False,False,False,False,Mardi-04-06h,NON,Mardi,2020-03-24 04:00
4473,89,False,False,False,False,False,False,False,False,True,False,False,False,False,False,Mardi-04-06h,OUI,Mardi,2020-03-24 04:00
4474,120,False,True,True,False,True,True,False,True,False,False,True,False,False,False,Mardi-04-06h,NON,Mardi,2020-03-24 04:00
4475,253,False,False,False,False,True,True,False,False,False,False,False,True,False,False,Mardi-04-06h,NON,Mardi,2020-03-24 04:00
4476,52,False,False,True,False,False,False,False,False,False,False,False,False,False,False,Mardi-04-06h,OUI,Mardi,2020-03-24 04:00
4477,168,True,False,True,False,False,False,False,True,False,False,False,False,False,False,Mardi-04-06h,NON,Mardi,2020-03-24 04:00
4478,202,False,True,False,False,False,False,False,False,False,False,False,False,False,False,Mardi-04-06h,NON,Mardi,2020-03-24 04:00
4479,172,False,False,False,False,True,False,False,False,False,False,False,False,False,False,Mardi-04-06h,NON,Mardi,2020-03-24 04:00
4480,239,False,False,False,False,True,True,False,False,False,False,False,False,False,False,Mardi-04-06h,NON,Mardi,2020-03-24 04:00
4481,85,False,False,False,False,True,False,False,False,False,False,False,False,False,False,Mardi-04-06h,NON,Mardi,2020-03-24 04:00
4482,215,False,False,False,False,False,False,False,False,True,False,False,False,False,False,Mardi-04-06h,NON,Mardi,2020-03-24 04:00
4483,260,True,False,True,False,False,False,False,False,False,False,False,False,False,False,Mardi-04-06h,NON,Mardi,2020-03-24 04:00
4484,286,True,True,False,False,True,False,False,False,False,False,False,False,False,False,Mardi-04-06h,NON,Mardi,2020-03-24 04:00
4485,72,False,True,False,False,False,False,False,False,False,False,False,False,False,False,Mardi-06-08h,NON,Mardi,2020-03-24 06:00
4486,167,True,True,True,True,True,True,False,False,False,False,False,False,False,False,Mardi-06-08h,OUI,Mardi,2020-03-24 06:00
4487,130,True,False,True,False,False,False,False,True,False,False,False,False,True,True,Mardi-06-08h,OUI,Mardi,2020-03-24 06:00
4488,288,True,True,True,False,True,False,False,False,False,False,False,False,False,False,Mardi-06-08h,NON,Mardi,2020-03-24 06:00
4489,59,False,False,False,False,False,True,False,False,False,False,False,False,False,False,Mardi-06-08h,NON,Mardi,2020-03-24 06:00
4490,178,True,False,False,False,False,False,False,False,False,False,True,False,False,False,Mardi-06-08h,OUI,Mardi,2020-03-24 06:00
4491,254,False,False,False,False,False,False,False,False,False,False,False,True,False,False,Mardi-06-08h,NON,Mardi,2020-03-24 06:00
4492,34,False,False,False,False,False,False,False,False,False,False,False,False,False,False,Mardi-06-08h,NON,Mardi,2020-03-24 06:00
4493,264,False,False,False,False,True,True,True,False,False,False,False,False,False,False,Mardi-06-08h,NON,Mardi,2020-03-24 06:00
4494,158,True,False,False,False,True,False,False,False,False,True,False,False,False,False,Mardi-06-08h,NON,Mardi,2020-03-24 06:00
4495,210,False,True,False,False,True,True,False,False,False,False,False,False,False,False,Mardi-06-08h,NON,Mardi,2020-03-24 06:00
4496,93,False,False,False,False,True,False,False,False,False,False,False,False,True,False,Mardi-06-08h,OUI,Mardi,2020-03-24 06:00
4497,144,True,False,True,False,True,False,False,False,False,False,False,False,False,False,Mardi-06-08h,NON,Mardi,2020-03-24 06:00
4498,164,False,True,False,False,True,True,False,False,False,False,False,False,False,False,Mardi-06-08h,OUI,Mardi,2020-03-24 06:00
4499,289,False,False,False,False,True,True,False,False,False,False,False,False,False,False,Mardi-06-08h,NON,Mardi,2020-03-24 06:00
4500,50,False,False,False,False,False,False,False,False,False,False,False,False,False,False,Mardi-06-08h,NON,Mardi,2020-03-24 06:00
4501,51,True,True,False,False,True,False,False,False,False,False,False,False,False,False,Mardi-06-08h,OUI,Mardi,2020-03-24 06:00
4502,247,False,False,True,False,False,False,False,False,False,False,False,False,False,False,Mardi-06-08h,NON,Mardi,2020-03-24 06:00
4503,159,False,False,False,False,False,False,False,True,False,False,False,False,False,False,Mardi-06-08h,NON,Mardi,2020-03-24 06:00
4504,54,False,False,False,False,False,True,False,False,False,False,False,False,False,False,Mardi-06-08h,NON,Mardi,2020-03-24 06:00
4505,55,True,False,False,False,True,True,False,True,False,False,False,False,False,False,Mardi-06-08h,OUI,Mardi,2020-03-24 06:00
4506,257,False,False,False,False,True,False,False,False,False,False,False,False,False,False,Mardi-06-08h,NON,Mardi,2020-03-24 06:00
4507,67,False,False,False,False,False,False,False,False,False,False,False,False,False,False,Mardi-06-08h,NON,Mardi,2020-03-24 06:00
4508,71,True,False,True,False,False,False,False,False,False,False,False,False,False,False,Mardi-06-08h,NON,Mardi,2020-03-24 06:00
4509,280,False,False,False,False,False,True,False,False,False,False,False,False,False,False,Mardi-06-08h,OUI,Mardi,2020-03-24 06:00
4510,283,True,True,False,False,False,False,False,False,False,False,False,False,False,False,Mardi-06-08h,OUI,Mardi,2020-03-24 06:00
4511,154,False,False,False,False,True,True,False,False,False,False,False,True,False,False,Mardi-06-08h,OUI,Mardi,2020-03-24 06:00
4512,171,False,False,False,False,False,False,False,False,False,False,False,True,False,False,Mardi-06-08h,NON,Mardi,2020-03-24 06:00
4513,131,False,False,True,False,False,False,False,False,False,False,False,False,False,False,Mardi-06-08h,NON,Mardi,2020-03-24 06:00
4514,237,True,False,False,False,False,True,True,False,False,False,False,False,True,False,Mardi-06-08h,OUI,Mardi,2020-03-24 06:00
4515,75,False,False,False,False,True,True,False,False,False,False,False,False,False,False,Mardi-06-08h,NON,Mardi,2020-03-24 06:00
4516,235,True,False,False,False,True,False,False,False,False,False,False,False,False,False,Mardi-06-08h,NON,Mardi,2020-03-24 06:00
4517,180,False,False,False,False,True,True,False,False,False,False,False,False,False,False,Mardi-06-08h,OUI,Mardi,2020-03-24 06:00
4518,219,False,False,False,False,False,True,False,False,False,False,False,False,False,False,Mardi-06-08h,OUI,Mardi,2020-03-24 06:00
4519,250,False,False,False,False,False,False,False,False,True,False,False,False,False,False,Mardi-06-08h,NON,Mardi,2020-03-24 06:00
4520,267,True,True,False,False,False,False,False,False,False,False,False,False,False,False,Mardi-06-08h,NON,Mardi,2020-03-24 06:00
4521,160,False,True,False,False,False,True,False,False,False,False,False,False,False,False,Mardi-06-08h,NON,Mardi,2020-03-24 06:00
4522,182,False,True,False,False,True,True,True,False,False,False,False,False,False,False,Mardi-06-08h,NON,Mardi,2020-03-24 06:00
4523,143,False,False,False,False,False,False,False,True,False,False,True,False,False,False,Mardi-06-08h,OUI,Mardi,2020-03-24 06:00
4524,223,True,True,False,False,False,False,False,False,False,False,False,False,False,False,Mardi-06-08h,NON,Mardi,2020-03-24 06:00
4525,192,True,False,True,False,False,False,False,False,False,False,False,False,False,False,Mardi-06-08h,NON,Mardi,2020-03-24 06:00
4526,30,False,False,True,False,False,False,False,True,False,False,False,False,False,False,Mardi-06-08h,NON,Mardi,2020-03-24 06:00
4527,125,True,False,False,False,True,False,False,True,False,False,False,False,False,False,Mardi-06-08h,NON,Mardi,2020-03-24 06:00
4528,39,False,False,True,False,True,False,False,True,False,False,False,False,False,False,Mardi-06-08h,NON,Mardi,2020-03-24 06:00
4529,113,True,False,True,False,False,False,False,False,False,False,False,False,False,False,Mardi-06-08h,NON,Mardi,2020-03-24 06:00
4530,121,True,False,True,False,False,False,False,True,False,False,False,False,False,False,Mardi-06-08h,NON,Mardi,2020-03-24 06:00
4531,228,False,False,False,False,False,False,False,False,False,False,True,False,False,False,Mardi-06-08h,OUI,Mardi,2020-03-24 06:00
4532,290,False,False,False,False,False,False,False,False,True,False,False,False,False,False,Mardi-06-08h,NON,Mardi,2020-03-24 06:00
4533,197,False,False,True,False,True,False,False,False,False,False,False,False,False,False,Mardi-06-08h,NON,Mardi,2020-03-24 06:00
4534,31,True,True,True,False,False,True,False,False,False,False,False,False,False,False,Mardi-06-08h,OUI,Mardi,2020-03-24 06:00
4535,173,True,False,False,False,True,True,False,True,False,False,False,False,False,False,Mardi-06-08h,OUI,Mardi,2020-03-24 06:00
4536,74,True,False,False,True,False,False,False,True,False,False,True,False,False,False,Mardi-06-08h,NON,Mardi,2020-03-24 06:00
4537,15,False,False,True,False,False,False,False,False,False,False,False,False,False,False,Mardi-06-08h,NON,Mardi,2020-03-24 06:00
4538,45,True,False,False,False,True,True,False,True,False,False,False,False,False,False,Mardi-06-08h,NON,Mardi,2020-03-24 06:00
4539,63,False,False,True,False,False,False,False,False,False,False,False,False,False,False,Mardi-06-08h,NON,Mardi,2020-03-24 06:00
4540,3,False,False,False,False,False,True,False,False,False,False,False,True,False,False,Mardi-06-08h,OUI,Mardi,2020-03-24 06:00
4541,21,True,False,True,False,False,False,False,False,False,False,False,False,False,False,Mardi-06-08h,NON,Mardi,2020-03-24 06:00
4542,78,False,True,True,False,True,True,False,True,False,False,False,False,False,False,Mardi-06-08h,NON,Mardi,2020-03-24 06:00
4543,47,False,True,False,False,False,False,False,False,False,False,False,False,False,False,Mardi-06-08h,NON,Mardi,2020-03-24 06:00
4544,151,True,True,False,False,True,False,False,True,False,False,False,False,False,False,Mardi-06-08h,NON,Mardi,2020-03-24 06:00
4545,6,True,False,True,False,False,False,False,False,False,False,False,False,False,False,Mardi-06-08h,OUI,Mardi,2020-03-24 06:00
4546,135,True,False,True,False,False,False,False,False,False,False,False,False,True,False,Mardi-06-08h,OUI,Mardi,2020-03-24 06:00
4547,221,False,False,False,False,True,True,False,False,False,False,False,False,False,False,Mardi-06-08h,NON,Mardi,2020-03-24 06:00
4548,170,False,False,True,False,False,False,False,False,False,False,True,False,False,True,Mardi-06-08h,NON,Mardi,2020-03-24 06:00
4549,129,False,True,False,False,False,False,False,False,False,False,False,False,False,False,Mardi-06-08h,OUI,Mardi,2020-03-24 06:00
4550,132,True,True,True,False,False,True,False,False,False,False,False,False,False,False,Mardi-06-08h,OUI,Mardi,2020-03-24 06:00
4551,110,False,True,False,False,False,False,False,False,False,False,False,False,False,False,Mardi-06-08h,OUI,Mardi,2020-03-24 06:00
4552,191,False,False,False,False,False,True,False,False,False,False,False,False,False,False,Mardi-06-08h,OUI,Mardi,2020-03-24 06:00
4553,94,True,True,True,False,False,True,False,False,False,False,True,False,True,False,Mardi-06-08h,NON,Mardi,2020-03-24 06:00
4554,108,False,False,False,False,False,True,True,False,False,False,False,False,False,False,Mardi-06-08h,OUI,Mardi,2020-03-24 06:00
4555,236,False,False,False,False,True,True,False,False,False,False,False,False,False,False,Mardi-06-08h,OUI,Mardi,2020-03-24 06:00
4556,42,True,False,True,False,True,False,False,False,False,False,False,False,False,False,Mardi-06-08h,NON,Mardi,2020-03-24 06:00
4557,155,True,False,False,False,True,False,False,False,False,False,False,False,False,False,Mardi-06-08h,NON,Mardi,2020-03-24 06:00
4558,1,False,False,False,False,False,False,False,False,False,False,False,False,False,False,Mardi-06-08h,NON,Mardi,2020-03-24 06:00
4559,58,False,True,True,False,False,True,False,False,False,False,True,False,False,False,Mardi-06-08h,OUI,Mardi,2020-03-24 06:00
4560,0,False,True,False,False,False,False,False,False,False,False,False,False,False,False,Mardi-06-08h,NON,Mardi,2020-03-24 06:00
4561,269,False,False,False,False,False,False,False,False,False,False,False,False,False,False,Mardi-06-08h,NON,Mardi,2020-03-24 06:00
4562,2,True,False,True,False,False,False,False,False,False,False,False,False,False,False,Mardi-06-08h,NON,Mardi,2020-03-24 06:00
4563,103,False,False,False,False,True,False,False,False,False,False,False,False,False,False,Mardi-06-08h,OUI,Mardi,2020-03-24 06:00
4564,12,False,True,False,False,True,False,False,False,False,False,False,False,False,False,Mardi-06-08h,NON,Mardi,2020-03-24 06:00
4565,245,True,False,False,False,True,True,False,True,False,False,False,False,False,False,Mardi-06-08h,NON,Mardi,2020-03-24 06:00
4566,161,False,False,True,False,False,False,False,False,False,False,True,False,False,False,Mardi-06-08h,OUI,Mardi,2020-03-24 06:00
4567,38,False,False,False,False,False,False,False,False,True,False,False,False,False,False,Mardi-06-08h,NON,Mardi,2020-03-24 06:00
4568,122,False,False,False,False,False,False,False,False,False,False,False,False,False,False,Mardi-06-08h,NON,Mardi,2020-03-24 06:00
4569,248,False,False,True,False,False,False,False,False,False,False,False,False,True,False,Mardi-06-08h,NON,Mardi,2020-03-24 06:00
4570,271,False,True,True,False,False,True,False,False,False,False,False,False,False,False,Mardi-06-08h,OUI,Mardi,2020-03-24 06:00
4571,116,False,False,True,False,False,False,False,False,False,False,False,False,False,False,Mardi-06-08h,OUI,Mardi,2020-03-24 06:00
4572,117,True,True,True,True,False,True,False,False,False,False,False,False,False,False,Mardi-06-08h,NON,Mardi,2020-03-24 06:00
4573,213,False,False,False,False,True,True,False,True,False,False,False,False,False,False,Mardi-06-08h,NON,Mardi,2020-03-24 06:00
4574,220,False,True,True,False,False,True,False,False,False,False,False,False,False,False,Mardi-06-08h,OUI,Mardi,2020-03-24 06:00
4575,176,False,False,True,False,False,False,False,False,False,False,False,False,False,False,Mardi-06-08h,NON,Mardi,2020-03-24 06:00
4576,96,False,False,False,False,True,True,False,False,False,True,False,False,False,False,Mardi-06-08h,NON,Mardi,2020-03-24 06:00
4577,214,False,False,False,False,True,True,False,False,False,True,False,False,False,False,Mardi-06-08h,OUI,Mardi,2020-03-24 06:00
4578,11,True,False,False,True,False,False,False,False,False,False,True,False,False,False,Mardi-06-08h,NON,Mardi,2020-03-24 06:00
4579,255,True,False,True,False,False,False,False,True,False,False,False,False,False,False,Mardi-06-08h,OUI,Mardi,2020-03-24 06:00
4580,86,False,False,True,False,False,False,False,False,False,False,False,False,False,False,Mardi-06-08h,OUI,Mardi,2020-03-24 06:00
4581,209,True,False,False,False,True,True,False,True,False,False,False,False,False,False,Mardi-06-08h,OUI,Mardi,2020-03-24 06:00
4582,291,False,False,False,False,False,True,False,False,True,False,False,False,False,False,Mardi-06-08h,OUI,Mardi,2020-03-24 06:00
4583,287,False,False,False,False,False,False,False,False,False,False,False,True,False,False,Mardi-06-08h,NON,Mardi,2020-03-24 06:00
4584,104,False,False,False,False,True,True,False,False,False,False,False,False,False,False,Mardi-06-08h,NON,Mardi,2020-03-24 06:00
4585,18,False,False,False,False,True,False,False,False,False,False,False,False,False,False,Mardi-06-08h,OUI,Mardi,2020-03-24 06:00
4586,123,False,True,False,False,True,True,False,False,False,False,False,False,False,False,Mardi-06-08h,NON,Mardi,2020-03-24 06:00
4587,136,False,False,False,False,True,False,False,False,False,False,False,False,False,False,Mardi-06-08h,NON,Mardi,2020-03-24 06:00
4588,276,True,False,True,False,False,False,False,False,False,False,False,False,False,False,Mardi-06-08h,NON,Mardi,2020-03-24 06:00
4589,53,False,False,False,False,True,True,False,False,False,False,False,False,False,False,Mardi-06-08h,OUI,Mardi,2020-03-24 06:00
4590,179,True,False,True,False,False,False,False,False,False,False,False,False,False,False,Mardi-06-08h,OUI,Mardi,2020-03-24 06:00
4591,200,False,False,False,False,False,False,False,False,False,False,False,False,False,False,Mardi-06-08h,NON,Mardi,2020-03-24 06:00
4592,73,False,False,False,False,False,False,False,False,False,False,False,False,False,False,Mardi-06-08h,NON,Mardi,2020-03-24 06:00
4593,156,False,False,False,False,True,True,False,False,False,False,False,False,False,False,Mardi-06-08h,OUI,Mardi,2020-03-24 06:00
4594,128,True,True,True,False,False,True,False,False,False,False,False,False,False,False,Mardi-06-08h,NON,Mardi,2020-03-24 06:00
4595,118,False,False,False,False,False,False,False,False,False,False,False,False,False,False,Mardi-06-08h,NON,Mardi,2020-03-24 06:00
4596,112,True,False,True,False,False,False,False,False,False,False,False,False,False,False,Mardi-06-08h,NON,Mardi,2020-03-24 06:00
4597,35,False,False,False,False,True,True,False,False,False,False,False,False,False,False,Mardi-06-08h,NON,Mardi,2020-03-24 06:00
4598,32,False,False,False,False,False,False,False,False,False,False,False,True,False,False,Mardi-06-08h,NON,Mardi,2020-03-24 06:00
4599,199,True,False,True,False,False,False,False,False,False,False,False,False,False,False,Mardi-06-08h,NON,Mardi,2020-03-24 06:00
4600,153,True,False,False,False,True,True,False,False,False,False,False,False,False,False,Mardi-06-08h,NON,Mardi,2020-03-24 06:00
4601,82,False,False,True,False,False,False,False,False,False,False,False,False,False,False,Mardi-06-08h,NON,Mardi,2020-03-24 06:00
4602,292,False,True,False,False,False,False,False,False,False,False,False,False,False,False,Mardi-06-08h,NON,Mardi,2020-03-24 06:00
4603,169,False,False,False,True,False,False,False,False,False,False,False,False,False,False,Mardi-06-08h,NON,Mardi,2020-03-24 06:00
4604,16,False,False,False,False,True,True,False,False,False,False,False,False,False,False,Mardi-06-08h,OUI,Mardi,2020-03-24 06:00
4605,46,True,True,True,False,False,True,True,False,False,False,False,False,False,False,Mardi-06-08h,OUI,Mardi,2020-03-24 06:00
4606,216,False,True,False,False,False,True,False,False,False,False,False,False,False,False,Mardi-06-08h,OUI,Mardi,2020-03-24 06:00
4607,174,False,True,True,False,False,True,False,False,False,False,True,False,False,False,Mardi-06-08h,NON,Mardi,2020-03-24 06:00
4608,43,False,False,False,False,True,False,False,False,False,False,False,False,False,False,Mardi-06-08h,NON,Mardi,2020-03-24 06:00
4609,165,False,False,False,False,True,True,False,False,False,False,False,False,False,False,Mardi-06-08h,NON,Mardi,2020-03-24 06:00
4610,126,False,True,False,False,False,True,False,False,False,False,False,False,False,False,Mardi-06-08h,NON,Mardi,2020-03-24 06:00
4611,41,False,False,False,False,False,True,False,False,True,False,False,False,False,False,Mardi-06-08h,NON,Mardi,2020-03-24 06:00
4612,157,False,False,True,False,False,False,False,False,False,False,False,False,False,False,Mardi-06-08h,NON,Mardi,2020-03-24 06:00
4613,272,False,True,True,False,False,False,True,False,False,False,True,False,True,True,Mardi-06-08h,OUI,Mardi,2020-03-24 06:00
4614,115,True,False,True,False,False,False,False,False,False,False,False,False,False,False,Mardi-06-08h,OUI,Mardi,2020-03-24 06:00
4615,84,False,False,False,False,False,False,False,False,False,False,False,True,False,False,Mardi-06-08h,NON,Mardi,2020-03-24 06:00
4616,183,True,True,True,True,False,False,False,False,False,False,False,False,False,False,Mardi-06-08h,OUI,Mardi,2020-03-24 06:00
4617,65,True,True,False,False,False,True,False,False,False,False,False,False,False,False,Mardi-06-08h,OUI,Mardi,2020-03-24 06:00
4618,105,True,False,False,False,False,False,False,False,False,False,False,False,False,False,Mardi-06-08h,OUI,Mardi,2020-03-24 06:00
4619,187,True,False,False,False,False,True,False,False,False,False,False,False,False,False,Mardi-06-08h,OUI,Mardi,2020-03-24 06:00
4620,139,True,False,True,False,False,False,False,False,False,False,False,False,False,False,Mardi-06-08h,NON,Mardi,2020-03-24 06:00
4621,259,False,False,False,False,True,True,False,False,False,False,False,False,False,False,Mardi-06-08h,OUI,Mardi,2020-03-24 06:00
4622,124,True,False,True,False,False,False,False,False,False,False,True,False,False,False,Mardi-06-08h,OUI,Mardi,2020-03-24 06:00
4623,98,False,False,False,False,False,True,False,False,False,False,False,True,False,False,Mardi-06-08h,OUI,Mardi,2020-03-24 06:00
4624,284,False,True,True,False,False,True,False,False,False,False,False,False,True,False,Mardi-06-08h,OUI,Mardi,2020-03-24 06:00
4625,148,True,False,True,False,True,False,False,True,False,False,False,False,False,False,Mardi-06-08h,NON,Mardi,2020-03-24 06:00
4626,258,True,False,True,False,False,False,False,False,False,False,False,False,False,False,Mardi-06-08h,NON,Mardi,2020-03-24 06:00
4627,175,False,False,False,False,False,True,False,False,False,False,False,False,False,False,Mardi-06-08h,NON,Mardi,2020-03-24 06:00
4628,119,False,False,False,False,False,False,False,False,False,False,True,False,False,False,Mardi-06-08h,NON,Mardi,2020-03-24 06:00
4629,229,True,False,True,False,False,False,False,True,False,False,False,False,False,False,Mardi-06-08h,OUI,Mardi,2020-03-24 06:00
4630,230,False,False,False,False,False,True,True,False,False,False,False,False,False,False,Mardi-06-08h,NON,Mardi,2020-03-24 06:00
4631,17,True,False,False,False,False,True,True,False,False,False,False,False,False,False,Mardi-06-08h,NON,Mardi,2020-03-24 06:00
4632,177,False,False,False,False,False,False,False,False,False,False,False,False,False,False,Mardi-06-08h,NON,Mardi,2020-03-24 06:00
4633,7,False,False,False,False,False,False,False,False,False,False,False,False,False,False,Mardi-06-08h,NON,Mardi,2020-03-24 06:00
4634,241,False,False,True,False,False,False,False,False,False,False,False,False,False,False,Mardi-06-08h,NON,Mardi,2020-03-24 06:00
4635,8,True,False,False,False,True,True,False,True,False,False,False,False,False,False,Mardi-06-08h,NON,Mardi,2020-03-24 06:00
4636,268,False,True,False,False,False,True,False,False,False,False,False,False,False,False,Mardi-06-08h,OUI,Mardi,2020-03-24 06:00
4637,294,False,False,True,False,True,False,False,False,False,False,False,False,False,False,Mardi-06-08h,OUI,Mardi,2020-03-24 06:00
4638,242,True,False,False,False,True,True,False,False,False,False,False,False,False,False,Mardi-06-08h,NON,Mardi,2020-03-24 06:00
4639,194,False,False,False,False,False,True,False,False,False,False,False,False,False,False,Mardi-06-08h,NON,Mardi,2020-03-24 06:00
4640,243,False,False,False,False,True,True,False,False,False,False,False,False,False,False,Mardi-06-08h,OUI,Mardi,2020-03-24 06:00
4641,212,True,True,True,False,False,True,False,False,False,False,False,False,False,False,Mardi-06-08h,OUI,Mardi,2020-03-24 06:00
4642,19,False,False,False,False,False,True,False,False,False,False,False,False,False,False,Mardi-06-08h,OUI,Mardi,2020-03-24 06:00
4643,114,False,False,False,False,True,False,False,False,False,False,False,False,False,False,Mardi-06-08h,OUI,Mardi,2020-03-24 06:00
4644,190,False,False,False,False,False,True,False,False,True,False,False,False,False,False,Mardi-06-08h,NON,Mardi,2020-03-24 06:00
4645,64,False,False,True,False,False,False,False,False,False,False,False,False,False,False,Mardi-06-08h,NON,Mardi,2020-03-24 06:00
4646,227,False,False,False,False,False,False,False,False,False,False,False,False,False,False,Mardi-06-08h,NON,Mardi,2020-03-24 06:00
4647,232,False,False,False,False,False,True,False,False,False,False,False,False,False,False,Mardi-06-08h,OUI,Mardi,2020-03-24 06:00
4648,246,False,True,False,False,False,True,True,False,False,False,False,False,False,False,Mardi-06-08h,NON,Mardi,2020-03-24 06:00
4649,100,False,False,False,False,False,True,False,False,False,False,False,False,False,False,Mardi-06-08h,NON,Mardi,2020-03-24 06:00
4650,13,False,False,False,False,True,False,False,False,False,False,False,False,False,False,Mardi-06-08h,NON,Mardi,2020-03-24 06:00
4651,262,True,True,True,False,False,False,False,False,False,False,False,False,False,False,Mardi-06-08h,NON,Mardi,2020-03-24 06:00
4652,76,True,True,True,False,False,True,False,False,False,False,True,False,False,False,Mardi-06-08h,NON,Mardi,2020-03-24 06:00
4653,261,False,True,False,False,True,False,False,False,False,False,False,False,False,False,Mardi-06-08h,NON,Mardi,2020-03-24 06:00
4654,150,False,True,False,False,False,False,False,False,False,False,False,False,False,False,Mardi-06-08h,OUI,Mardi,2020-03-24 06:00
4655,205,False,False,False,False,False,False,False,False,False,False,False,False,False,False,Mardi-06-08h,NON,Mardi,2020-03-24 06:00
4656,56,False,False,False,False,True,True,False,False,False,False,False,False,False,False,Mardi-06-08h,OUI,Mardi,2020-03-24 06:00
4657,186,False,False,False,False,True,False,False,False,False,False,False,False,False,False,Mardi-06-08h,OUI,Mardi,2020-03-24 06:00
4658,162,True,False,False,False,True,True,False,False,False,False,False,False,False,False,Mardi-06-08h,NON,Mardi,2020-03-24 06:00
4659,68,False,True,False,False,True,True,False,False,False,False,False,False,False,False,Mardi-06-08h,OUI,Mardi,2020-03-24 06:00
4660,146,False,False,False,False,False,True,False,False,False,False,False,True,False,False,Mardi-06-08h,OUI,Mardi,2020-03-24 06:00
4661,49,False,False,False,False,False,False,False,False,False,False,False,False,True,False,Mardi-06-08h,NON,Mardi,2020-03-24 06:00
4662,91,True,False,True,True,False,False,False,False,False,False,False,False,False,False,Mardi-06-08h,OUI,Mardi,2020-03-24 06:00
4663,22,False,False,False,False,False,False,False,False,False,True,False,False,False,False,Mardi-06-08h,NON,Mardi,2020-03-24 06:00
4664,151,False,False,False,False,True,False,False,False,False,False,False,False,False,False,Mardi-06-08h,NON,Mardi,2020-03-24 06:00
4665,193,False,False,False,False,True,True,False,False,False,False,False,False,False,False,Mardi-06-08h,NON,Mardi,2020-03-24 06:00
4666,9,True,True,False,False,False,False,False,False,False,False,False,False,False,False,Mardi-06-08h,NON,Mardi,2020-03-24 06:00
4667,99,True,False,True,False,False,False,False,False,False,False,False,False,False,False,Mardi-06-08h,NON,Mardi,2020-03-24 06:00
4668,181,False,False,False,False,True,True,False,False,False,False,False,False,False,False,Mardi-06-08h,OUI,Mardi,2020-03-24 06:00
4669,111,False,False,False,False,False,True,False,True,False,False,False,False,False,False,Mardi-06-08h,OUI,Mardi,2020-03-24 06:00
4670,44,False,True,False,False,False,True,False,False,False,False,False,False,False,False,Mardi-06-08h,OUI,Mardi,2020-03-24 06:00
4671,24,False,False,False,False,True,False,False,True,False,False,False,False,False,False,Mardi-06-08h,NON,Mardi,2020-03-24 06:00
4672,102,False,False,False,False,True,True,False,True,False,False,False,False,False,False,Mardi-06-08h,NON,Mardi,2020-03-24 06:00
4673,203,True,True,False,False,False,False,False,True,False,False,False,False,False,False,Mardi-06-08h,NON,Mardi,2020-03-24 06:00
4674,140,False,False,False,False,True,True,False,True,False,False,False,False,False,False,Mardi-06-08h,NON,Mardi,2020-03-24 06:00
4675,188,False,False,False,False,False,True,False,False,True,False,False,False,False,False,Mardi-06-08h,NON,Mardi,2020-03-24 06:00
4676,206,False,False,False,True,False,False,False,False,False,False,True,False,False,False,Mardi-06-08h,OUI,Mardi,2020-03-24 06:00
4677,273,False,False,False,False,False,False,False,False,False,False,False,True,False,False,Mardi-06-08h,NON,Mardi,2020-03-24 06:00
4678,69,True,False,True,False,False,False,False,False,False,False,False,False,False,False,Mardi-06-08h,NON,Mardi,2020-03-24 06:00
4679,87,True,False,False,True,False,False,False,False,False,False,True,False,False,False,Mardi-06-08h,OUI,Mardi,2020-03-24 06:00
4680,83,True,False,True,False,False,False,False,False,False,False,False,False,False,False,Mardi-06-08h,NON,Mardi,2020-03-24 06:00
4681,149,True,False,True,True,False,False,False,False,False,False,False,False,False,False,Mardi-06-08h,NON,Mardi,2020-03-24 06:00
4682,274,False,False,False,False,False,True,False,False,False,False,False,False,False,False,Mardi-06-08h,NON,Mardi,2020-03-24 06:00
4683,282,True,False,True,True,False,False,False,False,False,False,False,False,False,False,Mardi-06-08h,OUI,Mardi,2020-03-24 06:00
4684,147,False,False,False,False,False,False,False,False,False,False,False,False,False,False,Mardi-06-08h,NON,Mardi,2020-03-24 06:00
4685,238,False,False,False,False,False,False,False,False,False,False,False,True,False,False,Mardi-06-08h,NON,Mardi,2020-03-24 06:00
4686,201,False,False,False,False,False,False,False,False,False,False,False,False,False,False,Mardi-06-08h,NON,Mardi,2020-03-24 06:00
4687,152,False,True,False,False,False,False,False,False,False,False,False,False,False,False,Mardi-06-08h,NON,Mardi,2020-03-24 06:00
4688,222,False,False,False,False,False,True,False,False,True,True,False,False,False,False,Mardi-06-08h,OUI,Mardi,2020-03-24 06:00
4689,106,False,False,False,False,False,True,False,False,False,False,False,True,False,False,Mardi-06-08h,NON,Mardi,2020-03-24 06:00
4690,133,False,False,True,False,True,False,False,False,False,False,False,False,False,False,Mardi-06-08h,NON,Mardi,2020-03-24 06:00
4691,163,False,False,False,False,True,False,False,False,False,False,False,False,False,False,Mardi-06-08h,OUI,Mardi,2020-03-24 06:00
4692,231,False,False,False,False,False,False,False,False,False,False,False,False,False,False,Mardi-06-08h,NON,Mardi,2020-03-24 06:00
4693,25,False,False,False,False,True,False,False,False,False,False,False,False,False,False,Mardi-06-08h,NON,Mardi,2020-03-24 06:00
4694,196,False,False,True,False,True,False,False,True,False,False,False,False,False,False,Mardi-06-08h,OUI,Mardi,2020-03-24 06:00
4695,5,False,False,False,False,True,True,False,False,False,False,False,False,False,False,Mardi-06-08h,NON,Mardi,2020-03-24 06:00
4696,90,False,True,False,False,False,False,False,False,False,False,False,False,False,False,Mardi-06-08h,NON,Mardi,2020-03-24 06:00
4697,244,True,False,True,False,False,False,False,False,False,False,False,False,False,False,Mardi-06-08h,OUI,Mardi,2020-03-24 06:00
4698,107,False,True,False,False,False,True,False,False,False,False,False,False,False,False,Mardi-06-08h,OUI,Mardi,2020-03-24 06:00
4699,218,False,True,False,False,True,True,False,False,False,False,False,False,False,False,Mardi-06-08h,OUI,Mardi,2020-03-24 06:00
4700,62,False,True,True,False,True,True,False,False,False,False,False,False,False,False,Mardi-06-08h,NON,Mardi,2020-03-24 06:00
4701,79,False,True,False,False,False,False,False,False,False,False,False,False,False,False,Mardi-06-08h,NON,Mardi,2020-03-24 06:00
4702,208,False,False,False,False,False,True,False,False,False,False,False,False,False,False,Mardi-06-08h,NON,Mardi,2020-03-24 06:00
4703,270,False,False,False,False,False,False,False,False,True,False,False,False,False,False,Mardi-06-08h,NON,Mardi,2020-03-24 06:00
4704,166,True,False,False,False,True,True,False,False,False,False,False,False,False,False,Mardi-06-08h,OUI,Mardi,2020-03-24 06:00
4705,77,False,False,True,False,True,False,False,False,False,False,False,False,False,False,Mardi-06-08h,NON,Mardi,2020-03-24 06:00
4706,29,False,False,False,False,False,True,False,False,False,False,False,True,False,False,Mardi-06-08h,OUI,Mardi,2020-03-24 06:00
4707,240,False,False,False,False,False,True,False,False,False,False,False,False,False,False,Mardi-06-08h,NON,Mardi,2020-03-24 06:00
4708,184,False,True,False,False,False,False,False,False,False,False,False,False,False,False,Mardi-06-08h,OUI,Mardi,2020-03-24 06:00
4709,277,False,True,True,False,False,True,False,False,False,False,False,False,False,False,Mardi-06-08h,OUI,Mardi,2020-03-24 06:00
4710,80,True,False,False,False,False,True,False,False,False,True,False,False,False,False,Mardi-06-08h,NON,Mardi,2020-03-24 06:00
4711,185,True,True,True,False,False,True,False,False,False,False,True,False,True,False,Mardi-06-08h,NON,Mardi,2020-03-24 06:00
4712,204,False,False,False,False,True,True,False,False,False,False,False,True,False,False,Mardi-06-08h,OUI,Mardi,2020-03-24 06:00
4713,252,True,True,True,False,False,True,False,False,False,False,False,False,False,False,Mardi-06-08h,NON,Mardi,2020-03-24 06:00
4714,26,False,False,False,False,True,False,False,False,False,False,False,False,False,False,Mardi-06-08h,NON,Mardi,2020-03-24 06:00
4715,70,False,False,False,False,True,False,False,False,False,False,False,True,False,False,Mardi-06-08h,OUI,Mardi,2020-03-24 06:00
4716,233,False,False,False,False,True,False,False,False,False,False,False,False,False,False,Mardi-06-08h,OUI,Mardi,2020-03-24 06:00
4717,37,True,True,True,False,True,True,False,False,False,False,False,False,False,False,Mardi-06-08h,NON,Mardi,2020-03-24 06:00
4718,185,False,False,True,False,False,False,False,False,False,False,False,False,False,False,Mardi-06-08h,OUI,Mardi,2020-03-24 06:00
4719,138,True,False,False,False,True,True,False,False,False,False,False,False,False,False,Mardi-06-08h,NON,Mardi,2020-03-24 06:00
4720,224,True,False,True,False,False,False,False,False,False,False,False,False,False,False,Mardi-06-08h,NON,Mardi,2020-03-24 06:00
4721,66,False,False,False,False,True,True,False,False,False,False,False,False,True,False,Mardi-06-08h,OUI,Mardi,2020-03-24 06:00
4722,211,False,False,True,False,False,False,False,False,False,False,False,False,True,False,Mardi-06-08h,NON,Mardi,2020-03-24 06:00
4723,14,False,False,False,False,True,True,False,False,False,False,False,False,False,False,Mardi-06-08h,NON,Mardi,2020-03-24 06:00
4724,145,False,False,False,False,True,False,False,False,False,False,False,False,False,False,Mardi-06-08h,NON,Mardi,2020-03-24 06:00
4725,36,False,False,False,False,False,False,False,False,False,False,False,True,False,False,Mardi-06-08h,OUI,Mardi,2020-03-24 06:00
4726,60,True,True,True,False,False,True,False,False,False,False,False,False,False,False,Mardi-06-08h,NON,Mardi,2020-03-24 06:00
4727,137,True,True,True,False,False,True,False,False,False,False,True,False,False,False,Mardi-06-08h,OUI,Mardi,2020-03-24 06:00
4728,285,False,True,False,False,True,True,False,False,False,False,False,False,False,False,Mardi-06-08h,NON,Mardi,2020-03-24 06:00
4729,40,False,True,True,False,True,True,False,False,False,False,False,False,False,False,Mardi-06-08h,OUI,Mardi,2020-03-24 06:00
4730,97,False,False,False,False,False,True,False,False,False,False,False,False,False,False,Mardi-06-08h,NON,Mardi,2020-03-24 06:00
4731,109,True,False,True,True,False,False,False,False,False,False,False,False,False,False,Mardi-06-08h,NON,Mardi,2020-03-24 06:00
4732,10,False,False,False,False,False,False,False,False,False,False,False,False,False,False,Mardi-06-08h,NON,Mardi,2020-03-24 06:00
4733,256,False,False,False,False,False,False,False,False,False,False,False,True,False,False,Mardi-06-08h,NON,Mardi,2020-03-24 06:00
4734,141,True,True,True,False,False,False,False,False,False,False,True,False,False,False,Mardi-06-08h,OUI,Mardi,2020-03-24 06:00
4735,28,False,False,False,False,False,False,False,False,False,False,False,False,False,False,Mardi-06-08h,NON,Mardi,2020-03-24 06:00
4736,101,True,True,True,True,True,True,False,False,False,False,False,False,False,False,Mardi-06-08h,OUI,Mardi,2020-03-24 06:00
4737,48,True,False,True,False,True,False,False,False,False,False,False,False,True,False,Mardi-06-08h,OUI,Mardi,2020-03-24 06:00
4738,27,False,False,False,False,False,True,False,False,False,False,False,False,False,False,Mardi-06-08h,NON,Mardi,2020-03-24 06:00
4739,142,True,False,True,False,False,False,False,False,False,False,True,False,True,False,Mardi-06-08h,NON,Mardi,2020-03-24 06:00
4740,234,False,False,True,False,False,False,False,False,False,False,True,False,False,False,Mardi-06-08h,NON,Mardi,2020-03-24 06:00
4741,23,False,False,False,False,True,False,False,False,False,False,False,False,False,False,Mardi-06-08h,NON,Mardi,2020-03-24 06:00
4742,195,False,False,False,False,True,False,False,False,True,False,False,False,False,False,Mardi-06-08h,NON,Mardi,2020-03-24 06:00
4743,275,False,False,False,False,False,False,False,False,False,False,False,True,False,False,Mardi-06-08h,NON,Mardi,2020-03-24 06:00
4744,226,False,False,False,False,True,True,False,False,False,False,False,False,False,False,Mardi-06-08h,NON,Mardi,2020-03-24 06:00
4745,207,False,False,True,False,False,False,False,False,False,False,False,False,False,False,Mardi-06-08h,OUI,Mardi,2020-03-24 06:00
4746,57,False,False,False,False,False,False,False,False,False,False,False,False,False,False,Mardi-06-08h,NON,Mardi,2020-03-24 06:00
4747,4,False,True,False,False,False,True,False,False,False,False,False,False,False,False,Mardi-06-08h,NON,Mardi,2020-03-24 06:00
4748,265,False,False,False,False,False,True,False,False,False,False,False,False,False,False,Mardi-06-08h,NON,Mardi,2020-03-24 06:00
4749,88,False,True,False,False,False,False,False,False,False,False,False,False,False,False,Mardi-06-08h,NON,Mardi,2020-03-24 06:00
4750,198,False,False,False,False,False,False,False,False,False,False,True,False,False,False,Mardi-06-08h,NON,Mardi,2020-03-24 06:00
4751,249,True,True,True,False,False,False,False,False,False,False,False,False,False,False,Mardi-06-08h,NON,Mardi,2020-03-24 06:00
4752,263,False,False,False,False,True,True,False,False,False,False,False,False,False,False,Mardi-06-08h,NON,Mardi,2020-03-24 06:00
4753,217,True,False,True,False,False,False,False,False,False,False,False,False,True,False,Mardi-06-08h,OUI,Mardi,2020-03-24 06:00
4754,278,False,False,False,False,True,True,False,False,False,False,False,False,False,False,Mardi-06-08h,NON,Mardi,2020-03-24 06:00
4755,189,False,True,False,False,False,False,False,False,False,False,False,False,False,False,Mardi-06-08h,NON,Mardi,2020-03-24 06:00
4756,61,True,False,True,False,False,False,False,False,False,False,False,False,False,False,Mardi-06-08h,NON,Mardi,2020-03-24 06:00
4757,251,False,False,False,False,False,False,False,False,False,False,False,False,True,False,Mardi-06-08h,NON,Mardi,2020-03-24 06:00
4758,281,False,True,False,False,False,False,False,False,False,False,False,False,False,False,Mardi-06-08h,NON,Mardi,2020-03-24 06:00
4759,134,False,True,False,False,False,False,False,False,False,False,False,False,False,False,Mardi-06-08h,OUI,Mardi,2020-03-24 06:00
4760,293,False,True,False,False,False,True,False,False,False,False,False,False,False,False,Mardi-06-08h,NON,Mardi,2020-03-24 06:00
4761,279,True,True,True,True,False,True,False,False,False,False,False,False,False,False,Mardi-06-08h,OUI,Mardi,2020-03-24 06:00
4762,81,True,False,True,True,False,False,False,True,False,False,False,False,False,False,Mardi-06-08h,NON,Mardi,2020-03-24 06:00
4763,92,True,False,False,True,False,False,False,False,False,False,True,False,False,False,Mardi-06-08h,NON,Mardi,2020-03-24 06:00
4764,147,False,False,False,False,False,False,False,False,False,False,False,False,False,False,Mardi-06-08h,NON,Mardi,2020-03-24 06:00
4765,33,False,True,False,False,True,False,False,False,False,False,False,False,False,False,Mardi-06-08h,NON,Mardi,2020-03-24 06:00
4766,266,False,False,False,False,False,False,False,False,False,False,False,False,False,False,Mardi-06-08h,NON,Mardi,2020-03-24 06:00
4767,225,True,False,False,False,False,True,False,False,False,False,False,False,False,False,Mardi-06-08h,NON,Mardi,2020-03-24 06:00
4768,83,True,False,True,False,False,False,False,False,False,False,False,False,False,False,Mardi-06-08h,NON,Mardi,2020-03-24 06:00
4769,95,False,False,False,False,True,True,False,True,False,False,False,False,False,False,Mardi-06-08h,NON,Mardi,2020-03-24 06:00
4770,127,False,False,False,False,True,False,False,False,False,False,False,False,False,False,Mardi-06-08h,NON,Mardi,2020-03-24 06:00
4771,20,False,False,False,False,False,False,False,False,False,False,False,False,False,False,Mardi-06-08h,NON,Mardi,2020-03-24 06:00
4772,89,False,False,False,False,False,False,False,False,True,False,False,False,False,False,Mardi-06-08h,OUI,Mardi,2020-03-24 06:00
4773,120,False,True,True,False,True,True,False,True,False,False,True,False,False,False,Mardi-06-08h,NON,Mardi,2020-03-24 06:00
4774,253,False,False,False,False,True,True,False,False,False,False,False,True,False,False,Mardi-06-08h,NON,Mardi,2020-03-24 06:00
4775,52,False,False,True,False,False,False,False,False,False,False,False,False,False,False,Mardi-06-08h,OUI,Mardi,2020-03-24 06:00
4776,168,True,False,True,False,False,False,False,True,False,False,False,False,False,False,Mardi-06-08h,NON,Mardi,2020-03-24 06:00
4777,202,False,True,False,False,False,False,False,False,False,False,False,False,False,False,Mardi-06-08h,NON,Mardi,2020-03-24 06:00
4778,172,False,False,False,False,True,False,False,False,False,False,False,False,False,False,Mardi-06-08h,NON,Mardi,2020-03-24 06:00
4779,239,False,False,False,False,True,True,False,False,False,False,False,False,False,False,Mardi-06-08h,NON,Mardi,2020-03-24 06:00
4780,85,False,False,False,False,True,False,False,False,False,False,False,False,False,False,Mardi-06-08h,NON,Mardi,2020-03-24 06:00
4781,215,False,False,False,False,False,False,False,False,True,False,False,False,False,False,Mardi-06-08h,NON,Mardi,2020-03-24 06:00
4782,260,True,False,True,False,False,False,False,False,False,False,False,False,False,False,Mardi-06-08h,NON,Mardi,2020-03-24 06:00
4783,286,True,True,False,False,True,False,False,False,False,False,False,False,False,False,Mardi-06-08h,NON,Mardi,2020-03-24 06:00
4784,72,False,True,False,False,False,False,False,False,False,False,False,False,False,False,Mardi-08-10h,OUI,Mardi,2020-03-24 08:00
4785,167,True,True,True,True,True,True,False,False,False,False,False,False,False,False,Mardi-08-10h,OUI,Mardi,2020-03-24 08:00
4786,130,True,False,True,False,False,False,False,True,False,False,False,False,True,True,Mardi-08-10h,OUI,Mardi,2020-03-24 08:00
4787,288,True,True,True,False,True,False,False,False,False,False,False,False,False,False,Mardi-08-10h,NON,Mardi,2020-03-24 08:00
4788,59,False,False,False,False,False,True,False,False,False,False,False,False,False,False,Mardi-08-10h,OUI,Mardi,2020-03-24 08:00
4789,178,True,False,False,False,False,False,False,False,False,False,True,False,False,False,Mardi-08-10h,OUI,Mardi,2020-03-24 08:00
4790,254,False,False,False,False,False,False,False,False,False,False,False,True,False,False,Mardi-08-10h,NON,Mardi,2020-03-24 08:00
4791,34,False,False,False,False,False,False,False,False,False,False,False,False,False,False,Mardi-08-10h,NON,Mardi,2020-03-24 08:00
4792,264,False,False,False,False,True,True,True,False,False,False,False,False,False,False,Mardi-08-10h,OUI,Mardi,2020-03-24 08:00
4793,158,True,False,False,False,True,False,False,False,False,True,False,False,False,False,Mardi-08-10h,NON,Mardi,2020-03-24 08:00
4794,210,False,True,False,False,True,True,False,False,False,False,False,False,False,False,Mardi-08-10h,OUI,Mardi,2020-03-24 08:00
4795,93,False,False,False,False,True,False,False,False,False,False,False,False,True,False,Mardi-08-10h,OUI,Mardi,2020-03-24 08:00
4796,144,True,False,True,False,True,False,False,False,False,False,False,False,False,False,Mardi-08-10h,NON,Mardi,2020-03-24 08:00
4797,164,False,True,False,False,True,True,False,False,False,False,False,False,False,False,Mardi-08-10h,OUI,Mardi,2020-03-24 08:00
4798,289,False,False,False,False,True,True,False,False,False,False,False,False,False,False,Mardi-08-10h,NON,Mardi,2020-03-24 08:00
4799,50,False,False,False,False,False,False,False,False,False,False,False,False,False,False,Mardi-08-10h,NON,Mardi,2020-03-24 08:00
4800,51,True,True,False,False,True,False,False,False,False,False,False,False,False,False,Mardi-08-10h,OUI,Mardi,2020-03-24 08:00
4801,247,False,False,True,False,False,False,False,False,False,False,False,False,False,False,Mardi-08-10h,NON,Mardi,2020-03-24 08:00
4802,159,False,False,False,False,False,False,False,True,False,False,False,False,False,False,Mardi-08-10h,NON,Mardi,2020-03-24 08:00
4803,54,False,False,False,False,False,True,False,False,False,False,False,False,False,False,Mardi-08-10h,NON,Mardi,2020-03-24 08:00
4804,55,True,False,False,False,True,True,False,True,False,False,False,False,False,False,Mardi-08-10h,NON,Mardi,2020-03-24 08:00
4805,257,False,False,False,False,True,False,False,False,False,False,False,False,False,False,Mardi-08-10h,NON,Mardi,2020-03-24 08:00
4806,67,False,False,False,False,False,False,False,False,False,False,False,False,False,False,Mardi-08-10h,NON,Mardi,2020-03-24 08:00
4807,71,True,False,True,False,False,False,False,False,False,False,False,False,False,False,Mardi-08-10h,NON,Mardi,2020-03-24 08:00
4808,280,False,False,False,False,False,True,False,False,False,False,False,False,False,False,Mardi-08-10h,OUI,Mardi,2020-03-24 08:00
4809,283,True,True,False,False,False,False,False,False,False,False,False,False,False,False,Mardi-08-10h,OUI,Mardi,2020-03-24 08:00
4810,154,False,False,False,False,True,True,False,False,False,False,False,True,False,False,Mardi-08-10h,OUI,Mardi,2020-03-24 08:00
4811,171,False,False,False,False,False,False,False,False,False,False,False,True,False,False,Mardi-08-10h,NON,Mardi,2020-03-24 08:00
4812,131,False,False,True,False,False,False,False,False,False,False,False,False,False,False,Mardi-08-10h,OUI,Mardi,2020-03-24 08:00
4813,237,True,False,False,False,False,True,True,False,False,False,False,False,True,False,Mardi-08-10h,NON,Mardi,2020-03-24 08:00
4814,75,False,False,False,False,True,True,False,False,False,False,False,False,False,False,Mardi-08-10h,NON,Mardi,2020-03-24 08:00
4815,235,True,False,False,False,True,False,False,False,False,False,False,False,False,False,Mardi-08-10h,NON,Mardi,2020-03-24 08:00
4816,180,False,False,False,False,True,True,False,False,False,False,False,False,False,False,Mardi-08-10h,OUI,Mardi,2020-03-24 08:00
4817,219,False,False,False,False,False,True,False,False,False,False,False,False,False,False,Mardi-08-10h,OUI,Mardi,2020-03-24 08:00
4818,250,False,False,False,False,False,False,False,False,True,False,False,False,False,False,Mardi-08-10h,NON,Mardi,2020-03-24 08:00
4819,267,True,True,False,False,False,False,False,False,False,False,False,False,False,False,Mardi-08-10h,NON,Mardi,2020-03-24 08:00
4820,160,False,True,False,False,False,True,False,False,False,False,False,False,False,False,Mardi-08-10h,NON,Mardi,2020-03-24 08:00
4821,182,False,True,False,False,True,True,True,False,False,False,False,False,False,False,Mardi-08-10h,OUI,Mardi,2020-03-24 08:00
4822,143,False,False,False,False,False,False,False,True,False,False,True,False,False,False,Mardi-08-10h,OUI,Mardi,2020-03-24 08:00
4823,223,True,True,False,False,False,False,False,False,False,False,False,False,False,False,Mardi-08-10h,NON,Mardi,2020-03-24 08:00
4824,192,True,False,True,False,False,False,False,False,False,False,False,False,False,False,Mardi-08-10h,OUI,Mardi,2020-03-24 08:00
4825,30,False,False,True,False,False,False,False,True,False,False,False,False,False,False,Mardi-08-10h,NON,Mardi,2020-03-24 08:00
4826,125,True,False,False,False,True,False,False,True,False,False,False,False,False,False,Mardi-08-10h,NON,Mardi,2020-03-24 08:00
4827,39,False,False,True,False,True,False,False,True,False,False,False,False,False,False,Mardi-08-10h,OUI,Mardi,2020-03-24 08:00
4828,113,True,False,True,False,False,False,False,False,False,False,False,False,False,False,Mardi-08-10h,NON,Mardi,2020-03-24 08:00
4829,121,True,False,True,False,False,False,False,True,False,False,False,False,False,False,Mardi-08-10h,NON,Mardi,2020-03-24 08:00
4830,228,False,False,False,False,False,False,False,False,False,False,True,False,False,False,Mardi-08-10h,OUI,Mardi,2020-03-24 08:00
4831,290,False,False,False,False,False,False,False,False,True,False,False,False,False,False,Mardi-08-10h,NON,Mardi,2020-03-24 08:00
4832,197,False,False,True,False,True,False,False,False,False,False,False,False,False,False,Mardi-08-10h,NON,Mardi,2020-03-24 08:00
4833,31,True,True,True,False,False,True,False,False,False,False,False,False,False,False,Mardi-08-10h,OUI,Mardi,2020-03-24 08:00
4834,173,True,False,False,False,True,True,False,True,False,False,False,False,False,False,Mardi-08-10h,OUI,Mardi,2020-03-24 08:00
4835,74,True,False,False,True,False,False,False,True,False,False,True,False,False,False,Mardi-08-10h,NON,Mardi,2020-03-24 08:00
4836,15,False,False,True,False,False,False,False,False,False,False,False,False,False,False,Mardi-08-10h,NON,Mardi,2020-03-24 08:00
4837,45,True,False,False,False,True,True,False,True,False,False,False,False,False,False,Mardi-08-10h,NON,Mardi,2020-03-24 08:00
4838,63,False,False,True,False,False,False,False,False,False,False,False,False,False,False,Mardi-08-10h,NON,Mardi,2020-03-24 08:00
4839,3,False,False,False,False,False,True,False,False,False,False,False,True,False,False,Mardi-08-10h,OUI,Mardi,2020-03-24 08:00
4840,21,True,False,True,False,False,False,False,False,False,False,False,False,False,False,Mardi-08-10h,NON,Mardi,2020-03-24 08:00
4841,78,False,True,True,False,True,True,False,True,False,False,False,False,False,False,Mardi-08-10h,NON,Mardi,2020-03-24 08:00
4842,47,False,True,False,False,False,False,False,False,False,False,False,False,False,False,Mardi-08-10h,NON,Mardi,2020-03-24 08:00
4843,151,True,True,False,False,True,False,False,True,False,False,False,False,False,False,Mardi-08-10h,NON,Mardi,2020-03-24 08:00
4844,6,True,False,True,False,False,False,False,False,False,False,False,False,False,False,Mardi-08-10h,OUI,Mardi,2020-03-24 08:00
4845,135,True,False,True,False,False,False,False,False,False,False,False,False,True,False,Mardi-08-10h,OUI,Mardi,2020-03-24 08:00
4846,221,False,False,False,False,True,True,False,False,False,False,False,False,False,False,Mardi-08-10h,OUI,Mardi,2020-03-24 08:00
4847,170,False,False,True,False,False,False,False,False,False,False,True,False,False,True,Mardi-08-10h,NON,Mardi,2020-03-24 08:00
4848,129,False,True,False,False,False,False,False,False,False,False,False,False,False,False,Mardi-08-10h,OUI,Mardi,2020-03-24 08:00
4849,132,True,True,True,False,False,True,False,False,False,False,False,False,False,False,Mardi-08-10h,OUI,Mardi,2020-03-24 08:00
4850,110,False,True,False,False,False,False,False,False,False,False,False,False,False,False,Mardi-08-10h,NON,Mardi,2020-03-24 08:00
4851,191,False,False,False,False,False,True,False,False,False,False,False,False,False,False,Mardi-08-10h,NON,Mardi,2020-03-24 08:00
4852,94,True,True,True,False,False,True,False,False,False,False,True,False,True,False,Mardi-08-10h,OUI,Mardi,2020-03-24 08:00
4853,108,False,False,False,False,False,True,True,False,False,False,False,False,False,False,Mardi-08-10h,OUI,Mardi,2020-03-24 08:00
4854,236,False,False,False,False,True,True,False,False,False,False,False,False,False,False,Mardi-08-10h,OUI,Mardi,2020-03-24 08:00
4855,42,True,False,True,False,True,False,False,False,False,False,False,False,False,False,Mardi-08-10h,NON,Mardi,2020-03-24 08:00
4856,155,True,False,False,False,True,False,False,False,False,False,False,False,False,False,Mardi-08-10h,NON,Mardi,2020-03-24 08:00
4857,1,False,False,False,False,False,False,False,False,False,False,False,False,False,False,Mardi-08-10h,NON,Mardi,2020-03-24 08:00
4858,58,False,True,True,False,False,True,False,False,False,False,True,False,False,False,Mardi-08-10h,OUI,Mardi,2020-03-24 08:00
4859,0,False,True,False,False,False,False,False,False,False,False,False,False,False,False,Mardi-08-10h,NON,Mardi,2020-03-24 08:00
4860,269,False,False,False,False,False,False,False,False,False,False,False,False,False,False,Mardi-08-10h,NON,Mardi,2020-03-24 08:00
4861,2,True,False,True,False,False,False,False,False,False,False,False,False,False,False,Mardi-08-10h,NON,Mardi,2020-03-24 08:00
4862,103,False,False,False,False,True,False,False,False,False,False,False,False,False,False,Mardi-08-10h,OUI,Mardi,2020-03-24 08:00
4863,12,False,True,False,False,True,False,False,False,False,False,False,False,False,False,Mardi-08-10h,NON,Mardi,2020-03-24 08:00
4864,245,True,False,False,False,True,True,False,True,False,False,False,False,False,False,Mardi-08-10h,OUI,Mardi,2020-03-24 08:00
4865,161,False,False,True,False,False,False,False,False,False,False,True,False,False,False,Mardi-08-10h,OUI,Mardi,2020-03-24 08:00
4866,38,False,False,False,False,False,False,False,False,True,False,False,False,False,False,Mardi-08-10h,NON,Mardi,2020-03-24 08:00
4867,122,False,False,False,False,False,False,False,False,False,False,False,False,False,False,Mardi-08-10h,NON,Mardi,2020-03-24 08:00
4868,248,False,False,True,False,False,False,False,False,False,False,False,False,True,False,Mardi-08-10h,NON,Mardi,2020-03-24 08:00
4869,271,False,True,True,False,False,True,False,False,False,False,False,False,False,False,Mardi-08-10h,OUI,Mardi,2020-03-24 08:00
4870,116,False,False,True,False,False,False,False,False,False,False,False,False,False,False,Mardi-08-10h,OUI,Mardi,2020-03-24 08:00
4871,117,True,True,True,True,False,True,False,False,False,False,False,False,False,False,Mardi-08-10h,NON,Mardi,2020-03-24 08:00
4872,213,False,False,False,False,True,True,False,True,False,False,False,False,False,False,Mardi-08-10h,NON,Mardi,2020-03-24 08:00
4873,220,False,True,True,False,False,True,False,False,False,False,False,False,False,False,Mardi-08-10h,OUI,Mardi,2020-03-24 08:00
4874,176,False,False,True,False,False,False,False,False,False,False,False,False,False,False,Mardi-08-10h,OUI,Mardi,2020-03-24 08:00
4875,96,False,False,False,False,True,True,False,False,False,True,False,False,False,False,Mardi-08-10h,NON,Mardi,2020-03-24 08:00
4876,214,False,False,False,False,True,True,False,False,False,True,False,False,False,False,Mardi-08-10h,OUI,Mardi,2020-03-24 08:00
4877,11,True,False,False,True,False,False,False,False,False,False,True,False,False,False,Mardi-08-10h,NON,Mardi,2020-03-24 08:00
4878,255,True,False,True,False,False,False,False,True,False,False,False,False,False,False,Mardi-08-10h,OUI,Mardi,2020-03-24 08:00
4879,86,False,False,True,False,False,False,False,False,False,False,False,False,False,False,Mardi-08-10h,OUI,Mardi,2020-03-24 08:00
4880,209,True,False,False,False,True,True,False,True,False,False,False,False,False,False,Mardi-08-10h,OUI,Mardi,2020-03-24 08:00
4881,291,False,False,False,False,False,True,False,False,True,False,False,False,False,False,Mardi-08-10h,NON,Mardi,2020-03-24 08:00
4882,287,False,False,False,False,False,False,False,False,False,False,False,True,False,False,Mardi-08-10h,NON,Mardi,2020-03-24 08:00
4883,104,False,False,False,False,True,True,False,False,False,False,False,False,False,False,Mardi-08-10h,OUI,Mardi,2020-03-24 08:00
4884,18,False,False,False,False,True,False,False,False,False,False,False,False,False,False,Mardi-08-10h,OUI,Mardi,2020-03-24 08:00
4885,123,False,True,False,False,True,True,False,False,False,False,False,False,False,False,Mardi-08-10h,NON,Mardi,2020-03-24 08:00
4886,136,False,False,False,False,True,False,False,False,False,False,False,False,False,False,Mardi-08-10h,NON,Mardi,2020-03-24 08:00
4887,276,True,False,True,False,False,False,False,False,False,False,False,False,False,False,Mardi-08-10h,NON,Mardi,2020-03-24 08:00
4888,53,False,False,False,False,True,True,False,False,False,False,False,False,False,False,Mardi-08-10h,OUI,Mardi,2020-03-24 08:00
4889,179,True,False,True,False,False,False,False,False,False,False,False,False,False,False,Mardi-08-10h,OUI,Mardi,2020-03-24 08:00
4890,200,False,False,False,False,False,False,False,False,False,False,False,False,False,False,Mardi-08-10h,NON,Mardi,2020-03-24 08:00
4891,73,False,False,False,False,False,False,False,False,False,False,False,False,False,False,Mardi-08-10h,NON,Mardi,2020-03-24 08:00
4892,156,False,False,False,False,True,True,False,False,False,False,False,False,False,False,Mardi-08-10h,OUI,Mardi,2020-03-24 08:00
4893,128,True,True,True,False,False,True,False,False,False,False,False,False,False,False,Mardi-08-10h,NON,Mardi,2020-03-24 08:00
4894,118,False,False,False,False,False,False,False,False,False,False,False,False,False,False,Mardi-08-10h,NON,Mardi,2020-03-24 08:00
4895,112,True,False,True,False,False,False,False,False,False,False,False,False,False,False,Mardi-08-10h,NON,Mardi,2020-03-24 08:00
4896,35,False,False,False,False,True,True,False,False,False,False,False,False,False,False,Mardi-08-10h,NON,Mardi,2020-03-24 08:00
4897,32,False,False,False,False,False,False,False,False,False,False,False,True,False,False,Mardi-08-10h,NON,Mardi,2020-03-24 08:00
4898,199,True,False,True,False,False,False,False,False,False,False,False,False,False,False,Mardi-08-10h,NON,Mardi,2020-03-24 08:00
4899,153,True,False,False,False,True,True,False,False,False,False,False,False,False,False,Mardi-08-10h,NON,Mardi,2020-03-24 08:00
4900,82,False,False,True,False,False,False,False,False,False,False,False,False,False,False,Mardi-08-10h,NON,Mardi,2020-03-24 08:00
4901,292,False,True,False,False,False,False,False,False,False,False,False,False,False,False,Mardi-08-10h,NON,Mardi,2020-03-24 08:00
4902,169,False,False,False,True,False,False,False,False,False,False,False,False,False,False,Mardi-08-10h,NON,Mardi,2020-03-24 08:00
4903,16,False,False,False,False,True,True,False,False,False,False,False,False,False,False,Mardi-08-10h,OUI,Mardi,2020-03-24 08:00
4904,46,True,True,True,False,False,True,True,False,False,False,False,False,False,False,Mardi-08-10h,OUI,Mardi,2020-03-24 08:00
4905,216,False,True,False,False,False,True,False,False,False,False,False,False,False,False,Mardi-08-10h,NON,Mardi,2020-03-24 08:00
4906,174,False,True,True,False,False,True,False,False,False,False,True,False,False,False,Mardi-08-10h,NON,Mardi,2020-03-24 08:00
4907,43,False,False,False,False,True,False,False,False,False,False,False,False,False,False,Mardi-08-10h,NON,Mardi,2020-03-24 08:00
4908,165,False,False,False,False,True,True,False,False,False,False,False,False,False,False,Mardi-08-10h,NON,Mardi,2020-03-24 08:00
4909,126,False,True,False,False,False,True,False,False,False,False,False,False,False,False,Mardi-08-10h,NON,Mardi,2020-03-24 08:00
4910,41,False,False,False,False,False,True,False,False,True,False,False,False,False,False,Mardi-08-10h,NON,Mardi,2020-03-24 08:00
4911,157,False,False,True,False,False,False,False,False,False,False,False,False,False,False,Mardi-08-10h,NON,Mardi,2020-03-24 08:00
4912,272,False,True,True,False,False,False,True,False,False,False,True,False,True,True,Mardi-08-10h,OUI,Mardi,2020-03-24 08:00
4913,115,True,False,True,False,False,False,False,False,False,False,False,False,False,False,Mardi-08-10h,OUI,Mardi,2020-03-24 08:00
4914,84,False,False,False,False,False,False,False,False,False,False,False,True,False,False,Mardi-08-10h,NON,Mardi,2020-03-24 08:00
4915,183,True,True,True,True,False,False,False,False,False,False,False,False,False,False,Mardi-08-10h,OUI,Mardi,2020-03-24 08:00
4916,65,True,True,False,False,False,True,False,False,False,False,False,False,False,False,Mardi-08-10h,NON,Mardi,2020-03-24 08:00
4917,105,True,False,False,False,False,False,False,False,False,False,False,False,False,False,Mardi-08-10h,OUI,Mardi,2020-03-24 08:00
4918,187,True,False,False,False,False,True,False,False,False,False,False,False,False,False,Mardi-08-10h,OUI,Mardi,2020-03-24 08:00
4919,139,True,False,True,False,False,False,False,False,False,False,False,False,False,False,Mardi-08-10h,NON,Mardi,2020-03-24 08:00
4920,259,False,False,False,False,True,True,False,False,False,False,False,False,False,False,Mardi-08-10h,OUI,Mardi,2020-03-24 08:00
4921,124,True,False,True,False,False,False,False,False,False,False,True,False,False,False,Mardi-08-10h,OUI,Mardi,2020-03-24 08:00
4922,98,False,False,False,False,False,True,False,False,False,False,False,True,False,False,Mardi-08-10h,NON,Mardi,2020-03-24 08:00
4923,284,False,True,True,False,False,True,False,False,False,False,False,False,True,False,Mardi-08-10h,OUI,Mardi,2020-03-24 08:00
4924,148,True,False,True,False,True,False,False,True,False,False,False,False,False,False,Mardi-08-10h,OUI,Mardi,2020-03-24 08:00
4925,258,True,False,True,False,False,False,False,False,False,False,False,False,False,False,Mardi-08-10h,NON,Mardi,2020-03-24 08:00
4926,175,False,False,False,False,False,True,False,False,False,False,False,False,False,False,Mardi-08-10h,NON,Mardi,2020-03-24 08:00
4927,119,False,False,False,False,False,False,False,False,False,False,True,False,False,False,Mardi-08-10h,OUI,Mardi,2020-03-24 08:00
4928,229,True,False,True,False,False,False,False,True,False,False,False,False,False,False,Mardi-08-10h,OUI,Mardi,2020-03-24 08:00
4929,230,False,False,False,False,False,True,True,False,False,False,False,False,False,False,Mardi-08-10h,NON,Mardi,2020-03-24 08:00
4930,17,True,False,False,False,False,True,True,False,False,False,False,False,False,False,Mardi-08-10h,OUI,Mardi,2020-03-24 08:00
4931,177,False,False,False,False,False,False,False,False,False,False,False,False,False,False,Mardi-08-10h,NON,Mardi,2020-03-24 08:00
4932,7,False,False,False,False,False,False,False,False,False,False,False,False,False,False,Mardi-08-10h,NON,Mardi,2020-03-24 08:00
4933,241,False,False,True,False,False,False,False,False,False,False,False,False,False,False,Mardi-08-10h,NON,Mardi,2020-03-24 08:00
4934,8,True,False,False,False,True,True,False,True,False,False,False,False,False,False,Mardi-08-10h,NON,Mardi,2020-03-24 08:00
4935,268,False,True,False,False,False,True,False,False,False,False,False,False,False,False,Mardi-08-10h,OUI,Mardi,2020-03-24 08:00
4936,294,False,False,True,False,True,False,False,False,False,False,False,False,False,False,Mardi-08-10h,OUI,Mardi,2020-03-24 08:00
4937,242,True,False,False,False,True,True,False,False,False,False,False,False,False,False,Mardi-08-10h,NON,Mardi,2020-03-24 08:00
4938,194,False,False,False,False,False,True,False,False,False,False,False,False,False,False,Mardi-08-10h,NON,Mardi,2020-03-24 08:00
4939,243,False,False,False,False,True,True,False,False,False,False,False,False,False,False,Mardi-08-10h,OUI,Mardi,2020-03-24 08:00
4940,212,True,True,True,False,False,True,False,False,False,False,False,False,False,False,Mardi-08-10h,OUI,Mardi,2020-03-24 08:00
4941,19,False,False,False,False,False,True,False,False,False,False,False,False,False,False,Mardi-08-10h,OUI,Mardi,2020-03-24 08:00
4942,114,False,False,False,False,True,False,False,False,False,False,False,False,False,False,Mardi-08-10h,OUI,Mardi,2020-03-24 08:00
4943,190,False,False,False,False,False,True,False,False,True,False,False,False,False,False,Mardi-08-10h,NON,Mardi,2020-03-24 08:00
4944,64,False,False,True,False,False,False,False,False,False,False,False,False,False,False,Mardi-08-10h,OUI,Mardi,2020-03-24 08:00
4945,227,False,False,False,False,False,False,False,False,False,False,False,False,False,False,Mardi-08-10h,NON,Mardi,2020-03-24 08:00
4946,232,False,False,False,False,False,True,False,False,False,False,False,False,False,False,Mardi-08-10h,OUI,Mardi,2020-03-24 08:00
4947,246,False,True,False,False,False,True,True,False,False,False,False,False,False,False,Mardi-08-10h,NON,Mardi,2020-03-24 08:00
4948,100,False,False,False,False,False,True,False,False,False,False,False,False,False,False,Mardi-08-10h,NON,Mardi,2020-03-24 08:00
4949,13,False,False,False,False,True,False,False,False,False,False,False,False,False,False,Mardi-08-10h,NON,Mardi,2020-03-24 08:00
4950,262,True,True,True,False,False,False,False,False,False,False,False,False,False,False,Mardi-08-10h,NON,Mardi,2020-03-24 08:00
4951,76,True,True,True,False,False,True,False,False,False,False,True,False,False,False,Mardi-08-10h,NON,Mardi,2020-03-24 08:00
4952,261,False,True,False,False,True,False,False,False,False,False,False,False,False,False,Mardi-08-10h,NON,Mardi,2020-03-24 08:00
4953,150,False,True,False,False,False,False,False,False,False,False,False,False,False,False,Mardi-08-10h,OUI,Mardi,2020-03-24 08:00
4954,205,False,False,False,False,False,False,False,False,False,False,False,False,False,False,Mardi-08-10h,NON,Mardi,2020-03-24 08:00
4955,56,False,False,False,False,True,True,False,False,False,False,False,False,False,False,Mardi-08-10h,OUI,Mardi,2020-03-24 08:00
4956,186,False,False,False,False,True,False,False,False,False,False,False,False,False,False,Mardi-08-10h,OUI,Mardi,2020-03-24 08:00
4957,162,True,False,False,False,True,True,False,False,False,False,False,False,False,False,Mardi-08-10h,NON,Mardi,2020-03-24 08:00
4958,68,False,True,False,False,True,True,False,False,False,False,False,False,False,False,Mardi-08-10h,OUI,Mardi,2020-03-24 08:00
4959,146,False,False,False,False,False,True,False,False,False,False,False,True,False,False,Mardi-08-10h,OUI,Mardi,2020-03-24 08:00
4960,49,False,False,False,False,False,False,False,False,False,False,False,False,True,False,Mardi-08-10h,NON,Mardi,2020-03-24 08:00
4961,91,True,False,True,True,False,False,False,False,False,False,False,False,False,False,Mardi-08-10h,OUI,Mardi,2020-03-24 08:00
4962,22,False,False,False,False,False,False,False,False,False,True,False,False,False,False,Mardi-08-10h,NON,Mardi,2020-03-24 08:00
4963,151,False,False,False,False,True,False,False,False,False,False,False,False,False,False,Mardi-08-10h,NON,Mardi,2020-03-24 08:00
4964,193,False,False,False,False,True,True,False,False,False,False,False,False,False,False,Mardi-08-10h,NON,Mardi,2020-03-24 08:00
4965,9,True,True,False,False,False,False,False,False,False,False,False,False,False,False,Mardi-08-10h,NON,Mardi,2020-03-24 08:00
4966,99,True,False,True,False,False,False,False,False,False,False,False,False,False,False,Mardi-08-10h,NON,Mardi,2020-03-24 08:00
4967,181,False,False,False,False,True,True,False,False,False,False,False,False,False,False,Mardi-08-10h,OUI,Mardi,2020-03-24 08:00
4968,111,False,False,False,False,False,True,False,True,False,False,False,False,False,False,Mardi-08-10h,OUI,Mardi,2020-03-24 08:00
4969,44,False,True,False,False,False,True,False,False,False,False,False,False,False,False,Mardi-08-10h,OUI,Mardi,2020-03-24 08:00
4970,24,False,False,False,False,True,False,False,True,False,False,False,False,False,False,Mardi-08-10h,NON,Mardi,2020-03-24 08:00
4971,102,False,False,False,False,True,True,False,True,False,False,False,False,False,False,Mardi-08-10h,NON,Mardi,2020-03-24 08:00
4972,203,True,True,False,False,False,False,False,True,False,False,False,False,False,False,Mardi-08-10h,NON,Mardi,2020-03-24 08:00
4973,140,False,False,False,False,True,True,False,True,False,False,False,False,False,False,Mardi-08-10h,NON,Mardi,2020-03-24 08:00
4974,188,False,False,False,False,False,True,False,False,True,False,False,False,False,False,Mardi-08-10h,NON,Mardi,2020-03-24 08:00
4975,206,False,False,False,True,False,False,False,False,False,False,True,False,False,False,Mardi-08-10h,OUI,Mardi,2020-03-24 08:00
4976,273,False,False,False,False,False,False,False,False,False,False,False,True,False,False,Mardi-08-10h,NON,Mardi,2020-03-24 08:00
4977,69,True,False,True,False,False,False,False,False,False,False,False,False,False,False,Mardi-08-10h,NON,Mardi,2020-03-24 08:00
4978,87,True,False,False,True,False,False,False,False,False,False,True,False,False,False,Mardi-08-10h,NON,Mardi,2020-03-24 08:00
4979,83,True,False,True,False,False,False,False,False,False,False,False,False,False,False,Mardi-08-10h,NON,Mardi,2020-03-24 08:00
4980,149,True,False,True,True,False,False,False,False,False,False,False,False,False,False,Mardi-08-10h,NON,Mardi,2020-03-24 08:00
4981,274,False,False,False,False,False,True,False,False,False,False,False,False,False,False,Mardi-08-10h,NON,Mardi,2020-03-24 08:00
4982,282,True,False,True,True,False,False,False,False,False,False,False,False,False,False,Mardi-08-10h,OUI,Mardi,2020-03-24 08:00
4983,147,False,False,False,False,False,False,False,False,False,False,False,False,False,False,Mardi-08-10h,NON,Mardi,2020-03-24 08:00
4984,238,False,False,False,False,False,False,False,False,False,False,False,True,False,False,Mardi-08-10h,NON,Mardi,2020-03-24 08:00
4985,201,False,False,False,False,False,False,False,False,False,False,False,False,False,False,Mardi-08-10h,NON,Mardi,2020-03-24 08:00
4986,152,False,True,False,False,False,False,False,False,False,False,False,False,False,False,Mardi-08-10h,NON,Mardi,2020-03-24 08:00
4987,222,False,False,False,False,False,True,False,False,True,True,False,False,False,False,Mardi-08-10h,OUI,Mardi,2020-03-24 08:00
4988,106,False,False,False,False,False,True,False,False,False,False,False,True,False,False,Mardi-08-10h,NON,Mardi,2020-03-24 08:00
4989,133,False,False,True,False,True,False,False,False,False,False,False,False,False,False,Mardi-08-10h,NON,Mardi,2020-03-24 08:00
4990,163,False,False,False,False,True,False,False,False,False,False,False,False,False,False,Mardi-08-10h,OUI,Mardi,2020-03-24 08:00
4991,231,False,False,False,False,False,False,False,False,False,False,False,False,False,False,Mardi-08-10h,NON,Mardi,2020-03-24 08:00
4992,25,False,False,False,False,True,False,False,False,False,False,False,False,False,False,Mardi-08-10h,NON,Mardi,2020-03-24 08:00
4993,196,False,False,True,False,True,False,False,True,False,False,False,False,False,False,Mardi-08-10h,OUI,Mardi,2020-03-24 08:00
4994,5,False,False,False,False,True,True,False,False,False,False,False,False,False,False,Mardi-08-10h,NON,Mardi,2020-03-24 08:00
4995,90,False,True,False,False,False,False,False,False,False,False,False,False,False,False,Mardi-08-10h,NON,Mardi,2020-03-24 08:00
4996,244,True,False,True,False,False,False,False,False,False,False,False,False,False,False,Mardi-08-10h,OUI,Mardi,2020-03-24 08:00
4997,107,False,True,False,False,False,True,False,False,False,False,False,False,False,False,Mardi-08-10h,OUI,Mardi,2020-03-24 08:00
4998,218,False,True,False,False,True,True,False,False,False,False,False,False,False,False,Mardi-08-10h,NON,Mardi,2020-03-24 08:00
4999,62,False,True,True,False,True,True,False,False,False,False,False,False,False,False,Mardi-08-10h,NON,Mardi,2020-03-24 08:00
5000,79,False,True,False,False,False,False,False,False,False,False,False,False,False,False,Mardi-08-10h,NON,Mardi,2020-03-24 08:00
5001,208,False,False,False,False,False,True,False,False,False,False,False,False,False,False,Mardi-08-10h,NON,Mardi,2020-03-24 08:00
5002,270,False,False,False,False,False,False,False,False,True,False,False,False,False,False,Mardi-08-10h,NON,Mardi,2020-03-24 08:00
5003,166,True,False,False,False,True,True,False,False,False,False,False,False,False,False,Mardi-08-10h,OUI,Mardi,2020-03-24 08:00
5004,77,False,False,True,False,True,False,False,False,False,False,False,False,False,False,Mardi-08-10h,NON,Mardi,2020-03-24 08:00
5005,29,False,False,False,False,False,True,False,False,False,False,False,True,False,False,Mardi-08-10h,OUI,Mardi,2020-03-24 08:00
5006,240,False,False,False,False,False,True,False,False,False,False,False,False,False,False,Mardi-08-10h,NON,Mardi,2020-03-24 08:00
5007,184,False,True,False,False,False,False,False,False,False,False,False,False,False,False,Mardi-08-10h,OUI,Mardi,2020-03-24 08:00
5008,277,False,True,True,False,False,True,False,False,False,False,False,False,False,False,Mardi-08-10h,OUI,Mardi,2020-03-24 08:00
5009,80,True,False,False,False,False,True,False,False,False,True,False,False,False,False,Mardi-08-10h,OUI,Mardi,2020-03-24 08:00
5010,185,True,True,True,False,False,True,False,False,False,False,True,False,True,False,Mardi-08-10h,NON,Mardi,2020-03-24 08:00
5011,204,False,False,False,False,True,True,False,False,False,False,False,True,False,False,Mardi-08-10h,OUI,Mardi,2020-03-24 08:00
5012,252,True,True,True,False,False,True,False,False,False,False,False,False,False,False,Mardi-08-10h,NON,Mardi,2020-03-24 08:00
5013,26,False,False,False,False,True,False,False,False,False,False,False,False,False,False,Mardi-08-10h,NON,Mardi,2020-03-24 08:00
5014,70,False,False,False,False,True,False,False,False,False,False,False,True,False,False,Mardi-08-10h,OUI,Mardi,2020-03-24 08:00
5015,233,False,False,False,False,True,False,False,False,False,False,False,False,False,False,Mardi-08-10h,OUI,Mardi,2020-03-24 08:00
5016,37,True,True,True,False,True,True,False,False,False,False,False,False,False,False,Mardi-08-10h,NON,Mardi,2020-03-24 08:00
5017,185,False,False,True,False,False,False,False,False,False,False,False,False,False,False,Mardi-08-10h,OUI,Mardi,2020-03-24 08:00
5018,138,True,False,False,False,True,True,False,False,False,False,False,False,False,False,Mardi-08-10h,NON,Mardi,2020-03-24 08:00
5019,224,True,False,True,False,False,False,False,False,False,False,False,False,False,False,Mardi-08-10h,NON,Mardi,2020-03-24 08:00
5020,66,False,False,False,False,True,True,False,False,False,False,False,False,True,False,Mardi-08-10h,OUI,Mardi,2020-03-24 08:00
5021,211,False,False,True,False,False,False,False,False,False,False,False,False,True,False,Mardi-08-10h,NON,Mardi,2020-03-24 08:00
5022,14,False,False,False,False,True,True,False,False,False,False,False,False,False,False,Mardi-08-10h,NON,Mardi,2020-03-24 08:00
5023,145,False,False,False,False,True,False,False,False,False,False,False,False,False,False,Mardi-08-10h,NON,Mardi,2020-03-24 08:00
5024,36,False,False,False,False,False,False,False,False,False,False,False,True,False,False,Mardi-08-10h,OUI,Mardi,2020-03-24 08:00
5025,60,True,True,True,False,False,True,False,False,False,False,False,False,False,False,Mardi-08-10h,NON,Mardi,2020-03-24 08:00
5026,137,True,True,True,False,False,True,False,False,False,False,True,False,False,False,Mardi-08-10h,OUI,Mardi,2020-03-24 08:00
5027,285,False,True,False,False,True,True,False,False,False,False,False,False,False,False,Mardi-08-10h,OUI,Mardi,2020-03-24 08:00
5028,40,False,True,True,False,True,True,False,False,False,False,False,False,False,False,Mardi-08-10h,OUI,Mardi,2020-03-24 08:00
5029,97,False,False,False,False,False,True,False,False,False,False,False,False,False,False,Mardi-08-10h,NON,Mardi,2020-03-24 08:00
5030,109,True,False,True,True,False,False,False,False,False,False,False,False,False,False,Mardi-08-10h,NON,Mardi,2020-03-24 08:00
5031,10,False,False,False,False,False,False,False,False,False,False,False,False,False,False,Mardi-08-10h,NON,Mardi,2020-03-24 08:00
5032,256,False,False,False,False,False,False,False,False,False,False,False,True,False,False,Mardi-08-10h,NON,Mardi,2020-03-24 08:00
5033,141,True,True,True,False,False,False,False,False,False,False,True,False,False,False,Mardi-08-10h,OUI,Mardi,2020-03-24 08:00
5034,28,False,False,False,False,False,False,False,False,False,False,False,False,False,False,Mardi-08-10h,NON,Mardi,2020-03-24 08:00
5035,101,True,True,True,True,True,True,False,False,False,False,False,False,False,False,Mardi-08-10h,OUI,Mardi,2020-03-24 08:00
5036,48,True,False,True,False,True,False,False,False,False,False,False,False,True,False,Mardi-08-10h,OUI,Mardi,2020-03-24 08:00
5037,27,False,False,False,False,False,True,False,False,False,False,False,False,False,False,Mardi-08-10h,NON,Mardi,2020-03-24 08:00
5038,142,True,False,True,False,False,False,False,False,False,False,True,False,True,False,Mardi-08-10h,NON,Mardi,2020-03-24 08:00
5039,234,False,False,True,False,False,False,False,False,False,False,True,False,False,False,Mardi-08-10h,NON,Mardi,2020-03-24 08:00
5040,23,False,False,False,False,True,False,False,False,False,False,False,False,False,False,Mardi-08-10h,NON,Mardi,2020-03-24 08:00
5041,195,False,False,False,False,True,False,False,False,True,False,False,False,False,False,Mardi-08-10h,NON,Mardi,2020-03-24 08:00
5042,275,False,False,False,False,False,False,False,False,False,False,False,True,False,False,Mardi-08-10h,NON,Mardi,2020-03-24 08:00
5043,226,False,False,False,False,True,True,False,False,False,False,False,False,False,False,Mardi-08-10h,NON,Mardi,2020-03-24 08:00
5044,207,False,False,True,False,False,False,False,False,False,False,False,False,False,False,Mardi-08-10h,OUI,Mardi,2020-03-24 08:00
5045,57,False,False,False,False,False,False,False,False,False,False,False,False,False,False,Mardi-08-10h,NON,Mardi,2020-03-24 08:00
5046,4,False,True,False,False,False,True,False,False,False,False,False,False,False,False,Mardi-08-10h,NON,Mardi,2020-03-24 08:00
5047,265,False,False,False,False,False,True,False,False,False,False,False,False,False,False,Mardi-08-10h,OUI,Mardi,2020-03-24 08:00
5048,88,False,True,False,False,False,False,False,False,False,False,False,False,False,False,Mardi-08-10h,NON,Mardi,2020-03-24 08:00
5049,198,False,False,False,False,False,False,False,False,False,False,True,False,False,False,Mardi-08-10h,NON,Mardi,2020-03-24 08:00
5050,249,True,True,True,False,False,False,False,False,False,False,False,False,False,False,Mardi-08-10h,NON,Mardi,2020-03-24 08:00
5051,263,False,False,False,False,True,True,False,False,False,False,False,False,False,False,Mardi-08-10h,NON,Mardi,2020-03-24 08:00
5052,217,True,False,True,False,False,False,False,False,False,False,False,False,True,False,Mardi-08-10h,OUI,Mardi,2020-03-24 08:00
5053,278,False,False,False,False,True,True,False,False,False,False,False,False,False,False,Mardi-08-10h,NON,Mardi,2020-03-24 08:00
5054,189,False,True,False,False,False,False,False,False,False,False,False,False,False,False,Mardi-08-10h,NON,Mardi,2020-03-24 08:00
5055,61,True,False,True,False,False,False,False,False,False,False,False,False,False,False,Mardi-08-10h,NON,Mardi,2020-03-24 08:00
5056,251,False,False,False,False,False,False,False,False,False,False,False,False,True,False,Mardi-08-10h,NON,Mardi,2020-03-24 08:00
5057,281,False,True,False,False,False,False,False,False,False,False,False,False,False,False,Mardi-08-10h,NON,Mardi,2020-03-24 08:00
5058,134,False,True,False,False,False,False,False,False,False,False,False,False,False,False,Mardi-08-10h,OUI,Mardi,2020-03-24 08:00
5059,293,False,True,False,False,False,True,False,False,False,False,False,False,False,False,Mardi-08-10h,OUI,Mardi,2020-03-24 08:00
5060,279,True,True,True,True,False,True,False,False,False,False,False,False,False,False,Mardi-08-10h,OUI,Mardi,2020-03-24 08:00
5061,81,True,False,True,True,False,False,False,True,False,False,False,False,False,False,Mardi-08-10h,NON,Mardi,2020-03-24 08:00
5062,92,True,False,False,True,False,False,False,False,False,False,True,False,False,False,Mardi-08-10h,NON,Mardi,2020-03-24 08:00
5063,147,False,False,False,False,False,False,False,False,False,False,False,False,False,False,Mardi-08-10h,NON,Mardi,2020-03-24 08:00
5064,33,False,True,False,False,True,False,False,False,False,False,False,False,False,False,Mardi-08-10h,NON,Mardi,2020-03-24 08:00
5065,266,False,False,False,False,False,False,False,False,False,False,False,False,False,False,Mardi-08-10h,NON,Mardi,2020-03-24 08:00
5066,225,True,False,False,False,False,True,False,False,False,False,False,False,False,False,Mardi-08-10h,NON,Mardi,2020-03-24 08:00
5067,83,True,False,True,False,False,False,False,False,False,False,False,False,False,False,Mardi-08-10h,NON,Mardi,2020-03-24 08:00
5068,95,False,False,False,False,True,True,False,True,False,False,False,False,False,False,Mardi-08-10h,NON,Mardi,2020-03-24 08:00
5069,127,False,False,False,False,True,False,False,False,False,False,False,False,False,False,Mardi-08-10h,NON,Mardi,2020-03-24 08:00
5070,20,False,False,False,False,False,False,False,False,False,False,False,False,False,False,Mardi-08-10h,NON,Mardi,2020-03-24 08:00
5071,89,False,False,False,False,False,False,False,False,True,False,False,False,False,False,Mardi-08-10h,OUI,Mardi,2020-03-24 08:00
5072,120,False,True,True,False,True,True,False,True,False,False,True,False,False,False,Mardi-08-10h,NON,Mardi,2020-03-24 08:00
5073,253,False,False,False,False,True,True,False,False,False,False,False,True,False,False,Mardi-08-10h,NON,Mardi,2020-03-24 08:00
5074,52,False,False,True,False,False,False,False,False,False,False,False,False,False,False,Mardi-08-10h,OUI,Mardi,2020-03-24 08:00
5075,168,True,False,True,False,False,False,False,True,False,False,False,False,False,False,Mardi-08-10h,NON,Mardi,2020-03-24 08:00
5076,202,False,True,False,False,False,False,False,False,False,False,False,False,False,False,Mardi-08-10h,NON,Mardi,2020-03-24 08:00
5077,172,False,False,False,False,True,False,False,False,False,False,False,False,False,False,Mardi-08-10h,NON,Mardi,2020-03-24 08:00
5078,239,False,False,False,False,True,True,False,False,False,False,False,False,False,False,Mardi-08-10h,NON,Mardi,2020-03-24 08:00
5079,85,False,False,False,False,True,False,False,False,False,False,False,False,False,False,Mardi-08-10h,NON,Mardi,2020-03-24 08:00
5080,215,False,False,False,False,False,False,False,False,True,False,False,False,False,False,Mardi-08-10h,NON,Mardi,2020-03-24 08:00
5081,260,True,False,True,False,False,False,False,False,False,False,False,False,False,False,Mardi-08-10h,NON,Mardi,2020-03-24 08:00
5082,286,True,True,False,False,True,False,False,False,False,False,False,False,False,False,Mardi-08-10h,OUI,Mardi,2020-03-24 08:00
5083,72,False,True,False,False,False,False,False,False,False,False,False,False,False,False,Mardi-10-12h,OUI,Mardi,2020-03-24 10:00
5084,167,True,True,True,True,True,True,False,False,False,False,False,False,False,False,Mardi-10-12h,OUI,Mardi,2020-03-24 10:00
5085,130,True,False,True,False,False,False,False,True,False,False,False,False,True,True,Mardi-10-12h,OUI,Mardi,2020-03-24 10:00
5086,288,True,True,True,False,True,False,False,False,False,False,False,False,False,False,Mardi-10-12h,NON,Mardi,2020-03-24 10:00
5087,59,False,False,False,False,False,True,False,False,False,False,False,False,False,False,Mardi-10-12h,NON,Mardi,2020-03-24 10:00
5088,178,True,False,False,False,False,False,False,False,False,False,True,False,False,False,Mardi-10-12h,OUI,Mardi,2020-03-24 10:00
5089,254,False,False,False,False,False,False,False,False,False,False,False,True,False,False,Mardi-10-12h,NON,Mardi,2020-03-24 10:00
5090,34,False,False,False,False,False,False,False,False,False,False,False,False,False,False,Mardi-10-12h,NON,Mardi,2020-03-24 10:00
5091,264,False,False,False,False,True,True,True,False,False,False,False,False,False,False,Mardi-10-12h,OUI,Mardi,2020-03-24 10:00
5092,158,True,False,False,False,True,False,False,False,False,True,False,False,False,False,Mardi-10-12h,OUI,Mardi,2020-03-24 10:00
5093,210,False,True,False,False,True,True,False,False,False,False,False,False,False,False,Mardi-10-12h,OUI,Mardi,2020-03-24 10:00
5094,93,False,False,False,False,True,False,False,False,False,False,False,False,True,False,Mardi-10-12h,OUI,Mardi,2020-03-24 10:00
5095,144,True,False,True,False,True,False,False,False,False,False,False,False,False,False,Mardi-10-12h,NON,Mardi,2020-03-24 10:00
5096,164,False,True,False,False,True,True,False,False,False,False,False,False,False,False,Mardi-10-12h,NON,Mardi,2020-03-24 10:00
5097,289,False,False,False,False,True,True,False,False,False,False,False,False,False,False,Mardi-10-12h,NON,Mardi,2020-03-24 10:00
5098,50,False,False,False,False,False,False,False,False,False,False,False,False,False,False,Mardi-10-12h,NON,Mardi,2020-03-24 10:00
5099,51,True,True,False,False,True,False,False,False,False,False,False,False,False,False,Mardi-10-12h,OUI,Mardi,2020-03-24 10:00
5100,247,False,False,True,False,False,False,False,False,False,False,False,False,False,False,Mardi-10-12h,NON,Mardi,2020-03-24 10:00
5101,159,False,False,False,False,False,False,False,True,False,False,False,False,False,False,Mardi-10-12h,NON,Mardi,2020-03-24 10:00
5102,54,False,False,False,False,False,True,False,False,False,False,False,False,False,False,Mardi-10-12h,NON,Mardi,2020-03-24 10:00
5103,55,True,False,False,False,True,True,False,True,False,False,False,False,False,False,Mardi-10-12h,NON,Mardi,2020-03-24 10:00
5104,257,False,False,False,False,True,False,False,False,False,False,False,False,False,False,Mardi-10-12h,NON,Mardi,2020-03-24 10:00
5105,67,False,False,False,False,False,False,False,False,False,False,False,False,False,False,Mardi-10-12h,NON,Mardi,2020-03-24 10:00
5106,71,True,False,True,False,False,False,False,False,False,False,False,False,False,False,Mardi-10-12h,NON,Mardi,2020-03-24 10:00
5107,280,False,False,False,False,False,True,False,False,False,False,False,False,False,False,Mardi-10-12h,OUI,Mardi,2020-03-24 10:00
5108,283,True,True,False,False,False,False,False,False,False,False,False,False,False,False,Mardi-10-12h,OUI,Mardi,2020-03-24 10:00
5109,154,False,False,False,False,True,True,False,False,False,False,False,True,False,False,Mardi-10-12h,OUI,Mardi,2020-03-24 10:00
5110,171,False,False,False,False,False,False,False,False,False,False,False,True,False,False,Mardi-10-12h,OUI,Mardi,2020-03-24 10:00
5111,131,False,False,True,False,False,False,False,False,False,False,False,False,False,False,Mardi-10-12h,OUI,Mardi,2020-03-24 10:00
5112,237,True,False,False,False,False,True,True,False,False,False,False,False,True,False,Mardi-10-12h,NON,Mardi,2020-03-24 10:00
5113,75,False,False,False,False,True,True,False,False,False,False,False,False,False,False,Mardi-10-12h,NON,Mardi,2020-03-24 10:00
5114,235,True,False,False,False,True,False,False,False,False,False,False,False,False,False,Mardi-10-12h,NON,Mardi,2020-03-24 10:00
5115,180,False,False,False,False,True,True,False,False,False,False,False,False,False,False,Mardi-10-12h,OUI,Mardi,2020-03-24 10:00
5116,219,False,False,False,False,False,True,False,False,False,False,False,False,False,False,Mardi-10-12h,OUI,Mardi,2020-03-24 10:00
5117,250,False,False,False,False,False,False,False,False,True,False,False,False,False,False,Mardi-10-12h,NON,Mardi,2020-03-24 10:00
5118,267,True,True,False,False,False,False,False,False,False,False,False,False,False,False,Mardi-10-12h,NON,Mardi,2020-03-24 10:00
5119,160,False,True,False,False,False,True,False,False,False,False,False,False,False,False,Mardi-10-12h,NON,Mardi,2020-03-24 10:00
5120,182,False,True,False,False,True,True,True,False,False,False,False,False,False,False,Mardi-10-12h,OUI,Mardi,2020-03-24 10:00
5121,143,False,False,False,False,False,False,False,True,False,False,True,False,False,False,Mardi-10-12h,OUI,Mardi,2020-03-24 10:00
5122,223,True,True,False,False,False,False,False,False,False,False,False,False,False,False,Mardi-10-12h,NON,Mardi,2020-03-24 10:00
5123,192,True,False,True,False,False,False,False,False,False,False,False,False,False,False,Mardi-10-12h,OUI,Mardi,2020-03-24 10:00
5124,30,False,False,True,False,False,False,False,True,False,False,False,False,False,False,Mardi-10-12h,NON,Mardi,2020-03-24 10:00
5125,125,True,False,False,False,True,False,False,True,False,False,False,False,False,False,Mardi-10-12h,NON,Mardi,2020-03-24 10:00
5126,39,False,False,True,False,True,False,False,True,False,False,False,False,False,False,Mardi-10-12h,OUI,Mardi,2020-03-24 10:00
5127,113,True,False,True,False,False,False,False,False,False,False,False,False,False,False,Mardi-10-12h,NON,Mardi,2020-03-24 10:00
5128,121,True,False,True,False,False,False,False,True,False,False,False,False,False,False,Mardi-10-12h,NON,Mardi,2020-03-24 10:00
5129,228,False,False,False,False,False,False,False,False,False,False,True,False,False,False,Mardi-10-12h,OUI,Mardi,2020-03-24 10:00
5130,290,False,False,False,False,False,False,False,False,True,False,False,False,False,False,Mardi-10-12h,NON,Mardi,2020-03-24 10:00
5131,197,False,False,True,False,True,False,False,False,False,False,False,False,False,False,Mardi-10-12h,NON,Mardi,2020-03-24 10:00
5132,31,True,True,True,False,False,True,False,False,False,False,False,False,False,False,Mardi-10-12h,OUI,Mardi,2020-03-24 10:00
5133,173,True,False,False,False,True,True,False,True,False,False,False,False,False,False,Mardi-10-12h,OUI,Mardi,2020-03-24 10:00
5134,74,True,False,False,True,False,False,False,True,False,False,True,False,False,False,Mardi-10-12h,NON,Mardi,2020-03-24 10:00
5135,15,False,False,True,False,False,False,False,False,False,False,False,False,False,False,Mardi-10-12h,NON,Mardi,2020-03-24 10:00
5136,45,True,False,False,False,True,True,False,True,False,False,False,False,False,False,Mardi-10-12h,NON,Mardi,2020-03-24 10:00
5137,63,False,False,True,False,False,False,False,False,False,False,False,False,False,False,Mardi-10-12h,NON,Mardi,2020-03-24 10:00
5138,3,False,False,False,False,False,True,False,False,False,False,False,True,False,False,Mardi-10-12h,OUI,Mardi,2020-03-24 10:00
5139,21,True,False,True,False,False,False,False,False,False,False,False,False,False,False,Mardi-10-12h,NON,Mardi,2020-03-24 10:00
5140,78,False,True,True,False,True,True,False,True,False,False,False,False,False,False,Mardi-10-12h,NON,Mardi,2020-03-24 10:00
5141,47,False,True,False,False,False,False,False,False,False,False,False,False,False,False,Mardi-10-12h,NON,Mardi,2020-03-24 10:00
5142,151,True,True,False,False,True,False,False,True,False,False,False,False,False,False,Mardi-10-12h,NON,Mardi,2020-03-24 10:00
5143,6,True,False,True,False,False,False,False,False,False,False,False,False,False,False,Mardi-10-12h,OUI,Mardi,2020-03-24 10:00
5144,135,True,False,True,False,False,False,False,False,False,False,False,False,True,False,Mardi-10-12h,OUI,Mardi,2020-03-24 10:00
5145,221,False,False,False,False,True,True,False,False,False,False,False,False,False,False,Mardi-10-12h,NON,Mardi,2020-03-24 10:00
5146,170,False,False,True,False,False,False,False,False,False,False,True,False,False,True,Mardi-10-12h,NON,Mardi,2020-03-24 10:00
5147,129,False,True,False,False,False,False,False,False,False,False,False,False,False,False,Mardi-10-12h,OUI,Mardi,2020-03-24 10:00
5148,132,True,True,True,False,False,True,False,False,False,False,False,False,False,False,Mardi-10-12h,OUI,Mardi,2020-03-24 10:00
5149,110,False,True,False,False,False,False,False,False,False,False,False,False,False,False,Mardi-10-12h,NON,Mardi,2020-03-24 10:00
5150,191,False,False,False,False,False,True,False,False,False,False,False,False,False,False,Mardi-10-12h,NON,Mardi,2020-03-24 10:00
5151,94,True,True,True,False,False,True,False,False,False,False,True,False,True,False,Mardi-10-12h,OUI,Mardi,2020-03-24 10:00
5152,108,False,False,False,False,False,True,True,False,False,False,False,False,False,False,Mardi-10-12h,OUI,Mardi,2020-03-24 10:00
5153,236,False,False,False,False,True,True,False,False,False,False,False,False,False,False,Mardi-10-12h,OUI,Mardi,2020-03-24 10:00
5154,42,True,False,True,False,True,False,False,False,False,False,False,False,False,False,Mardi-10-12h,NON,Mardi,2020-03-24 10:00
5155,155,True,False,False,False,True,False,False,False,False,False,False,False,False,False,Mardi-10-12h,NON,Mardi,2020-03-24 10:00
5156,1,False,False,False,False,False,False,False,False,False,False,False,False,False,False,Mardi-10-12h,NON,Mardi,2020-03-24 10:00
5157,58,False,True,True,False,False,True,False,False,False,False,True,False,False,False,Mardi-10-12h,OUI,Mardi,2020-03-24 10:00
5158,0,False,True,False,False,False,False,False,False,False,False,False,False,False,False,Mardi-10-12h,NON,Mardi,2020-03-24 10:00
5159,269,False,False,False,False,False,False,False,False,False,False,False,False,False,False,Mardi-10-12h,NON,Mardi,2020-03-24 10:00
5160,2,True,False,True,False,False,False,False,False,False,False,False,False,False,False,Mardi-10-12h,NON,Mardi,2020-03-24 10:00
5161,103,False,False,False,False,True,False,False,False,False,False,False,False,False,False,Mardi-10-12h,NON,Mardi,2020-03-24 10:00
5162,12,False,True,False,False,True,False,False,False,False,False,False,False,False,False,Mardi-10-12h,NON,Mardi,2020-03-24 10:00
5163,245,True,False,False,False,True,True,False,True,False,False,False,False,False,False,Mardi-10-12h,OUI,Mardi,2020-03-24 10:00
5164,161,False,False,True,False,False,False,False,False,False,False,True,False,False,False,Mardi-10-12h,OUI,Mardi,2020-03-24 10:00
5165,38,False,False,False,False,False,False,False,False,True,False,False,False,False,False,Mardi-10-12h,NON,Mardi,2020-03-24 10:00
5166,122,False,False,False,False,False,False,False,False,False,False,False,False,False,False,Mardi-10-12h,NON,Mardi,2020-03-24 10:00
5167,248,False,False,True,False,False,False,False,False,False,False,False,False,True,False,Mardi-10-12h,NON,Mardi,2020-03-24 10:00
5168,271,False,True,True,False,False,True,False,False,False,False,False,False,False,False,Mardi-10-12h,OUI,Mardi,2020-03-24 10:00
5169,116,False,False,True,False,False,False,False,False,False,False,False,False,False,False,Mardi-10-12h,OUI,Mardi,2020-03-24 10:00
5170,117,True,True,True,True,False,True,False,False,False,False,False,False,False,False,Mardi-10-12h,NON,Mardi,2020-03-24 10:00
5171,213,False,False,False,False,True,True,False,True,False,False,False,False,False,False,Mardi-10-12h,NON,Mardi,2020-03-24 10:00
5172,220,False,True,True,False,False,True,False,False,False,False,False,False,False,False,Mardi-10-12h,OUI,Mardi,2020-03-24 10:00
5173,176,False,False,True,False,False,False,False,False,False,False,False,False,False,False,Mardi-10-12h,OUI,Mardi,2020-03-24 10:00
5174,96,False,False,False,False,True,True,False,False,False,True,False,False,False,False,Mardi-10-12h,NON,Mardi,2020-03-24 10:00
5175,214,False,False,False,False,True,True,False,False,False,True,False,False,False,False,Mardi-10-12h,OUI,Mardi,2020-03-24 10:00
5176,11,True,False,False,True,False,False,False,False,False,False,True,False,False,False,Mardi-10-12h,NON,Mardi,2020-03-24 10:00
5177,255,True,False,True,False,False,False,False,True,False,False,False,False,False,False,Mardi-10-12h,OUI,Mardi,2020-03-24 10:00
5178,86,False,False,True,False,False,False,False,False,False,False,False,False,False,False,Mardi-10-12h,OUI,Mardi,2020-03-24 10:00
5179,209,True,False,False,False,True,True,False,True,False,False,False,False,False,False,Mardi-10-12h,OUI,Mardi,2020-03-24 10:00
5180,291,False,False,False,False,False,True,False,False,True,False,False,False,False,False,Mardi-10-12h,NON,Mardi,2020-03-24 10:00
5181,287,False,False,False,False,False,False,False,False,False,False,False,True,False,False,Mardi-10-12h,NON,Mardi,2020-03-24 10:00
5182,104,False,False,False,False,True,True,False,False,False,False,False,False,False,False,Mardi-10-12h,OUI,Mardi,2020-03-24 10:00
5183,18,False,False,False,False,True,False,False,False,False,False,False,False,False,False,Mardi-10-12h,OUI,Mardi,2020-03-24 10:00
5184,123,False,True,False,False,True,True,False,False,False,False,False,False,False,False,Mardi-10-12h,OUI,Mardi,2020-03-24 10:00
5185,136,False,False,False,False,True,False,False,False,False,False,False,False,False,False,Mardi-10-12h,NON,Mardi,2020-03-24 10:00
5186,276,True,False,True,False,False,False,False,False,False,False,False,False,False,False,Mardi-10-12h,NON,Mardi,2020-03-24 10:00
5187,53,False,False,False,False,True,True,False,False,False,False,False,False,False,False,Mardi-10-12h,OUI,Mardi,2020-03-24 10:00
5188,179,True,False,True,False,False,False,False,False,False,False,False,False,False,False,Mardi-10-12h,OUI,Mardi,2020-03-24 10:00
5189,200,False,False,False,False,False,False,False,False,False,False,False,False,False,False,Mardi-10-12h,NON,Mardi,2020-03-24 10:00
5190,73,False,False,False,False,False,False,False,False,False,False,False,False,False,False,Mardi-10-12h,NON,Mardi,2020-03-24 10:00
5191,156,False,False,False,False,True,True,False,False,False,False,False,False,False,False,Mardi-10-12h,OUI,Mardi,2020-03-24 10:00
5192,128,True,True,True,False,False,True,False,False,False,False,False,False,False,False,Mardi-10-12h,NON,Mardi,2020-03-24 10:00
5193,118,False,False,False,False,False,False,False,False,False,False,False,False,False,False,Mardi-10-12h,NON,Mardi,2020-03-24 10:00
5194,112,True,False,True,False,False,False,False,False,False,False,False,False,False,False,Mardi-10-12h,NON,Mardi,2020-03-24 10:00
5195,35,False,False,False,False,True,True,False,False,False,False,False,False,False,False,Mardi-10-12h,NON,Mardi,2020-03-24 10:00
5196,32,False,False,False,False,False,False,False,False,False,False,False,True,False,False,Mardi-10-12h,NON,Mardi,2020-03-24 10:00
5197,199,True,False,True,False,False,False,False,False,False,False,False,False,False,False,Mardi-10-12h,NON,Mardi,2020-03-24 10:00
5198,153,True,False,False,False,True,True,False,False,False,False,False,False,False,False,Mardi-10-12h,NON,Mardi,2020-03-24 10:00
5199,82,False,False,True,False,False,False,False,False,False,False,False,False,False,False,Mardi-10-12h,NON,Mardi,2020-03-24 10:00
5200,292,False,True,False,False,False,False,False,False,False,False,False,False,False,False,Mardi-10-12h,NON,Mardi,2020-03-24 10:00
5201,169,False,False,False,True,False,False,False,False,False,False,False,False,False,False,Mardi-10-12h,NON,Mardi,2020-03-24 10:00
5202,16,False,False,False,False,True,True,False,False,False,False,False,False,False,False,Mardi-10-12h,OUI,Mardi,2020-03-24 10:00
5203,46,True,True,True,False,False,True,True,False,False,False,False,False,False,False,Mardi-10-12h,OUI,Mardi,2020-03-24 10:00
5204,216,False,True,False,False,False,True,False,False,False,False,False,False,False,False,Mardi-10-12h,NON,Mardi,2020-03-24 10:00
5205,174,False,True,True,False,False,True,False,False,False,False,True,False,False,False,Mardi-10-12h,NON,Mardi,2020-03-24 10:00
5206,43,False,False,False,False,True,False,False,False,False,False,False,False,False,False,Mardi-10-12h,NON,Mardi,2020-03-24 10:00
5207,165,False,False,False,False,True,True,False,False,False,False,False,False,False,False,Mardi-10-12h,OUI,Mardi,2020-03-24 10:00
5208,126,False,True,False,False,False,True,False,False,False,False,False,False,False,False,Mardi-10-12h,NON,Mardi,2020-03-24 10:00
5209,41,False,False,False,False,False,True,False,False,True,False,False,False,False,False,Mardi-10-12h,NON,Mardi,2020-03-24 10:00
5210,157,False,False,True,False,False,False,False,False,False,False,False,False,False,False,Mardi-10-12h,NON,Mardi,2020-03-24 10:00
5211,272,False,True,True,False,False,False,True,False,False,False,True,False,True,True,Mardi-10-12h,OUI,Mardi,2020-03-24 10:00
5212,115,True,False,True,False,False,False,False,False,False,False,False,False,False,False,Mardi-10-12h,OUI,Mardi,2020-03-24 10:00
5213,84,False,False,False,False,False,False,False,False,False,False,False,True,False,False,Mardi-10-12h,NON,Mardi,2020-03-24 10:00
5214,183,True,True,True,True,False,False,False,False,False,False,False,False,False,False,Mardi-10-12h,OUI,Mardi,2020-03-24 10:00
5215,65,True,True,False,False,False,True,False,False,False,False,False,False,False,False,Mardi-10-12h,NON,Mardi,2020-03-24 10:00
5216,105,True,False,False,False,False,False,False,False,False,False,False,False,False,False,Mardi-10-12h,OUI,Mardi,2020-03-24 10:00
5217,187,True,False,False,False,False,True,False,False,False,False,False,False,False,False,Mardi-10-12h,OUI,Mardi,2020-03-24 10:00
5218,139,True,False,True,False,False,False,False,False,False,False,False,False,False,False,Mardi-10-12h,NON,Mardi,2020-03-24 10:00
5219,259,False,False,False,False,True,True,False,False,False,False,False,False,False,False,Mardi-10-12h,OUI,Mardi,2020-03-24 10:00
5220,124,True,False,True,False,False,False,False,False,False,False,True,False,False,False,Mardi-10-12h,OUI,Mardi,2020-03-24 10:00
5221,98,False,False,False,False,False,True,False,False,False,False,False,True,False,False,Mardi-10-12h,NON,Mardi,2020-03-24 10:00
5222,284,False,True,True,False,False,True,False,False,False,False,False,False,True,False,Mardi-10-12h,OUI,Mardi,2020-03-24 10:00
5223,148,True,False,True,False,True,False,False,True,False,False,False,False,False,False,Mardi-10-12h,OUI,Mardi,2020-03-24 10:00
5224,258,True,False,True,False,False,False,False,False,False,False,False,False,False,False,Mardi-10-12h,NON,Mardi,2020-03-24 10:00
5225,175,False,False,False,False,False,True,False,False,False,False,False,False,False,False,Mardi-10-12h,NON,Mardi,2020-03-24 10:00
5226,119,False,False,False,False,False,False,False,False,False,False,True,False,False,False,Mardi-10-12h,OUI,Mardi,2020-03-24 10:00
5227,229,True,False,True,False,False,False,False,True,False,False,False,False,False,False,Mardi-10-12h,OUI,Mardi,2020-03-24 10:00
5228,230,False,False,False,False,False,True,True,False,False,False,False,False,False,False,Mardi-10-12h,NON,Mardi,2020-03-24 10:00
5229,17,True,False,False,False,False,True,True,False,False,False,False,False,False,False,Mardi-10-12h,OUI,Mardi,2020-03-24 10:00
5230,177,False,False,False,False,False,False,False,False,False,False,False,False,False,False,Mardi-10-12h,NON,Mardi,2020-03-24 10:00
5231,7,False,False,False,False,False,False,False,False,False,False,False,False,False,False,Mardi-10-12h,NON,Mardi,2020-03-24 10:00
5232,241,False,False,True,False,False,False,False,False,False,False,False,False,False,False,Mardi-10-12h,NON,Mardi,2020-03-24 10:00
5233,8,True,False,False,False,True,True,False,True,False,False,False,False,False,False,Mardi-10-12h,NON,Mardi,2020-03-24 10:00
5234,268,False,True,False,False,False,True,False,False,False,False,False,False,False,False,Mardi-10-12h,OUI,Mardi,2020-03-24 10:00
5235,294,False,False,True,False,True,False,False,False,False,False,False,False,False,False,Mardi-10-12h,OUI,Mardi,2020-03-24 10:00
5236,242,True,False,False,False,True,True,False,False,False,False,False,False,False,False,Mardi-10-12h,NON,Mardi,2020-03-24 10:00
5237,194,False,False,False,False,False,True,False,False,False,False,False,False,False,False,Mardi-10-12h,NON,Mardi,2020-03-24 10:00
5238,243,False,False,False,False,True,True,False,False,False,False,False,False,False,False,Mardi-10-12h,OUI,Mardi,2020-03-24 10:00
5239,212,True,True,True,False,False,True,False,False,False,False,False,False,False,False,Mardi-10-12h,OUI,Mardi,2020-03-24 10:00
5240,19,False,False,False,False,False,True,False,False,False,False,False,False,False,False,Mardi-10-12h,OUI,Mardi,2020-03-24 10:00
5241,114,False,False,False,False,True,False,False,False,False,False,False,False,False,False,Mardi-10-12h,OUI,Mardi,2020-03-24 10:00
5242,190,False,False,False,False,False,True,False,False,True,False,False,False,False,False,Mardi-10-12h,NON,Mardi,2020-03-24 10:00
5243,64,False,False,True,False,False,False,False,False,False,False,False,False,False,False,Mardi-10-12h,OUI,Mardi,2020-03-24 10:00
5244,227,False,False,False,False,False,False,False,False,False,False,False,False,False,False,Mardi-10-12h,NON,Mardi,2020-03-24 10:00
5245,232,False,False,False,False,False,True,False,False,False,False,False,False,False,False,Mardi-10-12h,OUI,Mardi,2020-03-24 10:00
5246,246,False,True,False,False,False,True,True,False,False,False,False,False,False,False,Mardi-10-12h,NON,Mardi,2020-03-24 10:00
5247,100,False,False,False,False,False,True,False,False,False,False,False,False,False,False,Mardi-10-12h,NON,Mardi,2020-03-24 10:00
5248,13,False,False,False,False,True,False,False,False,False,False,False,False,False,False,Mardi-10-12h,NON,Mardi,2020-03-24 10:00
5249,262,True,True,True,False,False,False,False,False,False,False,False,False,False,False,Mardi-10-12h,NON,Mardi,2020-03-24 10:00
5250,76,True,True,True,False,False,True,False,False,False,False,True,False,False,False,Mardi-10-12h,NON,Mardi,2020-03-24 10:00
5251,261,False,True,False,False,True,False,False,False,False,False,False,False,False,False,Mardi-10-12h,NON,Mardi,2020-03-24 10:00
5252,150,False,True,False,False,False,False,False,False,False,False,False,False,False,False,Mardi-10-12h,OUI,Mardi,2020-03-24 10:00
5253,205,False,False,False,False,False,False,False,False,False,False,False,False,False,False,Mardi-10-12h,NON,Mardi,2020-03-24 10:00
5254,56,False,False,False,False,True,True,False,False,False,False,False,False,False,False,Mardi-10-12h,OUI,Mardi,2020-03-24 10:00
5255,186,False,False,False,False,True,False,False,False,False,False,False,False,False,False,Mardi-10-12h,OUI,Mardi,2020-03-24 10:00
5256,162,True,False,False,False,True,True,False,False,False,False,False,False,False,False,Mardi-10-12h,NON,Mardi,2020-03-24 10:00
5257,68,False,True,False,False,True,True,False,False,False,False,False,False,False,False,Mardi-10-12h,OUI,Mardi,2020-03-24 10:00
5258,146,False,False,False,False,False,True,False,False,False,False,False,True,False,False,Mardi-10-12h,OUI,Mardi,2020-03-24 10:00
5259,49,False,False,False,False,False,False,False,False,False,False,False,False,True,False,Mardi-10-12h,NON,Mardi,2020-03-24 10:00
5260,91,True,False,True,True,False,False,False,False,False,False,False,False,False,False,Mardi-10-12h,OUI,Mardi,2020-03-24 10:00
5261,22,False,False,False,False,False,False,False,False,False,True,False,False,False,False,Mardi-10-12h,NON,Mardi,2020-03-24 10:00
5262,151,False,False,False,False,True,False,False,False,False,False,False,False,False,False,Mardi-10-12h,NON,Mardi,2020-03-24 10:00
5263,193,False,False,False,False,True,True,False,False,False,False,False,False,False,False,Mardi-10-12h,NON,Mardi,2020-03-24 10:00
5264,9,True,True,False,False,False,False,False,False,False,False,False,False,False,False,Mardi-10-12h,NON,Mardi,2020-03-24 10:00
5265,99,True,False,True,False,False,False,False,False,False,False,False,False,False,False,Mardi-10-12h,NON,Mardi,2020-03-24 10:00
5266,181,False,False,False,False,True,True,False,False,False,False,False,False,False,False,Mardi-10-12h,OUI,Mardi,2020-03-24 10:00
5267,111,False,False,False,False,False,True,False,True,False,False,False,False,False,False,Mardi-10-12h,OUI,Mardi,2020-03-24 10:00
5268,44,False,True,False,False,False,True,False,False,False,False,False,False,False,False,Mardi-10-12h,OUI,Mardi,2020-03-24 10:00
5269,24,False,False,False,False,True,False,False,True,False,False,False,False,False,False,Mardi-10-12h,NON,Mardi,2020-03-24 10:00
5270,102,False,False,False,False,True,True,False,True,False,False,False,False,False,False,Mardi-10-12h,NON,Mardi,2020-03-24 10:00
5271,203,True,True,False,False,False,False,False,True,False,False,False,False,False,False,Mardi-10-12h,NON,Mardi,2020-03-24 10:00
5272,140,False,False,False,False,True,True,False,True,False,False,False,False,False,False,Mardi-10-12h,NON,Mardi,2020-03-24 10:00
5273,188,False,False,False,False,False,True,False,False,True,False,False,False,False,False,Mardi-10-12h,OUI,Mardi,2020-03-24 10:00
5274,206,False,False,False,True,False,False,False,False,False,False,True,False,False,False,Mardi-10-12h,OUI,Mardi,2020-03-24 10:00
5275,273,False,False,False,False,False,False,False,False,False,False,False,True,False,False,Mardi-10-12h,NON,Mardi,2020-03-24 10:00
5276,69,True,False,True,False,False,False,False,False,False,False,False,False,False,False,Mardi-10-12h,OUI,Mardi,2020-03-24 10:00
5277,87,True,False,False,True,False,False,False,False,False,False,True,False,False,False,Mardi-10-12h,NON,Mardi,2020-03-24 10:00
5278,83,True,False,True,False,False,False,False,False,False,False,False,False,False,False,Mardi-10-12h,OUI,Mardi,2020-03-24 10:00
5279,149,True,False,True,True,False,False,False,False,False,False,False,False,False,False,Mardi-10-12h,NON,Mardi,2020-03-24 10:00
5280,274,False,False,False,False,False,True,False,False,False,False,False,False,False,False,Mardi-10-12h,NON,Mardi,2020-03-24 10:00
5281,282,True,False,True,True,False,False,False,False,False,False,False,False,False,False,Mardi-10-12h,OUI,Mardi,2020-03-24 10:00
5282,147,False,False,False,False,False,False,False,False,False,False,False,False,False,False,Mardi-10-12h,NON,Mardi,2020-03-24 10:00
5283,238,False,False,False,False,False,False,False,False,False,False,False,True,False,False,Mardi-10-12h,NON,Mardi,2020-03-24 10:00
5284,201,False,False,False,False,False,False,False,False,False,False,False,False,False,False,Mardi-10-12h,NON,Mardi,2020-03-24 10:00
5285,152,False,True,False,False,False,False,False,False,False,False,False,False,False,False,Mardi-10-12h,NON,Mardi,2020-03-24 10:00
5286,222,False,False,False,False,False,True,False,False,True,True,False,False,False,False,Mardi-10-12h,OUI,Mardi,2020-03-24 10:00
5287,106,False,False,False,False,False,True,False,False,False,False,False,True,False,False,Mardi-10-12h,NON,Mardi,2020-03-24 10:00
5288,133,False,False,True,False,True,False,False,False,False,False,False,False,False,False,Mardi-10-12h,NON,Mardi,2020-03-24 10:00
5289,163,False,False,False,False,True,False,False,False,False,False,False,False,False,False,Mardi-10-12h,OUI,Mardi,2020-03-24 10:00
5290,231,False,False,False,False,False,False,False,False,False,False,False,False,False,False,Mardi-10-12h,NON,Mardi,2020-03-24 10:00
5291,25,False,False,False,False,True,False,False,False,False,False,False,False,False,False,Mardi-10-12h,NON,Mardi,2020-03-24 10:00
5292,196,False,False,True,False,True,False,False,True,False,False,False,False,False,False,Mardi-10-12h,OUI,Mardi,2020-03-24 10:00
5293,5,False,False,False,False,True,True,False,False,False,False,False,False,False,False,Mardi-10-12h,OUI,Mardi,2020-03-24 10:00
5294,90,False,True,False,False,False,False,False,False,False,False,False,False,False,False,Mardi-10-12h,NON,Mardi,2020-03-24 10:00
5295,244,True,False,True,False,False,False,False,False,False,False,False,False,False,False,Mardi-10-12h,OUI,Mardi,2020-03-24 10:00
5296,107,False,True,False,False,False,True,False,False,False,False,False,False,False,False,Mardi-10-12h,OUI,Mardi,2020-03-24 10:00
5297,218,False,True,False,False,True,True,False,False,False,False,False,False,False,False,Mardi-10-12h,NON,Mardi,2020-03-24 10:00
5298,62,False,True,True,False,True,True,False,False,False,False,False,False,False,False,Mardi-10-12h,NON,Mardi,2020-03-24 10:00
5299,79,False,True,False,False,False,False,False,False,False,False,False,False,False,False,Mardi-10-12h,NON,Mardi,2020-03-24 10:00
5300,208,False,False,False,False,False,True,False,False,False,False,False,False,False,False,Mardi-10-12h,NON,Mardi,2020-03-24 10:00
5301,270,False,False,False,False,False,False,False,False,True,False,False,False,False,False,Mardi-10-12h,NON,Mardi,2020-03-24 10:00
5302,166,True,False,False,False,True,True,False,False,False,False,False,False,False,False,Mardi-10-12h,OUI,Mardi,2020-03-24 10:00
5303,77,False,False,True,False,True,False,False,False,False,False,False,False,False,False,Mardi-10-12h,NON,Mardi,2020-03-24 10:00
5304,29,False,False,False,False,False,True,False,False,False,False,False,True,False,False,Mardi-10-12h,OUI,Mardi,2020-03-24 10:00
5305,240,False,False,False,False,False,True,False,False,False,False,False,False,False,False,Mardi-10-12h,NON,Mardi,2020-03-24 10:00
5306,184,False,True,False,False,False,False,False,False,False,False,False,False,False,False,Mardi-10-12h,OUI,Mardi,2020-03-24 10:00
5307,277,False,True,True,False,False,True,False,False,False,False,False,False,False,False,Mardi-10-12h,OUI,Mardi,2020-03-24 10:00
5308,80,True,False,False,False,False,True,False,False,False,True,False,False,False,False,Mardi-10-12h,OUI,Mardi,2020-03-24 10:00
5309,185,True,True,True,False,False,True,False,False,False,False,True,False,True,False,Mardi-10-12h,NON,Mardi,2020-03-24 10:00
5310,204,False,False,False,False,True,True,False,False,False,False,False,True,False,False,Mardi-10-12h,OUI,Mardi,2020-03-24 10:00
5311,252,True,True,True,False,False,True,False,False,False,False,False,False,False,False,Mardi-10-12h,NON,Mardi,2020-03-24 10:00
5312,26,False,False,False,False,True,False,False,False,False,False,False,False,False,False,Mardi-10-12h,NON,Mardi,2020-03-24 10:00
5313,70,False,False,False,False,True,False,False,False,False,False,False,True,False,False,Mardi-10-12h,OUI,Mardi,2020-03-24 10:00
5314,233,False,False,False,False,True,False,False,False,False,False,False,False,False,False,Mardi-10-12h,OUI,Mardi,2020-03-24 10:00
5315,37,True,True,True,False,True,True,False,False,False,False,False,False,False,False,Mardi-10-12h,NON,Mardi,2020-03-24 10:00
5316,185,False,False,True,False,False,False,False,False,False,False,False,False,False,False,Mardi-10-12h,OUI,Mardi,2020-03-24 10:00
5317,138,True,False,False,False,True,True,False,False,False,False,False,False,False,False,Mardi-10-12h,NON,Mardi,2020-03-24 10:00
5318,224,True,False,True,False,False,False,False,False,False,False,False,False,False,False,Mardi-10-12h,NON,Mardi,2020-03-24 10:00
5319,66,False,False,False,False,True,True,False,False,False,False,False,False,True,False,Mardi-10-12h,OUI,Mardi,2020-03-24 10:00
5320,211,False,False,True,False,False,False,False,False,False,False,False,False,True,False,Mardi-10-12h,NON,Mardi,2020-03-24 10:00
5321,14,False,False,False,False,True,True,False,False,False,False,False,False,False,False,Mardi-10-12h,NON,Mardi,2020-03-24 10:00
5322,145,False,False,False,False,True,False,False,False,False,False,False,False,False,False,Mardi-10-12h,NON,Mardi,2020-03-24 10:00
5323,36,False,False,False,False,False,False,False,False,False,False,False,True,False,False,Mardi-10-12h,OUI,Mardi,2020-03-24 10:00
5324,60,True,True,True,False,False,True,False,False,False,False,False,False,False,False,Mardi-10-12h,NON,Mardi,2020-03-24 10:00
5325,137,True,True,True,False,False,True,False,False,False,False,True,False,False,False,Mardi-10-12h,OUI,Mardi,2020-03-24 10:00
5326,285,False,True,False,False,True,True,False,False,False,False,False,False,False,False,Mardi-10-12h,OUI,Mardi,2020-03-24 10:00
5327,40,False,True,True,False,True,True,False,False,False,False,False,False,False,False,Mardi-10-12h,OUI,Mardi,2020-03-24 10:00
5328,97,False,False,False,False,False,True,False,False,False,False,False,False,False,False,Mardi-10-12h,NON,Mardi,2020-03-24 10:00
5329,109,True,False,True,True,False,False,False,False,False,False,False,False,False,False,Mardi-10-12h,NON,Mardi,2020-03-24 10:00
5330,10,False,False,False,False,False,False,False,False,False,False,False,False,False,False,Mardi-10-12h,NON,Mardi,2020-03-24 10:00
5331,256,False,False,False,False,False,False,False,False,False,False,False,True,False,False,Mardi-10-12h,NON,Mardi,2020-03-24 10:00
5332,141,True,True,True,False,False,False,False,False,False,False,True,False,False,False,Mardi-10-12h,OUI,Mardi,2020-03-24 10:00
5333,28,False,False,False,False,False,False,False,False,False,False,False,False,False,False,Mardi-10-12h,NON,Mardi,2020-03-24 10:00
5334,101,True,True,True,True,True,True,False,False,False,False,False,False,False,False,Mardi-10-12h,OUI,Mardi,2020-03-24 10:00
5335,48,True,False,True,False,True,False,False,False,False,False,False,False,True,False,Mardi-10-12h,OUI,Mardi,2020-03-24 10:00
5336,27,False,False,False,False,False,True,False,False,False,False,False,False,False,False,Mardi-10-12h,NON,Mardi,2020-03-24 10:00
5337,142,True,False,True,False,False,False,False,False,False,False,True,False,True,False,Mardi-10-12h,NON,Mardi,2020-03-24 10:00
5338,234,False,False,True,False,False,False,False,False,False,False,True,False,False,False,Mardi-10-12h,NON,Mardi,2020-03-24 10:00
5339,23,False,False,False,False,True,False,False,False,False,False,False,False,False,False,Mardi-10-12h,NON,Mardi,2020-03-24 10:00
5340,195,False,False,False,False,True,False,False,False,True,False,False,False,False,False,Mardi-10-12h,NON,Mardi,2020-03-24 10:00
5341,275,False,False,False,False,False,False,False,False,False,False,False,True,False,False,Mardi-10-12h,NON,Mardi,2020-03-24 10:00
5342,226,False,False,False,False,True,True,False,False,False,False,False,False,False,False,Mardi-10-12h,NON,Mardi,2020-03-24 10:00
5343,207,False,False,True,False,False,False,False,False,False,False,False,False,False,False,Mardi-10-12h,OUI,Mardi,2020-03-24 10:00
5344,57,False,False,False,False,False,False,False,False,False,False,False,False,False,False,Mardi-10-12h,NON,Mardi,2020-03-24 10:00
5345,4,False,True,False,False,False,True,False,False,False,False,False,False,False,False,Mardi-10-12h,NON,Mardi,2020-03-24 10:00
5346,265,False,False,False,False,False,True,False,False,False,False,False,False,False,False,Mardi-10-12h,OUI,Mardi,2020-03-24 10:00
5347,88,False,True,False,False,False,False,False,False,False,False,False,False,False,False,Mardi-10-12h,NON,Mardi,2020-03-24 10:00
5348,198,False,False,False,False,False,False,False,False,False,False,True,False,False,False,Mardi-10-12h,NON,Mardi,2020-03-24 10:00
5349,249,True,True,True,False,False,False,False,False,False,False,False,False,False,False,Mardi-10-12h,NON,Mardi,2020-03-24 10:00
5350,263,False,False,False,False,True,True,False,False,False,False,False,False,False,False,Mardi-10-12h,NON,Mardi,2020-03-24 10:00
5351,217,True,False,True,False,False,False,False,False,False,False,False,False,True,False,Mardi-10-12h,OUI,Mardi,2020-03-24 10:00
5352,278,False,False,False,False,True,True,False,False,False,False,False,False,False,False,Mardi-10-12h,NON,Mardi,2020-03-24 10:00
5353,189,False,True,False,False,False,False,False,False,False,False,False,False,False,False,Mardi-10-12h,NON,Mardi,2020-03-24 10:00
5354,61,True,False,True,False,False,False,False,False,False,False,False,False,False,False,Mardi-10-12h,NON,Mardi,2020-03-24 10:00
5355,251,False,False,False,False,False,False,False,False,False,False,False,False,True,False,Mardi-10-12h,NON,Mardi,2020-03-24 10:00
5356,281,False,True,False,False,False,False,False,False,False,False,False,False,False,False,Mardi-10-12h,NON,Mardi,2020-03-24 10:00
5357,134,False,True,False,False,False,False,False,False,False,False,False,False,False,False,Mardi-10-12h,OUI,Mardi,2020-03-24 10:00
5358,293,False,True,False,False,False,True,False,False,False,False,False,False,False,False,Mardi-10-12h,OUI,Mardi,2020-03-24 10:00
5359,279,True,True,True,True,False,True,False,False,False,False,False,False,False,False,Mardi-10-12h,OUI,Mardi,2020-03-24 10:00
5360,81,True,False,True,True,False,False,False,True,False,False,False,False,False,False,Mardi-10-12h,NON,Mardi,2020-03-24 10:00
5361,92,True,False,False,True,False,False,False,False,False,False,True,False,False,False,Mardi-10-12h,NON,Mardi,2020-03-24 10:00
5362,147,False,False,False,False,False,False,False,False,False,False,False,False,False,False,Mardi-10-12h,NON,Mardi,2020-03-24 10:00
5363,33,False,True,False,False,True,False,False,False,False,False,False,False,False,False,Mardi-10-12h,NON,Mardi,2020-03-24 10:00
5364,266,False,False,False,False,False,False,False,False,False,False,False,False,False,False,Mardi-10-12h,NON,Mardi,2020-03-24 10:00
5365,225,True,False,False,False,False,True,False,False,False,False,False,False,False,False,Mardi-10-12h,NON,Mardi,2020-03-24 10:00
5366,83,True,False,True,False,False,False,False,False,False,False,False,False,False,False,Mardi-10-12h,OUI,Mardi,2020-03-24 10:00
5367,95,False,False,False,False,True,True,False,True,False,False,False,False,False,False,Mardi-10-12h,NON,Mardi,2020-03-24 10:00
5368,127,False,False,False,False,True,False,False,False,False,False,False,False,False,False,Mardi-10-12h,NON,Mardi,2020-03-24 10:00
5369,20,False,False,False,False,False,False,False,False,False,False,False,False,False,False,Mardi-10-12h,NON,Mardi,2020-03-24 10:00
5370,89,False,False,False,False,False,False,False,False,True,False,False,False,False,False,Mardi-10-12h,OUI,Mardi,2020-03-24 10:00
5371,120,False,True,True,False,True,True,False,True,False,False,True,False,False,False,Mardi-10-12h,NON,Mardi,2020-03-24 10:00
5372,253,False,False,False,False,True,True,False,False,False,False,False,True,False,False,Mardi-10-12h,NON,Mardi,2020-03-24 10:00
5373,52,False,False,True,False,False,False,False,False,False,False,False,False,False,False,Mardi-10-12h,OUI,Mardi,2020-03-24 10:00
5374,168,True,False,True,False,False,False,False,True,False,False,False,False,False,False,Mardi-10-12h,NON,Mardi,2020-03-24 10:00
5375,202,False,True,False,False,False,False,False,False,False,False,False,False,False,False,Mardi-10-12h,NON,Mardi,2020-03-24 10:00
5376,172,False,False,False,False,True,False,False,False,False,False,False,False,False,False,Mardi-10-12h,NON,Mardi,2020-03-24 10:00
5377,239,False,False,False,False,True,True,False,False,False,False,False,False,False,False,Mardi-10-12h,NON,Mardi,2020-03-24 10:00
5378,85,False,False,False,False,True,False,False,False,False,False,False,False,False,False,Mardi-10-12h,NON,Mardi,2020-03-24 10:00
5379,215,False,False,False,False,False,False,False,False,True,False,False,False,False,False,Mardi-10-12h,NON,Mardi,2020-03-24 10:00
5380,260,True,False,True,False,False,False,False,False,False,False,False,False,False,False,Mardi-10-12h,NON,Mardi,2020-03-24 10:00
5381,286,True,True,False,False,True,False,False,False,False,False,False,False,False,False,Mardi-10-12h,OUI,Mardi,2020-03-24 10:00
5382,72,False,True,False,False,False,False,False,False,False,False,False,False,False,False,Mardi-12-14h,OUI,Mardi,2020-03-24 12:00
5383,167,True,True,True,True,True,True,False,False,False,False,False,False,False,False,Mardi-12-14h,OUI,Mardi,2020-03-24 12:00
5384,130,True,False,True,False,False,False,False,True,False,False,False,False,True,True,Mardi-12-14h,OUI,Mardi,2020-03-24 12:00
5385,288,True,True,True,False,True,False,False,False,False,False,False,False,False,False,Mardi-12-14h,NON,Mardi,2020-03-24 12:00
5386,59,False,False,False,False,False,True,False,False,False,False,False,False,False,False,Mardi-12-14h,NON,Mardi,2020-03-24 12:00
5387,178,True,False,False,False,False,False,False,False,False,False,True,False,False,False,Mardi-12-14h,OUI,Mardi,2020-03-24 12:00
5388,254,False,False,False,False,False,False,False,False,False,False,False,True,False,False,Mardi-12-14h,NON,Mardi,2020-03-24 12:00
5389,34,False,False,False,False,False,False,False,False,False,False,False,False,False,False,Mardi-12-14h,NON,Mardi,2020-03-24 12:00
5390,264,False,False,False,False,True,True,True,False,False,False,False,False,False,False,Mardi-12-14h,NON,Mardi,2020-03-24 12:00
5391,158,True,False,False,False,True,False,False,False,False,True,False,False,False,False,Mardi-12-14h,OUI,Mardi,2020-03-24 12:00
5392,210,False,True,False,False,True,True,False,False,False,False,False,False,False,False,Mardi-12-14h,OUI,Mardi,2020-03-24 12:00
5393,93,False,False,False,False,True,False,False,False,False,False,False,False,True,False,Mardi-12-14h,OUI,Mardi,2020-03-24 12:00
5394,144,True,False,True,False,True,False,False,False,False,False,False,False,False,False,Mardi-12-14h,NON,Mardi,2020-03-24 12:00
5395,164,False,True,False,False,True,True,False,False,False,False,False,False,False,False,Mardi-12-14h,OUI,Mardi,2020-03-24 12:00
5396,289,False,False,False,False,True,True,False,False,False,False,False,False,False,False,Mardi-12-14h,NON,Mardi,2020-03-24 12:00
5397,50,False,False,False,False,False,False,False,False,False,False,False,False,False,False,Mardi-12-14h,NON,Mardi,2020-03-24 12:00
5398,51,True,True,False,False,True,False,False,False,False,False,False,False,False,False,Mardi-12-14h,OUI,Mardi,2020-03-24 12:00
5399,247,False,False,True,False,False,False,False,False,False,False,False,False,False,False,Mardi-12-14h,NON,Mardi,2020-03-24 12:00
5400,159,False,False,False,False,False,False,False,True,False,False,False,False,False,False,Mardi-12-14h,NON,Mardi,2020-03-24 12:00
5401,54,False,False,False,False,False,True,False,False,False,False,False,False,False,False,Mardi-12-14h,NON,Mardi,2020-03-24 12:00
5402,55,True,False,False,False,True,True,False,True,False,False,False,False,False,False,Mardi-12-14h,NON,Mardi,2020-03-24 12:00
5403,257,False,False,False,False,True,False,False,False,False,False,False,False,False,False,Mardi-12-14h,NON,Mardi,2020-03-24 12:00
5404,67,False,False,False,False,False,False,False,False,False,False,False,False,False,False,Mardi-12-14h,NON,Mardi,2020-03-24 12:00
5405,71,True,False,True,False,False,False,False,False,False,False,False,False,False,False,Mardi-12-14h,NON,Mardi,2020-03-24 12:00
5406,280,False,False,False,False,False,True,False,False,False,False,False,False,False,False,Mardi-12-14h,OUI,Mardi,2020-03-24 12:00
5407,283,True,True,False,False,False,False,False,False,False,False,False,False,False,False,Mardi-12-14h,OUI,Mardi,2020-03-24 12:00
5408,154,False,False,False,False,True,True,False,False,False,False,False,True,False,False,Mardi-12-14h,OUI,Mardi,2020-03-24 12:00
5409,171,False,False,False,False,False,False,False,False,False,False,False,True,False,False,Mardi-12-14h,OUI,Mardi,2020-03-24 12:00
5410,131,False,False,True,False,False,False,False,False,False,False,False,False,False,False,Mardi-12-14h,OUI,Mardi,2020-03-24 12:00
5411,237,True,False,False,False,False,True,True,False,False,False,False,False,True,False,Mardi-12-14h,NON,Mardi,2020-03-24 12:00
5412,75,False,False,False,False,True,True,False,False,False,False,False,False,False,False,Mardi-12-14h,NON,Mardi,2020-03-24 12:00
5413,235,True,False,False,False,True,False,False,False,False,False,False,False,False,False,Mardi-12-14h,NON,Mardi,2020-03-24 12:00
5414,180,False,False,False,False,True,True,False,False,False,False,False,False,False,False,Mardi-12-14h,OUI,Mardi,2020-03-24 12:00
5415,219,False,False,False,False,False,True,False,False,False,False,False,False,False,False,Mardi-12-14h,OUI,Mardi,2020-03-24 12:00
5416,250,False,False,False,False,False,False,False,False,True,False,False,False,False,False,Mardi-12-14h,NON,Mardi,2020-03-24 12:00
5417,267,True,True,False,False,False,False,False,False,False,False,False,False,False,False,Mardi-12-14h,OUI,Mardi,2020-03-24 12:00
5418,160,False,True,False,False,False,True,False,False,False,False,False,False,False,False,Mardi-12-14h,NON,Mardi,2020-03-24 12:00
5419,182,False,True,False,False,True,True,True,False,False,False,False,False,False,False,Mardi-12-14h,OUI,Mardi,2020-03-24 12:00
5420,143,False,False,False,False,False,False,False,True,False,False,True,False,False,False,Mardi-12-14h,OUI,Mardi,2020-03-24 12:00
5421,223,True,True,False,False,False,False,False,False,False,False,False,False,False,False,Mardi-12-14h,NON,Mardi,2020-03-24 12:00
5422,192,True,False,True,False,False,False,False,False,False,False,False,False,False,False,Mardi-12-14h,OUI,Mardi,2020-03-24 12:00
5423,30,False,False,True,False,False,False,False,True,False,False,False,False,False,False,Mardi-12-14h,OUI,Mardi,2020-03-24 12:00
5424,125,True,False,False,False,True,False,False,True,False,False,False,False,False,False,Mardi-12-14h,NON,Mardi,2020-03-24 12:00
5425,39,False,False,True,False,True,False,False,True,False,False,False,False,False,False,Mardi-12-14h,OUI,Mardi,2020-03-24 12:00
5426,113,True,False,True,False,False,False,False,False,False,False,False,False,False,False,Mardi-12-14h,NON,Mardi,2020-03-24 12:00
5427,121,True,False,True,False,False,False,False,True,False,False,False,False,False,False,Mardi-12-14h,NON,Mardi,2020-03-24 12:00
5428,228,False,False,False,False,False,False,False,False,False,False,True,False,False,False,Mardi-12-14h,OUI,Mardi,2020-03-24 12:00
5429,290,False,False,False,False,False,False,False,False,True,False,False,False,False,False,Mardi-12-14h,NON,Mardi,2020-03-24 12:00
5430,197,False,False,True,False,True,False,False,False,False,False,False,False,False,False,Mardi-12-14h,NON,Mardi,2020-03-24 12:00
5431,31,True,True,True,False,False,True,False,False,False,False,False,False,False,False,Mardi-12-14h,OUI,Mardi,2020-03-24 12:00
5432,173,True,False,False,False,True,True,False,True,False,False,False,False,False,False,Mardi-12-14h,OUI,Mardi,2020-03-24 12:00
5433,74,True,False,False,True,False,False,False,True,False,False,True,False,False,False,Mardi-12-14h,NON,Mardi,2020-03-24 12:00
5434,15,False,False,True,False,False,False,False,False,False,False,False,False,False,False,Mardi-12-14h,NON,Mardi,2020-03-24 12:00
5435,45,True,False,False,False,True,True,False,True,False,False,False,False,False,False,Mardi-12-14h,NON,Mardi,2020-03-24 12:00
5436,63,False,False,True,False,False,False,False,False,False,False,False,False,False,False,Mardi-12-14h,NON,Mardi,2020-03-24 12:00
5437,3,False,False,False,False,False,True,False,False,False,False,False,True,False,False,Mardi-12-14h,OUI,Mardi,2020-03-24 12:00
5438,21,True,False,True,False,False,False,False,False,False,False,False,False,False,False,Mardi-12-14h,NON,Mardi,2020-03-24 12:00
5439,78,False,True,True,False,True,True,False,True,False,False,False,False,False,False,Mardi-12-14h,NON,Mardi,2020-03-24 12:00
5440,47,False,True,False,False,False,False,False,False,False,False,False,False,False,False,Mardi-12-14h,NON,Mardi,2020-03-24 12:00
5441,151,True,True,False,False,True,False,False,True,False,False,False,False,False,False,Mardi-12-14h,OUI,Mardi,2020-03-24 12:00
5442,6,True,False,True,False,False,False,False,False,False,False,False,False,False,False,Mardi-12-14h,OUI,Mardi,2020-03-24 12:00
5443,135,True,False,True,False,False,False,False,False,False,False,False,False,True,False,Mardi-12-14h,NON,Mardi,2020-03-24 12:00
5444,221,False,False,False,False,True,True,False,False,False,False,False,False,False,False,Mardi-12-14h,NON,Mardi,2020-03-24 12:00
5445,170,False,False,True,False,False,False,False,False,False,False,True,False,False,True,Mardi-12-14h,NON,Mardi,2020-03-24 12:00
5446,129,False,True,False,False,False,False,False,False,False,False,False,False,False,False,Mardi-12-14h,OUI,Mardi,2020-03-24 12:00
5447,132,True,True,True,False,False,True,False,False,False,False,False,False,False,False,Mardi-12-14h,OUI,Mardi,2020-03-24 12:00
5448,110,False,True,False,False,False,False,False,False,False,False,False,False,False,False,Mardi-12-14h,NON,Mardi,2020-03-24 12:00
5449,191,False,False,False,False,False,True,False,False,False,False,False,False,False,False,Mardi-12-14h,NON,Mardi,2020-03-24 12:00
5450,94,True,True,True,False,False,True,False,False,False,False,True,False,True,False,Mardi-12-14h,OUI,Mardi,2020-03-24 12:00
5451,108,False,False,False,False,False,True,True,False,False,False,False,False,False,False,Mardi-12-14h,OUI,Mardi,2020-03-24 12:00
5452,236,False,False,False,False,True,True,False,False,False,False,False,False,False,False,Mardi-12-14h,OUI,Mardi,2020-03-24 12:00
5453,42,True,False,True,False,True,False,False,False,False,False,False,False,False,False,Mardi-12-14h,NON,Mardi,2020-03-24 12:00
5454,155,True,False,False,False,True,False,False,False,False,False,False,False,False,False,Mardi-12-14h,NON,Mardi,2020-03-24 12:00
5455,1,False,False,False,False,False,False,False,False,False,False,False,False,False,False,Mardi-12-14h,NON,Mardi,2020-03-24 12:00
5456,58,False,True,True,False,False,True,False,False,False,False,True,False,False,False,Mardi-12-14h,OUI,Mardi,2020-03-24 12:00
5457,0,False,True,False,False,False,False,False,False,False,False,False,False,False,False,Mardi-12-14h,NON,Mardi,2020-03-24 12:00
5458,269,False,False,False,False,False,False,False,False,False,False,False,False,False,False,Mardi-12-14h,NON,Mardi,2020-03-24 12:00
5459,2,True,False,True,False,False,False,False,False,False,False,False,False,False,False,Mardi-12-14h,NON,Mardi,2020-03-24 12:00
5460,103,False,False,False,False,True,False,False,False,False,False,False,False,False,False,Mardi-12-14h,NON,Mardi,2020-03-24 12:00
5461,12,False,True,False,False,True,False,False,False,False,False,False,False,False,False,Mardi-12-14h,NON,Mardi,2020-03-24 12:00
5462,245,True,False,False,False,True,True,False,True,False,False,False,False,False,False,Mardi-12-14h,OUI,Mardi,2020-03-24 12:00
5463,161,False,False,True,False,False,False,False,False,False,False,True,False,False,False,Mardi-12-14h,OUI,Mardi,2020-03-24 12:00
5464,38,False,False,False,False,False,False,False,False,True,False,False,False,False,False,Mardi-12-14h,OUI,Mardi,2020-03-24 12:00
5465,122,False,False,False,False,False,False,False,False,False,False,False,False,False,False,Mardi-12-14h,NON,Mardi,2020-03-24 12:00
5466,248,False,False,True,False,False,False,False,False,False,False,False,False,True,False,Mardi-12-14h,NON,Mardi,2020-03-24 12:00
5467,271,False,True,True,False,False,True,False,False,False,False,False,False,False,False,Mardi-12-14h,OUI,Mardi,2020-03-24 12:00
5468,116,False,False,True,False,False,False,False,False,False,False,False,False,False,False,Mardi-12-14h,OUI,Mardi,2020-03-24 12:00
5469,117,True,True,True,True,False,True,False,False,False,False,False,False,False,False,Mardi-12-14h,NON,Mardi,2020-03-24 12:00
5470,213,False,False,False,False,True,True,False,True,False,False,False,False,False,False,Mardi-12-14h,NON,Mardi,2020-03-24 12:00
5471,220,False,True,True,False,False,True,False,False,False,False,False,False,False,False,Mardi-12-14h,OUI,Mardi,2020-03-24 12:00
5472,176,False,False,True,False,False,False,False,False,False,False,False,False,False,False,Mardi-12-14h,OUI,Mardi,2020-03-24 12:00
5473,96,False,False,False,False,True,True,False,False,False,True,False,False,False,False,Mardi-12-14h,NON,Mardi,2020-03-24 12:00
5474,214,False,False,False,False,True,True,False,False,False,True,False,False,False,False,Mardi-12-14h,OUI,Mardi,2020-03-24 12:00
5475,11,True,False,False,True,False,False,False,False,False,False,True,False,False,False,Mardi-12-14h,NON,Mardi,2020-03-24 12:00
5476,255,True,False,True,False,False,False,False,True,False,False,False,False,False,False,Mardi-12-14h,OUI,Mardi,2020-03-24 12:00
5477,86,False,False,True,False,False,False,False,False,False,False,False,False,False,False,Mardi-12-14h,OUI,Mardi,2020-03-24 12:00
5478,209,True,False,False,False,True,True,False,True,False,False,False,False,False,False,Mardi-12-14h,OUI,Mardi,2020-03-24 12:00
5479,291,False,False,False,False,False,True,False,False,True,False,False,False,False,False,Mardi-12-14h,NON,Mardi,2020-03-24 12:00
5480,287,False,False,False,False,False,False,False,False,False,False,False,True,False,False,Mardi-12-14h,NON,Mardi,2020-03-24 12:00
5481,104,False,False,False,False,True,True,False,False,False,False,False,False,False,False,Mardi-12-14h,OUI,Mardi,2020-03-24 12:00
5482,18,False,False,False,False,True,False,False,False,False,False,False,False,False,False,Mardi-12-14h,OUI,Mardi,2020-03-24 12:00
5483,123,False,True,False,False,True,True,False,False,False,False,False,False,False,False,Mardi-12-14h,OUI,Mardi,2020-03-24 12:00
5484,136,False,False,False,False,True,False,False,False,False,False,False,False,False,False,Mardi-12-14h,NON,Mardi,2020-03-24 12:00
5485,276,True,False,True,False,False,False,False,False,False,False,False,False,False,False,Mardi-12-14h,NON,Mardi,2020-03-24 12:00
5486,53,False,False,False,False,True,True,False,False,False,False,False,False,False,False,Mardi-12-14h,OUI,Mardi,2020-03-24 12:00
5487,179,True,False,True,False,False,False,False,False,False,False,False,False,False,False,Mardi-12-14h,OUI,Mardi,2020-03-24 12:00
5488,200,False,False,False,False,False,False,False,False,False,False,False,False,False,False,Mardi-12-14h,NON,Mardi,2020-03-24 12:00
5489,73,False,False,False,False,False,False,False,False,False,False,False,False,False,False,Mardi-12-14h,NON,Mardi,2020-03-24 12:00
5490,156,False,False,False,False,True,True,False,False,False,False,False,False,False,False,Mardi-12-14h,OUI,Mardi,2020-03-24 12:00
5491,128,True,True,True,False,False,True,False,False,False,False,False,False,False,False,Mardi-12-14h,NON,Mardi,2020-03-24 12:00
5492,118,False,False,False,False,False,False,False,False,False,False,False,False,False,False,Mardi-12-14h,NON,Mardi,2020-03-24 12:00
5493,112,True,False,True,False,False,False,False,False,False,False,False,False,False,False,Mardi-12-14h,NON,Mardi,2020-03-24 12:00
5494,35,False,False,False,False,True,True,False,False,False,False,False,False,False,False,Mardi-12-14h,NON,Mardi,2020-03-24 12:00
5495,32,False,False,False,False,False,False,False,False,False,False,False,True,False,False,Mardi-12-14h,NON,Mardi,2020-03-24 12:00
5496,199,True,False,True,False,False,False,False,False,False,False,False,False,False,False,Mardi-12-14h,OUI,Mardi,2020-03-24 12:00
5497,153,True,False,False,False,True,True,False,False,False,False,False,False,False,False,Mardi-12-14h,NON,Mardi,2020-03-24 12:00
5498,82,False,False,True,False,False,False,False,False,False,False,False,False,False,False,Mardi-12-14h,OUI,Mardi,2020-03-24 12:00
5499,292,False,True,False,False,False,False,False,False,False,False,False,False,False,False,Mardi-12-14h,NON,Mardi,2020-03-24 12:00
5500,169,False,False,False,True,False,False,False,False,False,False,False,False,False,False,Mardi-12-14h,NON,Mardi,2020-03-24 12:00
5501,16,False,False,False,False,True,True,False,False,False,False,False,False,False,False,Mardi-12-14h,OUI,Mardi,2020-03-24 12:00
5502,46,True,True,True,False,False,True,True,False,False,False,False,False,False,False,Mardi-12-14h,OUI,Mardi,2020-03-24 12:00
5503,216,False,True,False,False,False,True,False,False,False,False,False,False,False,False,Mardi-12-14h,OUI,Mardi,2020-03-24 12:00
5504,174,False,True,True,False,False,True,False,False,False,False,True,False,False,False,Mardi-12-14h,NON,Mardi,2020-03-24 12:00
5505,43,False,False,False,False,True,False,False,False,False,False,False,False,False,False,Mardi-12-14h,NON,Mardi,2020-03-24 12:00
5506,165,False,False,False,False,True,True,False,False,False,False,False,False,False,False,Mardi-12-14h,OUI,Mardi,2020-03-24 12:00
5507,126,False,True,False,False,False,True,False,False,False,False,False,False,False,False,Mardi-12-14h,NON,Mardi,2020-03-24 12:00
5508,41,False,False,False,False,False,True,False,False,True,False,False,False,False,False,Mardi-12-14h,NON,Mardi,2020-03-24 12:00
5509,157,False,False,True,False,False,False,False,False,False,False,False,False,False,False,Mardi-12-14h,NON,Mardi,2020-03-24 12:00
5510,272,False,True,True,False,False,False,True,False,False,False,True,False,True,True,Mardi-12-14h,OUI,Mardi,2020-03-24 12:00
5511,115,True,False,True,False,False,False,False,False,False,False,False,False,False,False,Mardi-12-14h,OUI,Mardi,2020-03-24 12:00
5512,84,False,False,False,False,False,False,False,False,False,False,False,True,False,False,Mardi-12-14h,NON,Mardi,2020-03-24 12:00
5513,183,True,True,True,True,False,False,False,False,False,False,False,False,False,False,Mardi-12-14h,OUI,Mardi,2020-03-24 12:00
5514,65,True,True,False,False,False,True,False,False,False,False,False,False,False,False,Mardi-12-14h,NON,Mardi,2020-03-24 12:00
5515,105,True,False,False,False,False,False,False,False,False,False,False,False,False,False,Mardi-12-14h,OUI,Mardi,2020-03-24 12:00
5516,187,True,False,False,False,False,True,False,False,False,False,False,False,False,False,Mardi-12-14h,OUI,Mardi,2020-03-24 12:00
5517,139,True,False,True,False,False,False,False,False,False,False,False,False,False,False,Mardi-12-14h,NON,Mardi,2020-03-24 12:00
5518,259,False,False,False,False,True,True,False,False,False,False,False,False,False,False,Mardi-12-14h,OUI,Mardi,2020-03-24 12:00
5519,124,True,False,True,False,False,False,False,False,False,False,True,False,False,False,Mardi-12-14h,OUI,Mardi,2020-03-24 12:00
5520,98,False,False,False,False,False,True,False,False,False,False,False,True,False,False,Mardi-12-14h,NON,Mardi,2020-03-24 12:00
5521,284,False,True,True,False,False,True,False,False,False,False,False,False,True,False,Mardi-12-14h,OUI,Mardi,2020-03-24 12:00
5522,148,True,False,True,False,True,False,False,True,False,False,False,False,False,False,Mardi-12-14h,OUI,Mardi,2020-03-24 12:00
5523,258,True,False,True,False,False,False,False,False,False,False,False,False,False,False,Mardi-12-14h,NON,Mardi,2020-03-24 12:00
5524,175,False,False,False,False,False,True,False,False,False,False,False,False,False,False,Mardi-12-14h,NON,Mardi,2020-03-24 12:00
5525,119,False,False,False,False,False,False,False,False,False,False,True,False,False,False,Mardi-12-14h,OUI,Mardi,2020-03-24 12:00
5526,229,True,False,True,False,False,False,False,True,False,False,False,False,False,False,Mardi-12-14h,OUI,Mardi,2020-03-24 12:00
5527,230,False,False,False,False,False,True,True,False,False,False,False,False,False,False,Mardi-12-14h,OUI,Mardi,2020-03-24 12:00
5528,17,True,False,False,False,False,True,True,False,False,False,False,False,False,False,Mardi-12-14h,OUI,Mardi,2020-03-24 12:00
5529,177,False,False,False,False,False,False,False,False,False,False,False,False,False,False,Mardi-12-14h,NON,Mardi,2020-03-24 12:00
5530,7,False,False,False,False,False,False,False,False,False,False,False,False,False,False,Mardi-12-14h,NON,Mardi,2020-03-24 12:00
5531,241,False,False,True,False,False,False,False,False,False,False,False,False,False,False,Mardi-12-14h,NON,Mardi,2020-03-24 12:00
5532,8,True,False,False,False,True,True,False,True,False,False,False,False,False,False,Mardi-12-14h,NON,Mardi,2020-03-24 12:00
5533,268,False,True,False,False,False,True,False,False,False,False,False,False,False,False,Mardi-12-14h,OUI,Mardi,2020-03-24 12:00
5534,294,False,False,True,False,True,False,False,False,False,False,False,False,False,False,Mardi-12-14h,OUI,Mardi,2020-03-24 12:00
5535,242,True,False,False,False,True,True,False,False,False,False,False,False,False,False,Mardi-12-14h,OUI,Mardi,2020-03-24 12:00
5536,194,False,False,False,False,False,True,False,False,False,False,False,False,False,False,Mardi-12-14h,NON,Mardi,2020-03-24 12:00
5537,243,False,False,False,False,True,True,False,False,False,False,False,False,False,False,Mardi-12-14h,OUI,Mardi,2020-03-24 12:00
5538,212,True,True,True,False,False,True,False,False,False,False,False,False,False,False,Mardi-12-14h,OUI,Mardi,2020-03-24 12:00
5539,19,False,False,False,False,False,True,False,False,False,False,False,False,False,False,Mardi-12-14h,OUI,Mardi,2020-03-24 12:00
5540,114,False,False,False,False,True,False,False,False,False,False,False,False,False,False,Mardi-12-14h,OUI,Mardi,2020-03-24 12:00
5541,190,False,False,False,False,False,True,False,False,True,False,False,False,False,False,Mardi-12-14h,NON,Mardi,2020-03-24 12:00
5542,64,False,False,True,False,False,False,False,False,False,False,False,False,False,False,Mardi-12-14h,OUI,Mardi,2020-03-24 12:00
5543,227,False,False,False,False,False,False,False,False,False,False,False,False,False,False,Mardi-12-14h,NON,Mardi,2020-03-24 12:00
5544,232,False,False,False,False,False,True,False,False,False,False,False,False,False,False,Mardi-12-14h,OUI,Mardi,2020-03-24 12:00
5545,246,False,True,False,False,False,True,True,False,False,False,False,False,False,False,Mardi-12-14h,NON,Mardi,2020-03-24 12:00
5546,100,False,False,False,False,False,True,False,False,False,False,False,False,False,False,Mardi-12-14h,NON,Mardi,2020-03-24 12:00
5547,13,False,False,False,False,True,False,False,False,False,False,False,False,False,False,Mardi-12-14h,NON,Mardi,2020-03-24 12:00
5548,262,True,True,True,False,False,False,False,False,False,False,False,False,False,False,Mardi-12-14h,NON,Mardi,2020-03-24 12:00
5549,76,True,True,True,False,False,True,False,False,False,False,True,False,False,False,Mardi-12-14h,NON,Mardi,2020-03-24 12:00
5550,261,False,True,False,False,True,False,False,False,False,False,False,False,False,False,Mardi-12-14h,NON,Mardi,2020-03-24 12:00
5551,150,False,True,False,False,False,False,False,False,False,False,False,False,False,False,Mardi-12-14h,OUI,Mardi,2020-03-24 12:00
5552,205,False,False,False,False,False,False,False,False,False,False,False,False,False,False,Mardi-12-14h,NON,Mardi,2020-03-24 12:00
5553,56,False,False,False,False,True,True,False,False,False,False,False,False,False,False,Mardi-12-14h,OUI,Mardi,2020-03-24 12:00
5554,186,False,False,False,False,True,False,False,False,False,False,False,False,False,False,Mardi-12-14h,OUI,Mardi,2020-03-24 12:00
5555,162,True,False,False,False,True,True,False,False,False,False,False,False,False,False,Mardi-12-14h,NON,Mardi,2020-03-24 12:00
5556,68,False,True,False,False,True,True,False,False,False,False,False,False,False,False,Mardi-12-14h,OUI,Mardi,2020-03-24 12:00
5557,146,False,False,False,False,False,True,False,False,False,False,False,True,False,False,Mardi-12-14h,OUI,Mardi,2020-03-24 12:00
5558,49,False,False,False,False,False,False,False,False,False,False,False,False,True,False,Mardi-12-14h,NON,Mardi,2020-03-24 12:00
5559,91,True,False,True,True,False,False,False,False,False,False,False,False,False,False,Mardi-12-14h,OUI,Mardi,2020-03-24 12:00
5560,22,False,False,False,False,False,False,False,False,False,True,False,False,False,False,Mardi-12-14h,NON,Mardi,2020-03-24 12:00
5561,151,False,False,False,False,True,False,False,False,False,False,False,False,False,False,Mardi-12-14h,NON,Mardi,2020-03-24 12:00
5562,193,False,False,False,False,True,True,False,False,False,False,False,False,False,False,Mardi-12-14h,NON,Mardi,2020-03-24 12:00
5563,9,True,True,False,False,False,False,False,False,False,False,False,False,False,False,Mardi-12-14h,NON,Mardi,2020-03-24 12:00
5564,99,True,False,True,False,False,False,False,False,False,False,False,False,False,False,Mardi-12-14h,NON,Mardi,2020-03-24 12:00
5565,181,False,False,False,False,True,True,False,False,False,False,False,False,False,False,Mardi-12-14h,OUI,Mardi,2020-03-24 12:00
5566,111,False,False,False,False,False,True,False,True,False,False,False,False,False,False,Mardi-12-14h,OUI,Mardi,2020-03-24 12:00
5567,44,False,True,False,False,False,True,False,False,False,False,False,False,False,False,Mardi-12-14h,OUI,Mardi,2020-03-24 12:00
5568,24,False,False,False,False,True,False,False,True,False,False,False,False,False,False,Mardi-12-14h,NON,Mardi,2020-03-24 12:00
5569,102,False,False,False,False,True,True,False,True,False,False,False,False,False,False,Mardi-12-14h,NON,Mardi,2020-03-24 12:00
5570,203,True,True,False,False,False,False,False,True,False,False,False,False,False,False,Mardi-12-14h,NON,Mardi,2020-03-24 12:00
5571,140,False,False,False,False,True,True,False,True,False,False,False,False,False,False,Mardi-12-14h,NON,Mardi,2020-03-24 12:00
5572,188,False,False,False,False,False,True,False,False,True,False,False,False,False,False,Mardi-12-14h,OUI,Mardi,2020-03-24 12:00
5573,206,False,False,False,True,False,False,False,False,False,False,True,False,False,False,Mardi-12-14h,OUI,Mardi,2020-03-24 12:00
5574,273,False,False,False,False,False,False,False,False,False,False,False,True,False,False,Mardi-12-14h,NON,Mardi,2020-03-24 12:00
5575,69,True,False,True,False,False,False,False,False,False,False,False,False,False,False,Mardi-12-14h,OUI,Mardi,2020-03-24 12:00
5576,87,True,False,False,True,False,False,False,False,False,False,True,False,False,False,Mardi-12-14h,NON,Mardi,2020-03-24 12:00
5577,83,True,False,True,False,False,False,False,False,False,False,False,False,False,False,Mardi-12-14h,OUI,Mardi,2020-03-24 12:00
5578,149,True,False,True,True,False,False,False,False,False,False,False,False,False,False,Mardi-12-14h,NON,Mardi,2020-03-24 12:00
5579,274,False,False,False,False,False,True,False,False,False,False,False,False,False,False,Mardi-12-14h,NON,Mardi,2020-03-24 12:00
5580,282,True,False,True,True,False,False,False,False,False,False,False,False,False,False,Mardi-12-14h,OUI,Mardi,2020-03-24 12:00
5581,147,False,False,False,False,False,False,False,False,False,False,False,False,False,False,Mardi-12-14h,NON,Mardi,2020-03-24 12:00
5582,238,False,False,False,False,False,False,False,False,False,False,False,True,False,False,Mardi-12-14h,NON,Mardi,2020-03-24 12:00
5583,201,False,False,False,False,False,False,False,False,False,False,False,False,False,False,Mardi-12-14h,NON,Mardi,2020-03-24 12:00
5584,152,False,True,False,False,False,False,False,False,False,False,False,False,False,False,Mardi-12-14h,NON,Mardi,2020-03-24 12:00
5585,222,False,False,False,False,False,True,False,False,True,True,False,False,False,False,Mardi-12-14h,OUI,Mardi,2020-03-24 12:00
5586,106,False,False,False,False,False,True,False,False,False,False,False,True,False,False,Mardi-12-14h,NON,Mardi,2020-03-24 12:00
5587,133,False,False,True,False,True,False,False,False,False,False,False,False,False,False,Mardi-12-14h,NON,Mardi,2020-03-24 12:00
5588,163,False,False,False,False,True,False,False,False,False,False,False,False,False,False,Mardi-12-14h,OUI,Mardi,2020-03-24 12:00
5589,231,False,False,False,False,False,False,False,False,False,False,False,False,False,False,Mardi-12-14h,NON,Mardi,2020-03-24 12:00
5590,25,False,False,False,False,True,False,False,False,False,False,False,False,False,False,Mardi-12-14h,NON,Mardi,2020-03-24 12:00
5591,196,False,False,True,False,True,False,False,True,False,False,False,False,False,False,Mardi-12-14h,OUI,Mardi,2020-03-24 12:00
5592,5,False,False,False,False,True,True,False,False,False,False,False,False,False,False,Mardi-12-14h,OUI,Mardi,2020-03-24 12:00
5593,90,False,True,False,False,False,False,False,False,False,False,False,False,False,False,Mardi-12-14h,NON,Mardi,2020-03-24 12:00
5594,244,True,False,True,False,False,False,False,False,False,False,False,False,False,False,Mardi-12-14h,OUI,Mardi,2020-03-24 12:00
5595,107,False,True,False,False,False,True,False,False,False,False,False,False,False,False,Mardi-12-14h,OUI,Mardi,2020-03-24 12:00
5596,218,False,True,False,False,True,True,False,False,False,False,False,False,False,False,Mardi-12-14h,NON,Mardi,2020-03-24 12:00
5597,62,False,True,True,False,True,True,False,False,False,False,False,False,False,False,Mardi-12-14h,NON,Mardi,2020-03-24 12:00
5598,79,False,True,False,False,False,False,False,False,False,False,False,False,False,False,Mardi-12-14h,NON,Mardi,2020-03-24 12:00
5599,208,False,False,False,False,False,True,False,False,False,False,False,False,False,False,Mardi-12-14h,NON,Mardi,2020-03-24 12:00
5600,270,False,False,False,False,False,False,False,False,True,False,False,False,False,False,Mardi-12-14h,NON,Mardi,2020-03-24 12:00
5601,166,True,False,False,False,True,True,False,False,False,False,False,False,False,False,Mardi-12-14h,OUI,Mardi,2020-03-24 12:00
5602,77,False,False,True,False,True,False,False,False,False,False,False,False,False,False,Mardi-12-14h,NON,Mardi,2020-03-24 12:00
5603,29,False,False,False,False,False,True,False,False,False,False,False,True,False,False,Mardi-12-14h,OUI,Mardi,2020-03-24 12:00
5604,240,False,False,False,False,False,True,False,False,False,False,False,False,False,False,Mardi-12-14h,NON,Mardi,2020-03-24 12:00
5605,184,False,True,False,False,False,False,False,False,False,False,False,False,False,False,Mardi-12-14h,OUI,Mardi,2020-03-24 12:00
5606,277,False,True,True,False,False,True,False,False,False,False,False,False,False,False,Mardi-12-14h,OUI,Mardi,2020-03-24 12:00
5607,80,True,False,False,False,False,True,False,False,False,True,False,False,False,False,Mardi-12-14h,OUI,Mardi,2020-03-24 12:00
5608,185,True,True,True,False,False,True,False,False,False,False,True,False,True,False,Mardi-12-14h,NON,Mardi,2020-03-24 12:00
5609,204,False,False,False,False,True,True,False,False,False,False,False,True,False,False,Mardi-12-14h,OUI,Mardi,2020-03-24 12:00
5610,252,True,True,True,False,False,True,False,False,False,False,False,False,False,False,Mardi-12-14h,NON,Mardi,2020-03-24 12:00
5611,26,False,False,False,False,True,False,False,False,False,False,False,False,False,False,Mardi-12-14h,NON,Mardi,2020-03-24 12:00
5612,70,False,False,False,False,True,False,False,False,False,False,False,True,False,False,Mardi-12-14h,OUI,Mardi,2020-03-24 12:00
5613,233,False,False,False,False,True,False,False,False,False,False,False,False,False,False,Mardi-12-14h,OUI,Mardi,2020-03-24 12:00
5614,37,True,True,True,False,True,True,False,False,False,False,False,False,False,False,Mardi-12-14h,NON,Mardi,2020-03-24 12:00
5615,185,False,False,True,False,False,False,False,False,False,False,False,False,False,False,Mardi-12-14h,OUI,Mardi,2020-03-24 12:00
5616,138,True,False,False,False,True,True,False,False,False,False,False,False,False,False,Mardi-12-14h,NON,Mardi,2020-03-24 12:00
5617,224,True,False,True,False,False,False,False,False,False,False,False,False,False,False,Mardi-12-14h,NON,Mardi,2020-03-24 12:00
5618,66,False,False,False,False,True,True,False,False,False,False,False,False,True,False,Mardi-12-14h,OUI,Mardi,2020-03-24 12:00
5619,211,False,False,True,False,False,False,False,False,False,False,False,False,True,False,Mardi-12-14h,NON,Mardi,2020-03-24 12:00
5620,14,False,False,False,False,True,True,False,False,False,False,False,False,False,False,Mardi-12-14h,NON,Mardi,2020-03-24 12:00
5621,145,False,False,False,False,True,False,False,False,False,False,False,False,False,False,Mardi-12-14h,NON,Mardi,2020-03-24 12:00
5622,36,False,False,False,False,False,False,False,False,False,False,False,True,False,False,Mardi-12-14h,OUI,Mardi,2020-03-24 12:00
5623,60,True,True,True,False,False,True,False,False,False,False,False,False,False,False,Mardi-12-14h,NON,Mardi,2020-03-24 12:00
5624,137,True,True,True,False,False,True,False,False,False,False,True,False,False,False,Mardi-12-14h,OUI,Mardi,2020-03-24 12:00
5625,285,False,True,False,False,True,True,False,False,False,False,False,False,False,False,Mardi-12-14h,OUI,Mardi,2020-03-24 12:00
5626,40,False,True,True,False,True,True,False,False,False,False,False,False,False,False,Mardi-12-14h,OUI,Mardi,2020-03-24 12:00
5627,97,False,False,False,False,False,True,False,False,False,False,False,False,False,False,Mardi-12-14h,NON,Mardi,2020-03-24 12:00
5628,109,True,False,True,True,False,False,False,False,False,False,False,False,False,False,Mardi-12-14h,NON,Mardi,2020-03-24 12:00
5629,10,False,False,False,False,False,False,False,False,False,False,False,False,False,False,Mardi-12-14h,NON,Mardi,2020-03-24 12:00
5630,256,False,False,False,False,False,False,False,False,False,False,False,True,False,False,Mardi-12-14h,NON,Mardi,2020-03-24 12:00
5631,141,True,True,True,False,False,False,False,False,False,False,True,False,False,False,Mardi-12-14h,OUI,Mardi,2020-03-24 12:00
5632,28,False,False,False,False,False,False,False,False,False,False,False,False,False,False,Mardi-12-14h,NON,Mardi,2020-03-24 12:00
5633,101,True,True,True,True,True,True,False,False,False,False,False,False,False,False,Mardi-12-14h,OUI,Mardi,2020-03-24 12:00
5634,48,True,False,True,False,True,False,False,False,False,False,False,False,True,False,Mardi-12-14h,OUI,Mardi,2020-03-24 12:00
5635,27,False,False,False,False,False,True,False,False,False,False,False,False,False,False,Mardi-12-14h,NON,Mardi,2020-03-24 12:00
5636,142,True,False,True,False,False,False,False,False,False,False,True,False,True,False,Mardi-12-14h,NON,Mardi,2020-03-24 12:00
5637,234,False,False,True,False,False,False,False,False,False,False,True,False,False,False,Mardi-12-14h,NON,Mardi,2020-03-24 12:00
5638,23,False,False,False,False,True,False,False,False,False,False,False,False,False,False,Mardi-12-14h,NON,Mardi,2020-03-24 12:00
5639,195,False,False,False,False,True,False,False,False,True,False,False,False,False,False,Mardi-12-14h,NON,Mardi,2020-03-24 12:00
5640,275,False,False,False,False,False,False,False,False,False,False,False,True,False,False,Mardi-12-14h,NON,Mardi,2020-03-24 12:00
5641,226,False,False,False,False,True,True,False,False,False,False,False,False,False,False,Mardi-12-14h,NON,Mardi,2020-03-24 12:00
5642,207,False,False,True,False,False,False,False,False,False,False,False,False,False,False,Mardi-12-14h,OUI,Mardi,2020-03-24 12:00
5643,57,False,False,False,False,False,False,False,False,False,False,False,False,False,False,Mardi-12-14h,NON,Mardi,2020-03-24 12:00
5644,4,False,True,False,False,False,True,False,False,False,False,False,False,False,False,Mardi-12-14h,NON,Mardi,2020-03-24 12:00
5645,265,False,False,False,False,False,True,False,False,False,False,False,False,False,False,Mardi-12-14h,OUI,Mardi,2020-03-24 12:00
5646,88,False,True,False,False,False,False,False,False,False,False,False,False,False,False,Mardi-12-14h,NON,Mardi,2020-03-24 12:00
5647,198,False,False,False,False,False,False,False,False,False,False,True,False,False,False,Mardi-12-14h,NON,Mardi,2020-03-24 12:00
5648,249,True,True,True,False,False,False,False,False,False,False,False,False,False,False,Mardi-12-14h,NON,Mardi,2020-03-24 12:00
5649,263,False,False,False,False,True,True,False,False,False,False,False,False,False,False,Mardi-12-14h,OUI,Mardi,2020-03-24 12:00
5650,217,True,False,True,False,False,False,False,False,False,False,False,False,True,False,Mardi-12-14h,OUI,Mardi,2020-03-24 12:00
5651,278,False,False,False,False,True,True,False,False,False,False,False,False,False,False,Mardi-12-14h,NON,Mardi,2020-03-24 12:00
5652,189,False,True,False,False,False,False,False,False,False,False,False,False,False,False,Mardi-12-14h,NON,Mardi,2020-03-24 12:00
5653,61,True,False,True,False,False,False,False,False,False,False,False,False,False,False,Mardi-12-14h,NON,Mardi,2020-03-24 12:00
5654,251,False,False,False,False,False,False,False,False,False,False,False,False,True,False,Mardi-12-14h,NON,Mardi,2020-03-24 12:00
5655,281,False,True,False,False,False,False,False,False,False,False,False,False,False,False,Mardi-12-14h,NON,Mardi,2020-03-24 12:00
5656,134,False,True,False,False,False,False,False,False,False,False,False,False,False,False,Mardi-12-14h,OUI,Mardi,2020-03-24 12:00
5657,293,False,True,False,False,False,True,False,False,False,False,False,False,False,False,Mardi-12-14h,OUI,Mardi,2020-03-24 12:00
5658,279,True,True,True,True,False,True,False,False,False,False,False,False,False,False,Mardi-12-14h,OUI,Mardi,2020-03-24 12:00
5659,81,True,False,True,True,False,False,False,True,False,False,False,False,False,False,Mardi-12-14h,NON,Mardi,2020-03-24 12:00
5660,92,True,False,False,True,False,False,False,False,False,False,True,False,False,False,Mardi-12-14h,NON,Mardi,2020-03-24 12:00
5661,147,False,False,False,False,False,False,False,False,False,False,False,False,False,False,Mardi-12-14h,NON,Mardi,2020-03-24 12:00
5662,33,False,True,False,False,True,False,False,False,False,False,False,False,False,False,Mardi-12-14h,NON,Mardi,2020-03-24 12:00
5663,266,False,False,False,False,False,False,False,False,False,False,False,False,False,False,Mardi-12-14h,NON,Mardi,2020-03-24 12:00
5664,225,True,False,False,False,False,True,False,False,False,False,False,False,False,False,Mardi-12-14h,NON,Mardi,2020-03-24 12:00
5665,83,True,False,True,False,False,False,False,False,False,False,False,False,False,False,Mardi-12-14h,OUI,Mardi,2020-03-24 12:00
5666,95,False,False,False,False,True,True,False,True,False,False,False,False,False,False,Mardi-12-14h,NON,Mardi,2020-03-24 12:00
5667,127,False,False,False,False,True,False,False,False,False,False,False,False,False,False,Mardi-12-14h,NON,Mardi,2020-03-24 12:00
5668,20,False,False,False,False,False,False,False,False,False,False,False,False,False,False,Mardi-12-14h,NON,Mardi,2020-03-24 12:00
5669,89,False,False,False,False,False,False,False,False,True,False,False,False,False,False,Mardi-12-14h,NON,Mardi,2020-03-24 12:00
5670,120,False,True,True,False,True,True,False,True,False,False,True,False,False,False,Mardi-12-14h,NON,Mardi,2020-03-24 12:00
5671,253,False,False,False,False,True,True,False,False,False,False,False,True,False,False,Mardi-12-14h,NON,Mardi,2020-03-24 12:00
5672,52,False,False,True,False,False,False,False,False,False,False,False,False,False,False,Mardi-12-14h,OUI,Mardi,2020-03-24 12:00
5673,168,True,False,True,False,False,False,False,True,False,False,False,False,False,False,Mardi-12-14h,NON,Mardi,2020-03-24 12:00
5674,202,False,True,False,False,False,False,False,False,False,False,False,False,False,False,Mardi-12-14h,NON,Mardi,2020-03-24 12:00
5675,172,False,False,False,False,True,False,False,False,False,False,False,False,False,False,Mardi-12-14h,OUI,Mardi,2020-03-24 12:00
5676,239,False,False,False,False,True,True,False,False,False,False,False,False,False,False,Mardi-12-14h,NON,Mardi,2020-03-24 12:00
5677,85,False,False,False,False,True,False,False,False,False,False,False,False,False,False,Mardi-12-14h,NON,Mardi,2020-03-24 12:00
5678,215,False,False,False,False,False,False,False,False,True,False,False,False,False,False,Mardi-12-14h,NON,Mardi,2020-03-24 12:00
5679,260,True,False,True,False,False,False,False,False,False,False,False,False,False,False,Mardi-12-14h,NON,Mardi,2020-03-24 12:00
5680,286,True,True,False,False,True,False,False,False,False,False,False,False,False,False,Mardi-12-14h,OUI,Mardi,2020-03-24 12:00
5681,72,False,True,False,False,False,False,False,False,False,False,False,False,False,False,Mardi-14-16h,OUI,Mardi,2020-03-24 14:00
5682,167,True,True,True,True,True,True,False,False,False,False,False,False,False,False,Mardi-14-16h,OUI,Mardi,2020-03-24 14:00
5683,130,True,False,True,False,False,False,False,True,False,False,False,False,True,True,Mardi-14-16h,OUI,Mardi,2020-03-24 14:00
5684,288,True,True,True,False,True,False,False,False,False,False,False,False,False,False,Mardi-14-16h,OUI,Mardi,2020-03-24 14:00
5685,59,False,False,False,False,False,True,False,False,False,False,False,False,False,False,Mardi-14-16h,NON,Mardi,2020-03-24 14:00
5686,178,True,False,False,False,False,False,False,False,False,False,True,False,False,False,Mardi-14-16h,OUI,Mardi,2020-03-24 14:00
5687,254,False,False,False,False,False,False,False,False,False,False,False,True,False,False,Mardi-14-16h,NON,Mardi,2020-03-24 14:00
5688,34,False,False,False,False,False,False,False,False,False,False,False,False,False,False,Mardi-14-16h,NON,Mardi,2020-03-24 14:00
5689,264,False,False,False,False,True,True,True,False,False,False,False,False,False,False,Mardi-14-16h,NON,Mardi,2020-03-24 14:00
5690,158,True,False,False,False,True,False,False,False,False,True,False,False,False,False,Mardi-14-16h,OUI,Mardi,2020-03-24 14:00
5691,210,False,True,False,False,True,True,False,False,False,False,False,False,False,False,Mardi-14-16h,OUI,Mardi,2020-03-24 14:00
5692,93,False,False,False,False,True,False,False,False,False,False,False,False,True,False,Mardi-14-16h,OUI,Mardi,2020-03-24 14:00
5693,144,True,False,True,False,True,False,False,False,False,False,False,False,False,False,Mardi-14-16h,NON,Mardi,2020-03-24 14:00
5694,164,False,True,False,False,True,True,False,False,False,False,False,False,False,False,Mardi-14-16h,OUI,Mardi,2020-03-24 14:00
5695,289,False,False,False,False,True,True,False,False,False,False,False,False,False,False,Mardi-14-16h,NON,Mardi,2020-03-24 14:00
5696,50,False,False,False,False,False,False,False,False,False,False,False,False,False,False,Mardi-14-16h,NON,Mardi,2020-03-24 14:00
5697,51,True,True,False,False,True,False,False,False,False,False,False,False,False,False,Mardi-14-16h,NON,Mardi,2020-03-24 14:00
5698,247,False,False,True,False,False,False,False,False,False,False,False,False,False,False,Mardi-14-16h,NON,Mardi,2020-03-24 14:00
5699,159,False,False,False,False,False,False,False,True,False,False,False,False,False,False,Mardi-14-16h,NON,Mardi,2020-03-24 14:00
5700,54,False,False,False,False,False,True,False,False,False,False,False,False,False,False,Mardi-14-16h,NON,Mardi,2020-03-24 14:00
5701,55,True,False,False,False,True,True,False,True,False,False,False,False,False,False,Mardi-14-16h,NON,Mardi,2020-03-24 14:00
5702,257,False,False,False,False,True,False,False,False,False,False,False,False,False,False,Mardi-14-16h,OUI,Mardi,2020-03-24 14:00
5703,67,False,False,False,False,False,False,False,False,False,False,False,False,False,False,Mardi-14-16h,NON,Mardi,2020-03-24 14:00
5704,71,True,False,True,False,False,False,False,False,False,False,False,False,False,False,Mardi-14-16h,NON,Mardi,2020-03-24 14:00
5705,280,False,False,False,False,False,True,False,False,False,False,False,False,False,False,Mardi-14-16h,OUI,Mardi,2020-03-24 14:00
5706,283,True,True,False,False,False,False,False,False,False,False,False,False,False,False,Mardi-14-16h,OUI,Mardi,2020-03-24 14:00
5707,154,False,False,False,False,True,True,False,False,False,False,False,True,False,False,Mardi-14-16h,OUI,Mardi,2020-03-24 14:00
5708,171,False,False,False,False,False,False,False,False,False,False,False,True,False,False,Mardi-14-16h,OUI,Mardi,2020-03-24 14:00
5709,131,False,False,True,False,False,False,False,False,False,False,False,False,False,False,Mardi-14-16h,OUI,Mardi,2020-03-24 14:00
5710,237,True,False,False,False,False,True,True,False,False,False,False,False,True,False,Mardi-14-16h,NON,Mardi,2020-03-24 14:00
5711,75,False,False,False,False,True,True,False,False,False,False,False,False,False,False,Mardi-14-16h,NON,Mardi,2020-03-24 14:00
5712,235,True,False,False,False,True,False,False,False,False,False,False,False,False,False,Mardi-14-16h,NON,Mardi,2020-03-24 14:00
5713,180,False,False,False,False,True,True,False,False,False,False,False,False,False,False,Mardi-14-16h,OUI,Mardi,2020-03-24 14:00
5714,219,False,False,False,False,False,True,False,False,False,False,False,False,False,False,Mardi-14-16h,OUI,Mardi,2020-03-24 14:00
5715,250,False,False,False,False,False,False,False,False,True,False,False,False,False,False,Mardi-14-16h,NON,Mardi,2020-03-24 14:00
5716,267,True,True,False,False,False,False,False,False,False,False,False,False,False,False,Mardi-14-16h,OUI,Mardi,2020-03-24 14:00
5717,160,False,True,False,False,False,True,False,False,False,False,False,False,False,False,Mardi-14-16h,NON,Mardi,2020-03-24 14:00
5718,182,False,True,False,False,True,True,True,False,False,False,False,False,False,False,Mardi-14-16h,OUI,Mardi,2020-03-24 14:00
5719,143,False,False,False,False,False,False,False,True,False,False,True,False,False,False,Mardi-14-16h,OUI,Mardi,2020-03-24 14:00
5720,223,True,True,False,False,False,False,False,False,False,False,False,False,False,False,Mardi-14-16h,NON,Mardi,2020-03-24 14:00
5721,192,True,False,True,False,False,False,False,False,False,False,False,False,False,False,Mardi-14-16h,OUI,Mardi,2020-03-24 14:00
5722,30,False,False,True,False,False,False,False,True,False,False,False,False,False,False,Mardi-14-16h,OUI,Mardi,2020-03-24 14:00
5723,125,True,False,False,False,True,False,False,True,False,False,False,False,False,False,Mardi-14-16h,NON,Mardi,2020-03-24 14:00
5724,39,False,False,True,False,True,False,False,True,False,False,False,False,False,False,Mardi-14-16h,OUI,Mardi,2020-03-24 14:00
5725,113,True,False,True,False,False,False,False,False,False,False,False,False,False,False,Mardi-14-16h,NON,Mardi,2020-03-24 14:00
5726,121,True,False,True,False,False,False,False,True,False,False,False,False,False,False,Mardi-14-16h,NON,Mardi,2020-03-24 14:00
5727,228,False,False,False,False,False,False,False,False,False,False,True,False,False,False,Mardi-14-16h,OUI,Mardi,2020-03-24 14:00
5728,290,False,False,False,False,False,False,False,False,True,False,False,False,False,False,Mardi-14-16h,NON,Mardi,2020-03-24 14:00
5729,197,False,False,True,False,True,False,False,False,False,False,False,False,False,False,Mardi-14-16h,NON,Mardi,2020-03-24 14:00
5730,31,True,True,True,False,False,True,False,False,False,False,False,False,False,False,Mardi-14-16h,OUI,Mardi,2020-03-24 14:00
5731,173,True,False,False,False,True,True,False,True,False,False,False,False,False,False,Mardi-14-16h,OUI,Mardi,2020-03-24 14:00
5732,74,True,False,False,True,False,False,False,True,False,False,True,False,False,False,Mardi-14-16h,NON,Mardi,2020-03-24 14:00
5733,15,False,False,True,False,False,False,False,False,False,False,False,False,False,False,Mardi-14-16h,NON,Mardi,2020-03-24 14:00
5734,45,True,False,False,False,True,True,False,True,False,False,False,False,False,False,Mardi-14-16h,NON,Mardi,2020-03-24 14:00
5735,63,False,False,True,False,False,False,False,False,False,False,False,False,False,False,Mardi-14-16h,NON,Mardi,2020-03-24 14:00
5736,3,False,False,False,False,False,True,False,False,False,False,False,True,False,False,Mardi-14-16h,OUI,Mardi,2020-03-24 14:00
5737,21,True,False,True,False,False,False,False,False,False,False,False,False,False,False,Mardi-14-16h,OUI,Mardi,2020-03-24 14:00
5738,78,False,True,True,False,True,True,False,True,False,False,False,False,False,False,Mardi-14-16h,NON,Mardi,2020-03-24 14:00
5739,47,False,True,False,False,False,False,False,False,False,False,False,False,False,False,Mardi-14-16h,NON,Mardi,2020-03-24 14:00
5740,151,True,True,False,False,True,False,False,True,False,False,False,False,False,False,Mardi-14-16h,NON,Mardi,2020-03-24 14:00
5741,6,True,False,True,False,False,False,False,False,False,False,False,False,False,False,Mardi-14-16h,OUI,Mardi,2020-03-24 14:00
5742,135,True,False,True,False,False,False,False,False,False,False,False,False,True,False,Mardi-14-16h,NON,Mardi,2020-03-24 14:00
5743,221,False,False,False,False,True,True,False,False,False,False,False,False,False,False,Mardi-14-16h,NON,Mardi,2020-03-24 14:00
5744,170,False,False,True,False,False,False,False,False,False,False,True,False,False,True,Mardi-14-16h,NON,Mardi,2020-03-24 14:00
5745,129,False,True,False,False,False,False,False,False,False,False,False,False,False,False,Mardi-14-16h,OUI,Mardi,2020-03-24 14:00
5746,132,True,True,True,False,False,True,False,False,False,False,False,False,False,False,Mardi-14-16h,OUI,Mardi,2020-03-24 14:00
5747,110,False,True,False,False,False,False,False,False,False,False,False,False,False,False,Mardi-14-16h,NON,Mardi,2020-03-24 14:00
5748,191,False,False,False,False,False,True,False,False,False,False,False,False,False,False,Mardi-14-16h,NON,Mardi,2020-03-24 14:00
5749,94,True,True,True,False,False,True,False,False,False,False,True,False,True,False,Mardi-14-16h,OUI,Mardi,2020-03-24 14:00
5750,108,False,False,False,False,False,True,True,False,False,False,False,False,False,False,Mardi-14-16h,OUI,Mardi,2020-03-24 14:00
5751,236,False,False,False,False,True,True,False,False,False,False,False,False,False,False,Mardi-14-16h,OUI,Mardi,2020-03-24 14:00
5752,42,True,False,True,False,True,False,False,False,False,False,False,False,False,False,Mardi-14-16h,OUI,Mardi,2020-03-24 14:00
5753,155,True,False,False,False,True,False,False,False,False,False,False,False,False,False,Mardi-14-16h,NON,Mardi,2020-03-24 14:00
5754,1,False,False,False,False,False,False,False,False,False,False,False,False,False,False,Mardi-14-16h,NON,Mardi,2020-03-24 14:00
5755,58,False,True,True,False,False,True,False,False,False,False,True,False,False,False,Mardi-14-16h,OUI,Mardi,2020-03-24 14:00
5756,0,False,True,False,False,False,False,False,False,False,False,False,False,False,False,Mardi-14-16h,NON,Mardi,2020-03-24 14:00
5757,269,False,False,False,False,False,False,False,False,False,False,False,False,False,False,Mardi-14-16h,NON,Mardi,2020-03-24 14:00
5758,2,True,False,True,False,False,False,False,False,False,False,False,False,False,False,Mardi-14-16h,NON,Mardi,2020-03-24 14:00
5759,103,False,False,False,False,True,False,False,False,False,False,False,False,False,False,Mardi-14-16h,NON,Mardi,2020-03-24 14:00
5760,12,False,True,False,False,True,False,False,False,False,False,False,False,False,False,Mardi-14-16h,NON,Mardi,2020-03-24 14:00
5761,245,True,False,False,False,True,True,False,True,False,False,False,False,False,False,Mardi-14-16h,NON,Mardi,2020-03-24 14:00
5762,161,False,False,True,False,False,False,False,False,False,False,True,False,False,False,Mardi-14-16h,OUI,Mardi,2020-03-24 14:00
5763,38,False,False,False,False,False,False,False,False,True,False,False,False,False,False,Mardi-14-16h,OUI,Mardi,2020-03-24 14:00
5764,122,False,False,False,False,False,False,False,False,False,False,False,False,False,False,Mardi-14-16h,NON,Mardi,2020-03-24 14:00
5765,248,False,False,True,False,False,False,False,False,False,False,False,False,True,False,Mardi-14-16h,NON,Mardi,2020-03-24 14:00
5766,271,False,True,True,False,False,True,False,False,False,False,False,False,False,False,Mardi-14-16h,OUI,Mardi,2020-03-24 14:00
5767,116,False,False,True,False,False,False,False,False,False,False,False,False,False,False,Mardi-14-16h,OUI,Mardi,2020-03-24 14:00
5768,117,True,True,True,True,False,True,False,False,False,False,False,False,False,False,Mardi-14-16h,NON,Mardi,2020-03-24 14:00
5769,213,False,False,False,False,True,True,False,True,False,False,False,False,False,False,Mardi-14-16h,NON,Mardi,2020-03-24 14:00
5770,220,False,True,True,False,False,True,False,False,False,False,False,False,False,False,Mardi-14-16h,OUI,Mardi,2020-03-24 14:00
5771,176,False,False,True,False,False,False,False,False,False,False,False,False,False,False,Mardi-14-16h,OUI,Mardi,2020-03-24 14:00
5772,96,False,False,False,False,True,True,False,False,False,True,False,False,False,False,Mardi-14-16h,OUI,Mardi,2020-03-24 14:00
5773,214,False,False,False,False,True,True,False,False,False,True,False,False,False,False,Mardi-14-16h,OUI,Mardi,2020-03-24 14:00
5774,11,True,False,False,True,False,False,False,False,False,False,True,False,False,False,Mardi-14-16h,NON,Mardi,2020-03-24 14:00
5775,255,True,False,True,False,False,False,False,True,False,False,False,False,False,False,Mardi-14-16h,OUI,Mardi,2020-03-24 14:00
5776,86,False,False,True,False,False,False,False,False,False,False,False,False,False,False,Mardi-14-16h,OUI,Mardi,2020-03-24 14:00
5777,209,True,False,False,False,True,True,False,True,False,False,False,False,False,False,Mardi-14-16h,OUI,Mardi,2020-03-24 14:00
5778,291,False,False,False,False,False,True,False,False,True,False,False,False,False,False,Mardi-14-16h,NON,Mardi,2020-03-24 14:00
5779,287,False,False,False,False,False,False,False,False,False,False,False,True,False,False,Mardi-14-16h,NON,Mardi,2020-03-24 14:00
5780,104,False,False,False,False,True,True,False,False,False,False,False,False,False,False,Mardi-14-16h,OUI,Mardi,2020-03-24 14:00
5781,18,False,False,False,False,True,False,False,False,False,False,False,False,False,False,Mardi-14-16h,OUI,Mardi,2020-03-24 14:00
5782,123,False,True,False,False,True,True,False,False,False,False,False,False,False,False,Mardi-14-16h,OUI,Mardi,2020-03-24 14:00
5783,136,False,False,False,False,True,False,False,False,False,False,False,False,False,False,Mardi-14-16h,NON,Mardi,2020-03-24 14:00
5784,276,True,False,True,False,False,False,False,False,False,False,False,False,False,False,Mardi-14-16h,NON,Mardi,2020-03-24 14:00
5785,53,False,False,False,False,True,True,False,False,False,False,False,False,False,False,Mardi-14-16h,OUI,Mardi,2020-03-24 14:00
5786,179,True,False,True,False,False,False,False,False,False,False,False,False,False,False,Mardi-14-16h,OUI,Mardi,2020-03-24 14:00
5787,200,False,False,False,False,False,False,False,False,False,False,False,False,False,False,Mardi-14-16h,NON,Mardi,2020-03-24 14:00
5788,73,False,False,False,False,False,False,False,False,False,False,False,False,False,False,Mardi-14-16h,NON,Mardi,2020-03-24 14:00
5789,156,False,False,False,False,True,True,False,False,False,False,False,False,False,False,Mardi-14-16h,OUI,Mardi,2020-03-24 14:00
5790,128,True,True,True,False,False,True,False,False,False,False,False,False,False,False,Mardi-14-16h,NON,Mardi,2020-03-24 14:00
5791,118,False,False,False,False,False,False,False,False,False,False,False,False,False,False,Mardi-14-16h,NON,Mardi,2020-03-24 14:00
5792,112,True,False,True,False,False,False,False,False,False,False,False,False,False,False,Mardi-14-16h,NON,Mardi,2020-03-24 14:00
5793,35,False,False,False,False,True,True,False,False,False,False,False,False,False,False,Mardi-14-16h,NON,Mardi,2020-03-24 14:00
5794,32,False,False,False,False,False,False,False,False,False,False,False,True,False,False,Mardi-14-16h,NON,Mardi,2020-03-24 14:00
5795,199,True,False,True,False,False,False,False,False,False,False,False,False,False,False,Mardi-14-16h,OUI,Mardi,2020-03-24 14:00
5796,153,True,False,False,False,True,True,False,False,False,False,False,False,False,False,Mardi-14-16h,OUI,Mardi,2020-03-24 14:00
5797,82,False,False,True,False,False,False,False,False,False,False,False,False,False,False,Mardi-14-16h,OUI,Mardi,2020-03-24 14:00
5798,292,False,True,False,False,False,False,False,False,False,False,False,False,False,False,Mardi-14-16h,NON,Mardi,2020-03-24 14:00
5799,169,False,False,False,True,False,False,False,False,False,False,False,False,False,False,Mardi-14-16h,NON,Mardi,2020-03-24 14:00
5800,16,False,False,False,False,True,True,False,False,False,False,False,False,False,False,Mardi-14-16h,OUI,Mardi,2020-03-24 14:00
5801,46,True,True,True,False,False,True,True,False,False,False,False,False,False,False,Mardi-14-16h,OUI,Mardi,2020-03-24 14:00
5802,216,False,True,False,False,False,True,False,False,False,False,False,False,False,False,Mardi-14-16h,OUI,Mardi,2020-03-24 14:00
5803,174,False,True,True,False,False,True,False,False,False,False,True,False,False,False,Mardi-14-16h,NON,Mardi,2020-03-24 14:00
5804,43,False,False,False,False,True,False,False,False,False,False,False,False,False,False,Mardi-14-16h,NON,Mardi,2020-03-24 14:00
5805,165,False,False,False,False,True,True,False,False,False,False,False,False,False,False,Mardi-14-16h,OUI,Mardi,2020-03-24 14:00
5806,126,False,True,False,False,False,True,False,False,False,False,False,False,False,False,Mardi-14-16h,NON,Mardi,2020-03-24 14:00
5807,41,False,False,False,False,False,True,False,False,True,False,False,False,False,False,Mardi-14-16h,NON,Mardi,2020-03-24 14:00
5808,157,False,False,True,False,False,False,False,False,False,False,False,False,False,False,Mardi-14-16h,NON,Mardi,2020-03-24 14:00
5809,272,False,True,True,False,False,False,True,False,False,False,True,False,True,True,Mardi-14-16h,OUI,Mardi,2020-03-24 14:00
5810,115,True,False,True,False,False,False,False,False,False,False,False,False,False,False,Mardi-14-16h,OUI,Mardi,2020-03-24 14:00
5811,84,False,False,False,False,False,False,False,False,False,False,False,True,False,False,Mardi-14-16h,NON,Mardi,2020-03-24 14:00
5812,183,True,True,True,True,False,False,False,False,False,False,False,False,False,False,Mardi-14-16h,NON,Mardi,2020-03-24 14:00
5813,65,True,True,False,False,False,True,False,False,False,False,False,False,False,False,Mardi-14-16h,NON,Mardi,2020-03-24 14:00
5814,105,True,False,False,False,False,False,False,False,False,False,False,False,False,False,Mardi-14-16h,OUI,Mardi,2020-03-24 14:00
5815,187,True,False,False,False,False,True,False,False,False,False,False,False,False,False,Mardi-14-16h,NON,Mardi,2020-03-24 14:00
5816,139,True,False,True,False,False,False,False,False,False,False,False,False,False,False,Mardi-14-16h,NON,Mardi,2020-03-24 14:00
5817,259,False,False,False,False,True,True,False,False,False,False,False,False,False,False,Mardi-14-16h,OUI,Mardi,2020-03-24 14:00
5818,124,True,False,True,False,False,False,False,False,False,False,True,False,False,False,Mardi-14-16h,OUI,Mardi,2020-03-24 14:00
5819,98,False,False,False,False,False,True,False,False,False,False,False,True,False,False,Mardi-14-16h,NON,Mardi,2020-03-24 14:00
5820,284,False,True,True,False,False,True,False,False,False,False,False,False,True,False,Mardi-14-16h,OUI,Mardi,2020-03-24 14:00
5821,148,True,False,True,False,True,False,False,True,False,False,False,False,False,False,Mardi-14-16h,OUI,Mardi,2020-03-24 14:00
5822,258,True,False,True,False,False,False,False,False,False,False,False,False,False,False,Mardi-14-16h,NON,Mardi,2020-03-24 14:00
5823,175,False,False,False,False,False,True,False,False,False,False,False,False,False,False,Mardi-14-16h,NON,Mardi,2020-03-24 14:00
5824,119,False,False,False,False,False,False,False,False,False,False,True,False,False,False,Mardi-14-16h,OUI,Mardi,2020-03-24 14:00
5825,229,True,False,True,False,False,False,False,True,False,False,False,False,False,False,Mardi-14-16h,OUI,Mardi,2020-03-24 14:00
5826,230,False,False,False,False,False,True,True,False,False,False,False,False,False,False,Mardi-14-16h,OUI,Mardi,2020-03-24 14:00
5827,17,True,False,False,False,False,True,True,False,False,False,False,False,False,False,Mardi-14-16h,OUI,Mardi,2020-03-24 14:00
5828,177,False,False,False,False,False,False,False,False,False,False,False,False,False,False,Mardi-14-16h,NON,Mardi,2020-03-24 14:00
5829,7,False,False,False,False,False,False,False,False,False,False,False,False,False,False,Mardi-14-16h,NON,Mardi,2020-03-24 14:00
5830,241,False,False,True,False,False,False,False,False,False,False,False,False,False,False,Mardi-14-16h,NON,Mardi,2020-03-24 14:00
5831,8,True,False,False,False,True,True,False,True,False,False,False,False,False,False,Mardi-14-16h,NON,Mardi,2020-03-24 14:00
5832,268,False,True,False,False,False,True,False,False,False,False,False,False,False,False,Mardi-14-16h,OUI,Mardi,2020-03-24 14:00
5833,294,False,False,True,False,True,False,False,False,False,False,False,False,False,False,Mardi-14-16h,OUI,Mardi,2020-03-24 14:00
5834,242,True,False,False,False,True,True,False,False,False,False,False,False,False,False,Mardi-14-16h,OUI,Mardi,2020-03-24 14:00
5835,194,False,False,False,False,False,True,False,False,False,False,False,False,False,False,Mardi-14-16h,NON,Mardi,2020-03-24 14:00
5836,243,False,False,False,False,True,True,False,False,False,False,False,False,False,False,Mardi-14-16h,NON,Mardi,2020-03-24 14:00
5837,212,True,True,True,False,False,True,False,False,False,False,False,False,False,False,Mardi-14-16h,OUI,Mardi,2020-03-24 14:00
5838,19,False,False,False,False,False,True,False,False,False,False,False,False,False,False,Mardi-14-16h,OUI,Mardi,2020-03-24 14:00
5839,114,False,False,False,False,True,False,False,False,False,False,False,False,False,False,Mardi-14-16h,OUI,Mardi,2020-03-24 14:00
5840,190,False,False,False,False,False,True,False,False,True,False,False,False,False,False,Mardi-14-16h,NON,Mardi,2020-03-24 14:00
5841,64,False,False,True,False,False,False,False,False,False,False,False,False,False,False,Mardi-14-16h,OUI,Mardi,2020-03-24 14:00
5842,227,False,False,False,False,False,False,False,False,False,False,False,False,False,False,Mardi-14-16h,NON,Mardi,2020-03-24 14:00
5843,232,False,False,False,False,False,True,False,False,False,False,False,False,False,False,Mardi-14-16h,OUI,Mardi,2020-03-24 14:00
5844,246,False,True,False,False,False,True,True,False,False,False,False,False,False,False,Mardi-14-16h,NON,Mardi,2020-03-24 14:00
5845,100,False,False,False,False,False,True,False,False,False,False,False,False,False,False,Mardi-14-16h,NON,Mardi,2020-03-24 14:00
5846,13,False,False,False,False,True,False,False,False,False,False,False,False,False,False,Mardi-14-16h,NON,Mardi,2020-03-24 14:00
5847,262,True,True,True,False,False,False,False,False,False,False,False,False,False,False,Mardi-14-16h,NON,Mardi,2020-03-24 14:00
5848,76,True,True,True,False,False,True,False,False,False,False,True,False,False,False,Mardi-14-16h,NON,Mardi,2020-03-24 14:00
5849,261,False,True,False,False,True,False,False,False,False,False,False,False,False,False,Mardi-14-16h,NON,Mardi,2020-03-24 14:00
5850,150,False,True,False,False,False,False,False,False,False,False,False,False,False,False,Mardi-14-16h,OUI,Mardi,2020-03-24 14:00
5851,205,False,False,False,False,False,False,False,False,False,False,False,False,False,False,Mardi-14-16h,NON,Mardi,2020-03-24 14:00
5852,56,False,False,False,False,True,True,False,False,False,False,False,False,False,False,Mardi-14-16h,OUI,Mardi,2020-03-24 14:00
5853,186,False,False,False,False,True,False,False,False,False,False,False,False,False,False,Mardi-14-16h,OUI,Mardi,2020-03-24 14:00
5854,162,True,False,False,False,True,True,False,False,False,False,False,False,False,False,Mardi-14-16h,OUI,Mardi,2020-03-24 14:00
5855,68,False,True,False,False,True,True,False,False,False,False,False,False,False,False,Mardi-14-16h,OUI,Mardi,2020-03-24 14:00
5856,146,False,False,False,False,False,True,False,False,False,False,False,True,False,False,Mardi-14-16h,OUI,Mardi,2020-03-24 14:00
5857,49,False,False,False,False,False,False,False,False,False,False,False,False,True,False,Mardi-14-16h,NON,Mardi,2020-03-24 14:00
5858,91,True,False,True,True,False,False,False,False,False,False,False,False,False,False,Mardi-14-16h,OUI,Mardi,2020-03-24 14:00
5859,22,False,False,False,False,False,False,False,False,False,True,False,False,False,False,Mardi-14-16h,NON,Mardi,2020-03-24 14:00
5860,151,False,False,False,False,True,False,False,False,False,False,False,False,False,False,Mardi-14-16h,NON,Mardi,2020-03-24 14:00
5861,193,False,False,False,False,True,True,False,False,False,False,False,False,False,False,Mardi-14-16h,OUI,Mardi,2020-03-24 14:00
5862,9,True,True,False,False,False,False,False,False,False,False,False,False,False,False,Mardi-14-16h,NON,Mardi,2020-03-24 14:00
5863,99,True,False,True,False,False,False,False,False,False,False,False,False,False,False,Mardi-14-16h,NON,Mardi,2020-03-24 14:00
5864,181,False,False,False,False,True,True,False,False,False,False,False,False,False,False,Mardi-14-16h,OUI,Mardi,2020-03-24 14:00
5865,111,False,False,False,False,False,True,False,True,False,False,False,False,False,False,Mardi-14-16h,OUI,Mardi,2020-03-24 14:00
5866,44,False,True,False,False,False,True,False,False,False,False,False,False,False,False,Mardi-14-16h,OUI,Mardi,2020-03-24 14:00
5867,24,False,False,False,False,True,False,False,True,False,False,False,False,False,False,Mardi-14-16h,NON,Mardi,2020-03-24 14:00
5868,102,False,False,False,False,True,True,False,True,False,False,False,False,False,False,Mardi-14-16h,NON,Mardi,2020-03-24 14:00
5869,203,True,True,False,False,False,False,False,True,False,False,False,False,False,False,Mardi-14-16h,NON,Mardi,2020-03-24 14:00
5870,140,False,False,False,False,True,True,False,True,False,False,False,False,False,False,Mardi-14-16h,NON,Mardi,2020-03-24 14:00
5871,188,False,False,False,False,False,True,False,False,True,False,False,False,False,False,Mardi-14-16h,OUI,Mardi,2020-03-24 14:00
5872,206,False,False,False,True,False,False,False,False,False,False,True,False,False,False,Mardi-14-16h,OUI,Mardi,2020-03-24 14:00
5873,273,False,False,False,False,False,False,False,False,False,False,False,True,False,False,Mardi-14-16h,NON,Mardi,2020-03-24 14:00
5874,69,True,False,True,False,False,False,False,False,False,False,False,False,False,False,Mardi-14-16h,OUI,Mardi,2020-03-24 14:00
5875,87,True,False,False,True,False,False,False,False,False,False,True,False,False,False,Mardi-14-16h,NON,Mardi,2020-03-24 14:00
5876,83,True,False,True,False,False,False,False,False,False,False,False,False,False,False,Mardi-14-16h,OUI,Mardi,2020-03-24 14:00
5877,149,True,False,True,True,False,False,False,False,False,False,False,False,False,False,Mardi-14-16h,NON,Mardi,2020-03-24 14:00
5878,274,False,False,False,False,False,True,False,False,False,False,False,False,False,False,Mardi-14-16h,NON,Mardi,2020-03-24 14:00
5879,282,True,False,True,True,False,False,False,False,False,False,False,False,False,False,Mardi-14-16h,OUI,Mardi,2020-03-24 14:00
5880,147,False,False,False,False,False,False,False,False,False,False,False,False,False,False,Mardi-14-16h,NON,Mardi,2020-03-24 14:00
5881,238,False,False,False,False,False,False,False,False,False,False,False,True,False,False,Mardi-14-16h,NON,Mardi,2020-03-24 14:00
5882,201,False,False,False,False,False,False,False,False,False,False,False,False,False,False,Mardi-14-16h,NON,Mardi,2020-03-24 14:00
5883,152,False,True,False,False,False,False,False,False,False,False,False,False,False,False,Mardi-14-16h,NON,Mardi,2020-03-24 14:00
5884,222,False,False,False,False,False,True,False,False,True,True,False,False,False,False,Mardi-14-16h,OUI,Mardi,2020-03-24 14:00
5885,106,False,False,False,False,False,True,False,False,False,False,False,True,False,False,Mardi-14-16h,NON,Mardi,2020-03-24 14:00
5886,133,False,False,True,False,True,False,False,False,False,False,False,False,False,False,Mardi-14-16h,NON,Mardi,2020-03-24 14:00
5887,163,False,False,False,False,True,False,False,False,False,False,False,False,False,False,Mardi-14-16h,OUI,Mardi,2020-03-24 14:00
5888,231,False,False,False,False,False,False,False,False,False,False,False,False,False,False,Mardi-14-16h,NON,Mardi,2020-03-24 14:00
5889,25,False,False,False,False,True,False,False,False,False,False,False,False,False,False,Mardi-14-16h,NON,Mardi,2020-03-24 14:00
5890,196,False,False,True,False,True,False,False,True,False,False,False,False,False,False,Mardi-14-16h,OUI,Mardi,2020-03-24 14:00
5891,5,False,False,False,False,True,True,False,False,False,False,False,False,False,False,Mardi-14-16h,OUI,Mardi,2020-03-24 14:00
5892,90,False,True,False,False,False,False,False,False,False,False,False,False,False,False,Mardi-14-16h,NON,Mardi,2020-03-24 14:00
5893,244,True,False,True,False,False,False,False,False,False,False,False,False,False,False,Mardi-14-16h,OUI,Mardi,2020-03-24 14:00
5894,107,False,True,False,False,False,True,False,False,False,False,False,False,False,False,Mardi-14-16h,OUI,Mardi,2020-03-24 14:00
5895,218,False,True,False,False,True,True,False,False,False,False,False,False,False,False,Mardi-14-16h,NON,Mardi,2020-03-24 14:00
5896,62,False,True,True,False,True,True,False,False,False,False,False,False,False,False,Mardi-14-16h,NON,Mardi,2020-03-24 14:00
5897,79,False,True,False,False,False,False,False,False,False,False,False,False,False,False,Mardi-14-16h,NON,Mardi,2020-03-24 14:00
5898,208,False,False,False,False,False,True,False,False,False,False,False,False,False,False,Mardi-14-16h,NON,Mardi,2020-03-24 14:00
5899,270,False,False,False,False,False,False,False,False,True,False,False,False,False,False,Mardi-14-16h,OUI,Mardi,2020-03-24 14:00
5900,166,True,False,False,False,True,True,False,False,False,False,False,False,False,False,Mardi-14-16h,OUI,Mardi,2020-03-24 14:00
5901,77,False,False,True,False,True,False,False,False,False,False,False,False,False,False,Mardi-14-16h,NON,Mardi,2020-03-24 14:00
5902,29,False,False,False,False,False,True,False,False,False,False,False,True,False,False,Mardi-14-16h,OUI,Mardi,2020-03-24 14:00
5903,240,False,False,False,False,False,True,False,False,False,False,False,False,False,False,Mardi-14-16h,NON,Mardi,2020-03-24 14:00
5904,184,False,True,False,False,False,False,False,False,False,False,False,False,False,False,Mardi-14-16h,OUI,Mardi,2020-03-24 14:00
5905,277,False,True,True,False,False,True,False,False,False,False,False,False,False,False,Mardi-14-16h,OUI,Mardi,2020-03-24 14:00
5906,80,True,False,False,False,False,True,False,False,False,True,False,False,False,False,Mardi-14-16h,OUI,Mardi,2020-03-24 14:00
5907,185,True,True,True,False,False,True,False,False,False,False,True,False,True,False,Mardi-14-16h,NON,Mardi,2020-03-24 14:00
5908,204,False,False,False,False,True,True,False,False,False,False,False,True,False,False,Mardi-14-16h,NON,Mardi,2020-03-24 14:00
5909,252,True,True,True,False,False,True,False,False,False,False,False,False,False,False,Mardi-14-16h,NON,Mardi,2020-03-24 14:00
5910,26,False,False,False,False,True,False,False,False,False,False,False,False,False,False,Mardi-14-16h,NON,Mardi,2020-03-24 14:00
5911,70,False,False,False,False,True,False,False,False,False,False,False,True,False,False,Mardi-14-16h,OUI,Mardi,2020-03-24 14:00
5912,233,False,False,False,False,True,False,False,False,False,False,False,False,False,False,Mardi-14-16h,OUI,Mardi,2020-03-24 14:00
5913,37,True,True,True,False,True,True,False,False,False,False,False,False,False,False,Mardi-14-16h,NON,Mardi,2020-03-24 14:00
5914,185,False,False,True,False,False,False,False,False,False,False,False,False,False,False,Mardi-14-16h,OUI,Mardi,2020-03-24 14:00
5915,138,True,False,False,False,True,True,False,False,False,False,False,False,False,False,Mardi-14-16h,NON,Mardi,2020-03-24 14:00
5916,224,True,False,True,False,False,False,False,False,False,False,False,False,False,False,Mardi-14-16h,NON,Mardi,2020-03-24 14:00
5917,66,False,False,False,False,True,True,False,False,False,False,False,False,True,False,Mardi-14-16h,OUI,Mardi,2020-03-24 14:00
5918,211,False,False,True,False,False,False,False,False,False,False,False,False,True,False,Mardi-14-16h,NON,Mardi,2020-03-24 14:00
5919,14,False,False,False,False,True,True,False,False,False,False,False,False,False,False,Mardi-14-16h,NON,Mardi,2020-03-24 14:00
5920,145,False,False,False,False,True,False,False,False,False,False,False,False,False,False,Mardi-14-16h,NON,Mardi,2020-03-24 14:00
5921,36,False,False,False,False,False,False,False,False,False,False,False,True,False,False,Mardi-14-16h,OUI,Mardi,2020-03-24 14:00
5922,60,True,True,True,False,False,True,False,False,False,False,False,False,False,False,Mardi-14-16h,NON,Mardi,2020-03-24 14:00
5923,137,True,True,True,False,False,True,False,False,False,False,True,False,False,False,Mardi-14-16h,OUI,Mardi,2020-03-24 14:00
5924,285,False,True,False,False,True,True,False,False,False,False,False,False,False,False,Mardi-14-16h,OUI,Mardi,2020-03-24 14:00
5925,40,False,True,True,False,True,True,False,False,False,False,False,False,False,False,Mardi-14-16h,OUI,Mardi,2020-03-24 14:00
5926,97,False,False,False,False,False,True,False,False,False,False,False,False,False,False,Mardi-14-16h,NON,Mardi,2020-03-24 14:00
5927,109,True,False,True,True,False,False,False,False,False,False,False,False,False,False,Mardi-14-16h,NON,Mardi,2020-03-24 14:00
5928,10,False,False,False,False,False,False,False,False,False,False,False,False,False,False,Mardi-14-16h,NON,Mardi,2020-03-24 14:00
5929,256,False,False,False,False,False,False,False,False,False,False,False,True,False,False,Mardi-14-16h,NON,Mardi,2020-03-24 14:00
5930,141,True,True,True,False,False,False,False,False,False,False,True,False,False,False,Mardi-14-16h,OUI,Mardi,2020-03-24 14:00
5931,28,False,False,False,False,False,False,False,False,False,False,False,False,False,False,Mardi-14-16h,NON,Mardi,2020-03-24 14:00
5932,101,True,True,True,True,True,True,False,False,False,False,False,False,False,False,Mardi-14-16h,OUI,Mardi,2020-03-24 14:00
5933,48,True,False,True,False,True,False,False,False,False,False,False,False,True,False,Mardi-14-16h,OUI,Mardi,2020-03-24 14:00
5934,27,False,False,False,False,False,True,False,False,False,False,False,False,False,False,Mardi-14-16h,NON,Mardi,2020-03-24 14:00
5935,142,True,False,True,False,False,False,False,False,False,False,True,False,True,False,Mardi-14-16h,NON,Mardi,2020-03-24 14:00
5936,234,False,False,True,False,False,False,False,False,False,False,True,False,False,False,Mardi-14-16h,NON,Mardi,2020-03-24 14:00
5937,23,False,False,False,False,True,False,False,False,False,False,False,False,False,False,Mardi-14-16h,NON,Mardi,2020-03-24 14:00
5938,195,False,False,False,False,True,False,False,False,True,False,False,False,False,False,Mardi-14-16h,NON,Mardi,2020-03-24 14:00
5939,275,False,False,False,False,False,False,False,False,False,False,False,True,False,False,Mardi-14-16h,NON,Mardi,2020-03-24 14:00
5940,226,False,False,False,False,True,True,False,False,False,False,False,False,False,False,Mardi-14-16h,NON,Mardi,2020-03-24 14:00
5941,207,False,False,True,False,False,False,False,False,False,False,False,False,False,False,Mardi-14-16h,OUI,Mardi,2020-03-24 14:00
5942,57,False,False,False,False,False,False,False,False,False,False,False,False,False,False,Mardi-14-16h,NON,Mardi,2020-03-24 14:00
5943,4,False,True,False,False,False,True,False,False,False,False,False,False,False,False,Mardi-14-16h,OUI,Mardi,2020-03-24 14:00
5944,265,False,False,False,False,False,True,False,False,False,False,False,False,False,False,Mardi-14-16h,OUI,Mardi,2020-03-24 14:00
5945,88,False,True,False,False,False,False,False,False,False,False,False,False,False,False,Mardi-14-16h,NON,Mardi,2020-03-24 14:00
5946,198,False,False,False,False,False,False,False,False,False,False,True,False,False,False,Mardi-14-16h,NON,Mardi,2020-03-24 14:00
5947,249,True,True,True,False,False,False,False,False,False,False,False,False,False,False,Mardi-14-16h,NON,Mardi,2020-03-24 14:00
5948,263,False,False,False,False,True,True,False,False,False,False,False,False,False,False,Mardi-14-16h,OUI,Mardi,2020-03-24 14:00
5949,217,True,False,True,False,False,False,False,False,False,False,False,False,True,False,Mardi-14-16h,OUI,Mardi,2020-03-24 14:00
5950,278,False,False,False,False,True,True,False,False,False,False,False,False,False,False,Mardi-14-16h,NON,Mardi,2020-03-24 14:00
5951,189,False,True,False,False,False,False,False,False,False,False,False,False,False,False,Mardi-14-16h,NON,Mardi,2020-03-24 14:00
5952,61,True,False,True,False,False,False,False,False,False,False,False,False,False,False,Mardi-14-16h,NON,Mardi,2020-03-24 14:00
5953,251,False,False,False,False,False,False,False,False,False,False,False,False,True,False,Mardi-14-16h,NON,Mardi,2020-03-24 14:00
5954,281,False,True,False,False,False,False,False,False,False,False,False,False,False,False,Mardi-14-16h,NON,Mardi,2020-03-24 14:00
5955,134,False,True,False,False,False,False,False,False,False,False,False,False,False,False,Mardi-14-16h,OUI,Mardi,2020-03-24 14:00
5956,293,False,True,False,False,False,True,False,False,False,False,False,False,False,False,Mardi-14-16h,OUI,Mardi,2020-03-24 14:00
5957,279,True,True,True,True,False,True,False,False,False,False,False,False,False,False,Mardi-14-16h,OUI,Mardi,2020-03-24 14:00
5958,81,True,False,True,True,False,False,False,True,False,False,False,False,False,False,Mardi-14-16h,NON,Mardi,2020-03-24 14:00
5959,92,True,False,False,True,False,False,False,False,False,False,True,False,False,False,Mardi-14-16h,NON,Mardi,2020-03-24 14:00
5960,147,False,False,False,False,False,False,False,False,False,False,False,False,False,False,Mardi-14-16h,NON,Mardi,2020-03-24 14:00
5961,33,False,True,False,False,True,False,False,False,False,False,False,False,False,False,Mardi-14-16h,NON,Mardi,2020-03-24 14:00
5962,266,False,False,False,False,False,False,False,False,False,False,False,False,False,False,Mardi-14-16h,NON,Mardi,2020-03-24 14:00
5963,225,True,False,False,False,False,True,False,False,False,False,False,False,False,False,Mardi-14-16h,NON,Mardi,2020-03-24 14:00
5964,83,True,False,True,False,False,False,False,False,False,False,False,False,False,False,Mardi-14-16h,OUI,Mardi,2020-03-24 14:00
5965,95,False,False,False,False,True,True,False,True,False,False,False,False,False,False,Mardi-14-16h,NON,Mardi,2020-03-24 14:00
5966,127,False,False,False,False,True,False,False,False,False,False,False,False,False,False,Mardi-14-16h,NON,Mardi,2020-03-24 14:00
5967,20,False,False,False,False,False,False,False,False,False,False,False,False,False,False,Mardi-14-16h,NON,Mardi,2020-03-24 14:00
5968,89,False,False,False,False,False,False,False,False,True,False,False,False,False,False,Mardi-14-16h,NON,Mardi,2020-03-24 14:00
5969,120,False,True,True,False,True,True,False,True,False,False,True,False,False,False,Mardi-14-16h,NON,Mardi,2020-03-24 14:00
5970,253,False,False,False,False,True,True,False,False,False,False,False,True,False,False,Mardi-14-16h,NON,Mardi,2020-03-24 14:00
5971,52,False,False,True,False,False,False,False,False,False,False,False,False,False,False,Mardi-14-16h,OUI,Mardi,2020-03-24 14:00
5972,168,True,False,True,False,False,False,False,True,False,False,False,False,False,False,Mardi-14-16h,NON,Mardi,2020-03-24 14:00
5973,202,False,True,False,False,False,False,False,False,False,False,False,False,False,False,Mardi-14-16h,NON,Mardi,2020-03-24 14:00
5974,172,False,False,False,False,True,False,False,False,False,False,False,False,False,False,Mardi-14-16h,NON,Mardi,2020-03-24 14:00
5975,239,False,False,False,False,True,True,False,False,False,False,False,False,False,False,Mardi-14-16h,NON,Mardi,2020-03-24 14:00
5976,85,False,False,False,False,True,False,False,False,False,False,False,False,False,False,Mardi-14-16h,NON,Mardi,2020-03-24 14:00
5977,215,False,False,False,False,False,False,False,False,True,False,False,False,False,False,Mardi-14-16h,NON,Mardi,2020-03-24 14:00
5978,260,True,False,True,False,False,False,False,False,False,False,False,False,False,False,Mardi-14-16h,NON,Mardi,2020-03-24 14:00
5979,286,True,True,False,False,True,False,False,False,False,False,False,False,False,False,Mardi-14-16h,OUI,Mardi,2020-03-24 14:00
5980,72,False,True,False,False,False,False,False,False,False,False,False,False,False,False,Mardi-16-18h,OUI,Mardi,2020-03-24 16:00
5981,167,True,True,True,True,True,True,False,False,False,False,False,False,False,False,Mardi-16-18h,OUI,Mardi,2020-03-24 16:00
5982,130,True,False,True,False,False,False,False,True,False,False,False,False,True,True,Mardi-16-18h,OUI,Mardi,2020-03-24 16:00
5983,288,True,True,True,False,True,False,False,False,False,False,False,False,False,False,Mardi-16-18h,OUI,Mardi,2020-03-24 16:00
5984,59,False,False,False,False,False,True,False,False,False,False,False,False,False,False,Mardi-16-18h,OUI,Mardi,2020-03-24 16:00
5985,178,True,False,False,False,False,False,False,False,False,False,True,False,False,False,Mardi-16-18h,OUI,Mardi,2020-03-24 16:00
5986,254,False,False,False,False,False,False,False,False,False,False,False,True,False,False,Mardi-16-18h,NON,Mardi,2020-03-24 16:00
5987,34,False,False,False,False,False,False,False,False,False,False,False,False,False,False,Mardi-16-18h,NON,Mardi,2020-03-24 16:00
5988,264,False,False,False,False,True,True,True,False,False,False,False,False,False,False,Mardi-16-18h,NON,Mardi,2020-03-24 16:00
5989,158,True,False,False,False,True,False,False,False,False,True,False,False,False,False,Mardi-16-18h,OUI,Mardi,2020-03-24 16:00
5990,210,False,True,False,False,True,True,False,False,False,False,False,False,False,False,Mardi-16-18h,OUI,Mardi,2020-03-24 16:00
5991,93,False,False,False,False,True,False,False,False,False,False,False,False,True,False,Mardi-16-18h,OUI,Mardi,2020-03-24 16:00
5992,144,True,False,True,False,True,False,False,False,False,False,False,False,False,False,Mardi-16-18h,OUI,Mardi,2020-03-24 16:00
5993,164,False,True,False,False,True,True,False,False,False,False,False,False,False,False,Mardi-16-18h,OUI,Mardi,2020-03-24 16:00
5994,289,False,False,False,False,True,True,False,False,False,False,False,False,False,False,Mardi-16-18h,NON,Mardi,2020-03-24 16:00
5995,50,False,False,False,False,False,False,False,False,False,False,False,False,False,False,Mardi-16-18h,NON,Mardi,2020-03-24 16:00
5996,51,True,True,False,False,True,False,False,False,False,False,False,False,False,False,Mardi-16-18h,NON,Mardi,2020-03-24 16:00
5997,247,False,False,True,False,False,False,False,False,False,False,False,False,False,False,Mardi-16-18h,NON,Mardi,2020-03-24 16:00
5998,159,False,False,False,False,False,False,False,True,False,False,False,False,False,False,Mardi-16-18h,NON,Mardi,2020-03-24 16:00
5999,54,False,False,False,False,False,True,False,False,False,False,False,False,False,False,Mardi-16-18h,NON,Mardi,2020-03-24 16:00
6000,55,True,False,False,False,True,True,False,True,False,False,False,False,False,False,Mardi-16-18h,NON,Mardi,2020-03-24 16:00
6001,257,False,False,False,False,True,False,False,False,False,False,False,False,False,False,Mardi-16-18h,OUI,Mardi,2020-03-24 16:00
6002,67,False,False,False,False,False,False,False,False,False,False,False,False,False,False,Mardi-16-18h,NON,Mardi,2020-03-24 16:00
6003,71,True,False,True,False,False,False,False,False,False,False,False,False,False,False,Mardi-16-18h,NON,Mardi,2020-03-24 16:00
6004,280,False,False,False,False,False,True,False,False,False,False,False,False,False,False,Mardi-16-18h,OUI,Mardi,2020-03-24 16:00
6005,283,True,True,False,False,False,False,False,False,False,False,False,False,False,False,Mardi-16-18h,OUI,Mardi,2020-03-24 16:00
6006,154,False,False,False,False,True,True,False,False,False,False,False,True,False,False,Mardi-16-18h,OUI,Mardi,2020-03-24 16:00
6007,171,False,False,False,False,False,False,False,False,False,False,False,True,False,False,Mardi-16-18h,OUI,Mardi,2020-03-24 16:00
6008,131,False,False,True,False,False,False,False,False,False,False,False,False,False,False,Mardi-16-18h,OUI,Mardi,2020-03-24 16:00
6009,237,True,False,False,False,False,True,True,False,False,False,False,False,True,False,Mardi-16-18h,NON,Mardi,2020-03-24 16:00
6010,75,False,False,False,False,True,True,False,False,False,False,False,False,False,False,Mardi-16-18h,NON,Mardi,2020-03-24 16:00
6011,235,True,False,False,False,True,False,False,False,False,False,False,False,False,False,Mardi-16-18h,NON,Mardi,2020-03-24 16:00
6012,180,False,False,False,False,True,True,False,False,False,False,False,False,False,False,Mardi-16-18h,OUI,Mardi,2020-03-24 16:00
6013,219,False,False,False,False,False,True,False,False,False,False,False,False,False,False,Mardi-16-18h,OUI,Mardi,2020-03-24 16:00
6014,250,False,False,False,False,False,False,False,False,True,False,False,False,False,False,Mardi-16-18h,NON,Mardi,2020-03-24 16:00
6015,267,True,True,False,False,False,False,False,False,False,False,False,False,False,False,Mardi-16-18h,OUI,Mardi,2020-03-24 16:00
6016,160,False,True,False,False,False,True,False,False,False,False,False,False,False,False,Mardi-16-18h,NON,Mardi,2020-03-24 16:00
6017,182,False,True,False,False,True,True,True,False,False,False,False,False,False,False,Mardi-16-18h,OUI,Mardi,2020-03-24 16:00
6018,143,False,False,False,False,False,False,False,True,False,False,True,False,False,False,Mardi-16-18h,OUI,Mardi,2020-03-24 16:00
6019,223,True,True,False,False,False,False,False,False,False,False,False,False,False,False,Mardi-16-18h,OUI,Mardi,2020-03-24 16:00
6020,192,True,False,True,False,False,False,False,False,False,False,False,False,False,False,Mardi-16-18h,OUI,Mardi,2020-03-24 16:00
6021,30,False,False,True,False,False,False,False,True,False,False,False,False,False,False,Mardi-16-18h,OUI,Mardi,2020-03-24 16:00
6022,125,True,False,False,False,True,False,False,True,False,False,False,False,False,False,Mardi-16-18h,NON,Mardi,2020-03-24 16:00
6023,39,False,False,True,False,True,False,False,True,False,False,False,False,False,False,Mardi-16-18h,OUI,Mardi,2020-03-24 16:00
6024,113,True,False,True,False,False,False,False,False,False,False,False,False,False,False,Mardi-16-18h,NON,Mardi,2020-03-24 16:00
6025,121,True,False,True,False,False,False,False,True,False,False,False,False,False,False,Mardi-16-18h,NON,Mardi,2020-03-24 16:00
6026,228,False,False,False,False,False,False,False,False,False,False,True,False,False,False,Mardi-16-18h,OUI,Mardi,2020-03-24 16:00
6027,290,False,False,False,False,False,False,False,False,True,False,False,False,False,False,Mardi-16-18h,NON,Mardi,2020-03-24 16:00
6028,197,False,False,True,False,True,False,False,False,False,False,False,False,False,False,Mardi-16-18h,NON,Mardi,2020-03-24 16:00
6029,31,True,True,True,False,False,True,False,False,False,False,False,False,False,False,Mardi-16-18h,OUI,Mardi,2020-03-24 16:00
6030,173,True,False,False,False,True,True,False,True,False,False,False,False,False,False,Mardi-16-18h,OUI,Mardi,2020-03-24 16:00
6031,74,True,False,False,True,False,False,False,True,False,False,True,False,False,False,Mardi-16-18h,NON,Mardi,2020-03-24 16:00
6032,15,False,False,True,False,False,False,False,False,False,False,False,False,False,False,Mardi-16-18h,NON,Mardi,2020-03-24 16:00
6033,45,True,False,False,False,True,True,False,True,False,False,False,False,False,False,Mardi-16-18h,NON,Mardi,2020-03-24 16:00
6034,63,False,False,True,False,False,False,False,False,False,False,False,False,False,False,Mardi-16-18h,NON,Mardi,2020-03-24 16:00
6035,3,False,False,False,False,False,True,False,False,False,False,False,True,False,False,Mardi-16-18h,OUI,Mardi,2020-03-24 16:00
6036,21,True,False,True,False,False,False,False,False,False,False,False,False,False,False,Mardi-16-18h,OUI,Mardi,2020-03-24 16:00
6037,78,False,True,True,False,True,True,False,True,False,False,False,False,False,False,Mardi-16-18h,NON,Mardi,2020-03-24 16:00
6038,47,False,True,False,False,False,False,False,False,False,False,False,False,False,False,Mardi-16-18h,NON,Mardi,2020-03-24 16:00
6039,151,True,True,False,False,True,False,False,True,False,False,False,False,False,False,Mardi-16-18h,NON,Mardi,2020-03-24 16:00
6040,6,True,False,True,False,False,False,False,False,False,False,False,False,False,False,Mardi-16-18h,OUI,Mardi,2020-03-24 16:00
6041,135,True,False,True,False,False,False,False,False,False,False,False,False,True,False,Mardi-16-18h,NON,Mardi,2020-03-24 16:00
6042,221,False,False,False,False,True,True,False,False,False,False,False,False,False,False,Mardi-16-18h,NON,Mardi,2020-03-24 16:00
6043,170,False,False,True,False,False,False,False,False,False,False,True,False,False,True,Mardi-16-18h,NON,Mardi,2020-03-24 16:00
6044,129,False,True,False,False,False,False,False,False,False,False,False,False,False,False,Mardi-16-18h,OUI,Mardi,2020-03-24 16:00
6045,132,True,True,True,False,False,True,False,False,False,False,False,False,False,False,Mardi-16-18h,OUI,Mardi,2020-03-24 16:00
6046,110,False,True,False,False,False,False,False,False,False,False,False,False,False,False,Mardi-16-18h,OUI,Mardi,2020-03-24 16:00
6047,191,False,False,False,False,False,True,False,False,False,False,False,False,False,False,Mardi-16-18h,NON,Mardi,2020-03-24 16:00
6048,94,True,True,True,False,False,True,False,False,False,False,True,False,True,False,Mardi-16-18h,OUI,Mardi,2020-03-24 16:00
6049,108,False,False,False,False,False,True,True,False,False,False,False,False,False,False,Mardi-16-18h,OUI,Mardi,2020-03-24 16:00
6050,236,False,False,False,False,True,True,False,False,False,False,False,False,False,False,Mardi-16-18h,OUI,Mardi,2020-03-24 16:00
6051,42,True,False,True,False,True,False,False,False,False,False,False,False,False,False,Mardi-16-18h,OUI,Mardi,2020-03-24 16:00
6052,155,True,False,False,False,True,False,False,False,False,False,False,False,False,False,Mardi-16-18h,NON,Mardi,2020-03-24 16:00
6053,1,False,False,False,False,False,False,False,False,False,False,False,False,False,False,Mardi-16-18h,NON,Mardi,2020-03-24 16:00
6054,58,False,True,True,False,False,True,False,False,False,False,True,False,False,False,Mardi-16-18h,NON,Mardi,2020-03-24 16:00
6055,0,False,True,False,False,False,False,False,False,False,False,False,False,False,False,Mardi-16-18h,NON,Mardi,2020-03-24 16:00
6056,269,False,False,False,False,False,False,False,False,False,False,False,False,False,False,Mardi-16-18h,NON,Mardi,2020-03-24 16:00
6057,2,True,False,True,False,False,False,False,False,False,False,False,False,False,False,Mardi-16-18h,NON,Mardi,2020-03-24 16:00
6058,103,False,False,False,False,True,False,False,False,False,False,False,False,False,False,Mardi-16-18h,OUI,Mardi,2020-03-24 16:00
6059,12,False,True,False,False,True,False,False,False,False,False,False,False,False,False,Mardi-16-18h,NON,Mardi,2020-03-24 16:00
6060,245,True,False,False,False,True,True,False,True,False,False,False,False,False,False,Mardi-16-18h,NON,Mardi,2020-03-24 16:00
6061,161,False,False,True,False,False,False,False,False,False,False,True,False,False,False,Mardi-16-18h,OUI,Mardi,2020-03-24 16:00
6062,38,False,False,False,False,False,False,False,False,True,False,False,False,False,False,Mardi-16-18h,OUI,Mardi,2020-03-24 16:00
6063,122,False,False,False,False,False,False,False,False,False,False,False,False,False,False,Mardi-16-18h,NON,Mardi,2020-03-24 16:00
6064,248,False,False,True,False,False,False,False,False,False,False,False,False,True,False,Mardi-16-18h,NON,Mardi,2020-03-24 16:00
6065,271,False,True,True,False,False,True,False,False,False,False,False,False,False,False,Mardi-16-18h,OUI,Mardi,2020-03-24 16:00
6066,116,False,False,True,False,False,False,False,False,False,False,False,False,False,False,Mardi-16-18h,OUI,Mardi,2020-03-24 16:00
6067,117,True,True,True,True,False,True,False,False,False,False,False,False,False,False,Mardi-16-18h,NON,Mardi,2020-03-24 16:00
6068,213,False,False,False,False,True,True,False,True,False,False,False,False,False,False,Mardi-16-18h,NON,Mardi,2020-03-24 16:00
6069,220,False,True,True,False,False,True,False,False,False,False,False,False,False,False,Mardi-16-18h,OUI,Mardi,2020-03-24 16:00
6070,176,False,False,True,False,False,False,False,False,False,False,False,False,False,False,Mardi-16-18h,OUI,Mardi,2020-03-24 16:00
6071,96,False,False,False,False,True,True,False,False,False,True,False,False,False,False,Mardi-16-18h,OUI,Mardi,2020-03-24 16:00
6072,214,False,False,False,False,True,True,False,False,False,True,False,False,False,False,Mardi-16-18h,OUI,Mardi,2020-03-24 16:00
6073,11,True,False,False,True,False,False,False,False,False,False,True,False,False,False,Mardi-16-18h,NON,Mardi,2020-03-24 16:00
6074,255,True,False,True,False,False,False,False,True,False,False,False,False,False,False,Mardi-16-18h,OUI,Mardi,2020-03-24 16:00
6075,86,False,False,True,False,False,False,False,False,False,False,False,False,False,False,Mardi-16-18h,OUI,Mardi,2020-03-24 16:00
6076,209,True,False,False,False,True,True,False,True,False,False,False,False,False,False,Mardi-16-18h,OUI,Mardi,2020-03-24 16:00
6077,291,False,False,False,False,False,True,False,False,True,False,False,False,False,False,Mardi-16-18h,OUI,Mardi,2020-03-24 16:00
6078,287,False,False,False,False,False,False,False,False,False,False,False,True,False,False,Mardi-16-18h,NON,Mardi,2020-03-24 16:00
6079,104,False,False,False,False,True,True,False,False,False,False,False,False,False,False,Mardi-16-18h,OUI,Mardi,2020-03-24 16:00
6080,18,False,False,False,False,True,False,False,False,False,False,False,False,False,False,Mardi-16-18h,OUI,Mardi,2020-03-24 16:00
6081,123,False,True,False,False,True,True,False,False,False,False,False,False,False,False,Mardi-16-18h,OUI,Mardi,2020-03-24 16:00
6082,136,False,False,False,False,True,False,False,False,False,False,False,False,False,False,Mardi-16-18h,NON,Mardi,2020-03-24 16:00
6083,276,True,False,True,False,False,False,False,False,False,False,False,False,False,False,Mardi-16-18h,NON,Mardi,2020-03-24 16:00
6084,53,False,False,False,False,True,True,False,False,False,False,False,False,False,False,Mardi-16-18h,OUI,Mardi,2020-03-24 16:00
6085,179,True,False,True,False,False,False,False,False,False,False,False,False,False,False,Mardi-16-18h,OUI,Mardi,2020-03-24 16:00
6086,200,False,False,False,False,False,False,False,False,False,False,False,False,False,False,Mardi-16-18h,NON,Mardi,2020-03-24 16:00
6087,73,False,False,False,False,False,False,False,False,False,False,False,False,False,False,Mardi-16-18h,NON,Mardi,2020-03-24 16:00
6088,156,False,False,False,False,True,True,False,False,False,False,False,False,False,False,Mardi-16-18h,OUI,Mardi,2020-03-24 16:00
6089,128,True,True,True,False,False,True,False,False,False,False,False,False,False,False,Mardi-16-18h,NON,Mardi,2020-03-24 16:00
6090,118,False,False,False,False,False,False,False,False,False,False,False,False,False,False,Mardi-16-18h,NON,Mardi,2020-03-24 16:00
6091,112,True,False,True,False,False,False,False,False,False,False,False,False,False,False,Mardi-16-18h,NON,Mardi,2020-03-24 16:00
6092,35,False,False,False,False,True,True,False,False,False,False,False,False,False,False,Mardi-16-18h,NON,Mardi,2020-03-24 16:00
6093,32,False,False,False,False,False,False,False,False,False,False,False,True,False,False,Mardi-16-18h,NON,Mardi,2020-03-24 16:00
6094,199,True,False,True,False,False,False,False,False,False,False,False,False,False,False,Mardi-16-18h,OUI,Mardi,2020-03-24 16:00
6095,153,True,False,False,False,True,True,False,False,False,False,False,False,False,False,Mardi-16-18h,OUI,Mardi,2020-03-24 16:00
6096,82,False,False,True,False,False,False,False,False,False,False,False,False,False,False,Mardi-16-18h,OUI,Mardi,2020-03-24 16:00
6097,292,False,True,False,False,False,False,False,False,False,False,False,False,False,False,Mardi-16-18h,NON,Mardi,2020-03-24 16:00
6098,169,False,False,False,True,False,False,False,False,False,False,False,False,False,False,Mardi-16-18h,NON,Mardi,2020-03-24 16:00
6099,16,False,False,False,False,True,True,False,False,False,False,False,False,False,False,Mardi-16-18h,OUI,Mardi,2020-03-24 16:00
6100,46,True,True,True,False,False,True,True,False,False,False,False,False,False,False,Mardi-16-18h,OUI,Mardi,2020-03-24 16:00
6101,216,False,True,False,False,False,True,False,False,False,False,False,False,False,False,Mardi-16-18h,OUI,Mardi,2020-03-24 16:00
6102,174,False,True,True,False,False,True,False,False,False,False,True,False,False,False,Mardi-16-18h,OUI,Mardi,2020-03-24 16:00
6103,43,False,False,False,False,True,False,False,False,False,False,False,False,False,False,Mardi-16-18h,NON,Mardi,2020-03-24 16:00
6104,165,False,False,False,False,True,True,False,False,False,False,False,False,False,False,Mardi-16-18h,OUI,Mardi,2020-03-24 16:00
6105,126,False,True,False,False,False,True,False,False,False,False,False,False,False,False,Mardi-16-18h,NON,Mardi,2020-03-24 16:00
6106,41,False,False,False,False,False,True,False,False,True,False,False,False,False,False,Mardi-16-18h,NON,Mardi,2020-03-24 16:00
6107,157,False,False,True,False,False,False,False,False,False,False,False,False,False,False,Mardi-16-18h,NON,Mardi,2020-03-24 16:00
6108,272,False,True,True,False,False,False,True,False,False,False,True,False,True,True,Mardi-16-18h,OUI,Mardi,2020-03-24 16:00
6109,115,True,False,True,False,False,False,False,False,False,False,False,False,False,False,Mardi-16-18h,OUI,Mardi,2020-03-24 16:00
6110,84,False,False,False,False,False,False,False,False,False,False,False,True,False,False,Mardi-16-18h,NON,Mardi,2020-03-24 16:00
6111,183,True,True,True,True,False,False,False,False,False,False,False,False,False,False,Mardi-16-18h,NON,Mardi,2020-03-24 16:00
6112,65,True,True,False,False,False,True,False,False,False,False,False,False,False,False,Mardi-16-18h,NON,Mardi,2020-03-24 16:00
6113,105,True,False,False,False,False,False,False,False,False,False,False,False,False,False,Mardi-16-18h,OUI,Mardi,2020-03-24 16:00
6114,187,True,False,False,False,False,True,False,False,False,False,False,False,False,False,Mardi-16-18h,NON,Mardi,2020-03-24 16:00
6115,139,True,False,True,False,False,False,False,False,False,False,False,False,False,False,Mardi-16-18h,NON,Mardi,2020-03-24 16:00
6116,259,False,False,False,False,True,True,False,False,False,False,False,False,False,False,Mardi-16-18h,OUI,Mardi,2020-03-24 16:00
6117,124,True,False,True,False,False,False,False,False,False,False,True,False,False,False,Mardi-16-18h,OUI,Mardi,2020-03-24 16:00
6118,98,False,False,False,False,False,True,False,False,False,False,False,True,False,False,Mardi-16-18h,NON,Mardi,2020-03-24 16:00
6119,284,False,True,True,False,False,True,False,False,False,False,False,False,True,False,Mardi-16-18h,OUI,Mardi,2020-03-24 16:00
6120,148,True,False,True,False,True,False,False,True,False,False,False,False,False,False,Mardi-16-18h,OUI,Mardi,2020-03-24 16:00
6121,258,True,False,True,False,False,False,False,False,False,False,False,False,False,False,Mardi-16-18h,NON,Mardi,2020-03-24 16:00
6122,175,False,False,False,False,False,True,False,False,False,False,False,False,False,False,Mardi-16-18h,NON,Mardi,2020-03-24 16:00
6123,119,False,False,False,False,False,False,False,False,False,False,True,False,False,False,Mardi-16-18h,OUI,Mardi,2020-03-24 16:00
6124,229,True,False,True,False,False,False,False,True,False,False,False,False,False,False,Mardi-16-18h,OUI,Mardi,2020-03-24 16:00
6125,230,False,False,False,False,False,True,True,False,False,False,False,False,False,False,Mardi-16-18h,OUI,Mardi,2020-03-24 16:00
6126,17,True,False,False,False,False,True,True,False,False,False,False,False,False,False,Mardi-16-18h,OUI,Mardi,2020-03-24 16:00
6127,177,False,False,False,False,False,False,False,False,False,False,False,False,False,False,Mardi-16-18h,NON,Mardi,2020-03-24 16:00
6128,7,False,False,False,False,False,False,False,False,False,False,False,False,False,False,Mardi-16-18h,NON,Mardi,2020-03-24 16:00
6129,241,False,False,True,False,False,False,False,False,False,False,False,False,False,False,Mardi-16-18h,NON,Mardi,2020-03-24 16:00
6130,8,True,False,False,False,True,True,False,True,False,False,False,False,False,False,Mardi-16-18h,NON,Mardi,2020-03-24 16:00
6131,268,False,True,False,False,False,True,False,False,False,False,False,False,False,False,Mardi-16-18h,OUI,Mardi,2020-03-24 16:00
6132,294,False,False,True,False,True,False,False,False,False,False,False,False,False,False,Mardi-16-18h,OUI,Mardi,2020-03-24 16:00
6133,242,True,False,False,False,True,True,False,False,False,False,False,False,False,False,Mardi-16-18h,OUI,Mardi,2020-03-24 16:00
6134,194,False,False,False,False,False,True,False,False,False,False,False,False,False,False,Mardi-16-18h,NON,Mardi,2020-03-24 16:00
6135,243,False,False,False,False,True,True,False,False,False,False,False,False,False,False,Mardi-16-18h,NON,Mardi,2020-03-24 16:00
6136,212,True,True,True,False,False,True,False,False,False,False,False,False,False,False,Mardi-16-18h,NON,Mardi,2020-03-24 16:00
6137,19,False,False,False,False,False,True,False,False,False,False,False,False,False,False,Mardi-16-18h,OUI,Mardi,2020-03-24 16:00
6138,114,False,False,False,False,True,False,False,False,False,False,False,False,False,False,Mardi-16-18h,OUI,Mardi,2020-03-24 16:00
6139,190,False,False,False,False,False,True,False,False,True,False,False,False,False,False,Mardi-16-18h,NON,Mardi,2020-03-24 16:00
6140,64,False,False,True,False,False,False,False,False,False,False,False,False,False,False,Mardi-16-18h,OUI,Mardi,2020-03-24 16:00
6141,227,False,False,False,False,False,False,False,False,False,False,False,False,False,False,Mardi-16-18h,NON,Mardi,2020-03-24 16:00
6142,232,False,False,False,False,False,True,False,False,False,False,False,False,False,False,Mardi-16-18h,OUI,Mardi,2020-03-24 16:00
6143,246,False,True,False,False,False,True,True,False,False,False,False,False,False,False,Mardi-16-18h,NON,Mardi,2020-03-24 16:00
6144,100,False,False,False,False,False,True,False,False,False,False,False,False,False,False,Mardi-16-18h,NON,Mardi,2020-03-24 16:00
6145,13,False,False,False,False,True,False,False,False,False,False,False,False,False,False,Mardi-16-18h,NON,Mardi,2020-03-24 16:00
6146,262,True,True,True,False,False,False,False,False,False,False,False,False,False,False,Mardi-16-18h,NON,Mardi,2020-03-24 16:00
6147,76,True,True,True,False,False,True,False,False,False,False,True,False,False,False,Mardi-16-18h,OUI,Mardi,2020-03-24 16:00
6148,261,False,True,False,False,True,False,False,False,False,False,False,False,False,False,Mardi-16-18h,OUI,Mardi,2020-03-24 16:00
6149,150,False,True,False,False,False,False,False,False,False,False,False,False,False,False,Mardi-16-18h,OUI,Mardi,2020-03-24 16:00
6150,205,False,False,False,False,False,False,False,False,False,False,False,False,False,False,Mardi-16-18h,NON,Mardi,2020-03-24 16:00
6151,56,False,False,False,False,True,True,False,False,False,False,False,False,False,False,Mardi-16-18h,OUI,Mardi,2020-03-24 16:00
6152,186,False,False,False,False,True,False,False,False,False,False,False,False,False,False,Mardi-16-18h,OUI,Mardi,2020-03-24 16:00
6153,162,True,False,False,False,True,True,False,False,False,False,False,False,False,False,Mardi-16-18h,OUI,Mardi,2020-03-24 16:00
6154,68,False,True,False,False,True,True,False,False,False,False,False,False,False,False,Mardi-16-18h,OUI,Mardi,2020-03-24 16:00
6155,146,False,False,False,False,False,True,False,False,False,False,False,True,False,False,Mardi-16-18h,OUI,Mardi,2020-03-24 16:00
6156,49,False,False,False,False,False,False,False,False,False,False,False,False,True,False,Mardi-16-18h,NON,Mardi,2020-03-24 16:00
6157,91,True,False,True,True,False,False,False,False,False,False,False,False,False,False,Mardi-16-18h,OUI,Mardi,2020-03-24 16:00
6158,22,False,False,False,False,False,False,False,False,False,True,False,False,False,False,Mardi-16-18h,NON,Mardi,2020-03-24 16:00
6159,151,False,False,False,False,True,False,False,False,False,False,False,False,False,False,Mardi-16-18h,NON,Mardi,2020-03-24 16:00
6160,193,False,False,False,False,True,True,False,False,False,False,False,False,False,False,Mardi-16-18h,OUI,Mardi,2020-03-24 16:00
6161,9,True,True,False,False,False,False,False,False,False,False,False,False,False,False,Mardi-16-18h,NON,Mardi,2020-03-24 16:00
6162,99,True,False,True,False,False,False,False,False,False,False,False,False,False,False,Mardi-16-18h,NON,Mardi,2020-03-24 16:00
6163,181,False,False,False,False,True,True,False,False,False,False,False,False,False,False,Mardi-16-18h,OUI,Mardi,2020-03-24 16:00
6164,111,False,False,False,False,False,True,False,True,False,False,False,False,False,False,Mardi-16-18h,OUI,Mardi,2020-03-24 16:00
6165,44,False,True,False,False,False,True,False,False,False,False,False,False,False,False,Mardi-16-18h,OUI,Mardi,2020-03-24 16:00
6166,24,False,False,False,False,True,False,False,True,False,False,False,False,False,False,Mardi-16-18h,NON,Mardi,2020-03-24 16:00
6167,102,False,False,False,False,True,True,False,True,False,False,False,False,False,False,Mardi-16-18h,NON,Mardi,2020-03-24 16:00
6168,203,True,True,False,False,False,False,False,True,False,False,False,False,False,False,Mardi-16-18h,NON,Mardi,2020-03-24 16:00
6169,140,False,False,False,False,True,True,False,True,False,False,False,False,False,False,Mardi-16-18h,NON,Mardi,2020-03-24 16:00
6170,188,False,False,False,False,False,True,False,False,True,False,False,False,False,False,Mardi-16-18h,OUI,Mardi,2020-03-24 16:00
6171,206,False,False,False,True,False,False,False,False,False,False,True,False,False,False,Mardi-16-18h,NON,Mardi,2020-03-24 16:00
6172,273,False,False,False,False,False,False,False,False,False,False,False,True,False,False,Mardi-16-18h,NON,Mardi,2020-03-24 16:00
6173,69,True,False,True,False,False,False,False,False,False,False,False,False,False,False,Mardi-16-18h,OUI,Mardi,2020-03-24 16:00
6174,87,True,False,False,True,False,False,False,False,False,False,True,False,False,False,Mardi-16-18h,OUI,Mardi,2020-03-24 16:00
6175,83,True,False,True,False,False,False,False,False,False,False,False,False,False,False,Mardi-16-18h,OUI,Mardi,2020-03-24 16:00
6176,149,True,False,True,True,False,False,False,False,False,False,False,False,False,False,Mardi-16-18h,NON,Mardi,2020-03-24 16:00
6177,274,False,False,False,False,False,True,False,False,False,False,False,False,False,False,Mardi-16-18h,NON,Mardi,2020-03-24 16:00
6178,282,True,False,True,True,False,False,False,False,False,False,False,False,False,False,Mardi-16-18h,OUI,Mardi,2020-03-24 16:00
6179,147,False,False,False,False,False,False,False,False,False,False,False,False,False,False,Mardi-16-18h,NON,Mardi,2020-03-24 16:00
6180,238,False,False,False,False,False,False,False,False,False,False,False,True,False,False,Mardi-16-18h,NON,Mardi,2020-03-24 16:00
6181,201,False,False,False,False,False,False,False,False,False,False,False,False,False,False,Mardi-16-18h,NON,Mardi,2020-03-24 16:00
6182,152,False,True,False,False,False,False,False,False,False,False,False,False,False,False,Mardi-16-18h,NON,Mardi,2020-03-24 16:00
6183,222,False,False,False,False,False,True,False,False,True,True,False,False,False,False,Mardi-16-18h,NON,Mardi,2020-03-24 16:00
6184,106,False,False,False,False,False,True,False,False,False,False,False,True,False,False,Mardi-16-18h,NON,Mardi,2020-03-24 16:00
6185,133,False,False,True,False,True,False,False,False,False,False,False,False,False,False,Mardi-16-18h,OUI,Mardi,2020-03-24 16:00
6186,163,False,False,False,False,True,False,False,False,False,False,False,False,False,False,Mardi-16-18h,OUI,Mardi,2020-03-24 16:00
6187,231,False,False,False,False,False,False,False,False,False,False,False,False,False,False,Mardi-16-18h,NON,Mardi,2020-03-24 16:00
6188,25,False,False,False,False,True,False,False,False,False,False,False,False,False,False,Mardi-16-18h,NON,Mardi,2020-03-24 16:00
6189,196,False,False,True,False,True,False,False,True,False,False,False,False,False,False,Mardi-16-18h,OUI,Mardi,2020-03-24 16:00
6190,5,False,False,False,False,True,True,False,False,False,False,False,False,False,False,Mardi-16-18h,OUI,Mardi,2020-03-24 16:00
6191,90,False,True,False,False,False,False,False,False,False,False,False,False,False,False,Mardi-16-18h,NON,Mardi,2020-03-24 16:00
6192,244,True,False,True,False,False,False,False,False,False,False,False,False,False,False,Mardi-16-18h,OUI,Mardi,2020-03-24 16:00
6193,107,False,True,False,False,False,True,False,False,False,False,False,False,False,False,Mardi-16-18h,OUI,Mardi,2020-03-24 16:00
6194,218,False,True,False,False,True,True,False,False,False,False,False,False,False,False,Mardi-16-18h,NON,Mardi,2020-03-24 16:00
6195,62,False,True,True,False,True,True,False,False,False,False,False,False,False,False,Mardi-16-18h,NON,Mardi,2020-03-24 16:00
6196,79,False,True,False,False,False,False,False,False,False,False,False,False,False,False,Mardi-16-18h,NON,Mardi,2020-03-24 16:00
6197,208,False,False,False,False,False,True,False,False,False,False,False,False,False,False,Mardi-16-18h,NON,Mardi,2020-03-24 16:00
6198,270,False,False,False,False,False,False,False,False,True,False,False,False,False,False,Mardi-16-18h,OUI,Mardi,2020-03-24 16:00
6199,166,True,False,False,False,True,True,False,False,False,False,False,False,False,False,Mardi-16-18h,OUI,Mardi,2020-03-24 16:00
6200,77,False,False,True,False,True,False,False,False,False,False,False,False,False,False,Mardi-16-18h,NON,Mardi,2020-03-24 16:00
6201,29,False,False,False,False,False,True,False,False,False,False,False,True,False,False,Mardi-16-18h,OUI,Mardi,2020-03-24 16:00
6202,240,False,False,False,False,False,True,False,False,False,False,False,False,False,False,Mardi-16-18h,NON,Mardi,2020-03-24 16:00
6203,184,False,True,False,False,False,False,False,False,False,False,False,False,False,False,Mardi-16-18h,OUI,Mardi,2020-03-24 16:00
6204,277,False,True,True,False,False,True,False,False,False,False,False,False,False,False,Mardi-16-18h,OUI,Mardi,2020-03-24 16:00
6205,80,True,False,False,False,False,True,False,False,False,True,False,False,False,False,Mardi-16-18h,OUI,Mardi,2020-03-24 16:00
6206,185,True,True,True,False,False,True,False,False,False,False,True,False,True,False,Mardi-16-18h,NON,Mardi,2020-03-24 16:00
6207,204,False,False,False,False,True,True,False,False,False,False,False,True,False,False,Mardi-16-18h,NON,Mardi,2020-03-24 16:00
6208,252,True,True,True,False,False,True,False,False,False,False,False,False,False,False,Mardi-16-18h,NON,Mardi,2020-03-24 16:00
6209,26,False,False,False,False,True,False,False,False,False,False,False,False,False,False,Mardi-16-18h,NON,Mardi,2020-03-24 16:00
6210,70,False,False,False,False,True,False,False,False,False,False,False,True,False,False,Mardi-16-18h,OUI,Mardi,2020-03-24 16:00
6211,233,False,False,False,False,True,False,False,False,False,False,False,False,False,False,Mardi-16-18h,OUI,Mardi,2020-03-24 16:00
6212,37,True,True,True,False,True,True,False,False,False,False,False,False,False,False,Mardi-16-18h,NON,Mardi,2020-03-24 16:00
6213,185,False,False,True,False,False,False,False,False,False,False,False,False,False,False,Mardi-16-18h,OUI,Mardi,2020-03-24 16:00
6214,138,True,False,False,False,True,True,False,False,False,False,False,False,False,False,Mardi-16-18h,NON,Mardi,2020-03-24 16:00
6215,224,True,False,True,False,False,False,False,False,False,False,False,False,False,False,Mardi-16-18h,NON,Mardi,2020-03-24 16:00
6216,66,False,False,False,False,True,True,False,False,False,False,False,False,True,False,Mardi-16-18h,OUI,Mardi,2020-03-24 16:00
6217,211,False,False,True,False,False,False,False,False,False,False,False,False,True,False,Mardi-16-18h,NON,Mardi,2020-03-24 16:00
6218,14,False,False,False,False,True,True,False,False,False,False,False,False,False,False,Mardi-16-18h,NON,Mardi,2020-03-24 16:00
6219,145,False,False,False,False,True,False,False,False,False,False,False,False,False,False,Mardi-16-18h,NON,Mardi,2020-03-24 16:00
6220,36,False,False,False,False,False,False,False,False,False,False,False,True,False,False,Mardi-16-18h,OUI,Mardi,2020-03-24 16:00
6221,60,True,True,True,False,False,True,False,False,False,False,False,False,False,False,Mardi-16-18h,NON,Mardi,2020-03-24 16:00
6222,137,True,True,True,False,False,True,False,False,False,False,True,False,False,False,Mardi-16-18h,OUI,Mardi,2020-03-24 16:00
6223,285,False,True,False,False,True,True,False,False,False,False,False,False,False,False,Mardi-16-18h,OUI,Mardi,2020-03-24 16:00
6224,40,False,True,True,False,True,True,False,False,False,False,False,False,False,False,Mardi-16-18h,OUI,Mardi,2020-03-24 16:00
6225,97,False,False,False,False,False,True,False,False,False,False,False,False,False,False,Mardi-16-18h,NON,Mardi,2020-03-24 16:00
6226,109,True,False,True,True,False,False,False,False,False,False,False,False,False,False,Mardi-16-18h,NON,Mardi,2020-03-24 16:00
6227,10,False,False,False,False,False,False,False,False,False,False,False,False,False,False,Mardi-16-18h,NON,Mardi,2020-03-24 16:00
6228,256,False,False,False,False,False,False,False,False,False,False,False,True,False,False,Mardi-16-18h,NON,Mardi,2020-03-24 16:00
6229,141,True,True,True,False,False,False,False,False,False,False,True,False,False,False,Mardi-16-18h,OUI,Mardi,2020-03-24 16:00
6230,28,False,False,False,False,False,False,False,False,False,False,False,False,False,False,Mardi-16-18h,NON,Mardi,2020-03-24 16:00
6231,101,True,True,True,True,True,True,False,False,False,False,False,False,False,False,Mardi-16-18h,OUI,Mardi,2020-03-24 16:00
6232,48,True,False,True,False,True,False,False,False,False,False,False,False,True,False,Mardi-16-18h,OUI,Mardi,2020-03-24 16:00
6233,27,False,False,False,False,False,True,False,False,False,False,False,False,False,False,Mardi-16-18h,NON,Mardi,2020-03-24 16:00
6234,142,True,False,True,False,False,False,False,False,False,False,True,False,True,False,Mardi-16-18h,NON,Mardi,2020-03-24 16:00
6235,234,False,False,True,False,False,False,False,False,False,False,True,False,False,False,Mardi-16-18h,NON,Mardi,2020-03-24 16:00
6236,23,False,False,False,False,True,False,False,False,False,False,False,False,False,False,Mardi-16-18h,NON,Mardi,2020-03-24 16:00
6237,195,False,False,False,False,True,False,False,False,True,False,False,False,False,False,Mardi-16-18h,NON,Mardi,2020-03-24 16:00
6238,275,False,False,False,False,False,False,False,False,False,False,False,True,False,False,Mardi-16-18h,NON,Mardi,2020-03-24 16:00
6239,226,False,False,False,False,True,True,False,False,False,False,False,False,False,False,Mardi-16-18h,NON,Mardi,2020-03-24 16:00
6240,207,False,False,True,False,False,False,False,False,False,False,False,False,False,False,Mardi-16-18h,OUI,Mardi,2020-03-24 16:00
6241,57,False,False,False,False,False,False,False,False,False,False,False,False,False,False,Mardi-16-18h,NON,Mardi,2020-03-24 16:00
6242,4,False,True,False,False,False,True,False,False,False,False,False,False,False,False,Mardi-16-18h,OUI,Mardi,2020-03-24 16:00
6243,265,False,False,False,False,False,True,False,False,False,False,False,False,False,False,Mardi-16-18h,OUI,Mardi,2020-03-24 16:00
6244,88,False,True,False,False,False,False,False,False,False,False,False,False,False,False,Mardi-16-18h,NON,Mardi,2020-03-24 16:00
6245,198,False,False,False,False,False,False,False,False,False,False,True,False,False,False,Mardi-16-18h,NON,Mardi,2020-03-24 16:00
6246,249,True,True,True,False,False,False,False,False,False,False,False,False,False,False,Mardi-16-18h,NON,Mardi,2020-03-24 16:00
6247,263,False,False,False,False,True,True,False,False,False,False,False,False,False,False,Mardi-16-18h,OUI,Mardi,2020-03-24 16:00
6248,217,True,False,True,False,False,False,False,False,False,False,False,False,True,False,Mardi-16-18h,OUI,Mardi,2020-03-24 16:00
6249,278,False,False,False,False,True,True,False,False,False,False,False,False,False,False,Mardi-16-18h,NON,Mardi,2020-03-24 16:00
6250,189,False,True,False,False,False,False,False,False,False,False,False,False,False,False,Mardi-16-18h,NON,Mardi,2020-03-24 16:00
6251,61,True,False,True,False,False,False,False,False,False,False,False,False,False,False,Mardi-16-18h,NON,Mardi,2020-03-24 16:00
6252,251,False,False,False,False,False,False,False,False,False,False,False,False,True,False,Mardi-16-18h,NON,Mardi,2020-03-24 16:00
6253,281,False,True,False,False,False,False,False,False,False,False,False,False,False,False,Mardi-16-18h,NON,Mardi,2020-03-24 16:00
6254,134,False,True,False,False,False,False,False,False,False,False,False,False,False,False,Mardi-16-18h,OUI,Mardi,2020-03-24 16:00
6255,293,False,True,False,False,False,True,False,False,False,False,False,False,False,False,Mardi-16-18h,OUI,Mardi,2020-03-24 16:00
6256,279,True,True,True,True,False,True,False,False,False,False,False,False,False,False,Mardi-16-18h,OUI,Mardi,2020-03-24 16:00
6257,81,True,False,True,True,False,False,False,True,False,False,False,False,False,False,Mardi-16-18h,OUI,Mardi,2020-03-24 16:00
6258,92,True,False,False,True,False,False,False,False,False,False,True,False,False,False,Mardi-16-18h,NON,Mardi,2020-03-24 16:00
6259,147,False,False,False,False,False,False,False,False,False,False,False,False,False,False,Mardi-16-18h,NON,Mardi,2020-03-24 16:00
6260,33,False,True,False,False,True,False,False,False,False,False,False,False,False,False,Mardi-16-18h,NON,Mardi,2020-03-24 16:00
6261,266,False,False,False,False,False,False,False,False,False,False,False,False,False,False,Mardi-16-18h,NON,Mardi,2020-03-24 16:00
6262,225,True,False,False,False,False,True,False,False,False,False,False,False,False,False,Mardi-16-18h,NON,Mardi,2020-03-24 16:00
6263,83,True,False,True,False,False,False,False,False,False,False,False,False,False,False,Mardi-16-18h,OUI,Mardi,2020-03-24 16:00
6264,95,False,False,False,False,True,True,False,True,False,False,False,False,False,False,Mardi-16-18h,NON,Mardi,2020-03-24 16:00
6265,127,False,False,False,False,True,False,False,False,False,False,False,False,False,False,Mardi-16-18h,NON,Mardi,2020-03-24 16:00
6266,20,False,False,False,False,False,False,False,False,False,False,False,False,False,False,Mardi-16-18h,NON,Mardi,2020-03-24 16:00
6267,89,False,False,False,False,False,False,False,False,True,False,False,False,False,False,Mardi-16-18h,NON,Mardi,2020-03-24 16:00
6268,120,False,True,True,False,True,True,False,True,False,False,True,False,False,False,Mardi-16-18h,NON,Mardi,2020-03-24 16:00
6269,253,False,False,False,False,True,True,False,False,False,False,False,True,False,False,Mardi-16-18h,NON,Mardi,2020-03-24 16:00
6270,52,False,False,True,False,False,False,False,False,False,False,False,False,False,False,Mardi-16-18h,OUI,Mardi,2020-03-24 16:00
6271,168,True,False,True,False,False,False,False,True,False,False,False,False,False,False,Mardi-16-18h,NON,Mardi,2020-03-24 16:00
6272,202,False,True,False,False,False,False,False,False,False,False,False,False,False,False,Mardi-16-18h,NON,Mardi,2020-03-24 16:00
6273,172,False,False,False,False,True,False,False,False,False,False,False,False,False,False,Mardi-16-18h,OUI,Mardi,2020-03-24 16:00
6274,239,False,False,False,False,True,True,False,False,False,False,False,False,False,False,Mardi-16-18h,OUI,Mardi,2020-03-24 16:00
6275,85,False,False,False,False,True,False,False,False,False,False,False,False,False,False,Mardi-16-18h,NON,Mardi,2020-03-24 16:00
6276,215,False,False,False,False,False,False,False,False,True,False,False,False,False,False,Mardi-16-18h,NON,Mardi,2020-03-24 16:00
6277,260,True,False,True,False,False,False,False,False,False,False,False,False,False,False,Mardi-16-18h,NON,Mardi,2020-03-24 16:00
6278,286,True,True,False,False,True,False,False,False,False,False,False,False,False,False,Mardi-16-18h,OUI,Mardi,2020-03-24 16:00
6279,72,False,True,False,False,False,False,False,False,False,False,False,False,False,False,Mardi-18-20h,OUI,Mardi,2020-03-24 18:00
6280,167,True,True,True,True,True,True,False,False,False,False,False,False,False,False,Mardi-18-20h,OUI,Mardi,2020-03-24 18:00
6281,130,True,False,True,False,False,False,False,True,False,False,False,False,True,True,Mardi-18-20h,OUI,Mardi,2020-03-24 18:00
6282,288,True,True,True,False,True,False,False,False,False,False,False,False,False,False,Mardi-18-20h,OUI,Mardi,2020-03-24 18:00
6283,59,False,False,False,False,False,True,False,False,False,False,False,False,False,False,Mardi-18-20h,OUI,Mardi,2020-03-24 18:00
6284,178,True,False,False,False,False,False,False,False,False,False,True,False,False,False,Mardi-18-20h,OUI,Mardi,2020-03-24 18:00
6285,254,False,False,False,False,False,False,False,False,False,False,False,True,False,False,Mardi-18-20h,NON,Mardi,2020-03-24 18:00
6286,34,False,False,False,False,False,False,False,False,False,False,False,False,False,False,Mardi-18-20h,NON,Mardi,2020-03-24 18:00
6287,264,False,False,False,False,True,True,True,False,False,False,False,False,False,False,Mardi-18-20h,NON,Mardi,2020-03-24 18:00
6288,158,True,False,False,False,True,False,False,False,False,True,False,False,False,False,Mardi-18-20h,OUI,Mardi,2020-03-24 18:00
6289,210,False,True,False,False,True,True,False,False,False,False,False,False,False,False,Mardi-18-20h,OUI,Mardi,2020-03-24 18:00
6290,93,False,False,False,False,True,False,False,False,False,False,False,False,True,False,Mardi-18-20h,OUI,Mardi,2020-03-24 18:00
6291,144,True,False,True,False,True,False,False,False,False,False,False,False,False,False,Mardi-18-20h,OUI,Mardi,2020-03-24 18:00
6292,164,False,True,False,False,True,True,False,False,False,False,False,False,False,False,Mardi-18-20h,OUI,Mardi,2020-03-24 18:00
6293,289,False,False,False,False,True,True,False,False,False,False,False,False,False,False,Mardi-18-20h,NON,Mardi,2020-03-24 18:00
6294,50,False,False,False,False,False,False,False,False,False,False,False,False,False,False,Mardi-18-20h,NON,Mardi,2020-03-24 18:00
6295,51,True,True,False,False,True,False,False,False,False,False,False,False,False,False,Mardi-18-20h,NON,Mardi,2020-03-24 18:00
6296,247,False,False,True,False,False,False,False,False,False,False,False,False,False,False,Mardi-18-20h,NON,Mardi,2020-03-24 18:00
6297,159,False,False,False,False,False,False,False,True,False,False,False,False,False,False,Mardi-18-20h,NON,Mardi,2020-03-24 18:00
6298,54,False,False,False,False,False,True,False,False,False,False,False,False,False,False,Mardi-18-20h,NON,Mardi,2020-03-24 18:00
6299,55,True,False,False,False,True,True,False,True,False,False,False,False,False,False,Mardi-18-20h,OUI,Mardi,2020-03-24 18:00
6300,257,False,False,False,False,True,False,False,False,False,False,False,False,False,False,Mardi-18-20h,OUI,Mardi,2020-03-24 18:00
6301,67,False,False,False,False,False,False,False,False,False,False,False,False,False,False,Mardi-18-20h,NON,Mardi,2020-03-24 18:00
6302,71,True,False,True,False,False,False,False,False,False,False,False,False,False,False,Mardi-18-20h,NON,Mardi,2020-03-24 18:00
6303,280,False,False,False,False,False,True,False,False,False,False,False,False,False,False,Mardi-18-20h,OUI,Mardi,2020-03-24 18:00
6304,283,True,True,False,False,False,False,False,False,False,False,False,False,False,False,Mardi-18-20h,OUI,Mardi,2020-03-24 18:00
6305,154,False,False,False,False,True,True,False,False,False,False,False,True,False,False,Mardi-18-20h,OUI,Mardi,2020-03-24 18:00
6306,171,False,False,False,False,False,False,False,False,False,False,False,True,False,False,Mardi-18-20h,OUI,Mardi,2020-03-24 18:00
6307,131,False,False,True,False,False,False,False,False,False,False,False,False,False,False,Mardi-18-20h,OUI,Mardi,2020-03-24 18:00
6308,237,True,False,False,False,False,True,True,False,False,False,False,False,True,False,Mardi-18-20h,OUI,Mardi,2020-03-24 18:00
6309,75,False,False,False,False,True,True,False,False,False,False,False,False,False,False,Mardi-18-20h,NON,Mardi,2020-03-24 18:00
6310,235,True,False,False,False,True,False,False,False,False,False,False,False,False,False,Mardi-18-20h,OUI,Mardi,2020-03-24 18:00
6311,180,False,False,False,False,True,True,False,False,False,False,False,False,False,False,Mardi-18-20h,OUI,Mardi,2020-03-24 18:00
6312,219,False,False,False,False,False,True,False,False,False,False,False,False,False,False,Mardi-18-20h,NON,Mardi,2020-03-24 18:00
6313,250,False,False,False,False,False,False,False,False,True,False,False,False,False,False,Mardi-18-20h,NON,Mardi,2020-03-24 18:00
6314,267,True,True,False,False,False,False,False,False,False,False,False,False,False,False,Mardi-18-20h,OUI,Mardi,2020-03-24 18:00
6315,160,False,True,False,False,False,True,False,False,False,False,False,False,False,False,Mardi-18-20h,NON,Mardi,2020-03-24 18:00
6316,182,False,True,False,False,True,True,True,False,False,False,False,False,False,False,Mardi-18-20h,OUI,Mardi,2020-03-24 18:00
6317,143,False,False,False,False,False,False,False,True,False,False,True,False,False,False,Mardi-18-20h,OUI,Mardi,2020-03-24 18:00
6318,223,True,True,False,False,False,False,False,False,False,False,False,False,False,False,Mardi-18-20h,OUI,Mardi,2020-03-24 18:00
6319,192,True,False,True,False,False,False,False,False,False,False,False,False,False,False,Mardi-18-20h,OUI,Mardi,2020-03-24 18:00
6320,30,False,False,True,False,False,False,False,True,False,False,False,False,False,False,Mardi-18-20h,NON,Mardi,2020-03-24 18:00
6321,125,True,False,False,False,True,False,False,True,False,False,False,False,False,False,Mardi-18-20h,NON,Mardi,2020-03-24 18:00
6322,39,False,False,True,False,True,False,False,True,False,False,False,False,False,False,Mardi-18-20h,OUI,Mardi,2020-03-24 18:00
6323,113,True,False,True,False,False,False,False,False,False,False,False,False,False,False,Mardi-18-20h,OUI,Mardi,2020-03-24 18:00
6324,121,True,False,True,False,False,False,False,True,False,False,False,False,False,False,Mardi-18-20h,OUI,Mardi,2020-03-24 18:00
6325,228,False,False,False,False,False,False,False,False,False,False,True,False,False,False,Mardi-18-20h,OUI,Mardi,2020-03-24 18:00
6326,290,False,False,False,False,False,False,False,False,True,False,False,False,False,False,Mardi-18-20h,NON,Mardi,2020-03-24 18:00
6327,197,False,False,True,False,True,False,False,False,False,False,False,False,False,False,Mardi-18-20h,NON,Mardi,2020-03-24 18:00
6328,31,True,True,True,False,False,True,False,False,False,False,False,False,False,False,Mardi-18-20h,OUI,Mardi,2020-03-24 18:00
6329,173,True,False,False,False,True,True,False,True,False,False,False,False,False,False,Mardi-18-20h,OUI,Mardi,2020-03-24 18:00
6330,74,True,False,False,True,False,False,False,True,False,False,True,False,False,False,Mardi-18-20h,NON,Mardi,2020-03-24 18:00
6331,15,False,False,True,False,False,False,False,False,False,False,False,False,False,False,Mardi-18-20h,OUI,Mardi,2020-03-24 18:00
6332,45,True,False,False,False,True,True,False,True,False,False,False,False,False,False,Mardi-18-20h,NON,Mardi,2020-03-24 18:00
6333,63,False,False,True,False,False,False,False,False,False,False,False,False,False,False,Mardi-18-20h,OUI,Mardi,2020-03-24 18:00
6334,3,False,False,False,False,False,True,False,False,False,False,False,True,False,False,Mardi-18-20h,OUI,Mardi,2020-03-24 18:00
6335,21,True,False,True,False,False,False,False,False,False,False,False,False,False,False,Mardi-18-20h,OUI,Mardi,2020-03-24 18:00
6336,78,False,True,True,False,True,True,False,True,False,False,False,False,False,False,Mardi-18-20h,NON,Mardi,2020-03-24 18:00
6337,47,False,True,False,False,False,False,False,False,False,False,False,False,False,False,Mardi-18-20h,OUI,Mardi,2020-03-24 18:00
6338,151,True,True,False,False,True,False,False,True,False,False,False,False,False,False,Mardi-18-20h,OUI,Mardi,2020-03-24 18:00
6339,6,True,False,True,False,False,False,False,False,False,False,False,False,False,False,Mardi-18-20h,OUI,Mardi,2020-03-24 18:00
6340,135,True,False,True,False,False,False,False,False,False,False,False,False,True,False,Mardi-18-20h,NON,Mardi,2020-03-24 18:00
6341,221,False,False,False,False,True,True,False,False,False,False,False,False,False,False,Mardi-18-20h,OUI,Mardi,2020-03-24 18:00
6342,170,False,False,True,False,False,False,False,False,False,False,True,False,False,True,Mardi-18-20h,OUI,Mardi,2020-03-24 18:00
6343,129,False,True,False,False,False,False,False,False,False,False,False,False,False,False,Mardi-18-20h,OUI,Mardi,2020-03-24 18:00
6344,132,True,True,True,False,False,True,False,False,False,False,False,False,False,False,Mardi-18-20h,OUI,Mardi,2020-03-24 18:00
6345,110,False,True,False,False,False,False,False,False,False,False,False,False,False,False,Mardi-18-20h,OUI,Mardi,2020-03-24 18:00
6346,191,False,False,False,False,False,True,False,False,False,False,False,False,False,False,Mardi-18-20h,OUI,Mardi,2020-03-24 18:00
6347,94,True,True,True,False,False,True,False,False,False,False,True,False,True,False,Mardi-18-20h,OUI,Mardi,2020-03-24 18:00
6348,108,False,False,False,False,False,True,True,False,False,False,False,False,False,False,Mardi-18-20h,OUI,Mardi,2020-03-24 18:00
6349,236,False,False,False,False,True,True,False,False,False,False,False,False,False,False,Mardi-18-20h,OUI,Mardi,2020-03-24 18:00
6350,42,True,False,True,False,True,False,False,False,False,False,False,False,False,False,Mardi-18-20h,OUI,Mardi,2020-03-24 18:00
6351,155,True,False,False,False,True,False,False,False,False,False,False,False,False,False,Mardi-18-20h,OUI,Mardi,2020-03-24 18:00
6352,1,False,False,False,False,False,False,False,False,False,False,False,False,False,False,Mardi-18-20h,NON,Mardi,2020-03-24 18:00
6353,58,False,True,True,False,False,True,False,False,False,False,True,False,False,False,Mardi-18-20h,NON,Mardi,2020-03-24 18:00
6354,0,False,True,False,False,False,False,False,False,False,False,False,False,False,False,Mardi-18-20h,OUI,Mardi,2020-03-24 18:00
6355,269,False,False,False,False,False,False,False,False,False,False,False,False,False,False,Mardi-18-20h,NON,Mardi,2020-03-24 18:00
6356,2,True,False,True,False,False,False,False,False,False,False,False,False,False,False,Mardi-18-20h,NON,Mardi,2020-03-24 18:00
6357,103,False,False,False,False,True,False,False,False,False,False,False,False,False,False,Mardi-18-20h,OUI,Mardi,2020-03-24 18:00
6358,12,False,True,False,False,True,False,False,False,False,False,False,False,False,False,Mardi-18-20h,OUI,Mardi,2020-03-24 18:00
6359,245,True,False,False,False,True,True,False,True,False,False,False,False,False,False,Mardi-18-20h,NON,Mardi,2020-03-24 18:00
6360,161,False,False,True,False,False,False,False,False,False,False,True,False,False,False,Mardi-18-20h,OUI,Mardi,2020-03-24 18:00
6361,38,False,False,False,False,False,False,False,False,True,False,False,False,False,False,Mardi-18-20h,OUI,Mardi,2020-03-24 18:00
6362,122,False,False,False,False,False,False,False,False,False,False,False,False,False,False,Mardi-18-20h,NON,Mardi,2020-03-24 18:00
6363,248,False,False,True,False,False,False,False,False,False,False,False,False,True,False,Mardi-18-20h,OUI,Mardi,2020-03-24 18:00
6364,271,False,True,True,False,False,True,False,False,False,False,False,False,False,False,Mardi-18-20h,OUI,Mardi,2020-03-24 18:00
6365,116,False,False,True,False,False,False,False,False,False,False,False,False,False,False,Mardi-18-20h,OUI,Mardi,2020-03-24 18:00
6366,117,True,True,True,True,False,True,False,False,False,False,False,False,False,False,Mardi-18-20h,NON,Mardi,2020-03-24 18:00
6367,213,False,False,False,False,True,True,False,True,False,False,False,False,False,False,Mardi-18-20h,NON,Mardi,2020-03-24 18:00
6368,220,False,True,True,False,False,True,False,False,False,False,False,False,False,False,Mardi-18-20h,OUI,Mardi,2020-03-24 18:00
6369,176,False,False,True,False,False,False,False,False,False,False,False,False,False,False,Mardi-18-20h,OUI,Mardi,2020-03-24 18:00
6370,96,False,False,False,False,True,True,False,False,False,True,False,False,False,False,Mardi-18-20h,NON,Mardi,2020-03-24 18:00
6371,214,False,False,False,False,True,True,False,False,False,True,False,False,False,False,Mardi-18-20h,OUI,Mardi,2020-03-24 18:00
6372,11,True,False,False,True,False,False,False,False,False,False,True,False,False,False,Mardi-18-20h,OUI,Mardi,2020-03-24 18:00
6373,255,True,False,True,False,False,False,False,True,False,False,False,False,False,False,Mardi-18-20h,OUI,Mardi,2020-03-24 18:00
6374,86,False,False,True,False,False,False,False,False,False,False,False,False,False,False,Mardi-18-20h,OUI,Mardi,2020-03-24 18:00
6375,209,True,False,False,False,True,True,False,True,False,False,False,False,False,False,Mardi-18-20h,OUI,Mardi,2020-03-24 18:00
6376,291,False,False,False,False,False,True,False,False,True,False,False,False,False,False,Mardi-18-20h,OUI,Mardi,2020-03-24 18:00
6377,287,False,False,False,False,False,False,False,False,False,False,False,True,False,False,Mardi-18-20h,NON,Mardi,2020-03-24 18:00
6378,104,False,False,False,False,True,True,False,False,False,False,False,False,False,False,Mardi-18-20h,OUI,Mardi,2020-03-24 18:00
6379,18,False,False,False,False,True,False,False,False,False,False,False,False,False,False,Mardi-18-20h,OUI,Mardi,2020-03-24 18:00
6380,123,False,True,False,False,True,True,False,False,False,False,False,False,False,False,Mardi-18-20h,OUI,Mardi,2020-03-24 18:00
6381,136,False,False,False,False,True,False,False,False,False,False,False,False,False,False,Mardi-18-20h,OUI,Mardi,2020-03-24 18:00
6382,276,True,False,True,False,False,False,False,False,False,False,False,False,False,False,Mardi-18-20h,NON,Mardi,2020-03-24 18:00
6383,53,False,False,False,False,True,True,False,False,False,False,False,False,False,False,Mardi-18-20h,OUI,Mardi,2020-03-24 18:00
6384,179,True,False,True,False,False,False,False,False,False,False,False,False,False,False,Mardi-18-20h,OUI,Mardi,2020-03-24 18:00
6385,200,False,False,False,False,False,False,False,False,False,False,False,False,False,False,Mardi-18-20h,NON,Mardi,2020-03-24 18:00
6386,73,False,False,False,False,False,False,False,False,False,False,False,False,False,False,Mardi-18-20h,NON,Mardi,2020-03-24 18:00
6387,156,False,False,False,False,True,True,False,False,False,False,False,False,False,False,Mardi-18-20h,OUI,Mardi,2020-03-24 18:00
6388,128,True,True,True,False,False,True,False,False,False,False,False,False,False,False,Mardi-18-20h,OUI,Mardi,2020-03-24 18:00
6389,118,False,False,False,False,False,False,False,False,False,False,False,False,False,False,Mardi-18-20h,NON,Mardi,2020-03-24 18:00
6390,112,True,False,True,False,False,False,False,False,False,False,False,False,False,False,Mardi-18-20h,NON,Mardi,2020-03-24 18:00
6391,35,False,False,False,False,True,True,False,False,False,False,False,False,False,False,Mardi-18-20h,NON,Mardi,2020-03-24 18:00
6392,32,False,False,False,False,False,False,False,False,False,False,False,True,False,False,Mardi-18-20h,NON,Mardi,2020-03-24 18:00
6393,199,True,False,True,False,False,False,False,False,False,False,False,False,False,False,Mardi-18-20h,OUI,Mardi,2020-03-24 18:00
6394,153,True,False,False,False,True,True,False,False,False,False,False,False,False,False,Mardi-18-20h,OUI,Mardi,2020-03-24 18:00
6395,82,False,False,True,False,False,False,False,False,False,False,False,False,False,False,Mardi-18-20h,OUI,Mardi,2020-03-24 18:00
6396,292,False,True,False,False,False,False,False,False,False,False,False,False,False,False,Mardi-18-20h,NON,Mardi,2020-03-24 18:00
6397,169,False,False,False,True,False,False,False,False,False,False,False,False,False,False,Mardi-18-20h,NON,Mardi,2020-03-24 18:00
6398,16,False,False,False,False,True,True,False,False,False,False,False,False,False,False,Mardi-18-20h,OUI,Mardi,2020-03-24 18:00
6399,46,True,True,True,False,False,True,True,False,False,False,False,False,False,False,Mardi-18-20h,OUI,Mardi,2020-03-24 18:00
6400,216,False,True,False,False,False,True,False,False,False,False,False,False,False,False,Mardi-18-20h,OUI,Mardi,2020-03-24 18:00
6401,174,False,True,True,False,False,True,False,False,False,False,True,False,False,False,Mardi-18-20h,OUI,Mardi,2020-03-24 18:00
6402,43,False,False,False,False,True,False,False,False,False,False,False,False,False,False,Mardi-18-20h,NON,Mardi,2020-03-24 18:00
6403,165,False,False,False,False,True,True,False,False,False,False,False,False,False,False,Mardi-18-20h,NON,Mardi,2020-03-24 18:00
6404,126,False,True,False,False,False,True,False,False,False,False,False,False,False,False,Mardi-18-20h,NON,Mardi,2020-03-24 18:00
6405,41,False,False,False,False,False,True,False,False,True,False,False,False,False,False,Mardi-18-20h,NON,Mardi,2020-03-24 18:00
6406,157,False,False,True,False,False,False,False,False,False,False,False,False,False,False,Mardi-18-20h,NON,Mardi,2020-03-24 18:00
6407,272,False,True,True,False,False,False,True,False,False,False,True,False,True,True,Mardi-18-20h,OUI,Mardi,2020-03-24 18:00
6408,115,True,False,True,False,False,False,False,False,False,False,False,False,False,False,Mardi-18-20h,OUI,Mardi,2020-03-24 18:00
6409,84,False,False,False,False,False,False,False,False,False,False,False,True,False,False,Mardi-18-20h,NON,Mardi,2020-03-24 18:00
6410,183,True,True,True,True,False,False,False,False,False,False,False,False,False,False,Mardi-18-20h,NON,Mardi,2020-03-24 18:00
6411,65,True,True,False,False,False,True,False,False,False,False,False,False,False,False,Mardi-18-20h,OUI,Mardi,2020-03-24 18:00
6412,105,True,False,False,False,False,False,False,False,False,False,False,False,False,False,Mardi-18-20h,OUI,Mardi,2020-03-24 18:00
6413,187,True,False,False,False,False,True,False,False,False,False,False,False,False,False,Mardi-18-20h,OUI,Mardi,2020-03-24 18:00
6414,139,True,False,True,False,False,False,False,False,False,False,False,False,False,False,Mardi-18-20h,NON,Mardi,2020-03-24 18:00
6415,259,False,False,False,False,True,True,False,False,False,False,False,False,False,False,Mardi-18-20h,OUI,Mardi,2020-03-24 18:00
6416,124,True,False,True,False,False,False,False,False,False,False,True,False,False,False,Mardi-18-20h,OUI,Mardi,2020-03-24 18:00
6417,98,False,False,False,False,False,True,False,False,False,False,False,True,False,False,Mardi-18-20h,OUI,Mardi,2020-03-24 18:00
6418,284,False,True,True,False,False,True,False,False,False,False,False,False,True,False,Mardi-18-20h,OUI,Mardi,2020-03-24 18:00
6419,148,True,False,True,False,True,False,False,True,False,False,False,False,False,False,Mardi-18-20h,OUI,Mardi,2020-03-24 18:00
6420,258,True,False,True,False,False,False,False,False,False,False,False,False,False,False,Mardi-18-20h,NON,Mardi,2020-03-24 18:00
6421,175,False,False,False,False,False,True,False,False,False,False,False,False,False,False,Mardi-18-20h,NON,Mardi,2020-03-24 18:00
6422,119,False,False,False,False,False,False,False,False,False,False,True,False,False,False,Mardi-18-20h,NON,Mardi,2020-03-24 18:00
6423,229,True,False,True,False,False,False,False,True,False,False,False,False,False,False,Mardi-18-20h,OUI,Mardi,2020-03-24 18:00
6424,230,False,False,False,False,False,True,True,False,False,False,False,False,False,False,Mardi-18-20h,OUI,Mardi,2020-03-24 18:00
6425,17,True,False,False,False,False,True,True,False,False,False,False,False,False,False,Mardi-18-20h,OUI,Mardi,2020-03-24 18:00
6426,177,False,False,False,False,False,False,False,False,False,False,False,False,False,False,Mardi-18-20h,NON,Mardi,2020-03-24 18:00
6427,7,False,False,False,False,False,False,False,False,False,False,False,False,False,False,Mardi-18-20h,NON,Mardi,2020-03-24 18:00
6428,241,False,False,True,False,False,False,False,False,False,False,False,False,False,False,Mardi-18-20h,OUI,Mardi,2020-03-24 18:00
6429,8,True,False,False,False,True,True,False,True,False,False,False,False,False,False,Mardi-18-20h,OUI,Mardi,2020-03-24 18:00
6430,268,False,True,False,False,False,True,False,False,False,False,False,False,False,False,Mardi-18-20h,OUI,Mardi,2020-03-24 18:00
6431,294,False,False,True,False,True,False,False,False,False,False,False,False,False,False,Mardi-18-20h,OUI,Mardi,2020-03-24 18:00
6432,242,True,False,False,False,True,True,False,False,False,False,False,False,False,False,Mardi-18-20h,NON,Mardi,2020-03-24 18:00
6433,194,False,False,False,False,False,True,False,False,False,False,False,False,False,False,Mardi-18-20h,NON,Mardi,2020-03-24 18:00
6434,243,False,False,False,False,True,True,False,False,False,False,False,False,False,False,Mardi-18-20h,NON,Mardi,2020-03-24 18:00
6435,212,True,True,True,False,False,True,False,False,False,False,False,False,False,False,Mardi-18-20h,NON,Mardi,2020-03-24 18:00
6436,19,False,False,False,False,False,True,False,False,False,False,False,False,False,False,Mardi-18-20h,OUI,Mardi,2020-03-24 18:00
6437,114,False,False,False,False,True,False,False,False,False,False,False,False,False,False,Mardi-18-20h,OUI,Mardi,2020-03-24 18:00
6438,190,False,False,False,False,False,True,False,False,True,False,False,False,False,False,Mardi-18-20h,NON,Mardi,2020-03-24 18:00
6439,64,False,False,True,False,False,False,False,False,False,False,False,False,False,False,Mardi-18-20h,OUI,Mardi,2020-03-24 18:00
6440,227,False,False,False,False,False,False,False,False,False,False,False,False,False,False,Mardi-18-20h,NON,Mardi,2020-03-24 18:00
6441,232,False,False,False,False,False,True,False,False,False,False,False,False,False,False,Mardi-18-20h,OUI,Mardi,2020-03-24 18:00
6442,246,False,True,False,False,False,True,True,False,False,False,False,False,False,False,Mardi-18-20h,OUI,Mardi,2020-03-24 18:00
6443,100,False,False,False,False,False,True,False,False,False,False,False,False,False,False,Mardi-18-20h,NON,Mardi,2020-03-24 18:00
6444,13,False,False,False,False,True,False,False,False,False,False,False,False,False,False,Mardi-18-20h,OUI,Mardi,2020-03-24 18:00
6445,262,True,True,True,False,False,False,False,False,False,False,False,False,False,False,Mardi-18-20h,OUI,Mardi,2020-03-24 18:00
6446,76,True,True,True,False,False,True,False,False,False,False,True,False,False,False,Mardi-18-20h,OUI,Mardi,2020-03-24 18:00
6447,261,False,True,False,False,True,False,False,False,False,False,False,False,False,False,Mardi-18-20h,OUI,Mardi,2020-03-24 18:00
6448,150,False,True,False,False,False,False,False,False,False,False,False,False,False,False,Mardi-18-20h,OUI,Mardi,2020-03-24 18:00
6449,205,False,False,False,False,False,False,False,False,False,False,False,False,False,False,Mardi-18-20h,NON,Mardi,2020-03-24 18:00
6450,56,False,False,False,False,True,True,False,False,False,False,False,False,False,False,Mardi-18-20h,OUI,Mardi,2020-03-24 18:00
6451,186,False,False,False,False,True,False,False,False,False,False,False,False,False,False,Mardi-18-20h,OUI,Mardi,2020-03-24 18:00
6452,162,True,False,False,False,True,True,False,False,False,False,False,False,False,False,Mardi-18-20h,OUI,Mardi,2020-03-24 18:00
6453,68,False,True,False,False,True,True,False,False,False,False,False,False,False,False,Mardi-18-20h,OUI,Mardi,2020-03-24 18:00
6454,146,False,False,False,False,False,True,False,False,False,False,False,True,False,False,Mardi-18-20h,OUI,Mardi,2020-03-24 18:00
6455,49,False,False,False,False,False,False,False,False,False,False,False,False,True,False,Mardi-18-20h,NON,Mardi,2020-03-24 18:00
6456,91,True,False,True,True,False,False,False,False,False,False,False,False,False,False,Mardi-18-20h,OUI,Mardi,2020-03-24 18:00
6457,22,False,False,False,False,False,False,False,False,False,True,False,False,False,False,Mardi-18-20h,NON,Mardi,2020-03-24 18:00
6458,151,False,False,False,False,True,False,False,False,False,False,False,False,False,False,Mardi-18-20h,OUI,Mardi,2020-03-24 18:00
6459,193,False,False,False,False,True,True,False,False,False,False,False,False,False,False,Mardi-18-20h,OUI,Mardi,2020-03-24 18:00
6460,9,True,True,False,False,False,False,False,False,False,False,False,False,False,False,Mardi-18-20h,NON,Mardi,2020-03-24 18:00
6461,99,True,False,True,False,False,False,False,False,False,False,False,False,False,False,Mardi-18-20h,NON,Mardi,2020-03-24 18:00
6462,181,False,False,False,False,True,True,False,False,False,False,False,False,False,False,Mardi-18-20h,OUI,Mardi,2020-03-24 18:00
6463,111,False,False,False,False,False,True,False,True,False,False,False,False,False,False,Mardi-18-20h,OUI,Mardi,2020-03-24 18:00
6464,44,False,True,False,False,False,True,False,False,False,False,False,False,False,False,Mardi-18-20h,OUI,Mardi,2020-03-24 18:00
6465,24,False,False,False,False,True,False,False,True,False,False,False,False,False,False,Mardi-18-20h,NON,Mardi,2020-03-24 18:00
6466,102,False,False,False,False,True,True,False,True,False,False,False,False,False,False,Mardi-18-20h,OUI,Mardi,2020-03-24 18:00
6467,203,True,True,False,False,False,False,False,True,False,False,False,False,False,False,Mardi-18-20h,NON,Mardi,2020-03-24 18:00
6468,140,False,False,False,False,True,True,False,True,False,False,False,False,False,False,Mardi-18-20h,NON,Mardi,2020-03-24 18:00
6469,188,False,False,False,False,False,True,False,False,True,False,False,False,False,False,Mardi-18-20h,NON,Mardi,2020-03-24 18:00
6470,206,False,False,False,True,False,False,False,False,False,False,True,False,False,False,Mardi-18-20h,NON,Mardi,2020-03-24 18:00
6471,273,False,False,False,False,False,False,False,False,False,False,False,True,False,False,Mardi-18-20h,NON,Mardi,2020-03-24 18:00
6472,69,True,False,True,False,False,False,False,False,False,False,False,False,False,False,Mardi-18-20h,OUI,Mardi,2020-03-24 18:00
6473,87,True,False,False,True,False,False,False,False,False,False,True,False,False,False,Mardi-18-20h,OUI,Mardi,2020-03-24 18:00
6474,83,True,False,True,False,False,False,False,False,False,False,False,False,False,False,Mardi-18-20h,OUI,Mardi,2020-03-24 18:00
6475,149,True,False,True,True,False,False,False,False,False,False,False,False,False,False,Mardi-18-20h,OUI,Mardi,2020-03-24 18:00
6476,274,False,False,False,False,False,True,False,False,False,False,False,False,False,False,Mardi-18-20h,OUI,Mardi,2020-03-24 18:00
6477,282,True,False,True,True,False,False,False,False,False,False,False,False,False,False,Mardi-18-20h,OUI,Mardi,2020-03-24 18:00
6478,147,False,False,False,False,False,False,False,False,False,False,False,False,False,False,Mardi-18-20h,NON,Mardi,2020-03-24 18:00
6479,238,False,False,False,False,False,False,False,False,False,False,False,True,False,False,Mardi-18-20h,OUI,Mardi,2020-03-24 18:00
6480,201,False,False,False,False,False,False,False,False,False,False,False,False,False,False,Mardi-18-20h,NON,Mardi,2020-03-24 18:00
6481,152,False,True,False,False,False,False,False,False,False,False,False,False,False,False,Mardi-18-20h,NON,Mardi,2020-03-24 18:00
6482,222,False,False,False,False,False,True,False,False,True,True,False,False,False,False,Mardi-18-20h,NON,Mardi,2020-03-24 18:00
6483,106,False,False,False,False,False,True,False,False,False,False,False,True,False,False,Mardi-18-20h,OUI,Mardi,2020-03-24 18:00
6484,133,False,False,True,False,True,False,False,False,False,False,False,False,False,False,Mardi-18-20h,OUI,Mardi,2020-03-24 18:00
6485,163,False,False,False,False,True,False,False,False,False,False,False,False,False,False,Mardi-18-20h,NON,Mardi,2020-03-24 18:00
6486,231,False,False,False,False,False,False,False,False,False,False,False,False,False,False,Mardi-18-20h,NON,Mardi,2020-03-24 18:00
6487,25,False,False,False,False,True,False,False,False,False,False,False,False,False,False,Mardi-18-20h,NON,Mardi,2020-03-24 18:00
6488,196,False,False,True,False,True,False,False,True,False,False,False,False,False,False,Mardi-18-20h,OUI,Mardi,2020-03-24 18:00
6489,5,False,False,False,False,True,True,False,False,False,False,False,False,False,False,Mardi-18-20h,OUI,Mardi,2020-03-24 18:00
6490,90,False,True,False,False,False,False,False,False,False,False,False,False,False,False,Mardi-18-20h,NON,Mardi,2020-03-24 18:00
6491,244,True,False,True,False,False,False,False,False,False,False,False,False,False,False,Mardi-18-20h,OUI,Mardi,2020-03-24 18:00
6492,107,False,True,False,False,False,True,False,False,False,False,False,False,False,False,Mardi-18-20h,OUI,Mardi,2020-03-24 18:00
6493,218,False,True,False,False,True,True,False,False,False,False,False,False,False,False,Mardi-18-20h,OUI,Mardi,2020-03-24 18:00
6494,62,False,True,True,False,True,True,False,False,False,False,False,False,False,False,Mardi-18-20h,NON,Mardi,2020-03-24 18:00
6495,79,False,True,False,False,False,False,False,False,False,False,False,False,False,False,Mardi-18-20h,NON,Mardi,2020-03-24 18:00
6496,208,False,False,False,False,False,True,False,False,False,False,False,False,False,False,Mardi-18-20h,NON,Mardi,2020-03-24 18:00
6497,270,False,False,False,False,False,False,False,False,True,False,False,False,False,False,Mardi-18-20h,OUI,Mardi,2020-03-24 18:00
6498,166,True,False,False,False,True,True,False,False,False,False,False,False,False,False,Mardi-18-20h,OUI,Mardi,2020-03-24 18:00
6499,77,False,False,True,False,True,False,False,False,False,False,False,False,False,False,Mardi-18-20h,NON,Mardi,2020-03-24 18:00
6500,29,False,False,False,False,False,True,False,False,False,False,False,True,False,False,Mardi-18-20h,OUI,Mardi,2020-03-24 18:00
6501,240,False,False,False,False,False,True,False,False,False,False,False,False,False,False,Mardi-18-20h,OUI,Mardi,2020-03-24 18:00
6502,184,False,True,False,False,False,False,False,False,False,False,False,False,False,False,Mardi-18-20h,OUI,Mardi,2020-03-24 18:00
6503,277,False,True,True,False,False,True,False,False,False,False,False,False,False,False,Mardi-18-20h,OUI,Mardi,2020-03-24 18:00
6504,80,True,False,False,False,False,True,False,False,False,True,False,False,False,False,Mardi-18-20h,OUI,Mardi,2020-03-24 18:00
6505,185,True,True,True,False,False,True,False,False,False,False,True,False,True,False,Mardi-18-20h,NON,Mardi,2020-03-24 18:00
6506,204,False,False,False,False,True,True,False,False,False,False,False,True,False,False,Mardi-18-20h,OUI,Mardi,2020-03-24 18:00
6507,252,True,True,True,False,False,True,False,False,False,False,False,False,False,False,Mardi-18-20h,NON,Mardi,2020-03-24 18:00
6508,26,False,False,False,False,True,False,False,False,False,False,False,False,False,False,Mardi-18-20h,NON,Mardi,2020-03-24 18:00
6509,70,False,False,False,False,True,False,False,False,False,False,False,True,False,False,Mardi-18-20h,OUI,Mardi,2020-03-24 18:00
6510,233,False,False,False,False,True,False,False,False,False,False,False,False,False,False,Mardi-18-20h,OUI,Mardi,2020-03-24 18:00
6511,37,True,True,True,False,True,True,False,False,False,False,False,False,False,False,Mardi-18-20h,NON,Mardi,2020-03-24 18:00
6512,185,False,False,True,False,False,False,False,False,False,False,False,False,False,False,Mardi-18-20h,OUI,Mardi,2020-03-24 18:00
6513,138,True,False,False,False,True,True,False,False,False,False,False,False,False,False,Mardi-18-20h,OUI,Mardi,2020-03-24 18:00
6514,224,True,False,True,False,False,False,False,False,False,False,False,False,False,False,Mardi-18-20h,NON,Mardi,2020-03-24 18:00
6515,66,False,False,False,False,True,True,False,False,False,False,False,False,True,False,Mardi-18-20h,OUI,Mardi,2020-03-24 18:00
6516,211,False,False,True,False,False,False,False,False,False,False,False,False,True,False,Mardi-18-20h,NON,Mardi,2020-03-24 18:00
6517,14,False,False,False,False,True,True,False,False,False,False,False,False,False,False,Mardi-18-20h,NON,Mardi,2020-03-24 18:00
6518,145,False,False,False,False,True,False,False,False,False,False,False,False,False,False,Mardi-18-20h,OUI,Mardi,2020-03-24 18:00
6519,36,False,False,False,False,False,False,False,False,False,False,False,True,False,False,Mardi-18-20h,OUI,Mardi,2020-03-24 18:00
6520,60,True,True,True,False,False,True,False,False,False,False,False,False,False,False,Mardi-18-20h,NON,Mardi,2020-03-24 18:00
6521,137,True,True,True,False,False,True,False,False,False,False,True,False,False,False,Mardi-18-20h,OUI,Mardi,2020-03-24 18:00
6522,285,False,True,False,False,True,True,False,False,False,False,False,False,False,False,Mardi-18-20h,OUI,Mardi,2020-03-24 18:00
6523,40,False,True,True,False,True,True,False,False,False,False,False,False,False,False,Mardi-18-20h,OUI,Mardi,2020-03-24 18:00
6524,97,False,False,False,False,False,True,False,False,False,False,False,False,False,False,Mardi-18-20h,OUI,Mardi,2020-03-24 18:00
6525,109,True,False,True,True,False,False,False,False,False,False,False,False,False,False,Mardi-18-20h,NON,Mardi,2020-03-24 18:00
6526,10,False,False,False,False,False,False,False,False,False,False,False,False,False,False,Mardi-18-20h,NON,Mardi,2020-03-24 18:00
6527,256,False,False,False,False,False,False,False,False,False,False,False,True,False,False,Mardi-18-20h,NON,Mardi,2020-03-24 18:00
6528,141,True,True,True,False,False,False,False,False,False,False,True,False,False,False,Mardi-18-20h,OUI,Mardi,2020-03-24 18:00
6529,28,False,False,False,False,False,False,False,False,False,False,False,False,False,False,Mardi-18-20h,NON,Mardi,2020-03-24 18:00
6530,101,True,True,True,True,True,True,False,False,False,False,False,False,False,False,Mardi-18-20h,OUI,Mardi,2020-03-24 18:00
6531,48,True,False,True,False,True,False,False,False,False,False,False,False,True,False,Mardi-18-20h,OUI,Mardi,2020-03-24 18:00
6532,27,False,False,False,False,False,True,False,False,False,False,False,False,False,False,Mardi-18-20h,OUI,Mardi,2020-03-24 18:00
6533,142,True,False,True,False,False,False,False,False,False,False,True,False,True,False,Mardi-18-20h,NON,Mardi,2020-03-24 18:00
6534,234,False,False,True,False,False,False,False,False,False,False,True,False,False,False,Mardi-18-20h,NON,Mardi,2020-03-24 18:00
6535,23,False,False,False,False,True,False,False,False,False,False,False,False,False,False,Mardi-18-20h,OUI,Mardi,2020-03-24 18:00
6536,195,False,False,False,False,True,False,False,False,True,False,False,False,False,False,Mardi-18-20h,OUI,Mardi,2020-03-24 18:00
6537,275,False,False,False,False,False,False,False,False,False,False,False,True,False,False,Mardi-18-20h,NON,Mardi,2020-03-24 18:00
6538,226,False,False,False,False,True,True,False,False,False,False,False,False,False,False,Mardi-18-20h,NON,Mardi,2020-03-24 18:00
6539,207,False,False,True,False,False,False,False,False,False,False,False,False,False,False,Mardi-18-20h,OUI,Mardi,2020-03-24 18:00
6540,57,False,False,False,False,False,False,False,False,False,False,False,False,False,False,Mardi-18-20h,NON,Mardi,2020-03-24 18:00
6541,4,False,True,False,False,False,True,False,False,False,False,False,False,False,False,Mardi-18-20h,OUI,Mardi,2020-03-24 18:00
6542,265,False,False,False,False,False,True,False,False,False,False,False,False,False,False,Mardi-18-20h,OUI,Mardi,2020-03-24 18:00
6543,88,False,True,False,False,False,False,False,False,False,False,False,False,False,False,Mardi-18-20h,NON,Mardi,2020-03-24 18:00
6544,198,False,False,False,False,False,False,False,False,False,False,True,False,False,False,Mardi-18-20h,OUI,Mardi,2020-03-24 18:00
6545,249,True,True,True,False,False,False,False,False,False,False,False,False,False,False,Mardi-18-20h,OUI,Mardi,2020-03-24 18:00
6546,263,False,False,False,False,True,True,False,False,False,False,False,False,False,False,Mardi-18-20h,OUI,Mardi,2020-03-24 18:00
6547,217,True,False,True,False,False,False,False,False,False,False,False,False,True,False,Mardi-18-20h,OUI,Mardi,2020-03-24 18:00
6548,278,False,False,False,False,True,True,False,False,False,False,False,False,False,False,Mardi-18-20h,NON,Mardi,2020-03-24 18:00
6549,189,False,True,False,False,False,False,False,False,False,False,False,False,False,False,Mardi-18-20h,NON,Mardi,2020-03-24 18:00
6550,61,True,False,True,False,False,False,False,False,False,False,False,False,False,False,Mardi-18-20h,NON,Mardi,2020-03-24 18:00
6551,251,False,False,False,False,False,False,False,False,False,False,False,False,True,False,Mardi-18-20h,NON,Mardi,2020-03-24 18:00
6552,281,False,True,False,False,False,False,False,False,False,False,False,False,False,False,Mardi-18-20h,OUI,Mardi,2020-03-24 18:00
6553,134,False,True,False,False,False,False,False,False,False,False,False,False,False,False,Mardi-18-20h,OUI,Mardi,2020-03-24 18:00
6554,293,False,True,False,False,False,True,False,False,False,False,False,False,False,False,Mardi-18-20h,OUI,Mardi,2020-03-24 18:00
6555,279,True,True,True,True,False,True,False,False,False,False,False,False,False,False,Mardi-18-20h,OUI,Mardi,2020-03-24 18:00
6556,81,True,False,True,True,False,False,False,True,False,False,False,False,False,False,Mardi-18-20h,OUI,Mardi,2020-03-24 18:00
6557,92,True,False,False,True,False,False,False,False,False,False,True,False,False,False,Mardi-18-20h,NON,Mardi,2020-03-24 18:00
6558,147,False,False,False,False,False,False,False,False,False,False,False,False,False,False,Mardi-18-20h,NON,Mardi,2020-03-24 18:00
6559,33,False,True,False,False,True,False,False,False,False,False,False,False,False,False,Mardi-18-20h,OUI,Mardi,2020-03-24 18:00
6560,266,False,False,False,False,False,False,False,False,False,False,False,False,False,False,Mardi-18-20h,NON,Mardi,2020-03-24 18:00
6561,225,True,False,False,False,False,True,False,False,False,False,False,False,False,False,Mardi-18-20h,NON,Mardi,2020-03-24 18:00
6562,83,True,False,True,False,False,False,False,False,False,False,False,False,False,False,Mardi-18-20h,OUI,Mardi,2020-03-24 18:00
6563,95,False,False,False,False,True,True,False,True,False,False,False,False,False,False,Mardi-18-20h,OUI,Mardi,2020-03-24 18:00
6564,127,False,False,False,False,True,False,False,False,False,False,False,False,False,False,Mardi-18-20h,OUI,Mardi,2020-03-24 18:00
6565,20,False,False,False,False,False,False,False,False,False,False,False,False,False,False,Mardi-18-20h,NON,Mardi,2020-03-24 18:00
6566,89,False,False,False,False,False,False,False,False,True,False,False,False,False,False,Mardi-18-20h,NON,Mardi,2020-03-24 18:00
6567,120,False,True,True,False,True,True,False,True,False,False,True,False,False,False,Mardi-18-20h,NON,Mardi,2020-03-24 18:00
6568,253,False,False,False,False,True,True,False,False,False,False,False,True,False,False,Mardi-18-20h,OUI,Mardi,2020-03-24 18:00
6569,52,False,False,True,False,False,False,False,False,False,False,False,False,False,False,Mardi-18-20h,OUI,Mardi,2020-03-24 18:00
6570,168,True,False,True,False,False,False,False,True,False,False,False,False,False,False,Mardi-18-20h,OUI,Mardi,2020-03-24 18:00
6571,202,False,True,False,False,False,False,False,False,False,False,False,False,False,False,Mardi-18-20h,OUI,Mardi,2020-03-24 18:00
6572,172,False,False,False,False,True,False,False,False,False,False,False,False,False,False,Mardi-18-20h,OUI,Mardi,2020-03-24 18:00
6573,239,False,False,False,False,True,True,False,False,False,False,False,False,False,False,Mardi-18-20h,OUI,Mardi,2020-03-24 18:00
6574,85,False,False,False,False,True,False,False,False,False,False,False,False,False,False,Mardi-18-20h,NON,Mardi,2020-03-24 18:00
6575,215,False,False,False,False,False,False,False,False,True,False,False,False,False,False,Mardi-18-20h,NON,Mardi,2020-03-24 18:00
6576,260,True,False,True,False,False,False,False,False,False,False,False,False,False,False,Mardi-18-20h,OUI,Mardi,2020-03-24 18:00
6577,286,True,True,False,False,True,False,False,False,False,False,False,False,False,False,Mardi-18-20h,NON,Mardi,2020-03-24 18:00
6578,72,False,True,False,False,False,False,False,False,False,False,False,False,False,False,Mardi-20-22h,OUI,Mardi,2020-03-24 20:00
6579,167,True,True,True,True,True,True,False,False,False,False,False,False,False,False,Mardi-20-22h,OUI,Mardi,2020-03-24 20:00
6580,130,True,False,True,False,False,False,False,True,False,False,False,False,True,True,Mardi-20-22h,OUI,Mardi,2020-03-24 20:00
6581,288,True,True,True,False,True,False,False,False,False,False,False,False,False,False,Mardi-20-22h,OUI,Mardi,2020-03-24 20:00
6582,59,False,False,False,False,False,True,False,False,False,False,False,False,False,False,Mardi-20-22h,OUI,Mardi,2020-03-24 20:00
6583,178,True,False,False,False,False,False,False,False,False,False,True,False,False,False,Mardi-20-22h,OUI,Mardi,2020-03-24 20:00
6584,254,False,False,False,False,False,False,False,False,False,False,False,True,False,False,Mardi-20-22h,NON,Mardi,2020-03-24 20:00
6585,34,False,False,False,False,False,False,False,False,False,False,False,False,False,False,Mardi-20-22h,NON,Mardi,2020-03-24 20:00
6586,264,False,False,False,False,True,True,True,False,False,False,False,False,False,False,Mardi-20-22h,OUI,Mardi,2020-03-24 20:00
6587,158,True,False,False,False,True,False,False,False,False,True,False,False,False,False,Mardi-20-22h,OUI,Mardi,2020-03-24 20:00
6588,210,False,True,False,False,True,True,False,False,False,False,False,False,False,False,Mardi-20-22h,OUI,Mardi,2020-03-24 20:00
6589,93,False,False,False,False,True,False,False,False,False,False,False,False,True,False,Mardi-20-22h,OUI,Mardi,2020-03-24 20:00
6590,144,True,False,True,False,True,False,False,False,False,False,False,False,False,False,Mardi-20-22h,OUI,Mardi,2020-03-24 20:00
6591,164,False,True,False,False,True,True,False,False,False,False,False,False,False,False,Mardi-20-22h,OUI,Mardi,2020-03-24 20:00
6592,289,False,False,False,False,True,True,False,False,False,False,False,False,False,False,Mardi-20-22h,NON,Mardi,2020-03-24 20:00
6593,50,False,False,False,False,False,False,False,False,False,False,False,False,False,False,Mardi-20-22h,NON,Mardi,2020-03-24 20:00
6594,51,True,True,False,False,True,False,False,False,False,False,False,False,False,False,Mardi-20-22h,NON,Mardi,2020-03-24 20:00
6595,247,False,False,True,False,False,False,False,False,False,False,False,False,False,False,Mardi-20-22h,NON,Mardi,2020-03-24 20:00
6596,159,False,False,False,False,False,False,False,True,False,False,False,False,False,False,Mardi-20-22h,OUI,Mardi,2020-03-24 20:00
6597,54,False,False,False,False,False,True,False,False,False,False,False,False,False,False,Mardi-20-22h,NON,Mardi,2020-03-24 20:00
6598,55,True,False,False,False,True,True,False,True,False,False,False,False,False,False,Mardi-20-22h,OUI,Mardi,2020-03-24 20:00
6599,257,False,False,False,False,True,False,False,False,False,False,False,False,False,False,Mardi-20-22h,OUI,Mardi,2020-03-24 20:00
6600,67,False,False,False,False,False,False,False,False,False,False,False,False,False,False,Mardi-20-22h,NON,Mardi,2020-03-24 20:00
6601,71,True,False,True,False,False,False,False,False,False,False,False,False,False,False,Mardi-20-22h,NON,Mardi,2020-03-24 20:00
6602,280,False,False,False,False,False,True,False,False,False,False,False,False,False,False,Mardi-20-22h,OUI,Mardi,2020-03-24 20:00
6603,283,True,True,False,False,False,False,False,False,False,False,False,False,False,False,Mardi-20-22h,OUI,Mardi,2020-03-24 20:00
6604,154,False,False,False,False,True,True,False,False,False,False,False,True,False,False,Mardi-20-22h,OUI,Mardi,2020-03-24 20:00
6605,171,False,False,False,False,False,False,False,False,False,False,False,True,False,False,Mardi-20-22h,OUI,Mardi,2020-03-24 20:00
6606,131,False,False,True,False,False,False,False,False,False,False,False,False,False,False,Mardi-20-22h,NON,Mardi,2020-03-24 20:00
6607,237,True,False,False,False,False,True,True,False,False,False,False,False,True,False,Mardi-20-22h,OUI,Mardi,2020-03-24 20:00
6608,75,False,False,False,False,True,True,False,False,False,False,False,False,False,False,Mardi-20-22h,NON,Mardi,2020-03-24 20:00
6609,235,True,False,False,False,True,False,False,False,False,False,False,False,False,False,Mardi-20-22h,OUI,Mardi,2020-03-24 20:00
6610,180,False,False,False,False,True,True,False,False,False,False,False,False,False,False,Mardi-20-22h,OUI,Mardi,2020-03-24 20:00
6611,219,False,False,False,False,False,True,False,False,False,False,False,False,False,False,Mardi-20-22h,NON,Mardi,2020-03-24 20:00
6612,250,False,False,False,False,False,False,False,False,True,False,False,False,False,False,Mardi-20-22h,NON,Mardi,2020-03-24 20:00
6613,267,True,True,False,False,False,False,False,False,False,False,False,False,False,False,Mardi-20-22h,OUI,Mardi,2020-03-24 20:00
6614,160,False,True,False,False,False,True,False,False,False,False,False,False,False,False,Mardi-20-22h,NON,Mardi,2020-03-24 20:00
6615,182,False,True,False,False,True,True,True,False,False,False,False,False,False,False,Mardi-20-22h,OUI,Mardi,2020-03-24 20:00
6616,143,False,False,False,False,False,False,False,True,False,False,True,False,False,False,Mardi-20-22h,OUI,Mardi,2020-03-24 20:00
6617,223,True,True,False,False,False,False,False,False,False,False,False,False,False,False,Mardi-20-22h,OUI,Mardi,2020-03-24 20:00
6618,192,True,False,True,False,False,False,False,False,False,False,False,False,False,False,Mardi-20-22h,OUI,Mardi,2020-03-24 20:00
6619,30,False,False,True,False,False,False,False,True,False,False,False,False,False,False,Mardi-20-22h,NON,Mardi,2020-03-24 20:00
6620,125,True,False,False,False,True,False,False,True,False,False,False,False,False,False,Mardi-20-22h,NON,Mardi,2020-03-24 20:00
6621,39,False,False,True,False,True,False,False,True,False,False,False,False,False,False,Mardi-20-22h,OUI,Mardi,2020-03-24 20:00
6622,113,True,False,True,False,False,False,False,False,False,False,False,False,False,False,Mardi-20-22h,OUI,Mardi,2020-03-24 20:00
6623,121,True,False,True,False,False,False,False,True,False,False,False,False,False,False,Mardi-20-22h,OUI,Mardi,2020-03-24 20:00
6624,228,False,False,False,False,False,False,False,False,False,False,True,False,False,False,Mardi-20-22h,OUI,Mardi,2020-03-24 20:00
6625,290,False,False,False,False,False,False,False,False,True,False,False,False,False,False,Mardi-20-22h,OUI,Mardi,2020-03-24 20:00
6626,197,False,False,True,False,True,False,False,False,False,False,False,False,False,False,Mardi-20-22h,NON,Mardi,2020-03-24 20:00
6627,31,True,True,True,False,False,True,False,False,False,False,False,False,False,False,Mardi-20-22h,OUI,Mardi,2020-03-24 20:00
6628,173,True,False,False,False,True,True,False,True,False,False,False,False,False,False,Mardi-20-22h,OUI,Mardi,2020-03-24 20:00
6629,74,True,False,False,True,False,False,False,True,False,False,True,False,False,False,Mardi-20-22h,OUI,Mardi,2020-03-24 20:00
6630,15,False,False,True,False,False,False,False,False,False,False,False,False,False,False,Mardi-20-22h,OUI,Mardi,2020-03-24 20:00
6631,45,True,False,False,False,True,True,False,True,False,False,False,False,False,False,Mardi-20-22h,NON,Mardi,2020-03-24 20:00
6632,63,False,False,True,False,False,False,False,False,False,False,False,False,False,False,Mardi-20-22h,OUI,Mardi,2020-03-24 20:00
6633,3,False,False,False,False,False,True,False,False,False,False,False,True,False,False,Mardi-20-22h,OUI,Mardi,2020-03-24 20:00
6634,21,True,False,True,False,False,False,False,False,False,False,False,False,False,False,Mardi-20-22h,OUI,Mardi,2020-03-24 20:00
6635,78,False,True,True,False,True,True,False,True,False,False,False,False,False,False,Mardi-20-22h,OUI,Mardi,2020-03-24 20:00
6636,47,False,True,False,False,False,False,False,False,False,False,False,False,False,False,Mardi-20-22h,OUI,Mardi,2020-03-24 20:00
6637,151,True,True,False,False,True,False,False,True,False,False,False,False,False,False,Mardi-20-22h,OUI,Mardi,2020-03-24 20:00
6638,6,True,False,True,False,False,False,False,False,False,False,False,False,False,False,Mardi-20-22h,OUI,Mardi,2020-03-24 20:00
6639,135,True,False,True,False,False,False,False,False,False,False,False,False,True,False,Mardi-20-22h,OUI,Mardi,2020-03-24 20:00
6640,221,False,False,False,False,True,True,False,False,False,False,False,False,False,False,Mardi-20-22h,OUI,Mardi,2020-03-24 20:00
6641,170,False,False,True,False,False,False,False,False,False,False,True,False,False,True,Mardi-20-22h,OUI,Mardi,2020-03-24 20:00
6642,129,False,True,False,False,False,False,False,False,False,False,False,False,False,False,Mardi-20-22h,OUI,Mardi,2020-03-24 20:00
6643,132,True,True,True,False,False,True,False,False,False,False,False,False,False,False,Mardi-20-22h,OUI,Mardi,2020-03-24 20:00
6644,110,False,True,False,False,False,False,False,False,False,False,False,False,False,False,Mardi-20-22h,OUI,Mardi,2020-03-24 20:00
6645,191,False,False,False,False,False,True,False,False,False,False,False,False,False,False,Mardi-20-22h,OUI,Mardi,2020-03-24 20:00
6646,94,True,True,True,False,False,True,False,False,False,False,True,False,True,False,Mardi-20-22h,NON,Mardi,2020-03-24 20:00
6647,108,False,False,False,False,False,True,True,False,False,False,False,False,False,False,Mardi-20-22h,OUI,Mardi,2020-03-24 20:00
6648,236,False,False,False,False,True,True,False,False,False,False,False,False,False,False,Mardi-20-22h,OUI,Mardi,2020-03-24 20:00
6649,42,True,False,True,False,True,False,False,False,False,False,False,False,False,False,Mardi-20-22h,OUI,Mardi,2020-03-24 20:00
6650,155,True,False,False,False,True,False,False,False,False,False,False,False,False,False,Mardi-20-22h,OUI,Mardi,2020-03-24 20:00
6651,1,False,False,False,False,False,False,False,False,False,False,False,False,False,False,Mardi-20-22h,NON,Mardi,2020-03-24 20:00
6652,58,False,True,True,False,False,True,False,False,False,False,True,False,False,False,Mardi-20-22h,NON,Mardi,2020-03-24 20:00
6653,0,False,True,False,False,False,False,False,False,False,False,False,False,False,False,Mardi-20-22h,OUI,Mardi,2020-03-24 20:00
6654,269,False,False,False,False,False,False,False,False,False,False,False,False,False,False,Mardi-20-22h,NON,Mardi,2020-03-24 20:00
6655,2,True,False,True,False,False,False,False,False,False,False,False,False,False,False,Mardi-20-22h,OUI,Mardi,2020-03-24 20:00
6656,103,False,False,False,False,True,False,False,False,False,False,False,False,False,False,Mardi-20-22h,NON,Mardi,2020-03-24 20:00
6657,12,False,True,False,False,True,False,False,False,False,False,False,False,False,False,Mardi-20-22h,OUI,Mardi,2020-03-24 20:00
6658,245,True,False,False,False,True,True,False,True,False,False,False,False,False,False,Mardi-20-22h,NON,Mardi,2020-03-24 20:00
6659,161,False,False,True,False,False,False,False,False,False,False,True,False,False,False,Mardi-20-22h,OUI,Mardi,2020-03-24 20:00
6660,38,False,False,False,False,False,False,False,False,True,False,False,False,False,False,Mardi-20-22h,NON,Mardi,2020-03-24 20:00
6661,122,False,False,False,False,False,False,False,False,False,False,False,False,False,False,Mardi-20-22h,NON,Mardi,2020-03-24 20:00
6662,248,False,False,True,False,False,False,False,False,False,False,False,False,True,False,Mardi-20-22h,OUI,Mardi,2020-03-24 20:00
6663,271,False,True,True,False,False,True,False,False,False,False,False,False,False,False,Mardi-20-22h,OUI,Mardi,2020-03-24 20:00
6664,116,False,False,True,False,False,False,False,False,False,False,False,False,False,False,Mardi-20-22h,OUI,Mardi,2020-03-24 20:00
6665,117,True,True,True,True,False,True,False,False,False,False,False,False,False,False,Mardi-20-22h,OUI,Mardi,2020-03-24 20:00
6666,213,False,False,False,False,True,True,False,True,False,False,False,False,False,False,Mardi-20-22h,NON,Mardi,2020-03-24 20:00
6667,220,False,True,True,False,False,True,False,False,False,False,False,False,False,False,Mardi-20-22h,OUI,Mardi,2020-03-24 20:00
6668,176,False,False,True,False,False,False,False,False,False,False,False,False,False,False,Mardi-20-22h,OUI,Mardi,2020-03-24 20:00
6669,96,False,False,False,False,True,True,False,False,False,True,False,False,False,False,Mardi-20-22h,NON,Mardi,2020-03-24 20:00
6670,214,False,False,False,False,True,True,False,False,False,True,False,False,False,False,Mardi-20-22h,OUI,Mardi,2020-03-24 20:00
6671,11,True,False,False,True,False,False,False,False,False,False,True,False,False,False,Mardi-20-22h,OUI,Mardi,2020-03-24 20:00
6672,255,True,False,True,False,False,False,False,True,False,False,False,False,False,False,Mardi-20-22h,OUI,Mardi,2020-03-24 20:00
6673,86,False,False,True,False,False,False,False,False,False,False,False,False,False,False,Mardi-20-22h,OUI,Mardi,2020-03-24 20:00
6674,209,True,False,False,False,True,True,False,True,False,False,False,False,False,False,Mardi-20-22h,OUI,Mardi,2020-03-24 20:00
6675,291,False,False,False,False,False,True,False,False,True,False,False,False,False,False,Mardi-20-22h,OUI,Mardi,2020-03-24 20:00
6676,287,False,False,False,False,False,False,False,False,False,False,False,True,False,False,Mardi-20-22h,OUI,Mardi,2020-03-24 20:00
6677,104,False,False,False,False,True,True,False,False,False,False,False,False,False,False,Mardi-20-22h,NON,Mardi,2020-03-24 20:00
6678,18,False,False,False,False,True,False,False,False,False,False,False,False,False,False,Mardi-20-22h,OUI,Mardi,2020-03-24 20:00
6679,123,False,True,False,False,True,True,False,False,False,False,False,False,False,False,Mardi-20-22h,NON,Mardi,2020-03-24 20:00
6680,136,False,False,False,False,True,False,False,False,False,False,False,False,False,False,Mardi-20-22h,OUI,Mardi,2020-03-24 20:00
6681,276,True,False,True,False,False,False,False,False,False,False,False,False,False,False,Mardi-20-22h,OUI,Mardi,2020-03-24 20:00
6682,53,False,False,False,False,True,True,False,False,False,False,False,False,False,False,Mardi-20-22h,OUI,Mardi,2020-03-24 20:00
6683,179,True,False,True,False,False,False,False,False,False,False,False,False,False,False,Mardi-20-22h,OUI,Mardi,2020-03-24 20:00
6684,200,False,False,False,False,False,False,False,False,False,False,False,False,False,False,Mardi-20-22h,NON,Mardi,2020-03-24 20:00
6685,73,False,False,False,False,False,False,False,False,False,False,False,False,False,False,Mardi-20-22h,NON,Mardi,2020-03-24 20:00
6686,156,False,False,False,False,True,True,False,False,False,False,False,False,False,False,Mardi-20-22h,OUI,Mardi,2020-03-24 20:00
6687,128,True,True,True,False,False,True,False,False,False,False,False,False,False,False,Mardi-20-22h,OUI,Mardi,2020-03-24 20:00
6688,118,False,False,False,False,False,False,False,False,False,False,False,False,False,False,Mardi-20-22h,NON,Mardi,2020-03-24 20:00
6689,112,True,False,True,False,False,False,False,False,False,False,False,False,False,False,Mardi-20-22h,NON,Mardi,2020-03-24 20:00
6690,35,False,False,False,False,True,True,False,False,False,False,False,False,False,False,Mardi-20-22h,OUI,Mardi,2020-03-24 20:00
6691,32,False,False,False,False,False,False,False,False,False,False,False,True,False,False,Mardi-20-22h,NON,Mardi,2020-03-24 20:00
6692,199,True,False,True,False,False,False,False,False,False,False,False,False,False,False,Mardi-20-22h,OUI,Mardi,2020-03-24 20:00
6693,153,True,False,False,False,True,True,False,False,False,False,False,False,False,False,Mardi-20-22h,NON,Mardi,2020-03-24 20:00
6694,82,False,False,True,False,False,False,False,False,False,False,False,False,False,False,Mardi-20-22h,OUI,Mardi,2020-03-24 20:00
6695,292,False,True,False,False,False,False,False,False,False,False,False,False,False,False,Mardi-20-22h,NON,Mardi,2020-03-24 20:00
6696,169,False,False,False,True,False,False,False,False,False,False,False,False,False,False,Mardi-20-22h,NON,Mardi,2020-03-24 20:00
6697,16,False,False,False,False,True,True,False,False,False,False,False,False,False,False,Mardi-20-22h,OUI,Mardi,2020-03-24 20:00
6698,46,True,True,True,False,False,True,True,False,False,False,False,False,False,False,Mardi-20-22h,OUI,Mardi,2020-03-24 20:00
6699,216,False,True,False,False,False,True,False,False,False,False,False,False,False,False,Mardi-20-22h,OUI,Mardi,2020-03-24 20:00
6700,174,False,True,True,False,False,True,False,False,False,False,True,False,False,False,Mardi-20-22h,OUI,Mardi,2020-03-24 20:00
6701,43,False,False,False,False,True,False,False,False,False,False,False,False,False,False,Mardi-20-22h,OUI,Mardi,2020-03-24 20:00
6702,165,False,False,False,False,True,True,False,False,False,False,False,False,False,False,Mardi-20-22h,NON,Mardi,2020-03-24 20:00
6703,126,False,True,False,False,False,True,False,False,False,False,False,False,False,False,Mardi-20-22h,NON,Mardi,2020-03-24 20:00
6704,41,False,False,False,False,False,True,False,False,True,False,False,False,False,False,Mardi-20-22h,NON,Mardi,2020-03-24 20:00
6705,157,False,False,True,False,False,False,False,False,False,False,False,False,False,False,Mardi-20-22h,NON,Mardi,2020-03-24 20:00
6706,272,False,True,True,False,False,False,True,False,False,False,True,False,True,True,Mardi-20-22h,OUI,Mardi,2020-03-24 20:00
6707,115,True,False,True,False,False,False,False,False,False,False,False,False,False,False,Mardi-20-22h,OUI,Mardi,2020-03-24 20:00
6708,84,False,False,False,False,False,False,False,False,False,False,False,True,False,False,Mardi-20-22h,NON,Mardi,2020-03-24 20:00
6709,183,True,True,True,True,False,False,False,False,False,False,False,False,False,False,Mardi-20-22h,NON,Mardi,2020-03-24 20:00
6710,65,True,True,False,False,False,True,False,False,False,False,False,False,False,False,Mardi-20-22h,OUI,Mardi,2020-03-24 20:00
6711,105,True,False,False,False,False,False,False,False,False,False,False,False,False,False,Mardi-20-22h,OUI,Mardi,2020-03-24 20:00
6712,187,True,False,False,False,False,True,False,False,False,False,False,False,False,False,Mardi-20-22h,OUI,Mardi,2020-03-24 20:00
6713,139,True,False,True,False,False,False,False,False,False,False,False,False,False,False,Mardi-20-22h,NON,Mardi,2020-03-24 20:00
6714,259,False,False,False,False,True,True,False,False,False,False,False,False,False,False,Mardi-20-22h,OUI,Mardi,2020-03-24 20:00
6715,124,True,False,True,False,False,False,False,False,False,False,True,False,False,False,Mardi-20-22h,OUI,Mardi,2020-03-24 20:00
6716,98,False,False,False,False,False,True,False,False,False,False,False,True,False,False,Mardi-20-22h,OUI,Mardi,2020-03-24 20:00
6717,284,False,True,True,False,False,True,False,False,False,False,False,False,True,False,Mardi-20-22h,OUI,Mardi,2020-03-24 20:00
6718,148,True,False,True,False,True,False,False,True,False,False,False,False,False,False,Mardi-20-22h,OUI,Mardi,2020-03-24 20:00
6719,258,True,False,True,False,False,False,False,False,False,False,False,False,False,False,Mardi-20-22h,OUI,Mardi,2020-03-24 20:00
6720,175,False,False,False,False,False,True,False,False,False,False,False,False,False,False,Mardi-20-22h,NON,Mardi,2020-03-24 20:00
6721,119,False,False,False,False,False,False,False,False,False,False,True,False,False,False,Mardi-20-22h,NON,Mardi,2020-03-24 20:00
6722,229,True,False,True,False,False,False,False,True,False,False,False,False,False,False,Mardi-20-22h,OUI,Mardi,2020-03-24 20:00
6723,230,False,False,False,False,False,True,True,False,False,False,False,False,False,False,Mardi-20-22h,NON,Mardi,2020-03-24 20:00
6724,17,True,False,False,False,False,True,True,False,False,False,False,False,False,False,Mardi-20-22h,OUI,Mardi,2020-03-24 20:00
6725,177,False,False,False,False,False,False,False,False,False,False,False,False,False,False,Mardi-20-22h,NON,Mardi,2020-03-24 20:00
6726,7,False,False,False,False,False,False,False,False,False,False,False,False,False,False,Mardi-20-22h,NON,Mardi,2020-03-24 20:00
6727,241,False,False,True,False,False,False,False,False,False,False,False,False,False,False,Mardi-20-22h,NON,Mardi,2020-03-24 20:00
6728,8,True,False,False,False,True,True,False,True,False,False,False,False,False,False,Mardi-20-22h,OUI,Mardi,2020-03-24 20:00
6729,268,False,True,False,False,False,True,False,False,False,False,False,False,False,False,Mardi-20-22h,OUI,Mardi,2020-03-24 20:00
6730,294,False,False,True,False,True,False,False,False,False,False,False,False,False,False,Mardi-20-22h,OUI,Mardi,2020-03-24 20:00
6731,242,True,False,False,False,True,True,False,False,False,False,False,False,False,False,Mardi-20-22h,NON,Mardi,2020-03-24 20:00
6732,194,False,False,False,False,False,True,False,False,False,False,False,False,False,False,Mardi-20-22h,NON,Mardi,2020-03-24 20:00
6733,243,False,False,False,False,True,True,False,False,False,False,False,False,False,False,Mardi-20-22h,NON,Mardi,2020-03-24 20:00
6734,212,True,True,True,False,False,True,False,False,False,False,False,False,False,False,Mardi-20-22h,NON,Mardi,2020-03-24 20:00
6735,19,False,False,False,False,False,True,False,False,False,False,False,False,False,False,Mardi-20-22h,OUI,Mardi,2020-03-24 20:00
6736,114,False,False,False,False,True,False,False,False,False,False,False,False,False,False,Mardi-20-22h,OUI,Mardi,2020-03-24 20:00
6737,190,False,False,False,False,False,True,False,False,True,False,False,False,False,False,Mardi-20-22h,NON,Mardi,2020-03-24 20:00
6738,64,False,False,True,False,False,False,False,False,False,False,False,False,False,False,Mardi-20-22h,OUI,Mardi,2020-03-24 20:00
6739,227,False,False,False,False,False,False,False,False,False,False,False,False,False,False,Mardi-20-22h,NON,Mardi,2020-03-24 20:00
6740,232,False,False,False,False,False,True,False,False,False,False,False,False,False,False,Mardi-20-22h,OUI,Mardi,2020-03-24 20:00
6741,246,False,True,False,False,False,True,True,False,False,False,False,False,False,False,Mardi-20-22h,OUI,Mardi,2020-03-24 20:00
6742,100,False,False,False,False,False,True,False,False,False,False,False,False,False,False,Mardi-20-22h,NON,Mardi,2020-03-24 20:00
6743,13,False,False,False,False,True,False,False,False,False,False,False,False,False,False,Mardi-20-22h,OUI,Mardi,2020-03-24 20:00
6744,262,True,True,True,False,False,False,False,False,False,False,False,False,False,False,Mardi-20-22h,OUI,Mardi,2020-03-24 20:00
6745,76,True,True,True,False,False,True,False,False,False,False,True,False,False,False,Mardi-20-22h,OUI,Mardi,2020-03-24 20:00
6746,261,False,True,False,False,True,False,False,False,False,False,False,False,False,False,Mardi-20-22h,OUI,Mardi,2020-03-24 20:00
6747,150,False,True,False,False,False,False,False,False,False,False,False,False,False,False,Mardi-20-22h,OUI,Mardi,2020-03-24 20:00
6748,205,False,False,False,False,False,False,False,False,False,False,False,False,False,False,Mardi-20-22h,NON,Mardi,2020-03-24 20:00
6749,56,False,False,False,False,True,True,False,False,False,False,False,False,False,False,Mardi-20-22h,OUI,Mardi,2020-03-24 20:00
6750,186,False,False,False,False,True,False,False,False,False,False,False,False,False,False,Mardi-20-22h,OUI,Mardi,2020-03-24 20:00
6751,162,True,False,False,False,True,True,False,False,False,False,False,False,False,False,Mardi-20-22h,OUI,Mardi,2020-03-24 20:00
6752,68,False,True,False,False,True,True,False,False,False,False,False,False,False,False,Mardi-20-22h,OUI,Mardi,2020-03-24 20:00
6753,146,False,False,False,False,False,True,False,False,False,False,False,True,False,False,Mardi-20-22h,OUI,Mardi,2020-03-24 20:00
6754,49,False,False,False,False,False,False,False,False,False,False,False,False,True,False,Mardi-20-22h,NON,Mardi,2020-03-24 20:00
6755,91,True,False,True,True,False,False,False,False,False,False,False,False,False,False,Mardi-20-22h,OUI,Mardi,2020-03-24 20:00
6756,22,False,False,False,False,False,False,False,False,False,True,False,False,False,False,Mardi-20-22h,NON,Mardi,2020-03-24 20:00
6757,151,False,False,False,False,True,False,False,False,False,False,False,False,False,False,Mardi-20-22h,OUI,Mardi,2020-03-24 20:00
6758,193,False,False,False,False,True,True,False,False,False,False,False,False,False,False,Mardi-20-22h,OUI,Mardi,2020-03-24 20:00
6759,9,True,True,False,False,False,False,False,False,False,False,False,False,False,False,Mardi-20-22h,NON,Mardi,2020-03-24 20:00
6760,99,True,False,True,False,False,False,False,False,False,False,False,False,False,False,Mardi-20-22h,NON,Mardi,2020-03-24 20:00
6761,181,False,False,False,False,True,True,False,False,False,False,False,False,False,False,Mardi-20-22h,OUI,Mardi,2020-03-24 20:00
6762,111,False,False,False,False,False,True,False,True,False,False,False,False,False,False,Mardi-20-22h,OUI,Mardi,2020-03-24 20:00
6763,44,False,True,False,False,False,True,False,False,False,False,False,False,False,False,Mardi-20-22h,OUI,Mardi,2020-03-24 20:00
6764,24,False,False,False,False,True,False,False,True,False,False,False,False,False,False,Mardi-20-22h,NON,Mardi,2020-03-24 20:00
6765,102,False,False,False,False,True,True,False,True,False,False,False,False,False,False,Mardi-20-22h,OUI,Mardi,2020-03-24 20:00
6766,203,True,True,False,False,False,False,False,True,False,False,False,False,False,False,Mardi-20-22h,NON,Mardi,2020-03-24 20:00
6767,140,False,False,False,False,True,True,False,True,False,False,False,False,False,False,Mardi-20-22h,NON,Mardi,2020-03-24 20:00
6768,188,False,False,False,False,False,True,False,False,True,False,False,False,False,False,Mardi-20-22h,NON,Mardi,2020-03-24 20:00
6769,206,False,False,False,True,False,False,False,False,False,False,True,False,False,False,Mardi-20-22h,NON,Mardi,2020-03-24 20:00
6770,273,False,False,False,False,False,False,False,False,False,False,False,True,False,False,Mardi-20-22h,NON,Mardi,2020-03-24 20:00
6771,69,True,False,True,False,False,False,False,False,False,False,False,False,False,False,Mardi-20-22h,OUI,Mardi,2020-03-24 20:00
6772,87,True,False,False,True,False,False,False,False,False,False,True,False,False,False,Mardi-20-22h,OUI,Mardi,2020-03-24 20:00
6773,83,True,False,True,False,False,False,False,False,False,False,False,False,False,False,Mardi-20-22h,OUI,Mardi,2020-03-24 20:00
6774,149,True,False,True,True,False,False,False,False,False,False,False,False,False,False,Mardi-20-22h,OUI,Mardi,2020-03-24 20:00
6775,274,False,False,False,False,False,True,False,False,False,False,False,False,False,False,Mardi-20-22h,OUI,Mardi,2020-03-24 20:00
6776,282,True,False,True,True,False,False,False,False,False,False,False,False,False,False,Mardi-20-22h,OUI,Mardi,2020-03-24 20:00
6777,147,False,False,False,False,False,False,False,False,False,False,False,False,False,False,Mardi-20-22h,NON,Mardi,2020-03-24 20:00
6778,238,False,False,False,False,False,False,False,False,False,False,False,True,False,False,Mardi-20-22h,OUI,Mardi,2020-03-24 20:00
6779,201,False,False,False,False,False,False,False,False,False,False,False,False,False,False,Mardi-20-22h,NON,Mardi,2020-03-24 20:00
6780,152,False,True,False,False,False,False,False,False,False,False,False,False,False,False,Mardi-20-22h,NON,Mardi,2020-03-24 20:00
6781,222,False,False,False,False,False,True,False,False,True,True,False,False,False,False,Mardi-20-22h,NON,Mardi,2020-03-24 20:00
6782,106,False,False,False,False,False,True,False,False,False,False,False,True,False,False,Mardi-20-22h,OUI,Mardi,2020-03-24 20:00
6783,133,False,False,True,False,True,False,False,False,False,False,False,False,False,False,Mardi-20-22h,OUI,Mardi,2020-03-24 20:00
6784,163,False,False,False,False,True,False,False,False,False,False,False,False,False,False,Mardi-20-22h,NON,Mardi,2020-03-24 20:00
6785,231,False,False,False,False,False,False,False,False,False,False,False,False,False,False,Mardi-20-22h,NON,Mardi,2020-03-24 20:00
6786,25,False,False,False,False,True,False,False,False,False,False,False,False,False,False,Mardi-20-22h,OUI,Mardi,2020-03-24 20:00
6787,196,False,False,True,False,True,False,False,True,False,False,False,False,False,False,Mardi-20-22h,OUI,Mardi,2020-03-24 20:00
6788,5,False,False,False,False,True,True,False,False,False,False,False,False,False,False,Mardi-20-22h,OUI,Mardi,2020-03-24 20:00
6789,90,False,True,False,False,False,False,False,False,False,False,False,False,False,False,Mardi-20-22h,NON,Mardi,2020-03-24 20:00
6790,244,True,False,True,False,False,False,False,False,False,False,False,False,False,False,Mardi-20-22h,OUI,Mardi,2020-03-24 20:00
6791,107,False,True,False,False,False,True,False,False,False,False,False,False,False,False,Mardi-20-22h,OUI,Mardi,2020-03-24 20:00
6792,218,False,True,False,False,True,True,False,False,False,False,False,False,False,False,Mardi-20-22h,OUI,Mardi,2020-03-24 20:00
6793,62,False,True,True,False,True,True,False,False,False,False,False,False,False,False,Mardi-20-22h,OUI,Mardi,2020-03-24 20:00
6794,79,False,True,False,False,False,False,False,False,False,False,False,False,False,False,Mardi-20-22h,NON,Mardi,2020-03-24 20:00
6795,208,False,False,False,False,False,True,False,False,False,False,False,False,False,False,Mardi-20-22h,NON,Mardi,2020-03-24 20:00
6796,270,False,False,False,False,False,False,False,False,True,False,False,False,False,False,Mardi-20-22h,OUI,Mardi,2020-03-24 20:00
6797,166,True,False,False,False,True,True,False,False,False,False,False,False,False,False,Mardi-20-22h,OUI,Mardi,2020-03-24 20:00
6798,77,False,False,True,False,True,False,False,False,False,False,False,False,False,False,Mardi-20-22h,NON,Mardi,2020-03-24 20:00
6799,29,False,False,False,False,False,True,False,False,False,False,False,True,False,False,Mardi-20-22h,OUI,Mardi,2020-03-24 20:00
6800,240,False,False,False,False,False,True,False,False,False,False,False,False,False,False,Mardi-20-22h,OUI,Mardi,2020-03-24 20:00
6801,184,False,True,False,False,False,False,False,False,False,False,False,False,False,False,Mardi-20-22h,OUI,Mardi,2020-03-24 20:00
6802,277,False,True,True,False,False,True,False,False,False,False,False,False,False,False,Mardi-20-22h,OUI,Mardi,2020-03-24 20:00
6803,80,True,False,False,False,False,True,False,False,False,True,False,False,False,False,Mardi-20-22h,OUI,Mardi,2020-03-24 20:00
6804,185,True,True,True,False,False,True,False,False,False,False,True,False,True,False,Mardi-20-22h,NON,Mardi,2020-03-24 20:00
6805,204,False,False,False,False,True,True,False,False,False,False,False,True,False,False,Mardi-20-22h,OUI,Mardi,2020-03-24 20:00
6806,252,True,True,True,False,False,True,False,False,False,False,False,False,False,False,Mardi-20-22h,NON,Mardi,2020-03-24 20:00
6807,26,False,False,False,False,True,False,False,False,False,False,False,False,False,False,Mardi-20-22h,NON,Mardi,2020-03-24 20:00
6808,70,False,False,False,False,True,False,False,False,False,False,False,True,False,False,Mardi-20-22h,OUI,Mardi,2020-03-24 20:00
6809,233,False,False,False,False,True,False,False,False,False,False,False,False,False,False,Mardi-20-22h,OUI,Mardi,2020-03-24 20:00
6810,37,True,True,True,False,True,True,False,False,False,False,False,False,False,False,Mardi-20-22h,NON,Mardi,2020-03-24 20:00
6811,185,False,False,True,False,False,False,False,False,False,False,False,False,False,False,Mardi-20-22h,OUI,Mardi,2020-03-24 20:00
6812,138,True,False,False,False,True,True,False,False,False,False,False,False,False,False,Mardi-20-22h,OUI,Mardi,2020-03-24 20:00
6813,224,True,False,True,False,False,False,False,False,False,False,False,False,False,False,Mardi-20-22h,NON,Mardi,2020-03-24 20:00
6814,66,False,False,False,False,True,True,False,False,False,False,False,False,True,False,Mardi-20-22h,OUI,Mardi,2020-03-24 20:00
6815,211,False,False,True,False,False,False,False,False,False,False,False,False,True,False,Mardi-20-22h,NON,Mardi,2020-03-24 20:00
6816,14,False,False,False,False,True,True,False,False,False,False,False,False,False,False,Mardi-20-22h,NON,Mardi,2020-03-24 20:00
6817,145,False,False,False,False,True,False,False,False,False,False,False,False,False,False,Mardi-20-22h,OUI,Mardi,2020-03-24 20:00
6818,36,False,False,False,False,False,False,False,False,False,False,False,True,False,False,Mardi-20-22h,OUI,Mardi,2020-03-24 20:00
6819,60,True,True,True,False,False,True,False,False,False,False,False,False,False,False,Mardi-20-22h,NON,Mardi,2020-03-24 20:00
6820,137,True,True,True,False,False,True,False,False,False,False,True,False,False,False,Mardi-20-22h,OUI,Mardi,2020-03-24 20:00
6821,285,False,True,False,False,True,True,False,False,False,False,False,False,False,False,Mardi-20-22h,OUI,Mardi,2020-03-24 20:00
6822,40,False,True,True,False,True,True,False,False,False,False,False,False,False,False,Mardi-20-22h,OUI,Mardi,2020-03-24 20:00
6823,97,False,False,False,False,False,True,False,False,False,False,False,False,False,False,Mardi-20-22h,OUI,Mardi,2020-03-24 20:00
6824,109,True,False,True,True,False,False,False,False,False,False,False,False,False,False,Mardi-20-22h,NON,Mardi,2020-03-24 20:00
6825,10,False,False,False,False,False,False,False,False,False,False,False,False,False,False,Mardi-20-22h,NON,Mardi,2020-03-24 20:00
6826,256,False,False,False,False,False,False,False,False,False,False,False,True,False,False,Mardi-20-22h,NON,Mardi,2020-03-24 20:00
6827,141,True,True,True,False,False,False,False,False,False,False,True,False,False,False,Mardi-20-22h,OUI,Mardi,2020-03-24 20:00
6828,28,False,False,False,False,False,False,False,False,False,False,False,False,False,False,Mardi-20-22h,NON,Mardi,2020-03-24 20:00
6829,101,True,True,True,True,True,True,False,False,False,False,False,False,False,False,Mardi-20-22h,OUI,Mardi,2020-03-24 20:00
6830,48,True,False,True,False,True,False,False,False,False,False,False,False,True,False,Mardi-20-22h,OUI,Mardi,2020-03-24 20:00
6831,27,False,False,False,False,False,True,False,False,False,False,False,False,False,False,Mardi-20-22h,OUI,Mardi,2020-03-24 20:00
6832,142,True,False,True,False,False,False,False,False,False,False,True,False,True,False,Mardi-20-22h,NON,Mardi,2020-03-24 20:00
6833,234,False,False,True,False,False,False,False,False,False,False,True,False,False,False,Mardi-20-22h,NON,Mardi,2020-03-24 20:00
6834,23,False,False,False,False,True,False,False,False,False,False,False,False,False,False,Mardi-20-22h,OUI,Mardi,2020-03-24 20:00
6835,195,False,False,False,False,True,False,False,False,True,False,False,False,False,False,Mardi-20-22h,OUI,Mardi,2020-03-24 20:00
6836,275,False,False,False,False,False,False,False,False,False,False,False,True,False,False,Mardi-20-22h,OUI,Mardi,2020-03-24 20:00
6837,226,False,False,False,False,True,True,False,False,False,False,False,False,False,False,Mardi-20-22h,OUI,Mardi,2020-03-24 20:00
6838,207,False,False,True,False,False,False,False,False,False,False,False,False,False,False,Mardi-20-22h,OUI,Mardi,2020-03-24 20:00
6839,57,False,False,False,False,False,False,False,False,False,False,False,False,False,False,Mardi-20-22h,NON,Mardi,2020-03-24 20:00
6840,4,False,True,False,False,False,True,False,False,False,False,False,False,False,False,Mardi-20-22h,NON,Mardi,2020-03-24 20:00
6841,265,False,False,False,False,False,True,False,False,False,False,False,False,False,False,Mardi-20-22h,NON,Mardi,2020-03-24 20:00
6842,88,False,True,False,False,False,False,False,False,False,False,False,False,False,False,Mardi-20-22h,NON,Mardi,2020-03-24 20:00
6843,198,False,False,False,False,False,False,False,False,False,False,True,False,False,False,Mardi-20-22h,OUI,Mardi,2020-03-24 20:00
6844,249,True,True,True,False,False,False,False,False,False,False,False,False,False,False,Mardi-20-22h,OUI,Mardi,2020-03-24 20:00
6845,263,False,False,False,False,True,True,False,False,False,False,False,False,False,False,Mardi-20-22h,OUI,Mardi,2020-03-24 20:00
6846,217,True,False,True,False,False,False,False,False,False,False,False,False,True,False,Mardi-20-22h,OUI,Mardi,2020-03-24 20:00
6847,278,False,False,False,False,True,True,False,False,False,False,False,False,False,False,Mardi-20-22h,NON,Mardi,2020-03-24 20:00
6848,189,False,True,False,False,False,False,False,False,False,False,False,False,False,False,Mardi-20-22h,NON,Mardi,2020-03-24 20:00
6849,61,True,False,True,False,False,False,False,False,False,False,False,False,False,False,Mardi-20-22h,NON,Mardi,2020-03-24 20:00
6850,251,False,False,False,False,False,False,False,False,False,False,False,False,True,False,Mardi-20-22h,NON,Mardi,2020-03-24 20:00
6851,281,False,True,False,False,False,False,False,False,False,False,False,False,False,False,Mardi-20-22h,OUI,Mardi,2020-03-24 20:00
6852,134,False,True,False,False,False,False,False,False,False,False,False,False,False,False,Mardi-20-22h,OUI,Mardi,2020-03-24 20:00
6853,293,False,True,False,False,False,True,False,False,False,False,False,False,False,False,Mardi-20-22h,OUI,Mardi,2020-03-24 20:00
6854,279,True,True,True,True,False,True,False,False,False,False,False,False,False,False,Mardi-20-22h,OUI,Mardi,2020-03-24 20:00
6855,81,True,False,True,True,False,False,False,True,False,False,False,False,False,False,Mardi-20-22h,OUI,Mardi,2020-03-24 20:00
6856,92,True,False,False,True,False,False,False,False,False,False,True,False,False,False,Mardi-20-22h,NON,Mardi,2020-03-24 20:00
6857,147,False,False,False,False,False,False,False,False,False,False,False,False,False,False,Mardi-20-22h,NON,Mardi,2020-03-24 20:00
6858,33,False,True,False,False,True,False,False,False,False,False,False,False,False,False,Mardi-20-22h,OUI,Mardi,2020-03-24 20:00
6859,266,False,False,False,False,False,False,False,False,False,False,False,False,False,False,Mardi-20-22h,NON,Mardi,2020-03-24 20:00
6860,225,True,False,False,False,False,True,False,False,False,False,False,False,False,False,Mardi-20-22h,NON,Mardi,2020-03-24 20:00
6861,83,True,False,True,False,False,False,False,False,False,False,False,False,False,False,Mardi-20-22h,OUI,Mardi,2020-03-24 20:00
6862,95,False,False,False,False,True,True,False,True,False,False,False,False,False,False,Mardi-20-22h,OUI,Mardi,2020-03-24 20:00
6863,127,False,False,False,False,True,False,False,False,False,False,False,False,False,False,Mardi-20-22h,OUI,Mardi,2020-03-24 20:00
6864,20,False,False,False,False,False,False,False,False,False,False,False,False,False,False,Mardi-20-22h,NON,Mardi,2020-03-24 20:00
6865,89,False,False,False,False,False,False,False,False,True,False,False,False,False,False,Mardi-20-22h,NON,Mardi,2020-03-24 20:00
6866,120,False,True,True,False,True,True,False,True,False,False,True,False,False,False,Mardi-20-22h,NON,Mardi,2020-03-24 20:00
6867,253,False,False,False,False,True,True,False,False,False,False,False,True,False,False,Mardi-20-22h,OUI,Mardi,2020-03-24 20:00
6868,52,False,False,True,False,False,False,False,False,False,False,False,False,False,False,Mardi-20-22h,OUI,Mardi,2020-03-24 20:00
6869,168,True,False,True,False,False,False,False,True,False,False,False,False,False,False,Mardi-20-22h,OUI,Mardi,2020-03-24 20:00
6870,202,False,True,False,False,False,False,False,False,False,False,False,False,False,False,Mardi-20-22h,OUI,Mardi,2020-03-24 20:00
6871,172,False,False,False,False,True,False,False,False,False,False,False,False,False,False,Mardi-20-22h,OUI,Mardi,2020-03-24 20:00
6872,239,False,False,False,False,True,True,False,False,False,False,False,False,False,False,Mardi-20-22h,NON,Mardi,2020-03-24 20:00
6873,85,False,False,False,False,True,False,False,False,False,False,False,False,False,False,Mardi-20-22h,NON,Mardi,2020-03-24 20:00
6874,215,False,False,False,False,False,False,False,False,True,False,False,False,False,False,Mardi-20-22h,NON,Mardi,2020-03-24 20:00
6875,260,True,False,True,False,False,False,False,False,False,False,False,False,False,False,Mardi-20-22h,OUI,Mardi,2020-03-24 20:00
6876,286,True,True,False,False,True,False,False,False,False,False,False,False,False,False,Mardi-20-22h,NON,Mardi,2020-03-24 20:00
6877,72,False,True,False,False,False,False,False,False,False,False,False,False,False,False,Mardi-22-24h,OUI,Mardi,2020-03-24 22:00
6878,167,True,True,True,True,True,True,False,False,False,False,False,False,False,False,Mardi-22-24h,OUI,Mardi,2020-03-24 22:00
6879,130,True,False,True,False,False,False,False,True,False,False,False,False,True,True,Mardi-22-24h,OUI,Mardi,2020-03-24 22:00
6880,288,True,True,True,False,True,False,False,False,False,False,False,False,False,False,Mardi-22-24h,NON,Mardi,2020-03-24 22:00
6881,59,False,False,False,False,False,True,False,False,False,False,False,False,False,False,Mardi-22-24h,NON,Mardi,2020-03-24 22:00
6882,178,True,False,False,False,False,False,False,False,False,False,True,False,False,False,Mardi-22-24h,OUI,Mardi,2020-03-24 22:00
6883,254,False,False,False,False,False,False,False,False,False,False,False,True,False,False,Mardi-22-24h,NON,Mardi,2020-03-24 22:00
6884,34,False,False,False,False,False,False,False,False,False,False,False,False,False,False,Mardi-22-24h,NON,Mardi,2020-03-24 22:00
6885,264,False,False,False,False,True,True,True,False,False,False,False,False,False,False,Mardi-22-24h,OUI,Mardi,2020-03-24 22:00
6886,158,True,False,False,False,True,False,False,False,False,True,False,False,False,False,Mardi-22-24h,NON,Mardi,2020-03-24 22:00
6887,210,False,True,False,False,True,True,False,False,False,False,False,False,False,False,Mardi-22-24h,NON,Mardi,2020-03-24 22:00
6888,93,False,False,False,False,True,False,False,False,False,False,False,False,True,False,Mardi-22-24h,OUI,Mardi,2020-03-24 22:00
6889,144,True,False,True,False,True,False,False,False,False,False,False,False,False,False,Mardi-22-24h,OUI,Mardi,2020-03-24 22:00
6890,164,False,True,False,False,True,True,False,False,False,False,False,False,False,False,Mardi-22-24h,OUI,Mardi,2020-03-24 22:00
6891,289,False,False,False,False,True,True,False,False,False,False,False,False,False,False,Mardi-22-24h,NON,Mardi,2020-03-24 22:00
6892,50,False,False,False,False,False,False,False,False,False,False,False,False,False,False,Mardi-22-24h,NON,Mardi,2020-03-24 22:00
6893,51,True,True,False,False,True,False,False,False,False,False,False,False,False,False,Mardi-22-24h,NON,Mardi,2020-03-24 22:00
6894,247,False,False,True,False,False,False,False,False,False,False,False,False,False,False,Mardi-22-24h,NON,Mardi,2020-03-24 22:00
6895,159,False,False,False,False,False,False,False,True,False,False,False,False,False,False,Mardi-22-24h,OUI,Mardi,2020-03-24 22:00
6896,54,False,False,False,False,False,True,False,False,False,False,False,False,False,False,Mardi-22-24h,NON,Mardi,2020-03-24 22:00
6897,55,True,False,False,False,True,True,False,True,False,False,False,False,False,False,Mardi-22-24h,OUI,Mardi,2020-03-24 22:00
6898,257,False,False,False,False,True,False,False,False,False,False,False,False,False,False,Mardi-22-24h,OUI,Mardi,2020-03-24 22:00
6899,67,False,False,False,False,False,False,False,False,False,False,False,False,False,False,Mardi-22-24h,NON,Mardi,2020-03-24 22:00
6900,71,True,False,True,False,False,False,False,False,False,False,False,False,False,False,Mardi-22-24h,NON,Mardi,2020-03-24 22:00
6901,280,False,False,False,False,False,True,False,False,False,False,False,False,False,False,Mardi-22-24h,OUI,Mardi,2020-03-24 22:00
6902,283,True,True,False,False,False,False,False,False,False,False,False,False,False,False,Mardi-22-24h,OUI,Mardi,2020-03-24 22:00
6903,154,False,False,False,False,True,True,False,False,False,False,False,True,False,False,Mardi-22-24h,OUI,Mardi,2020-03-24 22:00
6904,171,False,False,False,False,False,False,False,False,False,False,False,True,False,False,Mardi-22-24h,OUI,Mardi,2020-03-24 22:00
6905,131,False,False,True,False,False,False,False,False,False,False,False,False,False,False,Mardi-22-24h,NON,Mardi,2020-03-24 22:00
6906,237,True,False,False,False,False,True,True,False,False,False,False,False,True,False,Mardi-22-24h,OUI,Mardi,2020-03-24 22:00
6907,75,False,False,False,False,True,True,False,False,False,False,False,False,False,False,Mardi-22-24h,NON,Mardi,2020-03-24 22:00
6908,235,True,False,False,False,True,False,False,False,False,False,False,False,False,False,Mardi-22-24h,OUI,Mardi,2020-03-24 22:00
6909,180,False,False,False,False,True,True,False,False,False,False,False,False,False,False,Mardi-22-24h,OUI,Mardi,2020-03-24 22:00
6910,219,False,False,False,False,False,True,False,False,False,False,False,False,False,False,Mardi-22-24h,NON,Mardi,2020-03-24 22:00
6911,250,False,False,False,False,False,False,False,False,True,False,False,False,False,False,Mardi-22-24h,NON,Mardi,2020-03-24 22:00
6912,267,True,True,False,False,False,False,False,False,False,False,False,False,False,False,Mardi-22-24h,OUI,Mardi,2020-03-24 22:00
6913,160,False,True,False,False,False,True,False,False,False,False,False,False,False,False,Mardi-22-24h,NON,Mardi,2020-03-24 22:00
6914,182,False,True,False,False,True,True,True,False,False,False,False,False,False,False,Mardi-22-24h,OUI,Mardi,2020-03-24 22:00
6915,143,False,False,False,False,False,False,False,True,False,False,True,False,False,False,Mardi-22-24h,OUI,Mardi,2020-03-24 22:00
6916,223,True,True,False,False,False,False,False,False,False,False,False,False,False,False,Mardi-22-24h,OUI,Mardi,2020-03-24 22:00
6917,192,True,False,True,False,False,False,False,False,False,False,False,False,False,False,Mardi-22-24h,OUI,Mardi,2020-03-24 22:00
6918,30,False,False,True,False,False,False,False,True,False,False,False,False,False,False,Mardi-22-24h,NON,Mardi,2020-03-24 22:00
6919,125,True,False,False,False,True,False,False,True,False,False,False,False,False,False,Mardi-22-24h,NON,Mardi,2020-03-24 22:00
6920,39,False,False,True,False,True,False,False,True,False,False,False,False,False,False,Mardi-22-24h,OUI,Mardi,2020-03-24 22:00
6921,113,True,False,True,False,False,False,False,False,False,False,False,False,False,False,Mardi-22-24h,OUI,Mardi,2020-03-24 22:00
6922,121,True,False,True,False,False,False,False,True,False,False,False,False,False,False,Mardi-22-24h,OUI,Mardi,2020-03-24 22:00
6923,228,False,False,False,False,False,False,False,False,False,False,True,False,False,False,Mardi-22-24h,OUI,Mardi,2020-03-24 22:00
6924,290,False,False,False,False,False,False,False,False,True,False,False,False,False,False,Mardi-22-24h,OUI,Mardi,2020-03-24 22:00
6925,197,False,False,True,False,True,False,False,False,False,False,False,False,False,False,Mardi-22-24h,NON,Mardi,2020-03-24 22:00
6926,31,True,True,True,False,False,True,False,False,False,False,False,False,False,False,Mardi-22-24h,OUI,Mardi,2020-03-24 22:00
6927,173,True,False,False,False,True,True,False,True,False,False,False,False,False,False,Mardi-22-24h,OUI,Mardi,2020-03-24 22:00
6928,74,True,False,False,True,False,False,False,True,False,False,True,False,False,False,Mardi-22-24h,OUI,Mardi,2020-03-24 22:00
6929,15,False,False,True,False,False,False,False,False,False,False,False,False,False,False,Mardi-22-24h,OUI,Mardi,2020-03-24 22:00
6930,45,True,False,False,False,True,True,False,True,False,False,False,False,False,False,Mardi-22-24h,NON,Mardi,2020-03-24 22:00
6931,63,False,False,True,False,False,False,False,False,False,False,False,False,False,False,Mardi-22-24h,OUI,Mardi,2020-03-24 22:00
6932,3,False,False,False,False,False,True,False,False,False,False,False,True,False,False,Mardi-22-24h,OUI,Mardi,2020-03-24 22:00
6933,21,True,False,True,False,False,False,False,False,False,False,False,False,False,False,Mardi-22-24h,OUI,Mardi,2020-03-24 22:00
6934,78,False,True,True,False,True,True,False,True,False,False,False,False,False,False,Mardi-22-24h,OUI,Mardi,2020-03-24 22:00
6935,47,False,True,False,False,False,False,False,False,False,False,False,False,False,False,Mardi-22-24h,OUI,Mardi,2020-03-24 22:00
6936,151,True,True,False,False,True,False,False,True,False,False,False,False,False,False,Mardi-22-24h,OUI,Mardi,2020-03-24 22:00
6937,6,True,False,True,False,False,False,False,False,False,False,False,False,False,False,Mardi-22-24h,OUI,Mardi,2020-03-24 22:00
6938,135,True,False,True,False,False,False,False,False,False,False,False,False,True,False,Mardi-22-24h,OUI,Mardi,2020-03-24 22:00
6939,221,False,False,False,False,True,True,False,False,False,False,False,False,False,False,Mardi-22-24h,OUI,Mardi,2020-03-24 22:00
6940,170,False,False,True,False,False,False,False,False,False,False,True,False,False,True,Mardi-22-24h,OUI,Mardi,2020-03-24 22:00
6941,129,False,True,False,False,False,False,False,False,False,False,False,False,False,False,Mardi-22-24h,OUI,Mardi,2020-03-24 22:00
6942,132,True,True,True,False,False,True,False,False,False,False,False,False,False,False,Mardi-22-24h,OUI,Mardi,2020-03-24 22:00
6943,110,False,True,False,False,False,False,False,False,False,False,False,False,False,False,Mardi-22-24h,OUI,Mardi,2020-03-24 22:00
6944,191,False,False,False,False,False,True,False,False,False,False,False,False,False,False,Mardi-22-24h,OUI,Mardi,2020-03-24 22:00
6945,94,True,True,True,False,False,True,False,False,False,False,True,False,True,False,Mardi-22-24h,NON,Mardi,2020-03-24 22:00
6946,108,False,False,False,False,False,True,True,False,False,False,False,False,False,False,Mardi-22-24h,OUI,Mardi,2020-03-24 22:00
6947,236,False,False,False,False,True,True,False,False,False,False,False,False,False,False,Mardi-22-24h,OUI,Mardi,2020-03-24 22:00
6948,42,True,False,True,False,True,False,False,False,False,False,False,False,False,False,Mardi-22-24h,OUI,Mardi,2020-03-24 22:00
6949,155,True,False,False,False,True,False,False,False,False,False,False,False,False,False,Mardi-22-24h,OUI,Mardi,2020-03-24 22:00
6950,1,False,False,False,False,False,False,False,False,False,False,False,False,False,False,Mardi-22-24h,NON,Mardi,2020-03-24 22:00
6951,58,False,True,True,False,False,True,False,False,False,False,True,False,False,False,Mardi-22-24h,OUI,Mardi,2020-03-24 22:00
6952,0,False,True,False,False,False,False,False,False,False,False,False,False,False,False,Mardi-22-24h,OUI,Mardi,2020-03-24 22:00
6953,269,False,False,False,False,False,False,False,False,False,False,False,False,False,False,Mardi-22-24h,NON,Mardi,2020-03-24 22:00
6954,2,True,False,True,False,False,False,False,False,False,False,False,False,False,False,Mardi-22-24h,NON,Mardi,2020-03-24 22:00
6955,103,False,False,False,False,True,False,False,False,False,False,False,False,False,False,Mardi-22-24h,NON,Mardi,2020-03-24 22:00
6956,12,False,True,False,False,True,False,False,False,False,False,False,False,False,False,Mardi-22-24h,OUI,Mardi,2020-03-24 22:00
6957,245,True,False,False,False,True,True,False,True,False,False,False,False,False,False,Mardi-22-24h,OUI,Mardi,2020-03-24 22:00
6958,161,False,False,True,False,False,False,False,False,False,False,True,False,False,False,Mardi-22-24h,OUI,Mardi,2020-03-24 22:00
6959,38,False,False,False,False,False,False,False,False,True,False,False,False,False,False,Mardi-22-24h,NON,Mardi,2020-03-24 22:00
6960,122,False,False,False,False,False,False,False,False,False,False,False,False,False,False,Mardi-22-24h,NON,Mardi,2020-03-24 22:00
6961,248,False,False,True,False,False,False,False,False,False,False,False,False,True,False,Mardi-22-24h,OUI,Mardi,2020-03-24 22:00
6962,271,False,True,True,False,False,True,False,False,False,False,False,False,False,False,Mardi-22-24h,OUI,Mardi,2020-03-24 22:00
6963,116,False,False,True,False,False,False,False,False,False,False,False,False,False,False,Mardi-22-24h,OUI,Mardi,2020-03-24 22:00
6964,117,True,True,True,True,False,True,False,False,False,False,False,False,False,False,Mardi-22-24h,NON,Mardi,2020-03-24 22:00
6965,213,False,False,False,False,True,True,False,True,False,False,False,False,False,False,Mardi-22-24h,NON,Mardi,2020-03-24 22:00
6966,220,False,True,True,False,False,True,False,False,False,False,False,False,False,False,Mardi-22-24h,OUI,Mardi,2020-03-24 22:00
6967,176,False,False,True,False,False,False,False,False,False,False,False,False,False,False,Mardi-22-24h,OUI,Mardi,2020-03-24 22:00
6968,96,False,False,False,False,True,True,False,False,False,True,False,False,False,False,Mardi-22-24h,NON,Mardi,2020-03-24 22:00
6969,214,False,False,False,False,True,True,False,False,False,True,False,False,False,False,Mardi-22-24h,OUI,Mardi,2020-03-24 22:00
6970,11,True,False,False,True,False,False,False,False,False,False,True,False,False,False,Mardi-22-24h,OUI,Mardi,2020-03-24 22:00
6971,255,True,False,True,False,False,False,False,True,False,False,False,False,False,False,Mardi-22-24h,OUI,Mardi,2020-03-24 22:00
6972,86,False,False,True,False,False,False,False,False,False,False,False,False,False,False,Mardi-22-24h,OUI,Mardi,2020-03-24 22:00
6973,209,True,False,False,False,True,True,False,True,False,False,False,False,False,False,Mardi-22-24h,OUI,Mardi,2020-03-24 22:00
6974,291,False,False,False,False,False,True,False,False,True,False,False,False,False,False,Mardi-22-24h,OUI,Mardi,2020-03-24 22:00
6975,287,False,False,False,False,False,False,False,False,False,False,False,True,False,False,Mardi-22-24h,OUI,Mardi,2020-03-24 22:00
6976,104,False,False,False,False,True,True,False,False,False,False,False,False,False,False,Mardi-22-24h,NON,Mardi,2020-03-24 22:00
6977,18,False,False,False,False,True,False,False,False,False,False,False,False,False,False,Mardi-22-24h,OUI,Mardi,2020-03-24 22:00
6978,123,False,True,False,False,True,True,False,False,False,False,False,False,False,False,Mardi-22-24h,NON,Mardi,2020-03-24 22:00
6979,136,False,False,False,False,True,False,False,False,False,False,False,False,False,False,Mardi-22-24h,OUI,Mardi,2020-03-24 22:00
6980,276,True,False,True,False,False,False,False,False,False,False,False,False,False,False,Mardi-22-24h,OUI,Mardi,2020-03-24 22:00
6981,53,False,False,False,False,True,True,False,False,False,False,False,False,False,False,Mardi-22-24h,OUI,Mardi,2020-03-24 22:00
6982,179,True,False,True,False,False,False,False,False,False,False,False,False,False,False,Mardi-22-24h,OUI,Mardi,2020-03-24 22:00
6983,200,False,False,False,False,False,False,False,False,False,False,False,False,False,False,Mardi-22-24h,NON,Mardi,2020-03-24 22:00
6984,73,False,False,False,False,False,False,False,False,False,False,False,False,False,False,Mardi-22-24h,NON,Mardi,2020-03-24 22:00
6985,156,False,False,False,False,True,True,False,False,False,False,False,False,False,False,Mardi-22-24h,OUI,Mardi,2020-03-24 22:00
6986,128,True,True,True,False,False,True,False,False,False,False,False,False,False,False,Mardi-22-24h,OUI,Mardi,2020-03-24 22:00
6987,118,False,False,False,False,False,False,False,False,False,False,False,False,False,False,Mardi-22-24h,NON,Mardi,2020-03-24 22:00
6988,112,True,False,True,False,False,False,False,False,False,False,False,False,False,False,Mardi-22-24h,NON,Mardi,2020-03-24 22:00
6989,35,False,False,False,False,True,True,False,False,False,False,False,False,False,False,Mardi-22-24h,OUI,Mardi,2020-03-24 22:00
6990,32,False,False,False,False,False,False,False,False,False,False,False,True,False,False,Mardi-22-24h,NON,Mardi,2020-03-24 22:00
6991,199,True,False,True,False,False,False,False,False,False,False,False,False,False,False,Mardi-22-24h,OUI,Mardi,2020-03-24 22:00
6992,153,True,False,False,False,True,True,False,False,False,False,False,False,False,False,Mardi-22-24h,NON,Mardi,2020-03-24 22:00
6993,82,False,False,True,False,False,False,False,False,False,False,False,False,False,False,Mardi-22-24h,OUI,Mardi,2020-03-24 22:00
6994,292,False,True,False,False,False,False,False,False,False,False,False,False,False,False,Mardi-22-24h,NON,Mardi,2020-03-24 22:00
6995,169,False,False,False,True,False,False,False,False,False,False,False,False,False,False,Mardi-22-24h,NON,Mardi,2020-03-24 22:00
6996,16,False,False,False,False,True,True,False,False,False,False,False,False,False,False,Mardi-22-24h,OUI,Mardi,2020-03-24 22:00
6997,46,True,True,True,False,False,True,True,False,False,False,False,False,False,False,Mardi-22-24h,OUI,Mardi,2020-03-24 22:00
6998,216,False,True,False,False,False,True,False,False,False,False,False,False,False,False,Mardi-22-24h,OUI,Mardi,2020-03-24 22:00
6999,174,False,True,True,False,False,True,False,False,False,False,True,False,False,False,Mardi-22-24h,OUI,Mardi,2020-03-24 22:00
7000,43,False,False,False,False,True,False,False,False,False,False,False,False,False,False,Mardi-22-24h,NON,Mardi,2020-03-24 22:00
7001,165,False,False,False,False,True,True,False,False,False,False,False,False,False,False,Mardi-22-24h,NON,Mardi,2020-03-24 22:00
7002,126,False,True,False,False,False,True,False,False,False,False,False,False,False,False,Mardi-22-24h,NON,Mardi,2020-03-24 22:00
7003,41,False,False,False,False,False,True,False,False,True,False,False,False,False,False,Mardi-22-24h,NON,Mardi,2020-03-24 22:00
7004,157,False,False,True,False,False,False,False,False,False,False,False,False,False,False,Mardi-22-24h,NON,Mardi,2020-03-24 22:00
7005,272,False,True,True,False,False,False,True,False,False,False,True,False,True,True,Mardi-22-24h,OUI,Mardi,2020-03-24 22:00
7006,115,True,False,True,False,False,False,False,False,False,False,False,False,False,False,Mardi-22-24h,OUI,Mardi,2020-03-24 22:00
7007,84,False,False,False,False,False,False,False,False,False,False,False,True,False,False,Mardi-22-24h,NON,Mardi,2020-03-24 22:00
7008,183,True,True,True,True,False,False,False,False,False,False,False,False,False,False,Mardi-22-24h,NON,Mardi,2020-03-24 22:00
7009,65,True,True,False,False,False,True,False,False,False,False,False,False,False,False,Mardi-22-24h,OUI,Mardi,2020-03-24 22:00
7010,105,True,False,False,False,False,False,False,False,False,False,False,False,False,False,Mardi-22-24h,OUI,Mardi,2020-03-24 22:00
7011,187,True,False,False,False,False,True,False,False,False,False,False,False,False,False,Mardi-22-24h,OUI,Mardi,2020-03-24 22:00
7012,139,True,False,True,False,False,False,False,False,False,False,False,False,False,False,Mardi-22-24h,NON,Mardi,2020-03-24 22:00
7013,259,False,False,False,False,True,True,False,False,False,False,False,False,False,False,Mardi-22-24h,OUI,Mardi,2020-03-24 22:00
7014,124,True,False,True,False,False,False,False,False,False,False,True,False,False,False,Mardi-22-24h,OUI,Mardi,2020-03-24 22:00
7015,98,False,False,False,False,False,True,False,False,False,False,False,True,False,False,Mardi-22-24h,OUI,Mardi,2020-03-24 22:00
7016,284,False,True,True,False,False,True,False,False,False,False,False,False,True,False,Mardi-22-24h,OUI,Mardi,2020-03-24 22:00
7017,148,True,False,True,False,True,False,False,True,False,False,False,False,False,False,Mardi-22-24h,OUI,Mardi,2020-03-24 22:00
7018,258,True,False,True,False,False,False,False,False,False,False,False,False,False,False,Mardi-22-24h,OUI,Mardi,2020-03-24 22:00
7019,175,False,False,False,False,False,True,False,False,False,False,False,False,False,False,Mardi-22-24h,NON,Mardi,2020-03-24 22:00
7020,119,False,False,False,False,False,False,False,False,False,False,True,False,False,False,Mardi-22-24h,NON,Mardi,2020-03-24 22:00
7021,229,True,False,True,False,False,False,False,True,False,False,False,False,False,False,Mardi-22-24h,OUI,Mardi,2020-03-24 22:00
7022,230,False,False,False,False,False,True,True,False,False,False,False,False,False,False,Mardi-22-24h,NON,Mardi,2020-03-24 22:00
7023,17,True,False,False,False,False,True,True,False,False,False,False,False,False,False,Mardi-22-24h,OUI,Mardi,2020-03-24 22:00
7024,177,False,False,False,False,False,False,False,False,False,False,False,False,False,False,Mardi-22-24h,NON,Mardi,2020-03-24 22:00
7025,7,False,False,False,False,False,False,False,False,False,False,False,False,False,False,Mardi-22-24h,NON,Mardi,2020-03-24 22:00
7026,241,False,False,True,False,False,False,False,False,False,False,False,False,False,False,Mardi-22-24h,NON,Mardi,2020-03-24 22:00
7027,8,True,False,False,False,True,True,False,True,False,False,False,False,False,False,Mardi-22-24h,OUI,Mardi,2020-03-24 22:00
7028,268,False,True,False,False,False,True,False,False,False,False,False,False,False,False,Mardi-22-24h,OUI,Mardi,2020-03-24 22:00
7029,294,False,False,True,False,True,False,False,False,False,False,False,False,False,False,Mardi-22-24h,OUI,Mardi,2020-03-24 22:00
7030,242,True,False,False,False,True,True,False,False,False,False,False,False,False,False,Mardi-22-24h,NON,Mardi,2020-03-24 22:00
7031,194,False,False,False,False,False,True,False,False,False,False,False,False,False,False,Mardi-22-24h,NON,Mardi,2020-03-24 22:00
7032,243,False,False,False,False,True,True,False,False,False,False,False,False,False,False,Mardi-22-24h,NON,Mardi,2020-03-24 22:00
7033,212,True,True,True,False,False,True,False,False,False,False,False,False,False,False,Mardi-22-24h,NON,Mardi,2020-03-24 22:00
7034,19,False,False,False,False,False,True,False,False,False,False,False,False,False,False,Mardi-22-24h,OUI,Mardi,2020-03-24 22:00
7035,114,False,False,False,False,True,False,False,False,False,False,False,False,False,False,Mardi-22-24h,OUI,Mardi,2020-03-24 22:00
7036,190,False,False,False,False,False,True,False,False,True,False,False,False,False,False,Mardi-22-24h,NON,Mardi,2020-03-24 22:00
7037,64,False,False,True,False,False,False,False,False,False,False,False,False,False,False,Mardi-22-24h,NON,Mardi,2020-03-24 22:00
7038,227,False,False,False,False,False,False,False,False,False,False,False,False,False,False,Mardi-22-24h,NON,Mardi,2020-03-24 22:00
7039,232,False,False,False,False,False,True,False,False,False,False,False,False,False,False,Mardi-22-24h,OUI,Mardi,2020-03-24 22:00
7040,246,False,True,False,False,False,True,True,False,False,False,False,False,False,False,Mardi-22-24h,OUI,Mardi,2020-03-24 22:00
7041,100,False,False,False,False,False,True,False,False,False,False,False,False,False,False,Mardi-22-24h,NON,Mardi,2020-03-24 22:00
7042,13,False,False,False,False,True,False,False,False,False,False,False,False,False,False,Mardi-22-24h,NON,Mardi,2020-03-24 22:00
7043,262,True,True,True,False,False,False,False,False,False,False,False,False,False,False,Mardi-22-24h,OUI,Mardi,2020-03-24 22:00
7044,76,True,True,True,False,False,True,False,False,False,False,True,False,False,False,Mardi-22-24h,OUI,Mardi,2020-03-24 22:00
7045,261,False,True,False,False,True,False,False,False,False,False,False,False,False,False,Mardi-22-24h,NON,Mardi,2020-03-24 22:00
7046,150,False,True,False,False,False,False,False,False,False,False,False,False,False,False,Mardi-22-24h,OUI,Mardi,2020-03-24 22:00
7047,205,False,False,False,False,False,False,False,False,False,False,False,False,False,False,Mardi-22-24h,NON,Mardi,2020-03-24 22:00
7048,56,False,False,False,False,True,True,False,False,False,False,False,False,False,False,Mardi-22-24h,OUI,Mardi,2020-03-24 22:00
7049,186,False,False,False,False,True,False,False,False,False,False,False,False,False,False,Mardi-22-24h,OUI,Mardi,2020-03-24 22:00
7050,162,True,False,False,False,True,True,False,False,False,False,False,False,False,False,Mardi-22-24h,OUI,Mardi,2020-03-24 22:00
7051,68,False,True,False,False,True,True,False,False,False,False,False,False,False,False,Mardi-22-24h,OUI,Mardi,2020-03-24 22:00
7052,146,False,False,False,False,False,True,False,False,False,False,False,True,False,False,Mardi-22-24h,OUI,Mardi,2020-03-24 22:00
7053,49,False,False,False,False,False,False,False,False,False,False,False,False,True,False,Mardi-22-24h,NON,Mardi,2020-03-24 22:00
7054,91,True,False,True,True,False,False,False,False,False,False,False,False,False,False,Mardi-22-24h,OUI,Mardi,2020-03-24 22:00
7055,22,False,False,False,False,False,False,False,False,False,True,False,False,False,False,Mardi-22-24h,NON,Mardi,2020-03-24 22:00
7056,151,False,False,False,False,True,False,False,False,False,False,False,False,False,False,Mardi-22-24h,OUI,Mardi,2020-03-24 22:00
7057,193,False,False,False,False,True,True,False,False,False,False,False,False,False,False,Mardi-22-24h,OUI,Mardi,2020-03-24 22:00
7058,9,True,True,False,False,False,False,False,False,False,False,False,False,False,False,Mardi-22-24h,NON,Mardi,2020-03-24 22:00
7059,99,True,False,True,False,False,False,False,False,False,False,False,False,False,False,Mardi-22-24h,NON,Mardi,2020-03-24 22:00
7060,181,False,False,False,False,True,True,False,False,False,False,False,False,False,False,Mardi-22-24h,OUI,Mardi,2020-03-24 22:00
7061,111,False,False,False,False,False,True,False,True,False,False,False,False,False,False,Mardi-22-24h,OUI,Mardi,2020-03-24 22:00
7062,44,False,True,False,False,False,True,False,False,False,False,False,False,False,False,Mardi-22-24h,NON,Mardi,2020-03-24 22:00
7063,24,False,False,False,False,True,False,False,True,False,False,False,False,False,False,Mardi-22-24h,NON,Mardi,2020-03-24 22:00
7064,102,False,False,False,False,True,True,False,True,False,False,False,False,False,False,Mardi-22-24h,OUI,Mardi,2020-03-24 22:00
7065,203,True,True,False,False,False,False,False,True,False,False,False,False,False,False,Mardi-22-24h,NON,Mardi,2020-03-24 22:00
7066,140,False,False,False,False,True,True,False,True,False,False,False,False,False,False,Mardi-22-24h,NON,Mardi,2020-03-24 22:00
7067,188,False,False,False,False,False,True,False,False,True,False,False,False,False,False,Mardi-22-24h,NON,Mardi,2020-03-24 22:00
7068,206,False,False,False,True,False,False,False,False,False,False,True,False,False,False,Mardi-22-24h,NON,Mardi,2020-03-24 22:00
7069,273,False,False,False,False,False,False,False,False,False,False,False,True,False,False,Mardi-22-24h,NON,Mardi,2020-03-24 22:00
7070,69,True,False,True,False,False,False,False,False,False,False,False,False,False,False,Mardi-22-24h,OUI,Mardi,2020-03-24 22:00
7071,87,True,False,False,True,False,False,False,False,False,False,True,False,False,False,Mardi-22-24h,OUI,Mardi,2020-03-24 22:00
7072,83,True,False,True,False,False,False,False,False,False,False,False,False,False,False,Mardi-22-24h,OUI,Mardi,2020-03-24 22:00
7073,149,True,False,True,True,False,False,False,False,False,False,False,False,False,False,Mardi-22-24h,OUI,Mardi,2020-03-24 22:00
7074,274,False,False,False,False,False,True,False,False,False,False,False,False,False,False,Mardi-22-24h,NON,Mardi,2020-03-24 22:00
7075,282,True,False,True,True,False,False,False,False,False,False,False,False,False,False,Mardi-22-24h,OUI,Mardi,2020-03-24 22:00
7076,147,False,False,False,False,False,False,False,False,False,False,False,False,False,False,Mardi-22-24h,NON,Mardi,2020-03-24 22:00
7077,238,False,False,False,False,False,False,False,False,False,False,False,True,False,False,Mardi-22-24h,OUI,Mardi,2020-03-24 22:00
7078,201,False,False,False,False,False,False,False,False,False,False,False,False,False,False,Mardi-22-24h,NON,Mardi,2020-03-24 22:00
7079,152,False,True,False,False,False,False,False,False,False,False,False,False,False,False,Mardi-22-24h,NON,Mardi,2020-03-24 22:00
7080,222,False,False,False,False,False,True,False,False,True,True,False,False,False,False,Mardi-22-24h,NON,Mardi,2020-03-24 22:00
7081,106,False,False,False,False,False,True,False,False,False,False,False,True,False,False,Mardi-22-24h,OUI,Mardi,2020-03-24 22:00
7082,133,False,False,True,False,True,False,False,False,False,False,False,False,False,False,Mardi-22-24h,OUI,Mardi,2020-03-24 22:00
7083,163,False,False,False,False,True,False,False,False,False,False,False,False,False,False,Mardi-22-24h,NON,Mardi,2020-03-24 22:00
7084,231,False,False,False,False,False,False,False,False,False,False,False,False,False,False,Mardi-22-24h,NON,Mardi,2020-03-24 22:00
7085,25,False,False,False,False,True,False,False,False,False,False,False,False,False,False,Mardi-22-24h,OUI,Mardi,2020-03-24 22:00
7086,196,False,False,True,False,True,False,False,True,False,False,False,False,False,False,Mardi-22-24h,OUI,Mardi,2020-03-24 22:00
7087,5,False,False,False,False,True,True,False,False,False,False,False,False,False,False,Mardi-22-24h,OUI,Mardi,2020-03-24 22:00
7088,90,False,True,False,False,False,False,False,False,False,False,False,False,False,False,Mardi-22-24h,NON,Mardi,2020-03-24 22:00
7089,244,True,False,True,False,False,False,False,False,False,False,False,False,False,False,Mardi-22-24h,OUI,Mardi,2020-03-24 22:00
7090,107,False,True,False,False,False,True,False,False,False,False,False,False,False,False,Mardi-22-24h,OUI,Mardi,2020-03-24 22:00
7091,218,False,True,False,False,True,True,False,False,False,False,False,False,False,False,Mardi-22-24h,OUI,Mardi,2020-03-24 22:00
7092,62,False,True,True,False,True,True,False,False,False,False,False,False,False,False,Mardi-22-24h,OUI,Mardi,2020-03-24 22:00
7093,79,False,True,False,False,False,False,False,False,False,False,False,False,False,False,Mardi-22-24h,NON,Mardi,2020-03-24 22:00
7094,208,False,False,False,False,False,True,False,False,False,False,False,False,False,False,Mardi-22-24h,NON,Mardi,2020-03-24 22:00
7095,270,False,False,False,False,False,False,False,False,True,False,False,False,False,False,Mardi-22-24h,OUI,Mardi,2020-03-24 22:00
7096,166,True,False,False,False,True,True,False,False,False,False,False,False,False,False,Mardi-22-24h,OUI,Mardi,2020-03-24 22:00
7097,77,False,False,True,False,True,False,False,False,False,False,False,False,False,False,Mardi-22-24h,NON,Mardi,2020-03-24 22:00
7098,29,False,False,False,False,False,True,False,False,False,False,False,True,False,False,Mardi-22-24h,OUI,Mardi,2020-03-24 22:00
7099,240,False,False,False,False,False,True,False,False,False,False,False,False,False,False,Mardi-22-24h,OUI,Mardi,2020-03-24 22:00
7100,184,False,True,False,False,False,False,False,False,False,False,False,False,False,False,Mardi-22-24h,OUI,Mardi,2020-03-24 22:00
7101,277,False,True,True,False,False,True,False,False,False,False,False,False,False,False,Mardi-22-24h,OUI,Mardi,2020-03-24 22:00
7102,80,True,False,False,False,False,True,False,False,False,True,False,False,False,False,Mardi-22-24h,OUI,Mardi,2020-03-24 22:00
7103,185,True,True,True,False,False,True,False,False,False,False,True,False,True,False,Mardi-22-24h,NON,Mardi,2020-03-24 22:00
7104,204,False,False,False,False,True,True,False,False,False,False,False,True,False,False,Mardi-22-24h,OUI,Mardi,2020-03-24 22:00
7105,252,True,True,True,False,False,True,False,False,False,False,False,False,False,False,Mardi-22-24h,NON,Mardi,2020-03-24 22:00
7106,26,False,False,False,False,True,False,False,False,False,False,False,False,False,False,Mardi-22-24h,NON,Mardi,2020-03-24 22:00
7107,70,False,False,False,False,True,False,False,False,False,False,False,True,False,False,Mardi-22-24h,OUI,Mardi,2020-03-24 22:00
7108,233,False,False,False,False,True,False,False,False,False,False,False,False,False,False,Mardi-22-24h,OUI,Mardi,2020-03-24 22:00
7109,37,True,True,True,False,True,True,False,False,False,False,False,False,False,False,Mardi-22-24h,NON,Mardi,2020-03-24 22:00
7110,185,False,False,True,False,False,False,False,False,False,False,False,False,False,False,Mardi-22-24h,OUI,Mardi,2020-03-24 22:00
7111,138,True,False,False,False,True,True,False,False,False,False,False,False,False,False,Mardi-22-24h,OUI,Mardi,2020-03-24 22:00
7112,224,True,False,True,False,False,False,False,False,False,False,False,False,False,False,Mardi-22-24h,NON,Mardi,2020-03-24 22:00
7113,66,False,False,False,False,True,True,False,False,False,False,False,False,True,False,Mardi-22-24h,OUI,Mardi,2020-03-24 22:00
7114,211,False,False,True,False,False,False,False,False,False,False,False,False,True,False,Mardi-22-24h,NON,Mardi,2020-03-24 22:00
7115,14,False,False,False,False,True,True,False,False,False,False,False,False,False,False,Mardi-22-24h,NON,Mardi,2020-03-24 22:00
7116,145,False,False,False,False,True,False,False,False,False,False,False,False,False,False,Mardi-22-24h,NON,Mardi,2020-03-24 22:00
7117,36,False,False,False,False,False,False,False,False,False,False,False,True,False,False,Mardi-22-24h,OUI,Mardi,2020-03-24 22:00
7118,60,True,True,True,False,False,True,False,False,False,False,False,False,False,False,Mardi-22-24h,NON,Mardi,2020-03-24 22:00
7119,137,True,True,True,False,False,True,False,False,False,False,True,False,False,False,Mardi-22-24h,OUI,Mardi,2020-03-24 22:00
7120,285,False,True,False,False,True,True,False,False,False,False,False,False,False,False,Mardi-22-24h,OUI,Mardi,2020-03-24 22:00
7121,40,False,True,True,False,True,True,False,False,False,False,False,False,False,False,Mardi-22-24h,OUI,Mardi,2020-03-24 22:00
7122,97,False,False,False,False,False,True,False,False,False,False,False,False,False,False,Mardi-22-24h,OUI,Mardi,2020-03-24 22:00
7123,109,True,False,True,True,False,False,False,False,False,False,False,False,False,False,Mardi-22-24h,NON,Mardi,2020-03-24 22:00
7124,10,False,False,False,False,False,False,False,False,False,False,False,False,False,False,Mardi-22-24h,NON,Mardi,2020-03-24 22:00
7125,256,False,False,False,False,False,False,False,False,False,False,False,True,False,False,Mardi-22-24h,NON,Mardi,2020-03-24 22:00
7126,141,True,True,True,False,False,False,False,False,False,False,True,False,False,False,Mardi-22-24h,NON,Mardi,2020-03-24 22:00
7127,28,False,False,False,False,False,False,False,False,False,False,False,False,False,False,Mardi-22-24h,NON,Mardi,2020-03-24 22:00
7128,101,True,True,True,True,True,True,False,False,False,False,False,False,False,False,Mardi-22-24h,OUI,Mardi,2020-03-24 22:00
7129,48,True,False,True,False,True,False,False,False,False,False,False,False,True,False,Mardi-22-24h,OUI,Mardi,2020-03-24 22:00
7130,27,False,False,False,False,False,True,False,False,False,False,False,False,False,False,Mardi-22-24h,OUI,Mardi,2020-03-24 22:00
7131,142,True,False,True,False,False,False,False,False,False,False,True,False,True,False,Mardi-22-24h,NON,Mardi,2020-03-24 22:00
7132,234,False,False,True,False,False,False,False,False,False,False,True,False,False,False,Mardi-22-24h,NON,Mardi,2020-03-24 22:00
7133,23,False,False,False,False,True,False,False,False,False,False,False,False,False,False,Mardi-22-24h,NON,Mardi,2020-03-24 22:00
7134,195,False,False,False,False,True,False,False,False,True,False,False,False,False,False,Mardi-22-24h,OUI,Mardi,2020-03-24 22:00
7135,275,False,False,False,False,False,False,False,False,False,False,False,True,False,False,Mardi-22-24h,OUI,Mardi,2020-03-24 22:00
7136,226,False,False,False,False,True,True,False,False,False,False,False,False,False,False,Mardi-22-24h,OUI,Mardi,2020-03-24 22:00
7137,207,False,False,True,False,False,False,False,False,False,False,False,False,False,False,Mardi-22-24h,NON,Mardi,2020-03-24 22:00
7138,57,False,False,False,False,False,False,False,False,False,False,False,False,False,False,Mardi-22-24h,NON,Mardi,2020-03-24 22:00
7139,4,False,True,False,False,False,True,False,False,False,False,False,False,False,False,Mardi-22-24h,NON,Mardi,2020-03-24 22:00
7140,265,False,False,False,False,False,True,False,False,False,False,False,False,False,False,Mardi-22-24h,NON,Mardi,2020-03-24 22:00
7141,88,False,True,False,False,False,False,False,False,False,False,False,False,False,False,Mardi-22-24h,NON,Mardi,2020-03-24 22:00
7142,198,False,False,False,False,False,False,False,False,False,False,True,False,False,False,Mardi-22-24h,OUI,Mardi,2020-03-24 22:00
7143,249,True,True,True,False,False,False,False,False,False,False,False,False,False,False,Mardi-22-24h,OUI,Mardi,2020-03-24 22:00
7144,263,False,False,False,False,True,True,False,False,False,False,False,False,False,False,Mardi-22-24h,OUI,Mardi,2020-03-24 22:00
7145,217,True,False,True,False,False,False,False,False,False,False,False,False,True,False,Mardi-22-24h,NON,Mardi,2020-03-24 22:00
7146,278,False,False,False,False,True,True,False,False,False,False,False,False,False,False,Mardi-22-24h,NON,Mardi,2020-03-24 22:00
7147,189,False,True,False,False,False,False,False,False,False,False,False,False,False,False,Mardi-22-24h,NON,Mardi,2020-03-24 22:00
7148,61,True,False,True,False,False,False,False,False,False,False,False,False,False,False,Mardi-22-24h,NON,Mardi,2020-03-24 22:00
7149,251,False,False,False,False,False,False,False,False,False,False,False,False,True,False,Mardi-22-24h,NON,Mardi,2020-03-24 22:00
7150,281,False,True,False,False,False,False,False,False,False,False,False,False,False,False,Mardi-22-24h,OUI,Mardi,2020-03-24 22:00
7151,134,False,True,False,False,False,False,False,False,False,False,False,False,False,False,Mardi-22-24h,OUI,Mardi,2020-03-24 22:00
7152,293,False,True,False,False,False,True,False,False,False,False,False,False,False,False,Mardi-22-24h,NON,Mardi,2020-03-24 22:00
7153,279,True,True,True,True,False,True,False,False,False,False,False,False,False,False,Mardi-22-24h,OUI,Mardi,2020-03-24 22:00
7154,81,True,False,True,True,False,False,False,True,False,False,False,False,False,False,Mardi-22-24h,OUI,Mardi,2020-03-24 22:00
7155,92,True,False,False,True,False,False,False,False,False,False,True,False,False,False,Mardi-22-24h,NON,Mardi,2020-03-24 22:00
7156,147,False,False,False,False,False,False,False,False,False,False,False,False,False,False,Mardi-22-24h,NON,Mardi,2020-03-24 22:00
7157,33,False,True,False,False,True,False,False,False,False,False,False,False,False,False,Mardi-22-24h,OUI,Mardi,2020-03-24 22:00
7158,266,False,False,False,False,False,False,False,False,False,False,False,False,False,False,Mardi-22-24h,NON,Mardi,2020-03-24 22:00
7159,225,True,False,False,False,False,True,False,False,False,False,False,False,False,False,Mardi-22-24h,NON,Mardi,2020-03-24 22:00
7160,83,True,False,True,False,False,False,False,False,False,False,False,False,False,False,Mardi-22-24h,OUI,Mardi,2020-03-24 22:00
7161,95,False,False,False,False,True,True,False,True,False,False,False,False,False,False,Mardi-22-24h,NON,Mardi,2020-03-24 22:00
7162,127,False,False,False,False,True,False,False,False,False,False,False,False,False,False,Mardi-22-24h,OUI,Mardi,2020-03-24 22:00
7163,20,False,False,False,False,False,False,False,False,False,False,False,False,False,False,Mardi-22-24h,NON,Mardi,2020-03-24 22:00
7164,89,False,False,False,False,False,False,False,False,True,False,False,False,False,False,Mardi-22-24h,OUI,Mardi,2020-03-24 22:00
7165,120,False,True,True,False,True,True,False,True,False,False,True,False,False,False,Mardi-22-24h,NON,Mardi,2020-03-24 22:00
7166,253,False,False,False,False,True,True,False,False,False,False,False,True,False,False,Mardi-22-24h,NON,Mardi,2020-03-24 22:00
7167,52,False,False,True,False,False,False,False,False,False,False,False,False,False,False,Mardi-22-24h,OUI,Mardi,2020-03-24 22:00
7168,168,True,False,True,False,False,False,False,True,False,False,False,False,False,False,Mardi-22-24h,OUI,Mardi,2020-03-24 22:00
7169,202,False,True,False,False,False,False,False,False,False,False,False,False,False,False,Mardi-22-24h,OUI,Mardi,2020-03-24 22:00
7170,172,False,False,False,False,True,False,False,False,False,False,False,False,False,False,Mardi-22-24h,OUI,Mardi,2020-03-24 22:00
7171,239,False,False,False,False,True,True,False,False,False,False,False,False,False,False,Mardi-22-24h,NON,Mardi,2020-03-24 22:00
7172,85,False,False,False,False,True,False,False,False,False,False,False,False,False,False,Mardi-22-24h,NON,Mardi,2020-03-24 22:00
7173,215,False,False,False,False,False,False,False,False,True,False,False,False,False,False,Mardi-22-24h,NON,Mardi,2020-03-24 22:00
7174,260,True,False,True,False,False,False,False,False,False,False,False,False,False,False,Mardi-22-24h,NON,Mardi,2020-03-24 22:00
7175,286,True,True,False,False,True,False,False,False,False,False,False,False,False,False,Mardi-22-24h,NON,Mardi,2020-03-24 22:00
7176,72,False,True,False,False,False,False,False,False,False,False,False,False,False,False,Mercredi-00-02h,NON,Mercredi,2020-03-25 00:00
7177,167,True,True,True,True,True,True,False,False,False,False,False,False,False,False,Mercredi-00-02h,OUI,Mercredi,2020-03-25 00:00
7178,130,True,False,True,False,False,False,False,True,False,False,False,False,True,True,Mercredi-00-02h,OUI,Mercredi,2020-03-25 00:00
7179,288,True,True,True,False,True,False,False,False,False,False,False,False,False,False,Mercredi-00-02h,OUI,Mercredi,2020-03-25 00:00
7180,59,False,False,False,False,False,True,False,False,False,False,False,False,False,False,Mercredi-00-02h,NON,Mercredi,2020-03-25 00:00
7181,178,True,False,False,False,False,False,False,False,False,False,True,False,False,False,Mercredi-00-02h,OUI,Mercredi,2020-03-25 00:00
7182,254,False,False,False,False,False,False,False,False,False,False,False,True,False,False,Mercredi-00-02h,NON,Mercredi,2020-03-25 00:00
7183,34,False,False,False,False,False,False,False,False,False,False,False,False,False,False,Mercredi-00-02h,NON,Mercredi,2020-03-25 00:00
7184,264,False,False,False,False,True,True,True,False,False,False,False,False,False,False,Mercredi-00-02h,NON,Mercredi,2020-03-25 00:00
7185,158,True,False,False,False,True,False,False,False,False,True,False,False,False,False,Mercredi-00-02h,NON,Mercredi,2020-03-25 00:00
7186,210,False,True,False,False,True,True,False,False,False,False,False,False,False,False,Mercredi-00-02h,NON,Mercredi,2020-03-25 00:00
7187,93,False,False,False,False,True,False,False,False,False,False,False,False,True,False,Mercredi-00-02h,OUI,Mercredi,2020-03-25 00:00
7188,144,True,False,True,False,True,False,False,False,False,False,False,False,False,False,Mercredi-00-02h,OUI,Mercredi,2020-03-25 00:00
7189,164,False,True,False,False,True,True,False,False,False,False,False,False,False,False,Mercredi-00-02h,OUI,Mercredi,2020-03-25 00:00
7190,289,False,False,False,False,True,True,False,False,False,False,False,False,False,False,Mercredi-00-02h,NON,Mercredi,2020-03-25 00:00
7191,50,False,False,False,False,False,False,False,False,False,False,False,False,False,False,Mercredi-00-02h,NON,Mercredi,2020-03-25 00:00
7192,51,True,True,False,False,True,False,False,False,False,False,False,False,False,False,Mercredi-00-02h,OUI,Mercredi,2020-03-25 00:00
7193,247,False,False,True,False,False,False,False,False,False,False,False,False,False,False,Mercredi-00-02h,NON,Mercredi,2020-03-25 00:00
7194,159,False,False,False,False,False,False,False,True,False,False,False,False,False,False,Mercredi-00-02h,NON,Mercredi,2020-03-25 00:00
7195,54,False,False,False,False,False,True,False,False,False,False,False,False,False,False,Mercredi-00-02h,NON,Mercredi,2020-03-25 00:00
7196,55,True,False,False,False,True,True,False,True,False,False,False,False,False,False,Mercredi-00-02h,OUI,Mercredi,2020-03-25 00:00
7197,257,False,False,False,False,True,False,False,False,False,False,False,False,False,False,Mercredi-00-02h,NON,Mercredi,2020-03-25 00:00
7198,67,False,False,False,False,False,False,False,False,False,False,False,False,False,False,Mercredi-00-02h,NON,Mercredi,2020-03-25 00:00
7199,71,True,False,True,False,False,False,False,False,False,False,False,False,False,False,Mercredi-00-02h,OUI,Mercredi,2020-03-25 00:00
7200,280,False,False,False,False,False,True,False,False,False,False,False,False,False,False,Mercredi-00-02h,OUI,Mercredi,2020-03-25 00:00
7201,283,True,True,False,False,False,False,False,False,False,False,False,False,False,False,Mercredi-00-02h,OUI,Mercredi,2020-03-25 00:00
7202,154,False,False,False,False,True,True,False,False,False,False,False,True,False,False,Mercredi-00-02h,NON,Mercredi,2020-03-25 00:00
7203,171,False,False,False,False,False,False,False,False,False,False,False,True,False,False,Mercredi-00-02h,OUI,Mercredi,2020-03-25 00:00
7204,131,False,False,True,False,False,False,False,False,False,False,False,False,False,False,Mercredi-00-02h,NON,Mercredi,2020-03-25 00:00
7205,237,True,False,False,False,False,True,True,False,False,False,False,False,True,False,Mercredi-00-02h,OUI,Mercredi,2020-03-25 00:00
7206,75,False,False,False,False,True,True,False,False,False,False,False,False,False,False,Mercredi-00-02h,NON,Mercredi,2020-03-25 00:00
7207,235,True,False,False,False,True,False,False,False,False,False,False,False,False,False,Mercredi-00-02h,NON,Mercredi,2020-03-25 00:00
7208,180,False,False,False,False,True,True,False,False,False,False,False,False,False,False,Mercredi-00-02h,OUI,Mercredi,2020-03-25 00:00
7209,219,False,False,False,False,False,True,False,False,False,False,False,False,False,False,Mercredi-00-02h,NON,Mercredi,2020-03-25 00:00
7210,250,False,False,False,False,False,False,False,False,True,False,False,False,False,False,Mercredi-00-02h,NON,Mercredi,2020-03-25 00:00
7211,267,True,True,False,False,False,False,False,False,False,False,False,False,False,False,Mercredi-00-02h,NON,Mercredi,2020-03-25 00:00
7212,160,False,True,False,False,False,True,False,False,False,False,False,False,False,False,Mercredi-00-02h,NON,Mercredi,2020-03-25 00:00
7213,182,False,True,False,False,True,True,True,False,False,False,False,False,False,False,Mercredi-00-02h,OUI,Mercredi,2020-03-25 00:00
7214,143,False,False,False,False,False,False,False,True,False,False,True,False,False,False,Mercredi-00-02h,OUI,Mercredi,2020-03-25 00:00
7215,223,True,True,False,False,False,False,False,False,False,False,False,False,False,False,Mercredi-00-02h,NON,Mercredi,2020-03-25 00:00
7216,192,True,False,True,False,False,False,False,False,False,False,False,False,False,False,Mercredi-00-02h,OUI,Mercredi,2020-03-25 00:00
7217,30,False,False,True,False,False,False,False,True,False,False,False,False,False,False,Mercredi-00-02h,NON,Mercredi,2020-03-25 00:00
7218,125,True,False,False,False,True,False,False,True,False,False,False,False,False,False,Mercredi-00-02h,NON,Mercredi,2020-03-25 00:00
7219,39,False,False,True,False,True,False,False,True,False,False,False,False,False,False,Mercredi-00-02h,NON,Mercredi,2020-03-25 00:00
7220,113,True,False,True,False,False,False,False,False,False,False,False,False,False,False,Mercredi-00-02h,OUI,Mercredi,2020-03-25 00:00
7221,121,True,False,True,False,False,False,False,True,False,False,False,False,False,False,Mercredi-00-02h,NON,Mercredi,2020-03-25 00:00
7222,228,False,False,False,False,False,False,False,False,False,False,True,False,False,False,Mercredi-00-02h,OUI,Mercredi,2020-03-25 00:00
7223,290,False,False,False,False,False,False,False,False,True,False,False,False,False,False,Mercredi-00-02h,NON,Mercredi,2020-03-25 00:00
7224,197,False,False,True,False,True,False,False,False,False,False,False,False,False,False,Mercredi-00-02h,NON,Mercredi,2020-03-25 00:00
7225,31,True,True,True,False,False,True,False,False,False,False,False,False,False,False,Mercredi-00-02h,OUI,Mercredi,2020-03-25 00:00
7226,173,True,False,False,False,True,True,False,True,False,False,False,False,False,False,Mercredi-00-02h,NON,Mercredi,2020-03-25 00:00
7227,74,True,False,False,True,False,False,False,True,False,False,True,False,False,False,Mercredi-00-02h,OUI,Mercredi,2020-03-25 00:00
7228,15,False,False,True,False,False,False,False,False,False,False,False,False,False,False,Mercredi-00-02h,NON,Mercredi,2020-03-25 00:00
7229,45,True,False,False,False,True,True,False,True,False,False,False,False,False,False,Mercredi-00-02h,NON,Mercredi,2020-03-25 00:00
7230,63,False,False,True,False,False,False,False,False,False,False,False,False,False,False,Mercredi-00-02h,OUI,Mercredi,2020-03-25 00:00
7231,3,False,False,False,False,False,True,False,False,False,False,False,True,False,False,Mercredi-00-02h,OUI,Mercredi,2020-03-25 00:00
7232,21,True,False,True,False,False,False,False,False,False,False,False,False,False,False,Mercredi-00-02h,OUI,Mercredi,2020-03-25 00:00
7233,78,False,True,True,False,True,True,False,True,False,False,False,False,False,False,Mercredi-00-02h,OUI,Mercredi,2020-03-25 00:00
7234,47,False,True,False,False,False,False,False,False,False,False,False,False,False,False,Mercredi-00-02h,NON,Mercredi,2020-03-25 00:00
7235,151,True,True,False,False,True,False,False,True,False,False,False,False,False,False,Mercredi-00-02h,NON,Mercredi,2020-03-25 00:00
7236,6,True,False,True,False,False,False,False,False,False,False,False,False,False,False,Mercredi-00-02h,OUI,Mercredi,2020-03-25 00:00
7237,135,True,False,True,False,False,False,False,False,False,False,False,False,True,False,Mercredi-00-02h,OUI,Mercredi,2020-03-25 00:00
7238,221,False,False,False,False,True,True,False,False,False,False,False,False,False,False,Mercredi-00-02h,NON,Mercredi,2020-03-25 00:00
7239,170,False,False,True,False,False,False,False,False,False,False,True,False,False,True,Mercredi-00-02h,OUI,Mercredi,2020-03-25 00:00
7240,129,False,True,False,False,False,False,False,False,False,False,False,False,False,False,Mercredi-00-02h,OUI,Mercredi,2020-03-25 00:00
7241,132,True,True,True,False,False,True,False,False,False,False,False,False,False,False,Mercredi-00-02h,OUI,Mercredi,2020-03-25 00:00
7242,110,False,True,False,False,False,False,False,False,False,False,False,False,False,False,Mercredi-00-02h,OUI,Mercredi,2020-03-25 00:00
7243,191,False,False,False,False,False,True,False,False,False,False,False,False,False,False,Mercredi-00-02h,OUI,Mercredi,2020-03-25 00:00
7244,94,True,True,True,False,False,True,False,False,False,False,True,False,True,False,Mercredi-00-02h,NON,Mercredi,2020-03-25 00:00
7245,108,False,False,False,False,False,True,True,False,False,False,False,False,False,False,Mercredi-00-02h,OUI,Mercredi,2020-03-25 00:00
7246,236,False,False,False,False,True,True,False,False,False,False,False,False,False,False,Mercredi-00-02h,OUI,Mercredi,2020-03-25 00:00
7247,42,True,False,True,False,True,False,False,False,False,False,False,False,False,False,Mercredi-00-02h,NON,Mercredi,2020-03-25 00:00
7248,155,True,False,False,False,True,False,False,False,False,False,False,False,False,False,Mercredi-00-02h,NON,Mercredi,2020-03-25 00:00
7249,1,False,False,False,False,False,False,False,False,False,False,False,False,False,False,Mercredi-00-02h,NON,Mercredi,2020-03-25 00:00
7250,58,False,True,True,False,False,True,False,False,False,False,True,False,False,False,Mercredi-00-02h,OUI,Mercredi,2020-03-25 00:00
7251,0,False,True,False,False,False,False,False,False,False,False,False,False,False,False,Mercredi-00-02h,OUI,Mercredi,2020-03-25 00:00
7252,269,False,False,False,False,False,False,False,False,False,False,False,False,False,False,Mercredi-00-02h,NON,Mercredi,2020-03-25 00:00
7253,2,True,False,True,False,False,False,False,False,False,False,False,False,False,False,Mercredi-00-02h,NON,Mercredi,2020-03-25 00:00
7254,103,False,False,False,False,True,False,False,False,False,False,False,False,False,False,Mercredi-00-02h,NON,Mercredi,2020-03-25 00:00
7255,12,False,True,False,False,True,False,False,False,False,False,False,False,False,False,Mercredi-00-02h,OUI,Mercredi,2020-03-25 00:00
7256,245,True,False,False,False,True,True,False,True,False,False,False,False,False,False,Mercredi-00-02h,NON,Mercredi,2020-03-25 00:00
7257,161,False,False,True,False,False,False,False,False,False,False,True,False,False,False,Mercredi-00-02h,NON,Mercredi,2020-03-25 00:00
7258,38,False,False,False,False,False,False,False,False,True,False,False,False,False,False,Mercredi-00-02h,NON,Mercredi,2020-03-25 00:00
7259,122,False,False,False,False,False,False,False,False,False,False,False,False,False,False,Mercredi-00-02h,NON,Mercredi,2020-03-25 00:00
7260,248,False,False,True,False,False,False,False,False,False,False,False,False,True,False,Mercredi-00-02h,NON,Mercredi,2020-03-25 00:00
7261,271,False,True,True,False,False,True,False,False,False,False,False,False,False,False,Mercredi-00-02h,OUI,Mercredi,2020-03-25 00:00
7262,116,False,False,True,False,False,False,False,False,False,False,False,False,False,False,Mercredi-00-02h,OUI,Mercredi,2020-03-25 00:00
7263,117,True,True,True,True,False,True,False,False,False,False,False,False,False,False,Mercredi-00-02h,NON,Mercredi,2020-03-25 00:00
7264,213,False,False,False,False,True,True,False,True,False,False,False,False,False,False,Mercredi-00-02h,NON,Mercredi,2020-03-25 00:00
7265,220,False,True,True,False,False,True,False,False,False,False,False,False,False,False,Mercredi-00-02h,OUI,Mercredi,2020-03-25 00:00
7266,176,False,False,True,False,False,False,False,False,False,False,False,False,False,False,Mercredi-00-02h,NON,Mercredi,2020-03-25 00:00
7267,96,False,False,False,False,True,True,False,False,False,True,False,False,False,False,Mercredi-00-02h,NON,Mercredi,2020-03-25 00:00
7268,214,False,False,False,False,True,True,False,False,False,True,False,False,False,False,Mercredi-00-02h,OUI,Mercredi,2020-03-25 00:00
7269,11,True,False,False,True,False,False,False,False,False,False,True,False,False,False,Mercredi-00-02h,NON,Mercredi,2020-03-25 00:00
7270,255,True,False,True,False,False,False,False,True,False,False,False,False,False,False,Mercredi-00-02h,OUI,Mercredi,2020-03-25 00:00
7271,86,False,False,True,False,False,False,False,False,False,False,False,False,False,False,Mercredi-00-02h,OUI,Mercredi,2020-03-25 00:00
7272,209,True,False,False,False,True,True,False,True,False,False,False,False,False,False,Mercredi-00-02h,OUI,Mercredi,2020-03-25 00:00
7273,291,False,False,False,False,False,True,False,False,True,False,False,False,False,False,Mercredi-00-02h,OUI,Mercredi,2020-03-25 00:00
7274,287,False,False,False,False,False,False,False,False,False,False,False,True,False,False,Mercredi-00-02h,NON,Mercredi,2020-03-25 00:00
7275,104,False,False,False,False,True,True,False,False,False,False,False,False,False,False,Mercredi-00-02h,NON,Mercredi,2020-03-25 00:00
7276,18,False,False,False,False,True,False,False,False,False,False,False,False,False,False,Mercredi-00-02h,OUI,Mercredi,2020-03-25 00:00
7277,123,False,True,False,False,True,True,False,False,False,False,False,False,False,False,Mercredi-00-02h,NON,Mercredi,2020-03-25 00:00
7278,136,False,False,False,False,True,False,False,False,False,False,False,False,False,False,Mercredi-00-02h,NON,Mercredi,2020-03-25 00:00
7279,276,True,False,True,False,False,False,False,False,False,False,False,False,False,False,Mercredi-00-02h,NON,Mercredi,2020-03-25 00:00
7280,53,False,False,False,False,True,True,False,False,False,False,False,False,False,False,Mercredi-00-02h,OUI,Mercredi,2020-03-25 00:00
7281,179,True,False,True,False,False,False,False,False,False,False,False,False,False,False,Mercredi-00-02h,OUI,Mercredi,2020-03-25 00:00
7282,200,False,False,False,False,False,False,False,False,False,False,False,False,False,False,Mercredi-00-02h,NON,Mercredi,2020-03-25 00:00
7283,73,False,False,False,False,False,False,False,False,False,False,False,False,False,False,Mercredi-00-02h,NON,Mercredi,2020-03-25 00:00
7284,156,False,False,False,False,True,True,False,False,False,False,False,False,False,False,Mercredi-00-02h,NON,Mercredi,2020-03-25 00:00
7285,128,True,True,True,False,False,True,False,False,False,False,False,False,False,False,Mercredi-00-02h,OUI,Mercredi,2020-03-25 00:00
7286,118,False,False,False,False,False,False,False,False,False,False,False,False,False,False,Mercredi-00-02h,NON,Mercredi,2020-03-25 00:00
7287,112,True,False,True,False,False,False,False,False,False,False,False,False,False,False,Mercredi-00-02h,OUI,Mercredi,2020-03-25 00:00
7288,35,False,False,False,False,True,True,False,False,False,False,False,False,False,False,Mercredi-00-02h,NON,Mercredi,2020-03-25 00:00
7289,32,False,False,False,False,False,False,False,False,False,False,False,True,False,False,Mercredi-00-02h,NON,Mercredi,2020-03-25 00:00
7290,199,True,False,True,False,False,False,False,False,False,False,False,False,False,False,Mercredi-00-02h,OUI,Mercredi,2020-03-25 00:00
7291,153,True,False,False,False,True,True,False,False,False,False,False,False,False,False,Mercredi-00-02h,NON,Mercredi,2020-03-25 00:00
7292,82,False,False,True,False,False,False,False,False,False,False,False,False,False,False,Mercredi-00-02h,OUI,Mercredi,2020-03-25 00:00
7293,292,False,True,False,False,False,False,False,False,False,False,False,False,False,False,Mercredi-00-02h,OUI,Mercredi,2020-03-25 00:00
7294,169,False,False,False,True,False,False,False,False,False,False,False,False,False,False,Mercredi-00-02h,NON,Mercredi,2020-03-25 00:00
7295,16,False,False,False,False,True,True,False,False,False,False,False,False,False,False,Mercredi-00-02h,OUI,Mercredi,2020-03-25 00:00
7296,46,True,True,True,False,False,True,True,False,False,False,False,False,False,False,Mercredi-00-02h,NON,Mercredi,2020-03-25 00:00
7297,216,False,True,False,False,False,True,False,False,False,False,False,False,False,False,Mercredi-00-02h,OUI,Mercredi,2020-03-25 00:00
7298,174,False,True,True,False,False,True,False,False,False,False,True,False,False,False,Mercredi-00-02h,OUI,Mercredi,2020-03-25 00:00
7299,43,False,False,False,False,True,False,False,False,False,False,False,False,False,False,Mercredi-00-02h,NON,Mercredi,2020-03-25 00:00
7300,165,False,False,False,False,True,True,False,False,False,False,False,False,False,False,Mercredi-00-02h,NON,Mercredi,2020-03-25 00:00
7301,126,False,True,False,False,False,True,False,False,False,False,False,False,False,False,Mercredi-00-02h,NON,Mercredi,2020-03-25 00:00
7302,41,False,False,False,False,False,True,False,False,True,False,False,False,False,False,Mercredi-00-02h,NON,Mercredi,2020-03-25 00:00
7303,157,False,False,True,False,False,False,False,False,False,False,False,False,False,False,Mercredi-00-02h,NON,Mercredi,2020-03-25 00:00
7304,272,False,True,True,False,False,False,True,False,False,False,True,False,True,True,Mercredi-00-02h,OUI,Mercredi,2020-03-25 00:00
7305,115,True,False,True,False,False,False,False,False,False,False,False,False,False,False,Mercredi-00-02h,NON,Mercredi,2020-03-25 00:00
7306,84,False,False,False,False,False,False,False,False,False,False,False,True,False,False,Mercredi-00-02h,NON,Mercredi,2020-03-25 00:00
7307,183,True,True,True,True,False,False,False,False,False,False,False,False,False,False,Mercredi-00-02h,OUI,Mercredi,2020-03-25 00:00
7308,65,True,True,False,False,False,True,False,False,False,False,False,False,False,False,Mercredi-00-02h,OUI,Mercredi,2020-03-25 00:00
7309,105,True,False,False,False,False,False,False,False,False,False,False,False,False,False,Mercredi-00-02h,OUI,Mercredi,2020-03-25 00:00
7310,187,True,False,False,False,False,True,False,False,False,False,False,False,False,False,Mercredi-00-02h,NON,Mercredi,2020-03-25 00:00
7311,139,True,False,True,False,False,False,False,False,False,False,False,False,False,False,Mercredi-00-02h,NON,Mercredi,2020-03-25 00:00
7312,259,False,False,False,False,True,True,False,False,False,False,False,False,False,False,Mercredi-00-02h,OUI,Mercredi,2020-03-25 00:00
7313,124,True,False,True,False,False,False,False,False,False,False,True,False,False,False,Mercredi-00-02h,OUI,Mercredi,2020-03-25 00:00
7314,98,False,False,False,False,False,True,False,False,False,False,False,True,False,False,Mercredi-00-02h,OUI,Mercredi,2020-03-25 00:00
7315,284,False,True,True,False,False,True,False,False,False,False,False,False,True,False,Mercredi-00-02h,OUI,Mercredi,2020-03-25 00:00
7316,148,True,False,True,False,True,False,False,True,False,False,False,False,False,False,Mercredi-00-02h,NON,Mercredi,2020-03-25 00:00
7317,258,True,False,True,False,False,False,False,False,False,False,False,False,False,False,Mercredi-00-02h,NON,Mercredi,2020-03-25 00:00
7318,175,False,False,False,False,False,True,False,False,False,False,False,False,False,False,Mercredi-00-02h,NON,Mercredi,2020-03-25 00:00
7319,119,False,False,False,False,False,False,False,False,False,False,True,False,False,False,Mercredi-00-02h,NON,Mercredi,2020-03-25 00:00
7320,229,True,False,True,False,False,False,False,True,False,False,False,False,False,False,Mercredi-00-02h,OUI,Mercredi,2020-03-25 00:00
7321,230,False,False,False,False,False,True,True,False,False,False,False,False,False,False,Mercredi-00-02h,NON,Mercredi,2020-03-25 00:00
7322,17,True,False,False,False,False,True,True,False,False,False,False,False,False,False,Mercredi-00-02h,NON,Mercredi,2020-03-25 00:00
7323,177,False,False,False,False,False,False,False,False,False,False,False,False,False,False,Mercredi-00-02h,NON,Mercredi,2020-03-25 00:00
7324,7,False,False,False,False,False,False,False,False,False,False,False,False,False,False,Mercredi-00-02h,NON,Mercredi,2020-03-25 00:00
7325,241,False,False,True,False,False,False,False,False,False,False,False,False,False,False,Mercredi-00-02h,NON,Mercredi,2020-03-25 00:00
7326,8,True,False,False,False,True,True,False,True,False,False,False,False,False,False,Mercredi-00-02h,NON,Mercredi,2020-03-25 00:00
7327,268,False,True,False,False,False,True,False,False,False,False,False,False,False,False,Mercredi-00-02h,OUI,Mercredi,2020-03-25 00:00
7328,294,False,False,True,False,True,False,False,False,False,False,False,False,False,False,Mercredi-00-02h,OUI,Mercredi,2020-03-25 00:00
7329,242,True,False,False,False,True,True,False,False,False,False,False,False,False,False,Mercredi-00-02h,NON,Mercredi,2020-03-25 00:00
7330,194,False,False,False,False,False,True,False,False,False,False,False,False,False,False,Mercredi-00-02h,NON,Mercredi,2020-03-25 00:00
7331,243,False,False,False,False,True,True,False,False,False,False,False,False,False,False,Mercredi-00-02h,OUI,Mercredi,2020-03-25 00:00
7332,212,True,True,True,False,False,True,False,False,False,False,False,False,False,False,Mercredi-00-02h,OUI,Mercredi,2020-03-25 00:00
7333,19,False,False,False,False,False,True,False,False,False,False,False,False,False,False,Mercredi-00-02h,OUI,Mercredi,2020-03-25 00:00
7334,114,False,False,False,False,True,False,False,False,False,False,False,False,False,False,Mercredi-00-02h,OUI,Mercredi,2020-03-25 00:00
7335,190,False,False,False,False,False,True,False,False,True,False,False,False,False,False,Mercredi-00-02h,NON,Mercredi,2020-03-25 00:00
7336,64,False,False,True,False,False,False,False,False,False,False,False,False,False,False,Mercredi-00-02h,NON,Mercredi,2020-03-25 00:00
7337,227,False,False,False,False,False,False,False,False,False,False,False,False,False,False,Mercredi-00-02h,NON,Mercredi,2020-03-25 00:00
7338,232,False,False,False,False,False,True,False,False,False,False,False,False,False,False,Mercredi-00-02h,OUI,Mercredi,2020-03-25 00:00
7339,246,False,True,False,False,False,True,True,False,False,False,False,False,False,False,Mercredi-00-02h,NON,Mercredi,2020-03-25 00:00
7340,100,False,False,False,False,False,True,False,False,False,False,False,False,False,False,Mercredi-00-02h,NON,Mercredi,2020-03-25 00:00
7341,13,False,False,False,False,True,False,False,False,False,False,False,False,False,False,Mercredi-00-02h,NON,Mercredi,2020-03-25 00:00
7342,262,True,True,True,False,False,False,False,False,False,False,False,False,False,False,Mercredi-00-02h,NON,Mercredi,2020-03-25 00:00
7343,76,True,True,True,False,False,True,False,False,False,False,True,False,False,False,Mercredi-00-02h,NON,Mercredi,2020-03-25 00:00
7344,261,False,True,False,False,True,False,False,False,False,False,False,False,False,False,Mercredi-00-02h,NON,Mercredi,2020-03-25 00:00
7345,150,False,True,False,False,False,False,False,False,False,False,False,False,False,False,Mercredi-00-02h,OUI,Mercredi,2020-03-25 00:00
7346,205,False,False,False,False,False,False,False,False,False,False,False,False,False,False,Mercredi-00-02h,NON,Mercredi,2020-03-25 00:00
7347,56,False,False,False,False,True,True,False,False,False,False,False,False,False,False,Mercredi-00-02h,OUI,Mercredi,2020-03-25 00:00
7348,186,False,False,False,False,True,False,False,False,False,False,False,False,False,False,Mercredi-00-02h,OUI,Mercredi,2020-03-25 00:00
7349,162,True,False,False,False,True,True,False,False,False,False,False,False,False,False,Mercredi-00-02h,NON,Mercredi,2020-03-25 00:00
7350,68,False,True,False,False,True,True,False,False,False,False,False,False,False,False,Mercredi-00-02h,OUI,Mercredi,2020-03-25 00:00
7351,146,False,False,False,False,False,True,False,False,False,False,False,True,False,False,Mercredi-00-02h,OUI,Mercredi,2020-03-25 00:00
7352,49,False,False,False,False,False,False,False,False,False,False,False,False,True,False,Mercredi-00-02h,NON,Mercredi,2020-03-25 00:00
7353,91,True,False,True,True,False,False,False,False,False,False,False,False,False,False,Mercredi-00-02h,OUI,Mercredi,2020-03-25 00:00
7354,22,False,False,False,False,False,False,False,False,False,True,False,False,False,False,Mercredi-00-02h,NON,Mercredi,2020-03-25 00:00
7355,151,False,False,False,False,True,False,False,False,False,False,False,False,False,False,Mercredi-00-02h,NON,Mercredi,2020-03-25 00:00
7356,193,False,False,False,False,True,True,False,False,False,False,False,False,False,False,Mercredi-00-02h,OUI,Mercredi,2020-03-25 00:00
7357,9,True,True,False,False,False,False,False,False,False,False,False,False,False,False,Mercredi-00-02h,NON,Mercredi,2020-03-25 00:00
7358,99,True,False,True,False,False,False,False,False,False,False,False,False,False,False,Mercredi-00-02h,NON,Mercredi,2020-03-25 00:00
7359,181,False,False,False,False,True,True,False,False,False,False,False,False,False,False,Mercredi-00-02h,OUI,Mercredi,2020-03-25 00:00
7360,111,False,False,False,False,False,True,False,True,False,False,False,False,False,False,Mercredi-00-02h,OUI,Mercredi,2020-03-25 00:00
7361,44,False,True,False,False,False,True,False,False,False,False,False,False,False,False,Mercredi-00-02h,NON,Mercredi,2020-03-25 00:00
7362,24,False,False,False,False,True,False,False,True,False,False,False,False,False,False,Mercredi-00-02h,NON,Mercredi,2020-03-25 00:00
7363,102,False,False,False,False,True,True,False,True,False,False,False,False,False,False,Mercredi-00-02h,OUI,Mercredi,2020-03-25 00:00
7364,203,True,True,False,False,False,False,False,True,False,False,False,False,False,False,Mercredi-00-02h,NON,Mercredi,2020-03-25 00:00
7365,140,False,False,False,False,True,True,False,True,False,False,False,False,False,False,Mercredi-00-02h,NON,Mercredi,2020-03-25 00:00
7366,188,False,False,False,False,False,True,False,False,True,False,False,False,False,False,Mercredi-00-02h,NON,Mercredi,2020-03-25 00:00
7367,206,False,False,False,True,False,False,False,False,False,False,True,False,False,False,Mercredi-00-02h,NON,Mercredi,2020-03-25 00:00
7368,273,False,False,False,False,False,False,False,False,False,False,False,True,False,False,Mercredi-00-02h,NON,Mercredi,2020-03-25 00:00
7369,69,True,False,True,False,False,False,False,False,False,False,False,False,False,False,Mercredi-00-02h,NON,Mercredi,2020-03-25 00:00
7370,87,True,False,False,True,False,False,False,False,False,False,True,False,False,False,Mercredi-00-02h,OUI,Mercredi,2020-03-25 00:00
7371,83,True,False,True,False,False,False,False,False,False,False,False,False,False,False,Mercredi-00-02h,NON,Mercredi,2020-03-25 00:00
7372,149,True,False,True,True,False,False,False,False,False,False,False,False,False,False,Mercredi-00-02h,OUI,Mercredi,2020-03-25 00:00
7373,274,False,False,False,False,False,True,False,False,False,False,False,False,False,False,Mercredi-00-02h,NON,Mercredi,2020-03-25 00:00
7374,282,True,False,True,True,False,False,False,False,False,False,False,False,False,False,Mercredi-00-02h,OUI,Mercredi,2020-03-25 00:00
7375,147,False,False,False,False,False,False,False,False,False,False,False,False,False,False,Mercredi-00-02h,NON,Mercredi,2020-03-25 00:00
7376,238,False,False,False,False,False,False,False,False,False,False,False,True,False,False,Mercredi-00-02h,NON,Mercredi,2020-03-25 00:00
7377,201,False,False,False,False,False,False,False,False,False,False,False,False,False,False,Mercredi-00-02h,NON,Mercredi,2020-03-25 00:00
7378,152,False,True,False,False,False,False,False,False,False,False,False,False,False,False,Mercredi-00-02h,NON,Mercredi,2020-03-25 00:00
7379,222,False,False,False,False,False,True,False,False,True,True,False,False,False,False,Mercredi-00-02h,NON,Mercredi,2020-03-25 00:00
7380,106,False,False,False,False,False,True,False,False,False,False,False,True,False,False,Mercredi-00-02h,NON,Mercredi,2020-03-25 00:00
7381,133,False,False,True,False,True,False,False,False,False,False,False,False,False,False,Mercredi-00-02h,NON,Mercredi,2020-03-25 00:00
7382,163,False,False,False,False,True,False,False,False,False,False,False,False,False,False,Mercredi-00-02h,NON,Mercredi,2020-03-25 00:00
7383,231,False,False,False,False,False,False,False,False,False,False,False,False,False,False,Mercredi-00-02h,NON,Mercredi,2020-03-25 00:00
7384,25,False,False,False,False,True,False,False,False,False,False,False,False,False,False,Mercredi-00-02h,NON,Mercredi,2020-03-25 00:00
7385,196,False,False,True,False,True,False,False,True,False,False,False,False,False,False,Mercredi-00-02h,OUI,Mercredi,2020-03-25 00:00
7386,5,False,False,False,False,True,True,False,False,False,False,False,False,False,False,Mercredi-00-02h,NON,Mercredi,2020-03-25 00:00
7387,90,False,True,False,False,False,False,False,False,False,False,False,False,False,False,Mercredi-00-02h,NON,Mercredi,2020-03-25 00:00
7388,244,True,False,True,False,False,False,False,False,False,False,False,False,False,False,Mercredi-00-02h,OUI,Mercredi,2020-03-25 00:00
7389,107,False,True,False,False,False,True,False,False,False,False,False,False,False,False,Mercredi-00-02h,OUI,Mercredi,2020-03-25 00:00
7390,218,False,True,False,False,True,True,False,False,False,False,False,False,False,False,Mercredi-00-02h,OUI,Mercredi,2020-03-25 00:00
7391,62,False,True,True,False,True,True,False,False,False,False,False,False,False,False,Mercredi-00-02h,NON,Mercredi,2020-03-25 00:00
7392,79,False,True,False,False,False,False,False,False,False,False,False,False,False,False,Mercredi-00-02h,NON,Mercredi,2020-03-25 00:00
7393,208,False,False,False,False,False,True,False,False,False,False,False,False,False,False,Mercredi-00-02h,NON,Mercredi,2020-03-25 00:00
7394,270,False,False,False,False,False,False,False,False,True,False,False,False,False,False,Mercredi-00-02h,NON,Mercredi,2020-03-25 00:00
7395,166,True,False,False,False,True,True,False,False,False,False,False,False,False,False,Mercredi-00-02h,OUI,Mercredi,2020-03-25 00:00
7396,77,False,False,True,False,True,False,False,False,False,False,False,False,False,False,Mercredi-00-02h,NON,Mercredi,2020-03-25 00:00
7397,29,False,False,False,False,False,True,False,False,False,False,False,True,False,False,Mercredi-00-02h,OUI,Mercredi,2020-03-25 00:00
7398,240,False,False,False,False,False,True,False,False,False,False,False,False,False,False,Mercredi-00-02h,NON,Mercredi,2020-03-25 00:00
7399,184,False,True,False,False,False,False,False,False,False,False,False,False,False,False,Mercredi-00-02h,OUI,Mercredi,2020-03-25 00:00
7400,277,False,True,True,False,False,True,False,False,False,False,False,False,False,False,Mercredi-00-02h,NON,Mercredi,2020-03-25 00:00
7401,80,True,False,False,False,False,True,False,False,False,True,False,False,False,False,Mercredi-00-02h,NON,Mercredi,2020-03-25 00:00
7402,185,True,True,True,False,False,True,False,False,False,False,True,False,True,False,Mercredi-00-02h,NON,Mercredi,2020-03-25 00:00
7403,204,False,False,False,False,True,True,False,False,False,False,False,True,False,False,Mercredi-00-02h,OUI,Mercredi,2020-03-25 00:00
7404,252,True,True,True,False,False,True,False,False,False,False,False,False,False,False,Mercredi-00-02h,NON,Mercredi,2020-03-25 00:00
7405,26,False,False,False,False,True,False,False,False,False,False,False,False,False,False,Mercredi-00-02h,NON,Mercredi,2020-03-25 00:00
7406,70,False,False,False,False,True,False,False,False,False,False,False,True,False,False,Mercredi-00-02h,OUI,Mercredi,2020-03-25 00:00
7407,233,False,False,False,False,True,False,False,False,False,False,False,False,False,False,Mercredi-00-02h,NON,Mercredi,2020-03-25 00:00
7408,37,True,True,True,False,True,True,False,False,False,False,False,False,False,False,Mercredi-00-02h,NON,Mercredi,2020-03-25 00:00
7409,185,False,False,True,False,False,False,False,False,False,False,False,False,False,False,Mercredi-00-02h,OUI,Mercredi,2020-03-25 00:00
7410,138,True,False,False,False,True,True,False,False,False,False,False,False,False,False,Mercredi-00-02h,NON,Mercredi,2020-03-25 00:00
7411,224,True,False,True,False,False,False,False,False,False,False,False,False,False,False,Mercredi-00-02h,NON,Mercredi,2020-03-25 00:00
7412,66,False,False,False,False,True,True,False,False,False,False,False,False,True,False,Mercredi-00-02h,OUI,Mercredi,2020-03-25 00:00
7413,211,False,False,True,False,False,False,False,False,False,False,False,False,True,False,Mercredi-00-02h,NON,Mercredi,2020-03-25 00:00
7414,14,False,False,False,False,True,True,False,False,False,False,False,False,False,False,Mercredi-00-02h,NON,Mercredi,2020-03-25 00:00
7415,145,False,False,False,False,True,False,False,False,False,False,False,False,False,False,Mercredi-00-02h,NON,Mercredi,2020-03-25 00:00
7416,36,False,False,False,False,False,False,False,False,False,False,False,True,False,False,Mercredi-00-02h,OUI,Mercredi,2020-03-25 00:00
7417,60,True,True,True,False,False,True,False,False,False,False,False,False,False,False,Mercredi-00-02h,NON,Mercredi,2020-03-25 00:00
7418,137,True,True,True,False,False,True,False,False,False,False,True,False,False,False,Mercredi-00-02h,OUI,Mercredi,2020-03-25 00:00
7419,285,False,True,False,False,True,True,False,False,False,False,False,False,False,False,Mercredi-00-02h,NON,Mercredi,2020-03-25 00:00
7420,40,False,True,True,False,True,True,False,False,False,False,False,False,False,False,Mercredi-00-02h,OUI,Mercredi,2020-03-25 00:00
7421,97,False,False,False,False,False,True,False,False,False,False,False,False,False,False,Mercredi-00-02h,OUI,Mercredi,2020-03-25 00:00
7422,109,True,False,True,True,False,False,False,False,False,False,False,False,False,False,Mercredi-00-02h,NON,Mercredi,2020-03-25 00:00
7423,10,False,False,False,False,False,False,False,False,False,False,False,False,False,False,Mercredi-00-02h,NON,Mercredi,2020-03-25 00:00
7424,256,False,False,False,False,False,False,False,False,False,False,False,True,False,False,Mercredi-00-02h,NON,Mercredi,2020-03-25 00:00
7425,141,True,True,True,False,False,False,False,False,False,False,True,False,False,False,Mercredi-00-02h,NON,Mercredi,2020-03-25 00:00
7426,28,False,False,False,False,False,False,False,False,False,False,False,False,False,False,Mercredi-00-02h,NON,Mercredi,2020-03-25 00:00
7427,101,True,True,True,True,True,True,False,False,False,False,False,False,False,False,Mercredi-00-02h,OUI,Mercredi,2020-03-25 00:00
7428,48,True,False,True,False,True,False,False,False,False,False,False,False,True,False,Mercredi-00-02h,OUI,Mercredi,2020-03-25 00:00
7429,27,False,False,False,False,False,True,False,False,False,False,False,False,False,False,Mercredi-00-02h,NON,Mercredi,2020-03-25 00:00
7430,142,True,False,True,False,False,False,False,False,False,False,True,False,True,False,Mercredi-00-02h,NON,Mercredi,2020-03-25 00:00
7431,234,False,False,True,False,False,False,False,False,False,False,True,False,False,False,Mercredi-00-02h,NON,Mercredi,2020-03-25 00:00
7432,23,False,False,False,False,True,False,False,False,False,False,False,False,False,False,Mercredi-00-02h,NON,Mercredi,2020-03-25 00:00
7433,195,False,False,False,False,True,False,False,False,True,False,False,False,False,False,Mercredi-00-02h,NON,Mercredi,2020-03-25 00:00
7434,275,False,False,False,False,False,False,False,False,False,False,False,True,False,False,Mercredi-00-02h,NON,Mercredi,2020-03-25 00:00
7435,226,False,False,False,False,True,True,False,False,False,False,False,False,False,False,Mercredi-00-02h,NON,Mercredi,2020-03-25 00:00
7436,207,False,False,True,False,False,False,False,False,False,False,False,False,False,False,Mercredi-00-02h,NON,Mercredi,2020-03-25 00:00
7437,57,False,False,False,False,False,False,False,False,False,False,False,False,False,False,Mercredi-00-02h,NON,Mercredi,2020-03-25 00:00
7438,4,False,True,False,False,False,True,False,False,False,False,False,False,False,False,Mercredi-00-02h,NON,Mercredi,2020-03-25 00:00
7439,265,False,False,False,False,False,True,False,False,False,False,False,False,False,False,Mercredi-00-02h,NON,Mercredi,2020-03-25 00:00
7440,88,False,True,False,False,False,False,False,False,False,False,False,False,False,False,Mercredi-00-02h,NON,Mercredi,2020-03-25 00:00
7441,198,False,False,False,False,False,False,False,False,False,False,True,False,False,False,Mercredi-00-02h,NON,Mercredi,2020-03-25 00:00
7442,249,True,True,True,False,False,False,False,False,False,False,False,False,False,False,Mercredi-00-02h,NON,Mercredi,2020-03-25 00:00
7443,263,False,False,False,False,True,True,False,False,False,False,False,False,False,False,Mercredi-00-02h,NON,Mercredi,2020-03-25 00:00
7444,217,True,False,True,False,False,False,False,False,False,False,False,False,True,False,Mercredi-00-02h,NON,Mercredi,2020-03-25 00:00
7445,278,False,False,False,False,True,True,False,False,False,False,False,False,False,False,Mercredi-00-02h,NON,Mercredi,2020-03-25 00:00
7446,189,False,True,False,False,False,False,False,False,False,False,False,False,False,False,Mercredi-00-02h,NON,Mercredi,2020-03-25 00:00
7447,61,True,False,True,False,False,False,False,False,False,False,False,False,False,False,Mercredi-00-02h,NON,Mercredi,2020-03-25 00:00
7448,251,False,False,False,False,False,False,False,False,False,False,False,False,True,False,Mercredi-00-02h,NON,Mercredi,2020-03-25 00:00
7449,281,False,True,False,False,False,False,False,False,False,False,False,False,False,False,Mercredi-00-02h,NON,Mercredi,2020-03-25 00:00
7450,134,False,True,False,False,False,False,False,False,False,False,False,False,False,False,Mercredi-00-02h,OUI,Mercredi,2020-03-25 00:00
7451,293,False,True,False,False,False,True,False,False,False,False,False,False,False,False,Mercredi-00-02h,NON,Mercredi,2020-03-25 00:00
7452,279,True,True,True,True,False,True,False,False,False,False,False,False,False,False,Mercredi-00-02h,OUI,Mercredi,2020-03-25 00:00
7453,81,True,False,True,True,False,False,False,True,False,False,False,False,False,False,Mercredi-00-02h,NON,Mercredi,2020-03-25 00:00
7454,92,True,False,False,True,False,False,False,False,False,False,True,False,False,False,Mercredi-00-02h,NON,Mercredi,2020-03-25 00:00
7455,147,False,False,False,False,False,False,False,False,False,False,False,False,False,False,Mercredi-00-02h,NON,Mercredi,2020-03-25 00:00
7456,33,False,True,False,False,True,False,False,False,False,False,False,False,False,False,Mercredi-00-02h,OUI,Mercredi,2020-03-25 00:00
7457,266,False,False,False,False,False,False,False,False,False,False,False,False,False,False,Mercredi-00-02h,NON,Mercredi,2020-03-25 00:00
7458,225,True,False,False,False,False,True,False,False,False,False,False,False,False,False,Mercredi-00-02h,NON,Mercredi,2020-03-25 00:00
7459,83,True,False,True,False,False,False,False,False,False,False,False,False,False,False,Mercredi-00-02h,NON,Mercredi,2020-03-25 00:00
7460,95,False,False,False,False,True,True,False,True,False,False,False,False,False,False,Mercredi-00-02h,NON,Mercredi,2020-03-25 00:00
7461,127,False,False,False,False,True,False,False,False,False,False,False,False,False,False,Mercredi-00-02h,NON,Mercredi,2020-03-25 00:00
7462,20,False,False,False,False,False,False,False,False,False,False,False,False,False,False,Mercredi-00-02h,NON,Mercredi,2020-03-25 00:00
7463,89,False,False,False,False,False,False,False,False,True,False,False,False,False,False,Mercredi-00-02h,OUI,Mercredi,2020-03-25 00:00
7464,120,False,True,True,False,True,True,False,True,False,False,True,False,False,False,Mercredi-00-02h,NON,Mercredi,2020-03-25 00:00
7465,253,False,False,False,False,True,True,False,False,False,False,False,True,False,False,Mercredi-00-02h,NON,Mercredi,2020-03-25 00:00
7466,52,False,False,True,False,False,False,False,False,False,False,False,False,False,False,Mercredi-00-02h,OUI,Mercredi,2020-03-25 00:00
7467,168,True,False,True,False,False,False,False,True,False,False,False,False,False,False,Mercredi-00-02h,NON,Mercredi,2020-03-25 00:00
7468,202,False,True,False,False,False,False,False,False,False,False,False,False,False,False,Mercredi-00-02h,NON,Mercredi,2020-03-25 00:00
7469,172,False,False,False,False,True,False,False,False,False,False,False,False,False,False,Mercredi-00-02h,NON,Mercredi,2020-03-25 00:00
7470,239,False,False,False,False,True,True,False,False,False,False,False,False,False,False,Mercredi-00-02h,NON,Mercredi,2020-03-25 00:00
7471,85,False,False,False,False,True,False,False,False,False,False,False,False,False,False,Mercredi-00-02h,NON,Mercredi,2020-03-25 00:00
7472,215,False,False,False,False,False,False,False,False,True,False,False,False,False,False,Mercredi-00-02h,NON,Mercredi,2020-03-25 00:00
7473,260,True,False,True,False,False,False,False,False,False,False,False,False,False,False,Mercredi-00-02h,NON,Mercredi,2020-03-25 00:00
7474,286,True,True,False,False,True,False,False,False,False,False,False,False,False,False,Mercredi-00-02h,NON,Mercredi,2020-03-25 00:00
7475,72,False,True,False,False,False,False,False,False,False,False,False,False,False,False,Mercredi-02-04h,NON,Mercredi,2020-03-25 02:00
7476,167,True,True,True,True,True,True,False,False,False,False,False,False,False,False,Mercredi-02-04h,OUI,Mercredi,2020-03-25 02:00
7477,130,True,False,True,False,False,False,False,True,False,False,False,False,True,True,Mercredi-02-04h,OUI,Mercredi,2020-03-25 02:00
7478,288,True,True,True,False,True,False,False,False,False,False,False,False,False,False,Mercredi-02-04h,OUI,Mercredi,2020-03-25 02:00
7479,59,False,False,False,False,False,True,False,False,False,False,False,False,False,False,Mercredi-02-04h,NON,Mercredi,2020-03-25 02:00
7480,178,True,False,False,False,False,False,False,False,False,False,True,False,False,False,Mercredi-02-04h,OUI,Mercredi,2020-03-25 02:00
7481,254,False,False,False,False,False,False,False,False,False,False,False,True,False,False,Mercredi-02-04h,NON,Mercredi,2020-03-25 02:00
7482,34,False,False,False,False,False,False,False,False,False,False,False,False,False,False,Mercredi-02-04h,NON,Mercredi,2020-03-25 02:00
7483,264,False,False,False,False,True,True,True,False,False,False,False,False,False,False,Mercredi-02-04h,NON,Mercredi,2020-03-25 02:00
7484,158,True,False,False,False,True,False,False,False,False,True,False,False,False,False,Mercredi-02-04h,NON,Mercredi,2020-03-25 02:00
7485,210,False,True,False,False,True,True,False,False,False,False,False,False,False,False,Mercredi-02-04h,NON,Mercredi,2020-03-25 02:00
7486,93,False,False,False,False,True,False,False,False,False,False,False,False,True,False,Mercredi-02-04h,OUI,Mercredi,2020-03-25 02:00
7487,144,True,False,True,False,True,False,False,False,False,False,False,False,False,False,Mercredi-02-04h,OUI,Mercredi,2020-03-25 02:00
7488,164,False,True,False,False,True,True,False,False,False,False,False,False,False,False,Mercredi-02-04h,OUI,Mercredi,2020-03-25 02:00
7489,289,False,False,False,False,True,True,False,False,False,False,False,False,False,False,Mercredi-02-04h,NON,Mercredi,2020-03-25 02:00
7490,50,False,False,False,False,False,False,False,False,False,False,False,False,False,False,Mercredi-02-04h,NON,Mercredi,2020-03-25 02:00
7491,51,True,True,False,False,True,False,False,False,False,False,False,False,False,False,Mercredi-02-04h,OUI,Mercredi,2020-03-25 02:00
7492,247,False,False,True,False,False,False,False,False,False,False,False,False,False,False,Mercredi-02-04h,NON,Mercredi,2020-03-25 02:00
7493,159,False,False,False,False,False,False,False,True,False,False,False,False,False,False,Mercredi-02-04h,NON,Mercredi,2020-03-25 02:00
7494,54,False,False,False,False,False,True,False,False,False,False,False,False,False,False,Mercredi-02-04h,NON,Mercredi,2020-03-25 02:00
7495,55,True,False,False,False,True,True,False,True,False,False,False,False,False,False,Mercredi-02-04h,OUI,Mercredi,2020-03-25 02:00
7496,257,False,False,False,False,True,False,False,False,False,False,False,False,False,False,Mercredi-02-04h,NON,Mercredi,2020-03-25 02:00
7497,67,False,False,False,False,False,False,False,False,False,False,False,False,False,False,Mercredi-02-04h,NON,Mercredi,2020-03-25 02:00
7498,71,True,False,True,False,False,False,False,False,False,False,False,False,False,False,Mercredi-02-04h,OUI,Mercredi,2020-03-25 02:00
7499,280,False,False,False,False,False,True,False,False,False,False,False,False,False,False,Mercredi-02-04h,OUI,Mercredi,2020-03-25 02:00
7500,283,True,True,False,False,False,False,False,False,False,False,False,False,False,False,Mercredi-02-04h,OUI,Mercredi,2020-03-25 02:00
7501,154,False,False,False,False,True,True,False,False,False,False,False,True,False,False,Mercredi-02-04h,NON,Mercredi,2020-03-25 02:00
7502,171,False,False,False,False,False,False,False,False,False,False,False,True,False,False,Mercredi-02-04h,NON,Mercredi,2020-03-25 02:00
7503,131,False,False,True,False,False,False,False,False,False,False,False,False,False,False,Mercredi-02-04h,NON,Mercredi,2020-03-25 02:00
7504,237,True,False,False,False,False,True,True,False,False,False,False,False,True,False,Mercredi-02-04h,OUI,Mercredi,2020-03-25 02:00
7505,75,False,False,False,False,True,True,False,False,False,False,False,False,False,False,Mercredi-02-04h,NON,Mercredi,2020-03-25 02:00
7506,235,True,False,False,False,True,False,False,False,False,False,False,False,False,False,Mercredi-02-04h,NON,Mercredi,2020-03-25 02:00
7507,180,False,False,False,False,True,True,False,False,False,False,False,False,False,False,Mercredi-02-04h,OUI,Mercredi,2020-03-25 02:00
7508,219,False,False,False,False,False,True,False,False,False,False,False,False,False,False,Mercredi-02-04h,NON,Mercredi,2020-03-25 02:00
7509,250,False,False,False,False,False,False,False,False,True,False,False,False,False,False,Mercredi-02-04h,NON,Mercredi,2020-03-25 02:00
7510,267,True,True,False,False,False,False,False,False,False,False,False,False,False,False,Mercredi-02-04h,NON,Mercredi,2020-03-25 02:00
7511,160,False,True,False,False,False,True,False,False,False,False,False,False,False,False,Mercredi-02-04h,NON,Mercredi,2020-03-25 02:00
7512,182,False,True,False,False,True,True,True,False,False,False,False,False,False,False,Mercredi-02-04h,NON,Mercredi,2020-03-25 02:00
7513,143,False,False,False,False,False,False,False,True,False,False,True,False,False,False,Mercredi-02-04h,OUI,Mercredi,2020-03-25 02:00
7514,223,True,True,False,False,False,False,False,False,False,False,False,False,False,False,Mercredi-02-04h,NON,Mercredi,2020-03-25 02:00
7515,192,True,False,True,False,False,False,False,False,False,False,False,False,False,False,Mercredi-02-04h,OUI,Mercredi,2020-03-25 02:00
7516,30,False,False,True,False,False,False,False,True,False,False,False,False,False,False,Mercredi-02-04h,NON,Mercredi,2020-03-25 02:00
7517,125,True,False,False,False,True,False,False,True,False,False,False,False,False,False,Mercredi-02-04h,NON,Mercredi,2020-03-25 02:00
7518,39,False,False,True,False,True,False,False,True,False,False,False,False,False,False,Mercredi-02-04h,NON,Mercredi,2020-03-25 02:00
7519,113,True,False,True,False,False,False,False,False,False,False,False,False,False,False,Mercredi-02-04h,NON,Mercredi,2020-03-25 02:00
7520,121,True,False,True,False,False,False,False,True,False,False,False,False,False,False,Mercredi-02-04h,NON,Mercredi,2020-03-25 02:00
7521,228,False,False,False,False,False,False,False,False,False,False,True,False,False,False,Mercredi-02-04h,OUI,Mercredi,2020-03-25 02:00
7522,290,False,False,False,False,False,False,False,False,True,False,False,False,False,False,Mercredi-02-04h,NON,Mercredi,2020-03-25 02:00
7523,197,False,False,True,False,True,False,False,False,False,False,False,False,False,False,Mercredi-02-04h,NON,Mercredi,2020-03-25 02:00
7524,31,True,True,True,False,False,True,False,False,False,False,False,False,False,False,Mercredi-02-04h,OUI,Mercredi,2020-03-25 02:00
7525,173,True,False,False,False,True,True,False,True,False,False,False,False,False,False,Mercredi-02-04h,NON,Mercredi,2020-03-25 02:00
7526,74,True,False,False,True,False,False,False,True,False,False,True,False,False,False,Mercredi-02-04h,OUI,Mercredi,2020-03-25 02:00
7527,15,False,False,True,False,False,False,False,False,False,False,False,False,False,False,Mercredi-02-04h,NON,Mercredi,2020-03-25 02:00
7528,45,True,False,False,False,True,True,False,True,False,False,False,False,False,False,Mercredi-02-04h,NON,Mercredi,2020-03-25 02:00
7529,63,False,False,True,False,False,False,False,False,False,False,False,False,False,False,Mercredi-02-04h,NON,Mercredi,2020-03-25 02:00
7530,3,False,False,False,False,False,True,False,False,False,False,False,True,False,False,Mercredi-02-04h,OUI,Mercredi,2020-03-25 02:00
7531,21,True,False,True,False,False,False,False,False,False,False,False,False,False,False,Mercredi-02-04h,NON,Mercredi,2020-03-25 02:00
7532,78,False,True,True,False,True,True,False,True,False,False,False,False,False,False,Mercredi-02-04h,OUI,Mercredi,2020-03-25 02:00
7533,47,False,True,False,False,False,False,False,False,False,False,False,False,False,False,Mercredi-02-04h,NON,Mercredi,2020-03-25 02:00
7534,151,True,True,False,False,True,False,False,True,False,False,False,False,False,False,Mercredi-02-04h,NON,Mercredi,2020-03-25 02:00
7535,6,True,False,True,False,False,False,False,False,False,False,False,False,False,False,Mercredi-02-04h,OUI,Mercredi,2020-03-25 02:00
7536,135,True,False,True,False,False,False,False,False,False,False,False,False,True,False,Mercredi-02-04h,OUI,Mercredi,2020-03-25 02:00
7537,221,False,False,False,False,True,True,False,False,False,False,False,False,False,False,Mercredi-02-04h,NON,Mercredi,2020-03-25 02:00
7538,170,False,False,True,False,False,False,False,False,False,False,True,False,False,True,Mercredi-02-04h,OUI,Mercredi,2020-03-25 02:00
7539,129,False,True,False,False,False,False,False,False,False,False,False,False,False,False,Mercredi-02-04h,OUI,Mercredi,2020-03-25 02:00
7540,132,True,True,True,False,False,True,False,False,False,False,False,False,False,False,Mercredi-02-04h,OUI,Mercredi,2020-03-25 02:00
7541,110,False,True,False,False,False,False,False,False,False,False,False,False,False,False,Mercredi-02-04h,OUI,Mercredi,2020-03-25 02:00
7542,191,False,False,False,False,False,True,False,False,False,False,False,False,False,False,Mercredi-02-04h,OUI,Mercredi,2020-03-25 02:00
7543,94,True,True,True,False,False,True,False,False,False,False,True,False,True,False,Mercredi-02-04h,NON,Mercredi,2020-03-25 02:00
7544,108,False,False,False,False,False,True,True,False,False,False,False,False,False,False,Mercredi-02-04h,OUI,Mercredi,2020-03-25 02:00
7545,236,False,False,False,False,True,True,False,False,False,False,False,False,False,False,Mercredi-02-04h,OUI,Mercredi,2020-03-25 02:00
7546,42,True,False,True,False,True,False,False,False,False,False,False,False,False,False,Mercredi-02-04h,NON,Mercredi,2020-03-25 02:00
7547,155,True,False,False,False,True,False,False,False,False,False,False,False,False,False,Mercredi-02-04h,NON,Mercredi,2020-03-25 02:00
7548,1,False,False,False,False,False,False,False,False,False,False,False,False,False,False,Mercredi-02-04h,NON,Mercredi,2020-03-25 02:00
7549,58,False,True,True,False,False,True,False,False,False,False,True,False,False,False,Mercredi-02-04h,OUI,Mercredi,2020-03-25 02:00
7550,0,False,True,False,False,False,False,False,False,False,False,False,False,False,False,Mercredi-02-04h,OUI,Mercredi,2020-03-25 02:00
7551,269,False,False,False,False,False,False,False,False,False,False,False,False,False,False,Mercredi-02-04h,NON,Mercredi,2020-03-25 02:00
7552,2,True,False,True,False,False,False,False,False,False,False,False,False,False,False,Mercredi-02-04h,NON,Mercredi,2020-03-25 02:00
7553,103,False,False,False,False,True,False,False,False,False,False,False,False,False,False,Mercredi-02-04h,NON,Mercredi,2020-03-25 02:00
7554,12,False,True,False,False,True,False,False,False,False,False,False,False,False,False,Mercredi-02-04h,OUI,Mercredi,2020-03-25 02:00
7555,245,True,False,False,False,True,True,False,True,False,False,False,False,False,False,Mercredi-02-04h,NON,Mercredi,2020-03-25 02:00
7556,161,False,False,True,False,False,False,False,False,False,False,True,False,False,False,Mercredi-02-04h,NON,Mercredi,2020-03-25 02:00
7557,38,False,False,False,False,False,False,False,False,True,False,False,False,False,False,Mercredi-02-04h,NON,Mercredi,2020-03-25 02:00
7558,122,False,False,False,False,False,False,False,False,False,False,False,False,False,False,Mercredi-02-04h,NON,Mercredi,2020-03-25 02:00
7559,248,False,False,True,False,False,False,False,False,False,False,False,False,True,False,Mercredi-02-04h,NON,Mercredi,2020-03-25 02:00
7560,271,False,True,True,False,False,True,False,False,False,False,False,False,False,False,Mercredi-02-04h,OUI,Mercredi,2020-03-25 02:00
7561,116,False,False,True,False,False,False,False,False,False,False,False,False,False,False,Mercredi-02-04h,OUI,Mercredi,2020-03-25 02:00
7562,117,True,True,True,True,False,True,False,False,False,False,False,False,False,False,Mercredi-02-04h,NON,Mercredi,2020-03-25 02:00
7563,213,False,False,False,False,True,True,False,True,False,False,False,False,False,False,Mercredi-02-04h,NON,Mercredi,2020-03-25 02:00
7564,220,False,True,True,False,False,True,False,False,False,False,False,False,False,False,Mercredi-02-04h,OUI,Mercredi,2020-03-25 02:00
7565,176,False,False,True,False,False,False,False,False,False,False,False,False,False,False,Mercredi-02-04h,NON,Mercredi,2020-03-25 02:00
7566,96,False,False,False,False,True,True,False,False,False,True,False,False,False,False,Mercredi-02-04h,NON,Mercredi,2020-03-25 02:00
7567,214,False,False,False,False,True,True,False,False,False,True,False,False,False,False,Mercredi-02-04h,OUI,Mercredi,2020-03-25 02:00
7568,11,True,False,False,True,False,False,False,False,False,False,True,False,False,False,Mercredi-02-04h,NON,Mercredi,2020-03-25 02:00
7569,255,True,False,True,False,False,False,False,True,False,False,False,False,False,False,Mercredi-02-04h,OUI,Mercredi,2020-03-25 02:00
7570,86,False,False,True,False,False,False,False,False,False,False,False,False,False,False,Mercredi-02-04h,OUI,Mercredi,2020-03-25 02:00
7571,209,True,False,False,False,True,True,False,True,False,False,False,False,False,False,Mercredi-02-04h,OUI,Mercredi,2020-03-25 02:00
7572,291,False,False,False,False,False,True,False,False,True,False,False,False,False,False,Mercredi-02-04h,OUI,Mercredi,2020-03-25 02:00
7573,287,False,False,False,False,False,False,False,False,False,False,False,True,False,False,Mercredi-02-04h,NON,Mercredi,2020-03-25 02:00
7574,104,False,False,False,False,True,True,False,False,False,False,False,False,False,False,Mercredi-02-04h,NON,Mercredi,2020-03-25 02:00
7575,18,False,False,False,False,True,False,False,False,False,False,False,False,False,False,Mercredi-02-04h,OUI,Mercredi,2020-03-25 02:00
7576,123,False,True,False,False,True,True,False,False,False,False,False,False,False,False,Mercredi-02-04h,NON,Mercredi,2020-03-25 02:00
7577,136,False,False,False,False,True,False,False,False,False,False,False,False,False,False,Mercredi-02-04h,NON,Mercredi,2020-03-25 02:00
7578,276,True,False,True,False,False,False,False,False,False,False,False,False,False,False,Mercredi-02-04h,NON,Mercredi,2020-03-25 02:00
7579,53,False,False,False,False,True,True,False,False,False,False,False,False,False,False,Mercredi-02-04h,OUI,Mercredi,2020-03-25 02:00
7580,179,True,False,True,False,False,False,False,False,False,False,False,False,False,False,Mercredi-02-04h,OUI,Mercredi,2020-03-25 02:00
7581,200,False,False,False,False,False,False,False,False,False,False,False,False,False,False,Mercredi-02-04h,NON,Mercredi,2020-03-25 02:00
7582,73,False,False,False,False,False,False,False,False,False,False,False,False,False,False,Mercredi-02-04h,NON,Mercredi,2020-03-25 02:00
7583,156,False,False,False,False,True,True,False,False,False,False,False,False,False,False,Mercredi-02-04h,NON,Mercredi,2020-03-25 02:00
7584,128,True,True,True,False,False,True,False,False,False,False,False,False,False,False,Mercredi-02-04h,NON,Mercredi,2020-03-25 02:00
7585,118,False,False,False,False,False,False,False,False,False,False,False,False,False,False,Mercredi-02-04h,NON,Mercredi,2020-03-25 02:00
7586,112,True,False,True,False,False,False,False,False,False,False,False,False,False,False,Mercredi-02-04h,OUI,Mercredi,2020-03-25 02:00
7587,35,False,False,False,False,True,True,False,False,False,False,False,False,False,False,Mercredi-02-04h,NON,Mercredi,2020-03-25 02:00
7588,32,False,False,False,False,False,False,False,False,False,False,False,True,False,False,Mercredi-02-04h,NON,Mercredi,2020-03-25 02:00
7589,199,True,False,True,False,False,False,False,False,False,False,False,False,False,False,Mercredi-02-04h,NON,Mercredi,2020-03-25 02:00
7590,153,True,False,False,False,True,True,False,False,False,False,False,False,False,False,Mercredi-02-04h,NON,Mercredi,2020-03-25 02:00
7591,82,False,False,True,False,False,False,False,False,False,False,False,False,False,False,Mercredi-02-04h,OUI,Mercredi,2020-03-25 02:00
7592,292,False,True,False,False,False,False,False,False,False,False,False,False,False,False,Mercredi-02-04h,OUI,Mercredi,2020-03-25 02:00
7593,169,False,False,False,True,False,False,False,False,False,False,False,False,False,False,Mercredi-02-04h,NON,Mercredi,2020-03-25 02:00
7594,16,False,False,False,False,True,True,False,False,False,False,False,False,False,False,Mercredi-02-04h,OUI,Mercredi,2020-03-25 02:00
7595,46,True,True,True,False,False,True,True,False,False,False,False,False,False,False,Mercredi-02-04h,NON,Mercredi,2020-03-25 02:00
7596,216,False,True,False,False,False,True,False,False,False,False,False,False,False,False,Mercredi-02-04h,OUI,Mercredi,2020-03-25 02:00
7597,174,False,True,True,False,False,True,False,False,False,False,True,False,False,False,Mercredi-02-04h,NON,Mercredi,2020-03-25 02:00
7598,43,False,False,False,False,True,False,False,False,False,False,False,False,False,False,Mercredi-02-04h,NON,Mercredi,2020-03-25 02:00
7599,165,False,False,False,False,True,True,False,False,False,False,False,False,False,False,Mercredi-02-04h,NON,Mercredi,2020-03-25 02:00
7600,126,False,True,False,False,False,True,False,False,False,False,False,False,False,False,Mercredi-02-04h,NON,Mercredi,2020-03-25 02:00
7601,41,False,False,False,False,False,True,False,False,True,False,False,False,False,False,Mercredi-02-04h,NON,Mercredi,2020-03-25 02:00
7602,157,False,False,True,False,False,False,False,False,False,False,False,False,False,False,Mercredi-02-04h,NON,Mercredi,2020-03-25 02:00
7603,272,False,True,True,False,False,False,True,False,False,False,True,False,True,True,Mercredi-02-04h,OUI,Mercredi,2020-03-25 02:00
7604,115,True,False,True,False,False,False,False,False,False,False,False,False,False,False,Mercredi-02-04h,NON,Mercredi,2020-03-25 02:00
7605,84,False,False,False,False,False,False,False,False,False,False,False,True,False,False,Mercredi-02-04h,NON,Mercredi,2020-03-25 02:00
7606,183,True,True,True,True,False,False,False,False,False,False,False,False,False,False,Mercredi-02-04h,OUI,Mercredi,2020-03-25 02:00
7607,65,True,True,False,False,False,True,False,False,False,False,False,False,False,False,Mercredi-02-04h,OUI,Mercredi,2020-03-25 02:00
7608,105,True,False,False,False,False,False,False,False,False,False,False,False,False,False,Mercredi-02-04h,OUI,Mercredi,2020-03-25 02:00
7609,187,True,False,False,False,False,True,False,False,False,False,False,False,False,False,Mercredi-02-04h,NON,Mercredi,2020-03-25 02:00
7610,139,True,False,True,False,False,False,False,False,False,False,False,False,False,False,Mercredi-02-04h,NON,Mercredi,2020-03-25 02:00
7611,259,False,False,False,False,True,True,False,False,False,False,False,False,False,False,Mercredi-02-04h,OUI,Mercredi,2020-03-25 02:00
7612,124,True,False,True,False,False,False,False,False,False,False,True,False,False,False,Mercredi-02-04h,OUI,Mercredi,2020-03-25 02:00
7613,98,False,False,False,False,False,True,False,False,False,False,False,True,False,False,Mercredi-02-04h,OUI,Mercredi,2020-03-25 02:00
7614,284,False,True,True,False,False,True,False,False,False,False,False,False,True,False,Mercredi-02-04h,OUI,Mercredi,2020-03-25 02:00
7615,148,True,False,True,False,True,False,False,True,False,False,False,False,False,False,Mercredi-02-04h,NON,Mercredi,2020-03-25 02:00
7616,258,True,False,True,False,False,False,False,False,False,False,False,False,False,False,Mercredi-02-04h,NON,Mercredi,2020-03-25 02:00
7617,175,False,False,False,False,False,True,False,False,False,False,False,False,False,False,Mercredi-02-04h,NON,Mercredi,2020-03-25 02:00
7618,119,False,False,False,False,False,False,False,False,False,False,True,False,False,False,Mercredi-02-04h,NON,Mercredi,2020-03-25 02:00
7619,229,True,False,True,False,False,False,False,True,False,False,False,False,False,False,Mercredi-02-04h,OUI,Mercredi,2020-03-25 02:00
7620,230,False,False,False,False,False,True,True,False,False,False,False,False,False,False,Mercredi-02-04h,NON,Mercredi,2020-03-25 02:00
7621,17,True,False,False,False,False,True,True,False,False,False,False,False,False,False,Mercredi-02-04h,NON,Mercredi,2020-03-25 02:00
7622,177,False,False,False,False,False,False,False,False,False,False,False,False,False,False,Mercredi-02-04h,NON,Mercredi,2020-03-25 02:00
7623,7,False,False,False,False,False,False,False,False,False,False,False,False,False,False,Mercredi-02-04h,NON,Mercredi,2020-03-25 02:00
7624,241,False,False,True,False,False,False,False,False,False,False,False,False,False,False,Mercredi-02-04h,NON,Mercredi,2020-03-25 02:00
7625,8,True,False,False,False,True,True,False,True,False,False,False,False,False,False,Mercredi-02-04h,NON,Mercredi,2020-03-25 02:00
7626,268,False,True,False,False,False,True,False,False,False,False,False,False,False,False,Mercredi-02-04h,OUI,Mercredi,2020-03-25 02:00
7627,294,False,False,True,False,True,False,False,False,False,False,False,False,False,False,Mercredi-02-04h,OUI,Mercredi,2020-03-25 02:00
7628,242,True,False,False,False,True,True,False,False,False,False,False,False,False,False,Mercredi-02-04h,NON,Mercredi,2020-03-25 02:00
7629,194,False,False,False,False,False,True,False,False,False,False,False,False,False,False,Mercredi-02-04h,NON,Mercredi,2020-03-25 02:00
7630,243,False,False,False,False,True,True,False,False,False,False,False,False,False,False,Mercredi-02-04h,OUI,Mercredi,2020-03-25 02:00
7631,212,True,True,True,False,False,True,False,False,False,False,False,False,False,False,Mercredi-02-04h,OUI,Mercredi,2020-03-25 02:00
7632,19,False,False,False,False,False,True,False,False,False,False,False,False,False,False,Mercredi-02-04h,OUI,Mercredi,2020-03-25 02:00
7633,114,False,False,False,False,True,False,False,False,False,False,False,False,False,False,Mercredi-02-04h,OUI,Mercredi,2020-03-25 02:00
7634,190,False,False,False,False,False,True,False,False,True,False,False,False,False,False,Mercredi-02-04h,NON,Mercredi,2020-03-25 02:00
7635,64,False,False,True,False,False,False,False,False,False,False,False,False,False,False,Mercredi-02-04h,NON,Mercredi,2020-03-25 02:00
7636,227,False,False,False,False,False,False,False,False,False,False,False,False,False,False,Mercredi-02-04h,NON,Mercredi,2020-03-25 02:00
7637,232,False,False,False,False,False,True,False,False,False,False,False,False,False,False,Mercredi-02-04h,OUI,Mercredi,2020-03-25 02:00
7638,246,False,True,False,False,False,True,True,False,False,False,False,False,False,False,Mercredi-02-04h,NON,Mercredi,2020-03-25 02:00
7639,100,False,False,False,False,False,True,False,False,False,False,False,False,False,False,Mercredi-02-04h,NON,Mercredi,2020-03-25 02:00
7640,13,False,False,False,False,True,False,False,False,False,False,False,False,False,False,Mercredi-02-04h,NON,Mercredi,2020-03-25 02:00
7641,262,True,True,True,False,False,False,False,False,False,False,False,False,False,False,Mercredi-02-04h,NON,Mercredi,2020-03-25 02:00
7642,76,True,True,True,False,False,True,False,False,False,False,True,False,False,False,Mercredi-02-04h,NON,Mercredi,2020-03-25 02:00
7643,261,False,True,False,False,True,False,False,False,False,False,False,False,False,False,Mercredi-02-04h,NON,Mercredi,2020-03-25 02:00
7644,150,False,True,False,False,False,False,False,False,False,False,False,False,False,False,Mercredi-02-04h,OUI,Mercredi,2020-03-25 02:00
7645,205,False,False,False,False,False,False,False,False,False,False,False,False,False,False,Mercredi-02-04h,NON,Mercredi,2020-03-25 02:00
7646,56,False,False,False,False,True,True,False,False,False,False,False,False,False,False,Mercredi-02-04h,OUI,Mercredi,2020-03-25 02:00
7647,186,False,False,False,False,True,False,False,False,False,False,False,False,False,False,Mercredi-02-04h,OUI,Mercredi,2020-03-25 02:00
7648,162,True,False,False,False,True,True,False,False,False,False,False,False,False,False,Mercredi-02-04h,NON,Mercredi,2020-03-25 02:00
7649,68,False,True,False,False,True,True,False,False,False,False,False,False,False,False,Mercredi-02-04h,NON,Mercredi,2020-03-25 02:00
7650,146,False,False,False,False,False,True,False,False,False,False,False,True,False,False,Mercredi-02-04h,OUI,Mercredi,2020-03-25 02:00
7651,49,False,False,False,False,False,False,False,False,False,False,False,False,True,False,Mercredi-02-04h,NON,Mercredi,2020-03-25 02:00
7652,91,True,False,True,True,False,False,False,False,False,False,False,False,False,False,Mercredi-02-04h,OUI,Mercredi,2020-03-25 02:00
7653,22,False,False,False,False,False,False,False,False,False,True,False,False,False,False,Mercredi-02-04h,NON,Mercredi,2020-03-25 02:00
7654,151,False,False,False,False,True,False,False,False,False,False,False,False,False,False,Mercredi-02-04h,NON,Mercredi,2020-03-25 02:00
7655,193,False,False,False,False,True,True,False,False,False,False,False,False,False,False,Mercredi-02-04h,OUI,Mercredi,2020-03-25 02:00
7656,9,True,True,False,False,False,False,False,False,False,False,False,False,False,False,Mercredi-02-04h,NON,Mercredi,2020-03-25 02:00
7657,99,True,False,True,False,False,False,False,False,False,False,False,False,False,False,Mercredi-02-04h,NON,Mercredi,2020-03-25 02:00
7658,181,False,False,False,False,True,True,False,False,False,False,False,False,False,False,Mercredi-02-04h,OUI,Mercredi,2020-03-25 02:00
7659,111,False,False,False,False,False,True,False,True,False,False,False,False,False,False,Mercredi-02-04h,OUI,Mercredi,2020-03-25 02:00
7660,44,False,True,False,False,False,True,False,False,False,False,False,False,False,False,Mercredi-02-04h,NON,Mercredi,2020-03-25 02:00
7661,24,False,False,False,False,True,False,False,True,False,False,False,False,False,False,Mercredi-02-04h,NON,Mercredi,2020-03-25 02:00
7662,102,False,False,False,False,True,True,False,True,False,False,False,False,False,False,Mercredi-02-04h,OUI,Mercredi,2020-03-25 02:00
7663,203,True,True,False,False,False,False,False,True,False,False,False,False,False,False,Mercredi-02-04h,NON,Mercredi,2020-03-25 02:00
7664,140,False,False,False,False,True,True,False,True,False,False,False,False,False,False,Mercredi-02-04h,NON,Mercredi,2020-03-25 02:00
7665,188,False,False,False,False,False,True,False,False,True,False,False,False,False,False,Mercredi-02-04h,NON,Mercredi,2020-03-25 02:00
7666,206,False,False,False,True,False,False,False,False,False,False,True,False,False,False,Mercredi-02-04h,NON,Mercredi,2020-03-25 02:00
7667,273,False,False,False,False,False,False,False,False,False,False,False,True,False,False,Mercredi-02-04h,NON,Mercredi,2020-03-25 02:00
7668,69,True,False,True,False,False,False,False,False,False,False,False,False,False,False,Mercredi-02-04h,NON,Mercredi,2020-03-25 02:00
7669,87,True,False,False,True,False,False,False,False,False,False,True,False,False,False,Mercredi-02-04h,OUI,Mercredi,2020-03-25 02:00
7670,83,True,False,True,False,False,False,False,False,False,False,False,False,False,False,Mercredi-02-04h,NON,Mercredi,2020-03-25 02:00
7671,149,True,False,True,True,False,False,False,False,False,False,False,False,False,False,Mercredi-02-04h,NON,Mercredi,2020-03-25 02:00
7672,274,False,False,False,False,False,True,False,False,False,False,False,False,False,False,Mercredi-02-04h,NON,Mercredi,2020-03-25 02:00
7673,282,True,False,True,True,False,False,False,False,False,False,False,False,False,False,Mercredi-02-04h,OUI,Mercredi,2020-03-25 02:00
7674,147,False,False,False,False,False,False,False,False,False,False,False,False,False,False,Mercredi-02-04h,NON,Mercredi,2020-03-25 02:00
7675,238,False,False,False,False,False,False,False,False,False,False,False,True,False,False,Mercredi-02-04h,NON,Mercredi,2020-03-25 02:00
7676,201,False,False,False,False,False,False,False,False,False,False,False,False,False,False,Mercredi-02-04h,NON,Mercredi,2020-03-25 02:00
7677,152,False,True,False,False,False,False,False,False,False,False,False,False,False,False,Mercredi-02-04h,NON,Mercredi,2020-03-25 02:00
7678,222,False,False,False,False,False,True,False,False,True,True,False,False,False,False,Mercredi-02-04h,NON,Mercredi,2020-03-25 02:00
7679,106,False,False,False,False,False,True,False,False,False,False,False,True,False,False,Mercredi-02-04h,NON,Mercredi,2020-03-25 02:00
7680,133,False,False,True,False,True,False,False,False,False,False,False,False,False,False,Mercredi-02-04h,NON,Mercredi,2020-03-25 02:00
7681,163,False,False,False,False,True,False,False,False,False,False,False,False,False,False,Mercredi-02-04h,NON,Mercredi,2020-03-25 02:00
7682,231,False,False,False,False,False,False,False,False,False,False,False,False,False,False,Mercredi-02-04h,NON,Mercredi,2020-03-25 02:00
7683,25,False,False,False,False,True,False,False,False,False,False,False,False,False,False,Mercredi-02-04h,NON,Mercredi,2020-03-25 02:00
7684,196,False,False,True,False,True,False,False,True,False,False,False,False,False,False,Mercredi-02-04h,OUI,Mercredi,2020-03-25 02:00
7685,5,False,False,False,False,True,True,False,False,False,False,False,False,False,False,Mercredi-02-04h,NON,Mercredi,2020-03-25 02:00
7686,90,False,True,False,False,False,False,False,False,False,False,False,False,False,False,Mercredi-02-04h,NON,Mercredi,2020-03-25 02:00
7687,244,True,False,True,False,False,False,False,False,False,False,False,False,False,False,Mercredi-02-04h,OUI,Mercredi,2020-03-25 02:00
7688,107,False,True,False,False,False,True,False,False,False,False,False,False,False,False,Mercredi-02-04h,OUI,Mercredi,2020-03-25 02:00
7689,218,False,True,False,False,True,True,False,False,False,False,False,False,False,False,Mercredi-02-04h,OUI,Mercredi,2020-03-25 02:00
7690,62,False,True,True,False,True,True,False,False,False,False,False,False,False,False,Mercredi-02-04h,NON,Mercredi,2020-03-25 02:00
7691,79,False,True,False,False,False,False,False,False,False,False,False,False,False,False,Mercredi-02-04h,NON,Mercredi,2020-03-25 02:00
7692,208,False,False,False,False,False,True,False,False,False,False,False,False,False,False,Mercredi-02-04h,NON,Mercredi,2020-03-25 02:00
7693,270,False,False,False,False,False,False,False,False,True,False,False,False,False,False,Mercredi-02-04h,NON,Mercredi,2020-03-25 02:00
7694,166,True,False,False,False,True,True,False,False,False,False,False,False,False,False,Mercredi-02-04h,OUI,Mercredi,2020-03-25 02:00
7695,77,False,False,True,False,True,False,False,False,False,False,False,False,False,False,Mercredi-02-04h,NON,Mercredi,2020-03-25 02:00
7696,29,False,False,False,False,False,True,False,False,False,False,False,True,False,False,Mercredi-02-04h,OUI,Mercredi,2020-03-25 02:00
7697,240,False,False,False,False,False,True,False,False,False,False,False,False,False,False,Mercredi-02-04h,NON,Mercredi,2020-03-25 02:00
7698,184,False,True,False,False,False,False,False,False,False,False,False,False,False,False,Mercredi-02-04h,OUI,Mercredi,2020-03-25 02:00
7699,277,False,True,True,False,False,True,False,False,False,False,False,False,False,False,Mercredi-02-04h,NON,Mercredi,2020-03-25 02:00
7700,80,True,False,False,False,False,True,False,False,False,True,False,False,False,False,Mercredi-02-04h,NON,Mercredi,2020-03-25 02:00
7701,185,True,True,True,False,False,True,False,False,False,False,True,False,True,False,Mercredi-02-04h,NON,Mercredi,2020-03-25 02:00
7702,204,False,False,False,False,True,True,False,False,False,False,False,True,False,False,Mercredi-02-04h,OUI,Mercredi,2020-03-25 02:00
7703,252,True,True,True,False,False,True,False,False,False,False,False,False,False,False,Mercredi-02-04h,NON,Mercredi,2020-03-25 02:00
7704,26,False,False,False,False,True,False,False,False,False,False,False,False,False,False,Mercredi-02-04h,NON,Mercredi,2020-03-25 02:00
7705,70,False,False,False,False,True,False,False,False,False,False,False,True,False,False,Mercredi-02-04h,OUI,Mercredi,2020-03-25 02:00
7706,233,False,False,False,False,True,False,False,False,False,False,False,False,False,False,Mercredi-02-04h,NON,Mercredi,2020-03-25 02:00
7707,37,True,True,True,False,True,True,False,False,False,False,False,False,False,False,Mercredi-02-04h,NON,Mercredi,2020-03-25 02:00
7708,185,False,False,True,False,False,False,False,False,False,False,False,False,False,False,Mercredi-02-04h,OUI,Mercredi,2020-03-25 02:00
7709,138,True,False,False,False,True,True,False,False,False,False,False,False,False,False,Mercredi-02-04h,NON,Mercredi,2020-03-25 02:00
7710,224,True,False,True,False,False,False,False,False,False,False,False,False,False,False,Mercredi-02-04h,NON,Mercredi,2020-03-25 02:00
7711,66,False,False,False,False,True,True,False,False,False,False,False,False,True,False,Mercredi-02-04h,OUI,Mercredi,2020-03-25 02:00
7712,211,False,False,True,False,False,False,False,False,False,False,False,False,True,False,Mercredi-02-04h,NON,Mercredi,2020-03-25 02:00
7713,14,False,False,False,False,True,True,False,False,False,False,False,False,False,False,Mercredi-02-04h,NON,Mercredi,2020-03-25 02:00
7714,145,False,False,False,False,True,False,False,False,False,False,False,False,False,False,Mercredi-02-04h,NON,Mercredi,2020-03-25 02:00
7715,36,False,False,False,False,False,False,False,False,False,False,False,True,False,False,Mercredi-02-04h,OUI,Mercredi,2020-03-25 02:00
7716,60,True,True,True,False,False,True,False,False,False,False,False,False,False,False,Mercredi-02-04h,NON,Mercredi,2020-03-25 02:00
7717,137,True,True,True,False,False,True,False,False,False,False,True,False,False,False,Mercredi-02-04h,OUI,Mercredi,2020-03-25 02:00
7718,285,False,True,False,False,True,True,False,False,False,False,False,False,False,False,Mercredi-02-04h,NON,Mercredi,2020-03-25 02:00
7719,40,False,True,True,False,True,True,False,False,False,False,False,False,False,False,Mercredi-02-04h,OUI,Mercredi,2020-03-25 02:00
7720,97,False,False,False,False,False,True,False,False,False,False,False,False,False,False,Mercredi-02-04h,OUI,Mercredi,2020-03-25 02:00
7721,109,True,False,True,True,False,False,False,False,False,False,False,False,False,False,Mercredi-02-04h,NON,Mercredi,2020-03-25 02:00
7722,10,False,False,False,False,False,False,False,False,False,False,False,False,False,False,Mercredi-02-04h,NON,Mercredi,2020-03-25 02:00
7723,256,False,False,False,False,False,False,False,False,False,False,False,True,False,False,Mercredi-02-04h,NON,Mercredi,2020-03-25 02:00
7724,141,True,True,True,False,False,False,False,False,False,False,True,False,False,False,Mercredi-02-04h,NON,Mercredi,2020-03-25 02:00
7725,28,False,False,False,False,False,False,False,False,False,False,False,False,False,False,Mercredi-02-04h,NON,Mercredi,2020-03-25 02:00
7726,101,True,True,True,True,True,True,False,False,False,False,False,False,False,False,Mercredi-02-04h,OUI,Mercredi,2020-03-25 02:00
7727,48,True,False,True,False,True,False,False,False,False,False,False,False,True,False,Mercredi-02-04h,OUI,Mercredi,2020-03-25 02:00
7728,27,False,False,False,False,False,True,False,False,False,False,False,False,False,False,Mercredi-02-04h,NON,Mercredi,2020-03-25 02:00
7729,142,True,False,True,False,False,False,False,False,False,False,True,False,True,False,Mercredi-02-04h,NON,Mercredi,2020-03-25 02:00
7730,234,False,False,True,False,False,False,False,False,False,False,True,False,False,False,Mercredi-02-04h,NON,Mercredi,2020-03-25 02:00
7731,23,False,False,False,False,True,False,False,False,False,False,False,False,False,False,Mercredi-02-04h,NON,Mercredi,2020-03-25 02:00
7732,195,False,False,False,False,True,False,False,False,True,False,False,False,False,False,Mercredi-02-04h,NON,Mercredi,2020-03-25 02:00
7733,275,False,False,False,False,False,False,False,False,False,False,False,True,False,False,Mercredi-02-04h,NON,Mercredi,2020-03-25 02:00
7734,226,False,False,False,False,True,True,False,False,False,False,False,False,False,False,Mercredi-02-04h,NON,Mercredi,2020-03-25 02:00
7735,207,False,False,True,False,False,False,False,False,False,False,False,False,False,False,Mercredi-02-04h,NON,Mercredi,2020-03-25 02:00
7736,57,False,False,False,False,False,False,False,False,False,False,False,False,False,False,Mercredi-02-04h,NON,Mercredi,2020-03-25 02:00
7737,4,False,True,False,False,False,True,False,False,False,False,False,False,False,False,Mercredi-02-04h,NON,Mercredi,2020-03-25 02:00
7738,265,False,False,False,False,False,True,False,False,False,False,False,False,False,False,Mercredi-02-04h,NON,Mercredi,2020-03-25 02:00
7739,88,False,True,False,False,False,False,False,False,False,False,False,False,False,False,Mercredi-02-04h,NON,Mercredi,2020-03-25 02:00
7740,198,False,False,False,False,False,False,False,False,False,False,True,False,False,False,Mercredi-02-04h,NON,Mercredi,2020-03-25 02:00
7741,249,True,True,True,False,False,False,False,False,False,False,False,False,False,False,Mercredi-02-04h,NON,Mercredi,2020-03-25 02:00
7742,263,False,False,False,False,True,True,False,False,False,False,False,False,False,False,Mercredi-02-04h,NON,Mercredi,2020-03-25 02:00
7743,217,True,False,True,False,False,False,False,False,False,False,False,False,True,False,Mercredi-02-04h,NON,Mercredi,2020-03-25 02:00
7744,278,False,False,False,False,True,True,False,False,False,False,False,False,False,False,Mercredi-02-04h,NON,Mercredi,2020-03-25 02:00
7745,189,False,True,False,False,False,False,False,False,False,False,False,False,False,False,Mercredi-02-04h,NON,Mercredi,2020-03-25 02:00
7746,61,True,False,True,False,False,False,False,False,False,False,False,False,False,False,Mercredi-02-04h,NON,Mercredi,2020-03-25 02:00
7747,251,False,False,False,False,False,False,False,False,False,False,False,False,True,False,Mercredi-02-04h,NON,Mercredi,2020-03-25 02:00
7748,281,False,True,False,False,False,False,False,False,False,False,False,False,False,False,Mercredi-02-04h,NON,Mercredi,2020-03-25 02:00
7749,134,False,True,False,False,False,False,False,False,False,False,False,False,False,False,Mercredi-02-04h,OUI,Mercredi,2020-03-25 02:00
7750,293,False,True,False,False,False,True,False,False,False,False,False,False,False,False,Mercredi-02-04h,NON,Mercredi,2020-03-25 02:00
7751,279,True,True,True,True,False,True,False,False,False,False,False,False,False,False,Mercredi-02-04h,OUI,Mercredi,2020-03-25 02:00
7752,81,True,False,True,True,False,False,False,True,False,False,False,False,False,False,Mercredi-02-04h,NON,Mercredi,2020-03-25 02:00
7753,92,True,False,False,True,False,False,False,False,False,False,True,False,False,False,Mercredi-02-04h,NON,Mercredi,2020-03-25 02:00
7754,147,False,False,False,False,False,False,False,False,False,False,False,False,False,False,Mercredi-02-04h,NON,Mercredi,2020-03-25 02:00
7755,33,False,True,False,False,True,False,False,False,False,False,False,False,False,False,Mercredi-02-04h,NON,Mercredi,2020-03-25 02:00
7756,266,False,False,False,False,False,False,False,False,False,False,False,False,False,False,Mercredi-02-04h,NON,Mercredi,2020-03-25 02:00
7757,225,True,False,False,False,False,True,False,False,False,False,False,False,False,False,Mercredi-02-04h,NON,Mercredi,2020-03-25 02:00
7758,83,True,False,True,False,False,False,False,False,False,False,False,False,False,False,Mercredi-02-04h,NON,Mercredi,2020-03-25 02:00
7759,95,False,False,False,False,True,True,False,True,False,False,False,False,False,False,Mercredi-02-04h,NON,Mercredi,2020-03-25 02:00
7760,127,False,False,False,False,True,False,False,False,False,False,False,False,False,False,Mercredi-02-04h,NON,Mercredi,2020-03-25 02:00
7761,20,False,False,False,False,False,False,False,False,False,False,False,False,False,False,Mercredi-02-04h,NON,Mercredi,2020-03-25 02:00
7762,89,False,False,False,False,False,False,False,False,True,False,False,False,False,False,Mercredi-02-04h,OUI,Mercredi,2020-03-25 02:00
7763,120,False,True,True,False,True,True,False,True,False,False,True,False,False,False,Mercredi-02-04h,NON,Mercredi,2020-03-25 02:00
7764,253,False,False,False,False,True,True,False,False,False,False,False,True,False,False,Mercredi-02-04h,NON,Mercredi,2020-03-25 02:00
7765,52,False,False,True,False,False,False,False,False,False,False,False,False,False,False,Mercredi-02-04h,OUI,Mercredi,2020-03-25 02:00
7766,168,True,False,True,False,False,False,False,True,False,False,False,False,False,False,Mercredi-02-04h,NON,Mercredi,2020-03-25 02:00
7767,202,False,True,False,False,False,False,False,False,False,False,False,False,False,False,Mercredi-02-04h,NON,Mercredi,2020-03-25 02:00
7768,172,False,False,False,False,True,False,False,False,False,False,False,False,False,False,Mercredi-02-04h,NON,Mercredi,2020-03-25 02:00
7769,239,False,False,False,False,True,True,False,False,False,False,False,False,False,False,Mercredi-02-04h,NON,Mercredi,2020-03-25 02:00
7770,85,False,False,False,False,True,False,False,False,False,False,False,False,False,False,Mercredi-02-04h,NON,Mercredi,2020-03-25 02:00
7771,215,False,False,False,False,False,False,False,False,True,False,False,False,False,False,Mercredi-02-04h,NON,Mercredi,2020-03-25 02:00
7772,260,True,False,True,False,False,False,False,False,False,False,False,False,False,False,Mercredi-02-04h,NON,Mercredi,2020-03-25 02:00
7773,286,True,True,False,False,True,False,False,False,False,False,False,False,False,False,Mercredi-02-04h,NON,Mercredi,2020-03-25 02:00
7774,72,False,True,False,False,False,False,False,False,False,False,False,False,False,False,Mercredi-04-06h,NON,Mercredi,2020-03-25 04:00
7775,167,True,True,True,True,True,True,False,False,False,False,False,False,False,False,Mercredi-04-06h,OUI,Mercredi,2020-03-25 04:00
7776,130,True,False,True,False,False,False,False,True,False,False,False,False,True,True,Mercredi-04-06h,OUI,Mercredi,2020-03-25 04:00
7777,288,True,True,True,False,True,False,False,False,False,False,False,False,False,False,Mercredi-04-06h,NON,Mercredi,2020-03-25 04:00
7778,59,False,False,False,False,False,True,False,False,False,False,False,False,False,False,Mercredi-04-06h,NON,Mercredi,2020-03-25 04:00
7779,178,True,False,False,False,False,False,False,False,False,False,True,False,False,False,Mercredi-04-06h,OUI,Mercredi,2020-03-25 04:00
7780,254,False,False,False,False,False,False,False,False,False,False,False,True,False,False,Mercredi-04-06h,NON,Mercredi,2020-03-25 04:00
7781,34,False,False,False,False,False,False,False,False,False,False,False,False,False,False,Mercredi-04-06h,NON,Mercredi,2020-03-25 04:00
7782,264,False,False,False,False,True,True,True,False,False,False,False,False,False,False,Mercredi-04-06h,NON,Mercredi,2020-03-25 04:00
7783,158,True,False,False,False,True,False,False,False,False,True,False,False,False,False,Mercredi-04-06h,NON,Mercredi,2020-03-25 04:00
7784,210,False,True,False,False,True,True,False,False,False,False,False,False,False,False,Mercredi-04-06h,NON,Mercredi,2020-03-25 04:00
7785,93,False,False,False,False,True,False,False,False,False,False,False,False,True,False,Mercredi-04-06h,OUI,Mercredi,2020-03-25 04:00
7786,144,True,False,True,False,True,False,False,False,False,False,False,False,False,False,Mercredi-04-06h,OUI,Mercredi,2020-03-25 04:00
7787,164,False,True,False,False,True,True,False,False,False,False,False,False,False,False,Mercredi-04-06h,OUI,Mercredi,2020-03-25 04:00
7788,289,False,False,False,False,True,True,False,False,False,False,False,False,False,False,Mercredi-04-06h,NON,Mercredi,2020-03-25 04:00
7789,50,False,False,False,False,False,False,False,False,False,False,False,False,False,False,Mercredi-04-06h,NON,Mercredi,2020-03-25 04:00
7790,51,True,True,False,False,True,False,False,False,False,False,False,False,False,False,Mercredi-04-06h,OUI,Mercredi,2020-03-25 04:00
7791,247,False,False,True,False,False,False,False,False,False,False,False,False,False,False,Mercredi-04-06h,NON,Mercredi,2020-03-25 04:00
7792,159,False,False,False,False,False,False,False,True,False,False,False,False,False,False,Mercredi-04-06h,NON,Mercredi,2020-03-25 04:00
7793,54,False,False,False,False,False,True,False,False,False,False,False,False,False,False,Mercredi-04-06h,NON,Mercredi,2020-03-25 04:00
7794,55,True,False,False,False,True,True,False,True,False,False,False,False,False,False,Mercredi-04-06h,OUI,Mercredi,2020-03-25 04:00
7795,257,False,False,False,False,True,False,False,False,False,False,False,False,False,False,Mercredi-04-06h,NON,Mercredi,2020-03-25 04:00
7796,67,False,False,False,False,False,False,False,False,False,False,False,False,False,False,Mercredi-04-06h,NON,Mercredi,2020-03-25 04:00
7797,71,True,False,True,False,False,False,False,False,False,False,False,False,False,False,Mercredi-04-06h,OUI,Mercredi,2020-03-25 04:00
7798,280,False,False,False,False,False,True,False,False,False,False,False,False,False,False,Mercredi-04-06h,OUI,Mercredi,2020-03-25 04:00
7799,283,True,True,False,False,False,False,False,False,False,False,False,False,False,False,Mercredi-04-06h,OUI,Mercredi,2020-03-25 04:00
7800,154,False,False,False,False,True,True,False,False,False,False,False,True,False,False,Mercredi-04-06h,NON,Mercredi,2020-03-25 04:00
7801,171,False,False,False,False,False,False,False,False,False,False,False,True,False,False,Mercredi-04-06h,NON,Mercredi,2020-03-25 04:00
7802,131,False,False,True,False,False,False,False,False,False,False,False,False,False,False,Mercredi-04-06h,NON,Mercredi,2020-03-25 04:00
7803,237,True,False,False,False,False,True,True,False,False,False,False,False,True,False,Mercredi-04-06h,OUI,Mercredi,2020-03-25 04:00
7804,75,False,False,False,False,True,True,False,False,False,False,False,False,False,False,Mercredi-04-06h,NON,Mercredi,2020-03-25 04:00
7805,235,True,False,False,False,True,False,False,False,False,False,False,False,False,False,Mercredi-04-06h,NON,Mercredi,2020-03-25 04:00
7806,180,False,False,False,False,True,True,False,False,False,False,False,False,False,False,Mercredi-04-06h,OUI,Mercredi,2020-03-25 04:00
7807,219,False,False,False,False,False,True,False,False,False,False,False,False,False,False,Mercredi-04-06h,NON,Mercredi,2020-03-25 04:00
7808,250,False,False,False,False,False,False,False,False,True,False,False,False,False,False,Mercredi-04-06h,NON,Mercredi,2020-03-25 04:00
7809,267,True,True,False,False,False,False,False,False,False,False,False,False,False,False,Mercredi-04-06h,NON,Mercredi,2020-03-25 04:00
7810,160,False,True,False,False,False,True,False,False,False,False,False,False,False,False,Mercredi-04-06h,NON,Mercredi,2020-03-25 04:00
7811,182,False,True,False,False,True,True,True,False,False,False,False,False,False,False,Mercredi-04-06h,NON,Mercredi,2020-03-25 04:00
7812,143,False,False,False,False,False,False,False,True,False,False,True,False,False,False,Mercredi-04-06h,OUI,Mercredi,2020-03-25 04:00
7813,223,True,True,False,False,False,False,False,False,False,False,False,False,False,False,Mercredi-04-06h,NON,Mercredi,2020-03-25 04:00
7814,192,True,False,True,False,False,False,False,False,False,False,False,False,False,False,Mercredi-04-06h,OUI,Mercredi,2020-03-25 04:00
7815,30,False,False,True,False,False,False,False,True,False,False,False,False,False,False,Mercredi-04-06h,NON,Mercredi,2020-03-25 04:00
7816,125,True,False,False,False,True,False,False,True,False,False,False,False,False,False,Mercredi-04-06h,NON,Mercredi,2020-03-25 04:00
7817,39,False,False,True,False,True,False,False,True,False,False,False,False,False,False,Mercredi-04-06h,NON,Mercredi,2020-03-25 04:00
7818,113,True,False,True,False,False,False,False,False,False,False,False,False,False,False,Mercredi-04-06h,NON,Mercredi,2020-03-25 04:00
7819,121,True,False,True,False,False,False,False,True,False,False,False,False,False,False,Mercredi-04-06h,NON,Mercredi,2020-03-25 04:00
7820,228,False,False,False,False,False,False,False,False,False,False,True,False,False,False,Mercredi-04-06h,OUI,Mercredi,2020-03-25 04:00
7821,290,False,False,False,False,False,False,False,False,True,False,False,False,False,False,Mercredi-04-06h,NON,Mercredi,2020-03-25 04:00
7822,197,False,False,True,False,True,False,False,False,False,False,False,False,False,False,Mercredi-04-06h,NON,Mercredi,2020-03-25 04:00
7823,31,True,True,True,False,False,True,False,False,False,False,False,False,False,False,Mercredi-04-06h,OUI,Mercredi,2020-03-25 04:00
7824,173,True,False,False,False,True,True,False,True,False,False,False,False,False,False,Mercredi-04-06h,NON,Mercredi,2020-03-25 04:00
7825,74,True,False,False,True,False,False,False,True,False,False,True,False,False,False,Mercredi-04-06h,OUI,Mercredi,2020-03-25 04:00
7826,15,False,False,True,False,False,False,False,False,False,False,False,False,False,False,Mercredi-04-06h,NON,Mercredi,2020-03-25 04:00
7827,45,True,False,False,False,True,True,False,True,False,False,False,False,False,False,Mercredi-04-06h,NON,Mercredi,2020-03-25 04:00
7828,63,False,False,True,False,False,False,False,False,False,False,False,False,False,False,Mercredi-04-06h,NON,Mercredi,2020-03-25 04:00
7829,3,False,False,False,False,False,True,False,False,False,False,False,True,False,False,Mercredi-04-06h,OUI,Mercredi,2020-03-25 04:00
7830,21,True,False,True,False,False,False,False,False,False,False,False,False,False,False,Mercredi-04-06h,NON,Mercredi,2020-03-25 04:00
7831,78,False,True,True,False,True,True,False,True,False,False,False,False,False,False,Mercredi-04-06h,NON,Mercredi,2020-03-25 04:00
7832,47,False,True,False,False,False,False,False,False,False,False,False,False,False,False,Mercredi-04-06h,NON,Mercredi,2020-03-25 04:00
7833,151,True,True,False,False,True,False,False,True,False,False,False,False,False,False,Mercredi-04-06h,NON,Mercredi,2020-03-25 04:00
7834,6,True,False,True,False,False,False,False,False,False,False,False,False,False,False,Mercredi-04-06h,OUI,Mercredi,2020-03-25 04:00
7835,135,True,False,True,False,False,False,False,False,False,False,False,False,True,False,Mercredi-04-06h,OUI,Mercredi,2020-03-25 04:00
7836,221,False,False,False,False,True,True,False,False,False,False,False,False,False,False,Mercredi-04-06h,NON,Mercredi,2020-03-25 04:00
7837,170,False,False,True,False,False,False,False,False,False,False,True,False,False,True,Mercredi-04-06h,OUI,Mercredi,2020-03-25 04:00
7838,129,False,True,False,False,False,False,False,False,False,False,False,False,False,False,Mercredi-04-06h,OUI,Mercredi,2020-03-25 04:00
7839,132,True,True,True,False,False,True,False,False,False,False,False,False,False,False,Mercredi-04-06h,OUI,Mercredi,2020-03-25 04:00
7840,110,False,True,False,False,False,False,False,False,False,False,False,False,False,False,Mercredi-04-06h,OUI,Mercredi,2020-03-25 04:00
7841,191,False,False,False,False,False,True,False,False,False,False,False,False,False,False,Mercredi-04-06h,OUI,Mercredi,2020-03-25 04:00
7842,94,True,True,True,False,False,True,False,False,False,False,True,False,True,False,Mercredi-04-06h,NON,Mercredi,2020-03-25 04:00
7843,108,False,False,False,False,False,True,True,False,False,False,False,False,False,False,Mercredi-04-06h,OUI,Mercredi,2020-03-25 04:00
7844,236,False,False,False,False,True,True,False,False,False,False,False,False,False,False,Mercredi-04-06h,OUI,Mercredi,2020-03-25 04:00
7845,42,True,False,True,False,True,False,False,False,False,False,False,False,False,False,Mercredi-04-06h,NON,Mercredi,2020-03-25 04:00
7846,155,True,False,False,False,True,False,False,False,False,False,False,False,False,False,Mercredi-04-06h,NON,Mercredi,2020-03-25 04:00
7847,1,False,False,False,False,False,False,False,False,False,False,False,False,False,False,Mercredi-04-06h,NON,Mercredi,2020-03-25 04:00
7848,58,False,True,True,False,False,True,False,False,False,False,True,False,False,False,Mercredi-04-06h,OUI,Mercredi,2020-03-25 04:00
7849,0,False,True,False,False,False,False,False,False,False,False,False,False,False,False,Mercredi-04-06h,OUI,Mercredi,2020-03-25 04:00
7850,269,False,False,False,False,False,False,False,False,False,False,False,False,False,False,Mercredi-04-06h,NON,Mercredi,2020-03-25 04:00
7851,2,True,False,True,False,False,False,False,False,False,False,False,False,False,False,Mercredi-04-06h,NON,Mercredi,2020-03-25 04:00
7852,103,False,False,False,False,True,False,False,False,False,False,False,False,False,False,Mercredi-04-06h,NON,Mercredi,2020-03-25 04:00
7853,12,False,True,False,False,True,False,False,False,False,False,False,False,False,False,Mercredi-04-06h,OUI,Mercredi,2020-03-25 04:00
7854,245,True,False,False,False,True,True,False,True,False,False,False,False,False,False,Mercredi-04-06h,NON,Mercredi,2020-03-25 04:00
7855,161,False,False,True,False,False,False,False,False,False,False,True,False,False,False,Mercredi-04-06h,NON,Mercredi,2020-03-25 04:00
7856,38,False,False,False,False,False,False,False,False,True,False,False,False,False,False,Mercredi-04-06h,NON,Mercredi,2020-03-25 04:00
7857,122,False,False,False,False,False,False,False,False,False,False,False,False,False,False,Mercredi-04-06h,NON,Mercredi,2020-03-25 04:00
7858,248,False,False,True,False,False,False,False,False,False,False,False,False,True,False,Mercredi-04-06h,NON,Mercredi,2020-03-25 04:00
7859,271,False,True,True,False,False,True,False,False,False,False,False,False,False,False,Mercredi-04-06h,OUI,Mercredi,2020-03-25 04:00
7860,116,False,False,True,False,False,False,False,False,False,False,False,False,False,False,Mercredi-04-06h,OUI,Mercredi,2020-03-25 04:00
7861,117,True,True,True,True,False,True,False,False,False,False,False,False,False,False,Mercredi-04-06h,NON,Mercredi,2020-03-25 04:00
7862,213,False,False,False,False,True,True,False,True,False,False,False,False,False,False,Mercredi-04-06h,NON,Mercredi,2020-03-25 04:00
7863,220,False,True,True,False,False,True,False,False,False,False,False,False,False,False,Mercredi-04-06h,OUI,Mercredi,2020-03-25 04:00
7864,176,False,False,True,False,False,False,False,False,False,False,False,False,False,False,Mercredi-04-06h,NON,Mercredi,2020-03-25 04:00
7865,96,False,False,False,False,True,True,False,False,False,True,False,False,False,False,Mercredi-04-06h,NON,Mercredi,2020-03-25 04:00
7866,214,False,False,False,False,True,True,False,False,False,True,False,False,False,False,Mercredi-04-06h,OUI,Mercredi,2020-03-25 04:00
7867,11,True,False,False,True,False,False,False,False,False,False,True,False,False,False,Mercredi-04-06h,NON,Mercredi,2020-03-25 04:00
7868,255,True,False,True,False,False,False,False,True,False,False,False,False,False,False,Mercredi-04-06h,OUI,Mercredi,2020-03-25 04:00
7869,86,False,False,True,False,False,False,False,False,False,False,False,False,False,False,Mercredi-04-06h,OUI,Mercredi,2020-03-25 04:00
7870,209,True,False,False,False,True,True,False,True,False,False,False,False,False,False,Mercredi-04-06h,OUI,Mercredi,2020-03-25 04:00
7871,291,False,False,False,False,False,True,False,False,True,False,False,False,False,False,Mercredi-04-06h,OUI,Mercredi,2020-03-25 04:00
7872,287,False,False,False,False,False,False,False,False,False,False,False,True,False,False,Mercredi-04-06h,NON,Mercredi,2020-03-25 04:00
7873,104,False,False,False,False,True,True,False,False,False,False,False,False,False,False,Mercredi-04-06h,NON,Mercredi,2020-03-25 04:00
7874,18,False,False,False,False,True,False,False,False,False,False,False,False,False,False,Mercredi-04-06h,OUI,Mercredi,2020-03-25 04:00
7875,123,False,True,False,False,True,True,False,False,False,False,False,False,False,False,Mercredi-04-06h,NON,Mercredi,2020-03-25 04:00
7876,136,False,False,False,False,True,False,False,False,False,False,False,False,False,False,Mercredi-04-06h,NON,Mercredi,2020-03-25 04:00
7877,276,True,False,True,False,False,False,False,False,False,False,False,False,False,False,Mercredi-04-06h,NON,Mercredi,2020-03-25 04:00
7878,53,False,False,False,False,True,True,False,False,False,False,False,False,False,False,Mercredi-04-06h,OUI,Mercredi,2020-03-25 04:00
7879,179,True,False,True,False,False,False,False,False,False,False,False,False,False,False,Mercredi-04-06h,OUI,Mercredi,2020-03-25 04:00
7880,200,False,False,False,False,False,False,False,False,False,False,False,False,False,False,Mercredi-04-06h,NON,Mercredi,2020-03-25 04:00
7881,73,False,False,False,False,False,False,False,False,False,False,False,False,False,False,Mercredi-04-06h,NON,Mercredi,2020-03-25 04:00
7882,156,False,False,False,False,True,True,False,False,False,False,False,False,False,False,Mercredi-04-06h,NON,Mercredi,2020-03-25 04:00
7883,128,True,True,True,False,False,True,False,False,False,False,False,False,False,False,Mercredi-04-06h,NON,Mercredi,2020-03-25 04:00
7884,118,False,False,False,False,False,False,False,False,False,False,False,False,False,False,Mercredi-04-06h,NON,Mercredi,2020-03-25 04:00
7885,112,True,False,True,False,False,False,False,False,False,False,False,False,False,False,Mercredi-04-06h,OUI,Mercredi,2020-03-25 04:00
7886,35,False,False,False,False,True,True,False,False,False,False,False,False,False,False,Mercredi-04-06h,NON,Mercredi,2020-03-25 04:00
7887,32,False,False,False,False,False,False,False,False,False,False,False,True,False,False,Mercredi-04-06h,NON,Mercredi,2020-03-25 04:00
7888,199,True,False,True,False,False,False,False,False,False,False,False,False,False,False,Mercredi-04-06h,NON,Mercredi,2020-03-25 04:00
7889,153,True,False,False,False,True,True,False,False,False,False,False,False,False,False,Mercredi-04-06h,NON,Mercredi,2020-03-25 04:00
7890,82,False,False,True,False,False,False,False,False,False,False,False,False,False,False,Mercredi-04-06h,OUI,Mercredi,2020-03-25 04:00
7891,292,False,True,False,False,False,False,False,False,False,False,False,False,False,False,Mercredi-04-06h,OUI,Mercredi,2020-03-25 04:00
7892,169,False,False,False,True,False,False,False,False,False,False,False,False,False,False,Mercredi-04-06h,NON,Mercredi,2020-03-25 04:00
7893,16,False,False,False,False,True,True,False,False,False,False,False,False,False,False,Mercredi-04-06h,OUI,Mercredi,2020-03-25 04:00
7894,46,True,True,True,False,False,True,True,False,False,False,False,False,False,False,Mercredi-04-06h,NON,Mercredi,2020-03-25 04:00
7895,216,False,True,False,False,False,True,False,False,False,False,False,False,False,False,Mercredi-04-06h,OUI,Mercredi,2020-03-25 04:00
7896,174,False,True,True,False,False,True,False,False,False,False,True,False,False,False,Mercredi-04-06h,NON,Mercredi,2020-03-25 04:00
7897,43,False,False,False,False,True,False,False,False,False,False,False,False,False,False,Mercredi-04-06h,NON,Mercredi,2020-03-25 04:00
7898,165,False,False,False,False,True,True,False,False,False,False,False,False,False,False,Mercredi-04-06h,NON,Mercredi,2020-03-25 04:00
7899,126,False,True,False,False,False,True,False,False,False,False,False,False,False,False,Mercredi-04-06h,NON,Mercredi,2020-03-25 04:00
7900,41,False,False,False,False,False,True,False,False,True,False,False,False,False,False,Mercredi-04-06h,NON,Mercredi,2020-03-25 04:00
7901,157,False,False,True,False,False,False,False,False,False,False,False,False,False,False,Mercredi-04-06h,NON,Mercredi,2020-03-25 04:00
7902,272,False,True,True,False,False,False,True,False,False,False,True,False,True,True,Mercredi-04-06h,OUI,Mercredi,2020-03-25 04:00
7903,115,True,False,True,False,False,False,False,False,False,False,False,False,False,False,Mercredi-04-06h,NON,Mercredi,2020-03-25 04:00
7904,84,False,False,False,False,False,False,False,False,False,False,False,True,False,False,Mercredi-04-06h,NON,Mercredi,2020-03-25 04:00
7905,183,True,True,True,True,False,False,False,False,False,False,False,False,False,False,Mercredi-04-06h,OUI,Mercredi,2020-03-25 04:00
7906,65,True,True,False,False,False,True,False,False,False,False,False,False,False,False,Mercredi-04-06h,OUI,Mercredi,2020-03-25 04:00
7907,105,True,False,False,False,False,False,False,False,False,False,False,False,False,False,Mercredi-04-06h,OUI,Mercredi,2020-03-25 04:00
7908,187,True,False,False,False,False,True,False,False,False,False,False,False,False,False,Mercredi-04-06h,NON,Mercredi,2020-03-25 04:00
7909,139,True,False,True,False,False,False,False,False,False,False,False,False,False,False,Mercredi-04-06h,NON,Mercredi,2020-03-25 04:00
7910,259,False,False,False,False,True,True,False,False,False,False,False,False,False,False,Mercredi-04-06h,OUI,Mercredi,2020-03-25 04:00
7911,124,True,False,True,False,False,False,False,False,False,False,True,False,False,False,Mercredi-04-06h,OUI,Mercredi,2020-03-25 04:00
7912,98,False,False,False,False,False,True,False,False,False,False,False,True,False,False,Mercredi-04-06h,OUI,Mercredi,2020-03-25 04:00
7913,284,False,True,True,False,False,True,False,False,False,False,False,False,True,False,Mercredi-04-06h,OUI,Mercredi,2020-03-25 04:00
7914,148,True,False,True,False,True,False,False,True,False,False,False,False,False,False,Mercredi-04-06h,NON,Mercredi,2020-03-25 04:00
7915,258,True,False,True,False,False,False,False,False,False,False,False,False,False,False,Mercredi-04-06h,NON,Mercredi,2020-03-25 04:00
7916,175,False,False,False,False,False,True,False,False,False,False,False,False,False,False,Mercredi-04-06h,NON,Mercredi,2020-03-25 04:00
7917,119,False,False,False,False,False,False,False,False,False,False,True,False,False,False,Mercredi-04-06h,NON,Mercredi,2020-03-25 04:00
7918,229,True,False,True,False,False,False,False,True,False,False,False,False,False,False,Mercredi-04-06h,OUI,Mercredi,2020-03-25 04:00
7919,230,False,False,False,False,False,True,True,False,False,False,False,False,False,False,Mercredi-04-06h,NON,Mercredi,2020-03-25 04:00
7920,17,True,False,False,False,False,True,True,False,False,False,False,False,False,False,Mercredi-04-06h,NON,Mercredi,2020-03-25 04:00
7921,177,False,False,False,False,False,False,False,False,False,False,False,False,False,False,Mercredi-04-06h,NON,Mercredi,2020-03-25 04:00
7922,7,False,False,False,False,False,False,False,False,False,False,False,False,False,False,Mercredi-04-06h,NON,Mercredi,2020-03-25 04:00
7923,241,False,False,True,False,False,False,False,False,False,False,False,False,False,False,Mercredi-04-06h,NON,Mercredi,2020-03-25 04:00
7924,8,True,False,False,False,True,True,False,True,False,False,False,False,False,False,Mercredi-04-06h,NON,Mercredi,2020-03-25 04:00
7925,268,False,True,False,False,False,True,False,False,False,False,False,False,False,False,Mercredi-04-06h,OUI,Mercredi,2020-03-25 04:00
7926,294,False,False,True,False,True,False,False,False,False,False,False,False,False,False,Mercredi-04-06h,OUI,Mercredi,2020-03-25 04:00
7927,242,True,False,False,False,True,True,False,False,False,False,False,False,False,False,Mercredi-04-06h,NON,Mercredi,2020-03-25 04:00
7928,194,False,False,False,False,False,True,False,False,False,False,False,False,False,False,Mercredi-04-06h,NON,Mercredi,2020-03-25 04:00
7929,243,False,False,False,False,True,True,False,False,False,False,False,False,False,False,Mercredi-04-06h,OUI,Mercredi,2020-03-25 04:00
7930,212,True,True,True,False,False,True,False,False,False,False,False,False,False,False,Mercredi-04-06h,OUI,Mercredi,2020-03-25 04:00
7931,19,False,False,False,False,False,True,False,False,False,False,False,False,False,False,Mercredi-04-06h,OUI,Mercredi,2020-03-25 04:00
7932,114,False,False,False,False,True,False,False,False,False,False,False,False,False,False,Mercredi-04-06h,OUI,Mercredi,2020-03-25 04:00
7933,190,False,False,False,False,False,True,False,False,True,False,False,False,False,False,Mercredi-04-06h,NON,Mercredi,2020-03-25 04:00
7934,64,False,False,True,False,False,False,False,False,False,False,False,False,False,False,Mercredi-04-06h,NON,Mercredi,2020-03-25 04:00
7935,227,False,False,False,False,False,False,False,False,False,False,False,False,False,False,Mercredi-04-06h,NON,Mercredi,2020-03-25 04:00
7936,232,False,False,False,False,False,True,False,False,False,False,False,False,False,False,Mercredi-04-06h,OUI,Mercredi,2020-03-25 04:00
7937,246,False,True,False,False,False,True,True,False,False,False,False,False,False,False,Mercredi-04-06h,NON,Mercredi,2020-03-25 04:00
7938,100,False,False,False,False,False,True,False,False,False,False,False,False,False,False,Mercredi-04-06h,NON,Mercredi,2020-03-25 04:00
7939,13,False,False,False,False,True,False,False,False,False,False,False,False,False,False,Mercredi-04-06h,NON,Mercredi,2020-03-25 04:00
7940,262,True,True,True,False,False,False,False,False,False,False,False,False,False,False,Mercredi-04-06h,NON,Mercredi,2020-03-25 04:00
7941,76,True,True,True,False,False,True,False,False,False,False,True,False,False,False,Mercredi-04-06h,NON,Mercredi,2020-03-25 04:00
7942,261,False,True,False,False,True,False,False,False,False,False,False,False,False,False,Mercredi-04-06h,NON,Mercredi,2020-03-25 04:00
7943,150,False,True,False,False,False,False,False,False,False,False,False,False,False,False,Mercredi-04-06h,OUI,Mercredi,2020-03-25 04:00
7944,205,False,False,False,False,False,False,False,False,False,False,False,False,False,False,Mercredi-04-06h,NON,Mercredi,2020-03-25 04:00
7945,56,False,False,False,False,True,True,False,False,False,False,False,False,False,False,Mercredi-04-06h,OUI,Mercredi,2020-03-25 04:00
7946,186,False,False,False,False,True,False,False,False,False,False,False,False,False,False,Mercredi-04-06h,OUI,Mercredi,2020-03-25 04:00
7947,162,True,False,False,False,True,True,False,False,False,False,False,False,False,False,Mercredi-04-06h,NON,Mercredi,2020-03-25 04:00
7948,68,False,True,False,False,True,True,False,False,False,False,False,False,False,False,Mercredi-04-06h,OUI,Mercredi,2020-03-25 04:00
7949,146,False,False,False,False,False,True,False,False,False,False,False,True,False,False,Mercredi-04-06h,OUI,Mercredi,2020-03-25 04:00
7950,49,False,False,False,False,False,False,False,False,False,False,False,False,True,False,Mercredi-04-06h,NON,Mercredi,2020-03-25 04:00
7951,91,True,False,True,True,False,False,False,False,False,False,False,False,False,False,Mercredi-04-06h,OUI,Mercredi,2020-03-25 04:00
7952,22,False,False,False,False,False,False,False,False,False,True,False,False,False,False,Mercredi-04-06h,NON,Mercredi,2020-03-25 04:00
7953,151,False,False,False,False,True,False,False,False,False,False,False,False,False,False,Mercredi-04-06h,NON,Mercredi,2020-03-25 04:00
7954,193,False,False,False,False,True,True,False,False,False,False,False,False,False,False,Mercredi-04-06h,OUI,Mercredi,2020-03-25 04:00
7955,9,True,True,False,False,False,False,False,False,False,False,False,False,False,False,Mercredi-04-06h,NON,Mercredi,2020-03-25 04:00
7956,99,True,False,True,False,False,False,False,False,False,False,False,False,False,False,Mercredi-04-06h,NON,Mercredi,2020-03-25 04:00
7957,181,False,False,False,False,True,True,False,False,False,False,False,False,False,False,Mercredi-04-06h,OUI,Mercredi,2020-03-25 04:00
7958,111,False,False,False,False,False,True,False,True,False,False,False,False,False,False,Mercredi-04-06h,OUI,Mercredi,2020-03-25 04:00
7959,44,False,True,False,False,False,True,False,False,False,False,False,False,False,False,Mercredi-04-06h,NON,Mercredi,2020-03-25 04:00
7960,24,False,False,False,False,True,False,False,True,False,False,False,False,False,False,Mercredi-04-06h,NON,Mercredi,2020-03-25 04:00
7961,102,False,False,False,False,True,True,False,True,False,False,False,False,False,False,Mercredi-04-06h,OUI,Mercredi,2020-03-25 04:00
7962,203,True,True,False,False,False,False,False,True,False,False,False,False,False,False,Mercredi-04-06h,NON,Mercredi,2020-03-25 04:00
7963,140,False,False,False,False,True,True,False,True,False,False,False,False,False,False,Mercredi-04-06h,NON,Mercredi,2020-03-25 04:00
7964,188,False,False,False,False,False,True,False,False,True,False,False,False,False,False,Mercredi-04-06h,NON,Mercredi,2020-03-25 04:00
7965,206,False,False,False,True,False,False,False,False,False,False,True,False,False,False,Mercredi-04-06h,NON,Mercredi,2020-03-25 04:00
7966,273,False,False,False,False,False,False,False,False,False,False,False,True,False,False,Mercredi-04-06h,NON,Mercredi,2020-03-25 04:00
7967,69,True,False,True,False,False,False,False,False,False,False,False,False,False,False,Mercredi-04-06h,NON,Mercredi,2020-03-25 04:00
7968,87,True,False,False,True,False,False,False,False,False,False,True,False,False,False,Mercredi-04-06h,OUI,Mercredi,2020-03-25 04:00
7969,83,True,False,True,False,False,False,False,False,False,False,False,False,False,False,Mercredi-04-06h,NON,Mercredi,2020-03-25 04:00
7970,149,True,False,True,True,False,False,False,False,False,False,False,False,False,False,Mercredi-04-06h,NON,Mercredi,2020-03-25 04:00
7971,274,False,False,False,False,False,True,False,False,False,False,False,False,False,False,Mercredi-04-06h,NON,Mercredi,2020-03-25 04:00
7972,282,True,False,True,True,False,False,False,False,False,False,False,False,False,False,Mercredi-04-06h,OUI,Mercredi,2020-03-25 04:00
7973,147,False,False,False,False,False,False,False,False,False,False,False,False,False,False,Mercredi-04-06h,NON,Mercredi,2020-03-25 04:00
7974,238,False,False,False,False,False,False,False,False,False,False,False,True,False,False,Mercredi-04-06h,NON,Mercredi,2020-03-25 04:00
7975,201,False,False,False,False,False,False,False,False,False,False,False,False,False,False,Mercredi-04-06h,NON,Mercredi,2020-03-25 04:00
7976,152,False,True,False,False,False,False,False,False,False,False,False,False,False,False,Mercredi-04-06h,NON,Mercredi,2020-03-25 04:00
7977,222,False,False,False,False,False,True,False,False,True,True,False,False,False,False,Mercredi-04-06h,NON,Mercredi,2020-03-25 04:00
7978,106,False,False,False,False,False,True,False,False,False,False,False,True,False,False,Mercredi-04-06h,NON,Mercredi,2020-03-25 04:00
7979,133,False,False,True,False,True,False,False,False,False,False,False,False,False,False,Mercredi-04-06h,NON,Mercredi,2020-03-25 04:00
7980,163,False,False,False,False,True,False,False,False,False,False,False,False,False,False,Mercredi-04-06h,NON,Mercredi,2020-03-25 04:00
7981,231,False,False,False,False,False,False,False,False,False,False,False,False,False,False,Mercredi-04-06h,NON,Mercredi,2020-03-25 04:00
7982,25,False,False,False,False,True,False,False,False,False,False,False,False,False,False,Mercredi-04-06h,NON,Mercredi,2020-03-25 04:00
7983,196,False,False,True,False,True,False,False,True,False,False,False,False,False,False,Mercredi-04-06h,OUI,Mercredi,2020-03-25 04:00
7984,5,False,False,False,False,True,True,False,False,False,False,False,False,False,False,Mercredi-04-06h,NON,Mercredi,2020-03-25 04:00
7985,90,False,True,False,False,False,False,False,False,False,False,False,False,False,False,Mercredi-04-06h,NON,Mercredi,2020-03-25 04:00
7986,244,True,False,True,False,False,False,False,False,False,False,False,False,False,False,Mercredi-04-06h,OUI,Mercredi,2020-03-25 04:00
7987,107,False,True,False,False,False,True,False,False,False,False,False,False,False,False,Mercredi-04-06h,OUI,Mercredi,2020-03-25 04:00
7988,218,False,True,False,False,True,True,False,False,False,False,False,False,False,False,Mercredi-04-06h,OUI,Mercredi,2020-03-25 04:00
7989,62,False,True,True,False,True,True,False,False,False,False,False,False,False,False,Mercredi-04-06h,NON,Mercredi,2020-03-25 04:00
7990,79,False,True,False,False,False,False,False,False,False,False,False,False,False,False,Mercredi-04-06h,NON,Mercredi,2020-03-25 04:00
7991,208,False,False,False,False,False,True,False,False,False,False,False,False,False,False,Mercredi-04-06h,NON,Mercredi,2020-03-25 04:00
7992,270,False,False,False,False,False,False,False,False,True,False,False,False,False,False,Mercredi-04-06h,NON,Mercredi,2020-03-25 04:00
7993,166,True,False,False,False,True,True,False,False,False,False,False,False,False,False,Mercredi-04-06h,OUI,Mercredi,2020-03-25 04:00
7994,77,False,False,True,False,True,False,False,False,False,False,False,False,False,False,Mercredi-04-06h,NON,Mercredi,2020-03-25 04:00
7995,29,False,False,False,False,False,True,False,False,False,False,False,True,False,False,Mercredi-04-06h,OUI,Mercredi,2020-03-25 04:00
7996,240,False,False,False,False,False,True,False,False,False,False,False,False,False,False,Mercredi-04-06h,NON,Mercredi,2020-03-25 04:00
7997,184,False,True,False,False,False,False,False,False,False,False,False,False,False,False,Mercredi-04-06h,OUI,Mercredi,2020-03-25 04:00
7998,277,False,True,True,False,False,True,False,False,False,False,False,False,False,False,Mercredi-04-06h,NON,Mercredi,2020-03-25 04:00
7999,80,True,False,False,False,False,True,False,False,False,True,False,False,False,False,Mercredi-04-06h,NON,Mercredi,2020-03-25 04:00
8000,185,True,True,True,False,False,True,False,False,False,False,True,False,True,False,Mercredi-04-06h,NON,Mercredi,2020-03-25 04:00
8001,204,False,False,False,False,True,True,False,False,False,False,False,True,False,False,Mercredi-04-06h,OUI,Mercredi,2020-03-25 04:00
8002,252,True,True,True,False,False,True,False,False,False,False,False,False,False,False,Mercredi-04-06h,NON,Mercredi,2020-03-25 04:00
8003,26,False,False,False,False,True,False,False,False,False,False,False,False,False,False,Mercredi-04-06h,NON,Mercredi,2020-03-25 04:00
8004,70,False,False,False,False,True,False,False,False,False,False,False,True,False,False,Mercredi-04-06h,OUI,Mercredi,2020-03-25 04:00
8005,233,False,False,False,False,True,False,False,False,False,False,False,False,False,False,Mercredi-04-06h,NON,Mercredi,2020-03-25 04:00
8006,37,True,True,True,False,True,True,False,False,False,False,False,False,False,False,Mercredi-04-06h,NON,Mercredi,2020-03-25 04:00
8007,185,False,False,True,False,False,False,False,False,False,False,False,False,False,False,Mercredi-04-06h,OUI,Mercredi,2020-03-25 04:00
8008,138,True,False,False,False,True,True,False,False,False,False,False,False,False,False,Mercredi-04-06h,NON,Mercredi,2020-03-25 04:00
8009,224,True,False,True,False,False,False,False,False,False,False,False,False,False,False,Mercredi-04-06h,NON,Mercredi,2020-03-25 04:00
8010,66,False,False,False,False,True,True,False,False,False,False,False,False,True,False,Mercredi-04-06h,OUI,Mercredi,2020-03-25 04:00
8011,211,False,False,True,False,False,False,False,False,False,False,False,False,True,False,Mercredi-04-06h,NON,Mercredi,2020-03-25 04:00
8012,14,False,False,False,False,True,True,False,False,False,False,False,False,False,False,Mercredi-04-06h,NON,Mercredi,2020-03-25 04:00
8013,145,False,False,False,False,True,False,False,False,False,False,False,False,False,False,Mercredi-04-06h,NON,Mercredi,2020-03-25 04:00
8014,36,False,False,False,False,False,False,False,False,False,False,False,True,False,False,Mercredi-04-06h,OUI,Mercredi,2020-03-25 04:00
8015,60,True,True,True,False,False,True,False,False,False,False,False,False,False,False,Mercredi-04-06h,NON,Mercredi,2020-03-25 04:00
8016,137,True,True,True,False,False,True,False,False,False,False,True,False,False,False,Mercredi-04-06h,OUI,Mercredi,2020-03-25 04:00
8017,285,False,True,False,False,True,True,False,False,False,False,False,False,False,False,Mercredi-04-06h,NON,Mercredi,2020-03-25 04:00
8018,40,False,True,True,False,True,True,False,False,False,False,False,False,False,False,Mercredi-04-06h,OUI,Mercredi,2020-03-25 04:00
8019,97,False,False,False,False,False,True,False,False,False,False,False,False,False,False,Mercredi-04-06h,OUI,Mercredi,2020-03-25 04:00
8020,109,True,False,True,True,False,False,False,False,False,False,False,False,False,False,Mercredi-04-06h,NON,Mercredi,2020-03-25 04:00
8021,10,False,False,False,False,False,False,False,False,False,False,False,False,False,False,Mercredi-04-06h,NON,Mercredi,2020-03-25 04:00
8022,256,False,False,False,False,False,False,False,False,False,False,False,True,False,False,Mercredi-04-06h,NON,Mercredi,2020-03-25 04:00
8023,141,True,True,True,False,False,False,False,False,False,False,True,False,False,False,Mercredi-04-06h,NON,Mercredi,2020-03-25 04:00
8024,28,False,False,False,False,False,False,False,False,False,False,False,False,False,False,Mercredi-04-06h,NON,Mercredi,2020-03-25 04:00
8025,101,True,True,True,True,True,True,False,False,False,False,False,False,False,False,Mercredi-04-06h,OUI,Mercredi,2020-03-25 04:00
8026,48,True,False,True,False,True,False,False,False,False,False,False,False,True,False,Mercredi-04-06h,OUI,Mercredi,2020-03-25 04:00
8027,27,False,False,False,False,False,True,False,False,False,False,False,False,False,False,Mercredi-04-06h,NON,Mercredi,2020-03-25 04:00
8028,142,True,False,True,False,False,False,False,False,False,False,True,False,True,False,Mercredi-04-06h,NON,Mercredi,2020-03-25 04:00
8029,234,False,False,True,False,False,False,False,False,False,False,True,False,False,False,Mercredi-04-06h,NON,Mercredi,2020-03-25 04:00
8030,23,False,False,False,False,True,False,False,False,False,False,False,False,False,False,Mercredi-04-06h,NON,Mercredi,2020-03-25 04:00
8031,195,False,False,False,False,True,False,False,False,True,False,False,False,False,False,Mercredi-04-06h,NON,Mercredi,2020-03-25 04:00
8032,275,False,False,False,False,False,False,False,False,False,False,False,True,False,False,Mercredi-04-06h,NON,Mercredi,2020-03-25 04:00
8033,226,False,False,False,False,True,True,False,False,False,False,False,False,False,False,Mercredi-04-06h,NON,Mercredi,2020-03-25 04:00
8034,207,False,False,True,False,False,False,False,False,False,False,False,False,False,False,Mercredi-04-06h,NON,Mercredi,2020-03-25 04:00
8035,57,False,False,False,False,False,False,False,False,False,False,False,False,False,False,Mercredi-04-06h,NON,Mercredi,2020-03-25 04:00
8036,4,False,True,False,False,False,True,False,False,False,False,False,False,False,False,Mercredi-04-06h,NON,Mercredi,2020-03-25 04:00
8037,265,False,False,False,False,False,True,False,False,False,False,False,False,False,False,Mercredi-04-06h,NON,Mercredi,2020-03-25 04:00
8038,88,False,True,False,False,False,False,False,False,False,False,False,False,False,False,Mercredi-04-06h,NON,Mercredi,2020-03-25 04:00
8039,198,False,False,False,False,False,False,False,False,False,False,True,False,False,False,Mercredi-04-06h,NON,Mercredi,2020-03-25 04:00
8040,249,True,True,True,False,False,False,False,False,False,False,False,False,False,False,Mercredi-04-06h,NON,Mercredi,2020-03-25 04:00
8041,263,False,False,False,False,True,True,False,False,False,False,False,False,False,False,Mercredi-04-06h,NON,Mercredi,2020-03-25 04:00
8042,217,True,False,True,False,False,False,False,False,False,False,False,False,True,False,Mercredi-04-06h,NON,Mercredi,2020-03-25 04:00
8043,278,False,False,False,False,True,True,False,False,False,False,False,False,False,False,Mercredi-04-06h,NON,Mercredi,2020-03-25 04:00
8044,189,False,True,False,False,False,False,False,False,False,False,False,False,False,False,Mercredi-04-06h,NON,Mercredi,2020-03-25 04:00
8045,61,True,False,True,False,False,False,False,False,False,False,False,False,False,False,Mercredi-04-06h,NON,Mercredi,2020-03-25 04:00
8046,251,False,False,False,False,False,False,False,False,False,False,False,False,True,False,Mercredi-04-06h,NON,Mercredi,2020-03-25 04:00
8047,281,False,True,False,False,False,False,False,False,False,False,False,False,False,False,Mercredi-04-06h,NON,Mercredi,2020-03-25 04:00
8048,134,False,True,False,False,False,False,False,False,False,False,False,False,False,False,Mercredi-04-06h,OUI,Mercredi,2020-03-25 04:00
8049,293,False,True,False,False,False,True,False,False,False,False,False,False,False,False,Mercredi-04-06h,NON,Mercredi,2020-03-25 04:00
8050,279,True,True,True,True,False,True,False,False,False,False,False,False,False,False,Mercredi-04-06h,OUI,Mercredi,2020-03-25 04:00
8051,81,True,False,True,True,False,False,False,True,False,False,False,False,False,False,Mercredi-04-06h,NON,Mercredi,2020-03-25 04:00
8052,92,True,False,False,True,False,False,False,False,False,False,True,False,False,False,Mercredi-04-06h,NON,Mercredi,2020-03-25 04:00
8053,147,False,False,False,False,False,False,False,False,False,False,False,False,False,False,Mercredi-04-06h,NON,Mercredi,2020-03-25 04:00
8054,33,False,True,False,False,True,False,False,False,False,False,False,False,False,False,Mercredi-04-06h,NON,Mercredi,2020-03-25 04:00
8055,266,False,False,False,False,False,False,False,False,False,False,False,False,False,False,Mercredi-04-06h,NON,Mercredi,2020-03-25 04:00
8056,225,True,False,False,False,False,True,False,False,False,False,False,False,False,False,Mercredi-04-06h,NON,Mercredi,2020-03-25 04:00
8057,83,True,False,True,False,False,False,False,False,False,False,False,False,False,False,Mercredi-04-06h,NON,Mercredi,2020-03-25 04:00
8058,95,False,False,False,False,True,True,False,True,False,False,False,False,False,False,Mercredi-04-06h,NON,Mercredi,2020-03-25 04:00
8059,127,False,False,False,False,True,False,False,False,False,False,False,False,False,False,Mercredi-04-06h,NON,Mercredi,2020-03-25 04:00
8060,20,False,False,False,False,False,False,False,False,False,False,False,False,False,False,Mercredi-04-06h,NON,Mercredi,2020-03-25 04:00
8061,89,False,False,False,False,False,False,False,False,True,False,False,False,False,False,Mercredi-04-06h,OUI,Mercredi,2020-03-25 04:00
8062,120,False,True,True,False,True,True,False,True,False,False,True,False,False,False,Mercredi-04-06h,NON,Mercredi,2020-03-25 04:00
8063,253,False,False,False,False,True,True,False,False,False,False,False,True,False,False,Mercredi-04-06h,NON,Mercredi,2020-03-25 04:00
8064,52,False,False,True,False,False,False,False,False,False,False,False,False,False,False,Mercredi-04-06h,OUI,Mercredi,2020-03-25 04:00
8065,168,True,False,True,False,False,False,False,True,False,False,False,False,False,False,Mercredi-04-06h,NON,Mercredi,2020-03-25 04:00
8066,202,False,True,False,False,False,False,False,False,False,False,False,False,False,False,Mercredi-04-06h,NON,Mercredi,2020-03-25 04:00
8067,172,False,False,False,False,True,False,False,False,False,False,False,False,False,False,Mercredi-04-06h,NON,Mercredi,2020-03-25 04:00
8068,239,False,False,False,False,True,True,False,False,False,False,False,False,False,False,Mercredi-04-06h,NON,Mercredi,2020-03-25 04:00
8069,85,False,False,False,False,True,False,False,False,False,False,False,False,False,False,Mercredi-04-06h,NON,Mercredi,2020-03-25 04:00
8070,215,False,False,False,False,False,False,False,False,True,False,False,False,False,False,Mercredi-04-06h,NON,Mercredi,2020-03-25 04:00
8071,260,True,False,True,False,False,False,False,False,False,False,False,False,False,False,Mercredi-04-06h,NON,Mercredi,2020-03-25 04:00
8072,286,True,True,False,False,True,False,False,False,False,False,False,False,False,False,Mercredi-04-06h,NON,Mercredi,2020-03-25 04:00
8073,72,False,True,False,False,False,False,False,False,False,False,False,False,False,False,Mercredi-06-08h,NON,Mercredi,2020-03-25 06:00
8074,167,True,True,True,True,True,True,False,False,False,False,False,False,False,False,Mercredi-06-08h,OUI,Mercredi,2020-03-25 06:00
8075,130,True,False,True,False,False,False,False,True,False,False,False,False,True,True,Mercredi-06-08h,OUI,Mercredi,2020-03-25 06:00
8076,288,True,True,True,False,True,False,False,False,False,False,False,False,False,False,Mercredi-06-08h,NON,Mercredi,2020-03-25 06:00
8077,59,False,False,False,False,False,True,False,False,False,False,False,False,False,False,Mercredi-06-08h,NON,Mercredi,2020-03-25 06:00
8078,178,True,False,False,False,False,False,False,False,False,False,True,False,False,False,Mercredi-06-08h,OUI,Mercredi,2020-03-25 06:00
8079,254,False,False,False,False,False,False,False,False,False,False,False,True,False,False,Mercredi-06-08h,NON,Mercredi,2020-03-25 06:00
8080,34,False,False,False,False,False,False,False,False,False,False,False,False,False,False,Mercredi-06-08h,NON,Mercredi,2020-03-25 06:00
8081,264,False,False,False,False,True,True,True,False,False,False,False,False,False,False,Mercredi-06-08h,NON,Mercredi,2020-03-25 06:00
8082,158,True,False,False,False,True,False,False,False,False,True,False,False,False,False,Mercredi-06-08h,NON,Mercredi,2020-03-25 06:00
8083,210,False,True,False,False,True,True,False,False,False,False,False,False,False,False,Mercredi-06-08h,NON,Mercredi,2020-03-25 06:00
8084,93,False,False,False,False,True,False,False,False,False,False,False,False,True,False,Mercredi-06-08h,OUI,Mercredi,2020-03-25 06:00
8085,144,True,False,True,False,True,False,False,False,False,False,False,False,False,False,Mercredi-06-08h,OUI,Mercredi,2020-03-25 06:00
8086,164,False,True,False,False,True,True,False,False,False,False,False,False,False,False,Mercredi-06-08h,OUI,Mercredi,2020-03-25 06:00
8087,289,False,False,False,False,True,True,False,False,False,False,False,False,False,False,Mercredi-06-08h,NON,Mercredi,2020-03-25 06:00
8088,50,False,False,False,False,False,False,False,False,False,False,False,False,False,False,Mercredi-06-08h,NON,Mercredi,2020-03-25 06:00
8089,51,True,True,False,False,True,False,False,False,False,False,False,False,False,False,Mercredi-06-08h,OUI,Mercredi,2020-03-25 06:00
8090,247,False,False,True,False,False,False,False,False,False,False,False,False,False,False,Mercredi-06-08h,NON,Mercredi,2020-03-25 06:00
8091,159,False,False,False,False,False,False,False,True,False,False,False,False,False,False,Mercredi-06-08h,NON,Mercredi,2020-03-25 06:00
8092,54,False,False,False,False,False,True,False,False,False,False,False,False,False,False,Mercredi-06-08h,NON,Mercredi,2020-03-25 06:00
8093,55,True,False,False,False,True,True,False,True,False,False,False,False,False,False,Mercredi-06-08h,OUI,Mercredi,2020-03-25 06:00
8094,257,False,False,False,False,True,False,False,False,False,False,False,False,False,False,Mercredi-06-08h,NON,Mercredi,2020-03-25 06:00
8095,67,False,False,False,False,False,False,False,False,False,False,False,False,False,False,Mercredi-06-08h,NON,Mercredi,2020-03-25 06:00
8096,71,True,False,True,False,False,False,False,False,False,False,False,False,False,False,Mercredi-06-08h,OUI,Mercredi,2020-03-25 06:00
8097,280,False,False,False,False,False,True,False,False,False,False,False,False,False,False,Mercredi-06-08h,OUI,Mercredi,2020-03-25 06:00
8098,283,True,True,False,False,False,False,False,False,False,False,False,False,False,False,Mercredi-06-08h,OUI,Mercredi,2020-03-25 06:00
8099,154,False,False,False,False,True,True,False,False,False,False,False,True,False,False,Mercredi-06-08h,NON,Mercredi,2020-03-25 06:00
8100,171,False,False,False,False,False,False,False,False,False,False,False,True,False,False,Mercredi-06-08h,NON,Mercredi,2020-03-25 06:00
8101,131,False,False,True,False,False,False,False,False,False,False,False,False,False,False,Mercredi-06-08h,NON,Mercredi,2020-03-25 06:00
8102,237,True,False,False,False,False,True,True,False,False,False,False,False,True,False,Mercredi-06-08h,OUI,Mercredi,2020-03-25 06:00
8103,75,False,False,False,False,True,True,False,False,False,False,False,False,False,False,Mercredi-06-08h,NON,Mercredi,2020-03-25 06:00
8104,235,True,False,False,False,True,False,False,False,False,False,False,False,False,False,Mercredi-06-08h,NON,Mercredi,2020-03-25 06:00
8105,180,False,False,False,False,True,True,False,False,False,False,False,False,False,False,Mercredi-06-08h,OUI,Mercredi,2020-03-25 06:00
8106,219,False,False,False,False,False,True,False,False,False,False,False,False,False,False,Mercredi-06-08h,OUI,Mercredi,2020-03-25 06:00
8107,250,False,False,False,False,False,False,False,False,True,False,False,False,False,False,Mercredi-06-08h,NON,Mercredi,2020-03-25 06:00
8108,267,True,True,False,False,False,False,False,False,False,False,False,False,False,False,Mercredi-06-08h,NON,Mercredi,2020-03-25 06:00
8109,160,False,True,False,False,False,True,False,False,False,False,False,False,False,False,Mercredi-06-08h,NON,Mercredi,2020-03-25 06:00
8110,182,False,True,False,False,True,True,True,False,False,False,False,False,False,False,Mercredi-06-08h,NON,Mercredi,2020-03-25 06:00
8111,143,False,False,False,False,False,False,False,True,False,False,True,False,False,False,Mercredi-06-08h,OUI,Mercredi,2020-03-25 06:00
8112,223,True,True,False,False,False,False,False,False,False,False,False,False,False,False,Mercredi-06-08h,NON,Mercredi,2020-03-25 06:00
8113,192,True,False,True,False,False,False,False,False,False,False,False,False,False,False,Mercredi-06-08h,NON,Mercredi,2020-03-25 06:00
8114,30,False,False,True,False,False,False,False,True,False,False,False,False,False,False,Mercredi-06-08h,NON,Mercredi,2020-03-25 06:00
8115,125,True,False,False,False,True,False,False,True,False,False,False,False,False,False,Mercredi-06-08h,NON,Mercredi,2020-03-25 06:00
8116,39,False,False,True,False,True,False,False,True,False,False,False,False,False,False,Mercredi-06-08h,NON,Mercredi,2020-03-25 06:00
8117,113,True,False,True,False,False,False,False,False,False,False,False,False,False,False,Mercredi-06-08h,NON,Mercredi,2020-03-25 06:00
8118,121,True,False,True,False,False,False,False,True,False,False,False,False,False,False,Mercredi-06-08h,NON,Mercredi,2020-03-25 06:00
8119,228,False,False,False,False,False,False,False,False,False,False,True,False,False,False,Mercredi-06-08h,OUI,Mercredi,2020-03-25 06:00
8120,290,False,False,False,False,False,False,False,False,True,False,False,False,False,False,Mercredi-06-08h,NON,Mercredi,2020-03-25 06:00
8121,197,False,False,True,False,True,False,False,False,False,False,False,False,False,False,Mercredi-06-08h,NON,Mercredi,2020-03-25 06:00
8122,31,True,True,True,False,False,True,False,False,False,False,False,False,False,False,Mercredi-06-08h,OUI,Mercredi,2020-03-25 06:00
8123,173,True,False,False,False,True,True,False,True,False,False,False,False,False,False,Mercredi-06-08h,OUI,Mercredi,2020-03-25 06:00
8124,74,True,False,False,True,False,False,False,True,False,False,True,False,False,False,Mercredi-06-08h,OUI,Mercredi,2020-03-25 06:00
8125,15,False,False,True,False,False,False,False,False,False,False,False,False,False,False,Mercredi-06-08h,NON,Mercredi,2020-03-25 06:00
8126,45,True,False,False,False,True,True,False,True,False,False,False,False,False,False,Mercredi-06-08h,NON,Mercredi,2020-03-25 06:00
8127,63,False,False,True,False,False,False,False,False,False,False,False,False,False,False,Mercredi-06-08h,NON,Mercredi,2020-03-25 06:00
8128,3,False,False,False,False,False,True,False,False,False,False,False,True,False,False,Mercredi-06-08h,OUI,Mercredi,2020-03-25 06:00
8129,21,True,False,True,False,False,False,False,False,False,False,False,False,False,False,Mercredi-06-08h,NON,Mercredi,2020-03-25 06:00
8130,78,False,True,True,False,True,True,False,True,False,False,False,False,False,False,Mercredi-06-08h,NON,Mercredi,2020-03-25 06:00
8131,47,False,True,False,False,False,False,False,False,False,False,False,False,False,False,Mercredi-06-08h,NON,Mercredi,2020-03-25 06:00
8132,151,True,True,False,False,True,False,False,True,False,False,False,False,False,False,Mercredi-06-08h,NON,Mercredi,2020-03-25 06:00
8133,6,True,False,True,False,False,False,False,False,False,False,False,False,False,False,Mercredi-06-08h,OUI,Mercredi,2020-03-25 06:00
8134,135,True,False,True,False,False,False,False,False,False,False,False,False,True,False,Mercredi-06-08h,OUI,Mercredi,2020-03-25 06:00
8135,221,False,False,False,False,True,True,False,False,False,False,False,False,False,False,Mercredi-06-08h,NON,Mercredi,2020-03-25 06:00
8136,170,False,False,True,False,False,False,False,False,False,False,True,False,False,True,Mercredi-06-08h,OUI,Mercredi,2020-03-25 06:00
8137,129,False,True,False,False,False,False,False,False,False,False,False,False,False,False,Mercredi-06-08h,NON,Mercredi,2020-03-25 06:00
8138,132,True,True,True,False,False,True,False,False,False,False,False,False,False,False,Mercredi-06-08h,OUI,Mercredi,2020-03-25 06:00
8139,110,False,True,False,False,False,False,False,False,False,False,False,False,False,False,Mercredi-06-08h,OUI,Mercredi,2020-03-25 06:00
8140,191,False,False,False,False,False,True,False,False,False,False,False,False,False,False,Mercredi-06-08h,OUI,Mercredi,2020-03-25 06:00
8141,94,True,True,True,False,False,True,False,False,False,False,True,False,True,False,Mercredi-06-08h,NON,Mercredi,2020-03-25 06:00
8142,108,False,False,False,False,False,True,True,False,False,False,False,False,False,False,Mercredi-06-08h,OUI,Mercredi,2020-03-25 06:00
8143,236,False,False,False,False,True,True,False,False,False,False,False,False,False,False,Mercredi-06-08h,OUI,Mercredi,2020-03-25 06:00
8144,42,True,False,True,False,True,False,False,False,False,False,False,False,False,False,Mercredi-06-08h,NON,Mercredi,2020-03-25 06:00
8145,155,True,False,False,False,True,False,False,False,False,False,False,False,False,False,Mercredi-06-08h,NON,Mercredi,2020-03-25 06:00
8146,1,False,False,False,False,False,False,False,False,False,False,False,False,False,False,Mercredi-06-08h,NON,Mercredi,2020-03-25 06:00
8147,58,False,True,True,False,False,True,False,False,False,False,True,False,False,False,Mercredi-06-08h,OUI,Mercredi,2020-03-25 06:00
8148,0,False,True,False,False,False,False,False,False,False,False,False,False,False,False,Mercredi-06-08h,NON,Mercredi,2020-03-25 06:00
8149,269,False,False,False,False,False,False,False,False,False,False,False,False,False,False,Mercredi-06-08h,NON,Mercredi,2020-03-25 06:00
8150,2,True,False,True,False,False,False,False,False,False,False,False,False,False,False,Mercredi-06-08h,NON,Mercredi,2020-03-25 06:00
8151,103,False,False,False,False,True,False,False,False,False,False,False,False,False,False,Mercredi-06-08h,OUI,Mercredi,2020-03-25 06:00
8152,12,False,True,False,False,True,False,False,False,False,False,False,False,False,False,Mercredi-06-08h,NON,Mercredi,2020-03-25 06:00
8153,245,True,False,False,False,True,True,False,True,False,False,False,False,False,False,Mercredi-06-08h,OUI,Mercredi,2020-03-25 06:00
8154,161,False,False,True,False,False,False,False,False,False,False,True,False,False,False,Mercredi-06-08h,NON,Mercredi,2020-03-25 06:00
8155,38,False,False,False,False,False,False,False,False,True,False,False,False,False,False,Mercredi-06-08h,NON,Mercredi,2020-03-25 06:00
8156,122,False,False,False,False,False,False,False,False,False,False,False,False,False,False,Mercredi-06-08h,NON,Mercredi,2020-03-25 06:00
8157,248,False,False,True,False,False,False,False,False,False,False,False,False,True,False,Mercredi-06-08h,NON,Mercredi,2020-03-25 06:00
8158,271,False,True,True,False,False,True,False,False,False,False,False,False,False,False,Mercredi-06-08h,OUI,Mercredi,2020-03-25 06:00
8159,116,False,False,True,False,False,False,False,False,False,False,False,False,False,False,Mercredi-06-08h,OUI,Mercredi,2020-03-25 06:00
8160,117,True,True,True,True,False,True,False,False,False,False,False,False,False,False,Mercredi-06-08h,NON,Mercredi,2020-03-25 06:00
8161,213,False,False,False,False,True,True,False,True,False,False,False,False,False,False,Mercredi-06-08h,NON,Mercredi,2020-03-25 06:00
8162,220,False,True,True,False,False,True,False,False,False,False,False,False,False,False,Mercredi-06-08h,OUI,Mercredi,2020-03-25 06:00
8163,176,False,False,True,False,False,False,False,False,False,False,False,False,False,False,Mercredi-06-08h,NON,Mercredi,2020-03-25 06:00
8164,96,False,False,False,False,True,True,False,False,False,True,False,False,False,False,Mercredi-06-08h,NON,Mercredi,2020-03-25 06:00
8165,214,False,False,False,False,True,True,False,False,False,True,False,False,False,False,Mercredi-06-08h,OUI,Mercredi,2020-03-25 06:00
8166,11,True,False,False,True,False,False,False,False,False,False,True,False,False,False,Mercredi-06-08h,NON,Mercredi,2020-03-25 06:00
8167,255,True,False,True,False,False,False,False,True,False,False,False,False,False,False,Mercredi-06-08h,OUI,Mercredi,2020-03-25 06:00
8168,86,False,False,True,False,False,False,False,False,False,False,False,False,False,False,Mercredi-06-08h,OUI,Mercredi,2020-03-25 06:00
8169,209,True,False,False,False,True,True,False,True,False,False,False,False,False,False,Mercredi-06-08h,OUI,Mercredi,2020-03-25 06:00
8170,291,False,False,False,False,False,True,False,False,True,False,False,False,False,False,Mercredi-06-08h,OUI,Mercredi,2020-03-25 06:00
8171,287,False,False,False,False,False,False,False,False,False,False,False,True,False,False,Mercredi-06-08h,NON,Mercredi,2020-03-25 06:00
8172,104,False,False,False,False,True,True,False,False,False,False,False,False,False,False,Mercredi-06-08h,NON,Mercredi,2020-03-25 06:00
8173,18,False,False,False,False,True,False,False,False,False,False,False,False,False,False,Mercredi-06-08h,OUI,Mercredi,2020-03-25 06:00
8174,123,False,True,False,False,True,True,False,False,False,False,False,False,False,False,Mercredi-06-08h,NON,Mercredi,2020-03-25 06:00
8175,136,False,False,False,False,True,False,False,False,False,False,False,False,False,False,Mercredi-06-08h,NON,Mercredi,2020-03-25 06:00
8176,276,True,False,True,False,False,False,False,False,False,False,False,False,False,False,Mercredi-06-08h,NON,Mercredi,2020-03-25 06:00
8177,53,False,False,False,False,True,True,False,False,False,False,False,False,False,False,Mercredi-06-08h,OUI,Mercredi,2020-03-25 06:00
8178,179,True,False,True,False,False,False,False,False,False,False,False,False,False,False,Mercredi-06-08h,OUI,Mercredi,2020-03-25 06:00
8179,200,False,False,False,False,False,False,False,False,False,False,False,False,False,False,Mercredi-06-08h,NON,Mercredi,2020-03-25 06:00
8180,73,False,False,False,False,False,False,False,False,False,False,False,False,False,False,Mercredi-06-08h,NON,Mercredi,2020-03-25 06:00
8181,156,False,False,False,False,True,True,False,False,False,False,False,False,False,False,Mercredi-06-08h,NON,Mercredi,2020-03-25 06:00
8182,128,True,True,True,False,False,True,False,False,False,False,False,False,False,False,Mercredi-06-08h,NON,Mercredi,2020-03-25 06:00
8183,118,False,False,False,False,False,False,False,False,False,False,False,False,False,False,Mercredi-06-08h,NON,Mercredi,2020-03-25 06:00
8184,112,True,False,True,False,False,False,False,False,False,False,False,False,False,False,Mercredi-06-08h,OUI,Mercredi,2020-03-25 06:00
8185,35,False,False,False,False,True,True,False,False,False,False,False,False,False,False,Mercredi-06-08h,NON,Mercredi,2020-03-25 06:00
8186,32,False,False,False,False,False,False,False,False,False,False,False,True,False,False,Mercredi-06-08h,NON,Mercredi,2020-03-25 06:00
8187,199,True,False,True,False,False,False,False,False,False,False,False,False,False,False,Mercredi-06-08h,NON,Mercredi,2020-03-25 06:00
8188,153,True,False,False,False,True,True,False,False,False,False,False,False,False,False,Mercredi-06-08h,NON,Mercredi,2020-03-25 06:00
8189,82,False,False,True,False,False,False,False,False,False,False,False,False,False,False,Mercredi-06-08h,OUI,Mercredi,2020-03-25 06:00
8190,292,False,True,False,False,False,False,False,False,False,False,False,False,False,False,Mercredi-06-08h,OUI,Mercredi,2020-03-25 06:00
8191,169,False,False,False,True,False,False,False,False,False,False,False,False,False,False,Mercredi-06-08h,NON,Mercredi,2020-03-25 06:00
8192,16,False,False,False,False,True,True,False,False,False,False,False,False,False,False,Mercredi-06-08h,OUI,Mercredi,2020-03-25 06:00
8193,46,True,True,True,False,False,True,True,False,False,False,False,False,False,False,Mercredi-06-08h,NON,Mercredi,2020-03-25 06:00
8194,216,False,True,False,False,False,True,False,False,False,False,False,False,False,False,Mercredi-06-08h,OUI,Mercredi,2020-03-25 06:00
8195,174,False,True,True,False,False,True,False,False,False,False,True,False,False,False,Mercredi-06-08h,NON,Mercredi,2020-03-25 06:00
8196,43,False,False,False,False,True,False,False,False,False,False,False,False,False,False,Mercredi-06-08h,NON,Mercredi,2020-03-25 06:00
8197,165,False,False,False,False,True,True,False,False,False,False,False,False,False,False,Mercredi-06-08h,NON,Mercredi,2020-03-25 06:00
8198,126,False,True,False,False,False,True,False,False,False,False,False,False,False,False,Mercredi-06-08h,NON,Mercredi,2020-03-25 06:00
8199,41,False,False,False,False,False,True,False,False,True,False,False,False,False,False,Mercredi-06-08h,NON,Mercredi,2020-03-25 06:00
8200,157,False,False,True,False,False,False,False,False,False,False,False,False,False,False,Mercredi-06-08h,NON,Mercredi,2020-03-25 06:00
8201,272,False,True,True,False,False,False,True,False,False,False,True,False,True,True,Mercredi-06-08h,OUI,Mercredi,2020-03-25 06:00
8202,115,True,False,True,False,False,False,False,False,False,False,False,False,False,False,Mercredi-06-08h,NON,Mercredi,2020-03-25 06:00
8203,84,False,False,False,False,False,False,False,False,False,False,False,True,False,False,Mercredi-06-08h,NON,Mercredi,2020-03-25 06:00
8204,183,True,True,True,True,False,False,False,False,False,False,False,False,False,False,Mercredi-06-08h,OUI,Mercredi,2020-03-25 06:00
8205,65,True,True,False,False,False,True,False,False,False,False,False,False,False,False,Mercredi-06-08h,OUI,Mercredi,2020-03-25 06:00
8206,105,True,False,False,False,False,False,False,False,False,False,False,False,False,False,Mercredi-06-08h,OUI,Mercredi,2020-03-25 06:00
8207,187,True,False,False,False,False,True,False,False,False,False,False,False,False,False,Mercredi-06-08h,OUI,Mercredi,2020-03-25 06:00
8208,139,True,False,True,False,False,False,False,False,False,False,False,False,False,False,Mercredi-06-08h,NON,Mercredi,2020-03-25 06:00
8209,259,False,False,False,False,True,True,False,False,False,False,False,False,False,False,Mercredi-06-08h,OUI,Mercredi,2020-03-25 06:00
8210,124,True,False,True,False,False,False,False,False,False,False,True,False,False,False,Mercredi-06-08h,OUI,Mercredi,2020-03-25 06:00
8211,98,False,False,False,False,False,True,False,False,False,False,False,True,False,False,Mercredi-06-08h,OUI,Mercredi,2020-03-25 06:00
8212,284,False,True,True,False,False,True,False,False,False,False,False,False,True,False,Mercredi-06-08h,OUI,Mercredi,2020-03-25 06:00
8213,148,True,False,True,False,True,False,False,True,False,False,False,False,False,False,Mercredi-06-08h,NON,Mercredi,2020-03-25 06:00
8214,258,True,False,True,False,False,False,False,False,False,False,False,False,False,False,Mercredi-06-08h,NON,Mercredi,2020-03-25 06:00
8215,175,False,False,False,False,False,True,False,False,False,False,False,False,False,False,Mercredi-06-08h,NON,Mercredi,2020-03-25 06:00
8216,119,False,False,False,False,False,False,False,False,False,False,True,False,False,False,Mercredi-06-08h,NON,Mercredi,2020-03-25 06:00
8217,229,True,False,True,False,False,False,False,True,False,False,False,False,False,False,Mercredi-06-08h,OUI,Mercredi,2020-03-25 06:00
8218,230,False,False,False,False,False,True,True,False,False,False,False,False,False,False,Mercredi-06-08h,NON,Mercredi,2020-03-25 06:00
8219,17,True,False,False,False,False,True,True,False,False,False,False,False,False,False,Mercredi-06-08h,NON,Mercredi,2020-03-25 06:00
8220,177,False,False,False,False,False,False,False,False,False,False,False,False,False,False,Mercredi-06-08h,NON,Mercredi,2020-03-25 06:00
8221,7,False,False,False,False,False,False,False,False,False,False,False,False,False,False,Mercredi-06-08h,NON,Mercredi,2020-03-25 06:00
8222,241,False,False,True,False,False,False,False,False,False,False,False,False,False,False,Mercredi-06-08h,NON,Mercredi,2020-03-25 06:00
8223,8,True,False,False,False,True,True,False,True,False,False,False,False,False,False,Mercredi-06-08h,NON,Mercredi,2020-03-25 06:00
8224,268,False,True,False,False,False,True,False,False,False,False,False,False,False,False,Mercredi-06-08h,OUI,Mercredi,2020-03-25 06:00
8225,294,False,False,True,False,True,False,False,False,False,False,False,False,False,False,Mercredi-06-08h,OUI,Mercredi,2020-03-25 06:00
8226,242,True,False,False,False,True,True,False,False,False,False,False,False,False,False,Mercredi-06-08h,NON,Mercredi,2020-03-25 06:00
8227,194,False,False,False,False,False,True,False,False,False,False,False,False,False,False,Mercredi-06-08h,NON,Mercredi,2020-03-25 06:00
8228,243,False,False,False,False,True,True,False,False,False,False,False,False,False,False,Mercredi-06-08h,OUI,Mercredi,2020-03-25 06:00
8229,212,True,True,True,False,False,True,False,False,False,False,False,False,False,False,Mercredi-06-08h,OUI,Mercredi,2020-03-25 06:00
8230,19,False,False,False,False,False,True,False,False,False,False,False,False,False,False,Mercredi-06-08h,OUI,Mercredi,2020-03-25 06:00
8231,114,False,False,False,False,True,False,False,False,False,False,False,False,False,False,Mercredi-06-08h,OUI,Mercredi,2020-03-25 06:00
8232,190,False,False,False,False,False,True,False,False,True,False,False,False,False,False,Mercredi-06-08h,NON,Mercredi,2020-03-25 06:00
8233,64,False,False,True,False,False,False,False,False,False,False,False,False,False,False,Mercredi-06-08h,NON,Mercredi,2020-03-25 06:00
8234,227,False,False,False,False,False,False,False,False,False,False,False,False,False,False,Mercredi-06-08h,NON,Mercredi,2020-03-25 06:00
8235,232,False,False,False,False,False,True,False,False,False,False,False,False,False,False,Mercredi-06-08h,OUI,Mercredi,2020-03-25 06:00
8236,246,False,True,False,False,False,True,True,False,False,False,False,False,False,False,Mercredi-06-08h,NON,Mercredi,2020-03-25 06:00
8237,100,False,False,False,False,False,True,False,False,False,False,False,False,False,False,Mercredi-06-08h,NON,Mercredi,2020-03-25 06:00
8238,13,False,False,False,False,True,False,False,False,False,False,False,False,False,False,Mercredi-06-08h,NON,Mercredi,2020-03-25 06:00
8239,262,True,True,True,False,False,False,False,False,False,False,False,False,False,False,Mercredi-06-08h,NON,Mercredi,2020-03-25 06:00
8240,76,True,True,True,False,False,True,False,False,False,False,True,False,False,False,Mercredi-06-08h,NON,Mercredi,2020-03-25 06:00
8241,261,False,True,False,False,True,False,False,False,False,False,False,False,False,False,Mercredi-06-08h,NON,Mercredi,2020-03-25 06:00
8242,150,False,True,False,False,False,False,False,False,False,False,False,False,False,False,Mercredi-06-08h,OUI,Mercredi,2020-03-25 06:00
8243,205,False,False,False,False,False,False,False,False,False,False,False,False,False,False,Mercredi-06-08h,NON,Mercredi,2020-03-25 06:00
8244,56,False,False,False,False,True,True,False,False,False,False,False,False,False,False,Mercredi-06-08h,OUI,Mercredi,2020-03-25 06:00
8245,186,False,False,False,False,True,False,False,False,False,False,False,False,False,False,Mercredi-06-08h,OUI,Mercredi,2020-03-25 06:00
8246,162,True,False,False,False,True,True,False,False,False,False,False,False,False,False,Mercredi-06-08h,NON,Mercredi,2020-03-25 06:00
8247,68,False,True,False,False,True,True,False,False,False,False,False,False,False,False,Mercredi-06-08h,OUI,Mercredi,2020-03-25 06:00
8248,146,False,False,False,False,False,True,False,False,False,False,False,True,False,False,Mercredi-06-08h,OUI,Mercredi,2020-03-25 06:00
8249,49,False,False,False,False,False,False,False,False,False,False,False,False,True,False,Mercredi-06-08h,NON,Mercredi,2020-03-25 06:00
8250,91,True,False,True,True,False,False,False,False,False,False,False,False,False,False,Mercredi-06-08h,OUI,Mercredi,2020-03-25 06:00
8251,22,False,False,False,False,False,False,False,False,False,True,False,False,False,False,Mercredi-06-08h,NON,Mercredi,2020-03-25 06:00
8252,151,False,False,False,False,True,False,False,False,False,False,False,False,False,False,Mercredi-06-08h,NON,Mercredi,2020-03-25 06:00
8253,193,False,False,False,False,True,True,False,False,False,False,False,False,False,False,Mercredi-06-08h,OUI,Mercredi,2020-03-25 06:00
8254,9,True,True,False,False,False,False,False,False,False,False,False,False,False,False,Mercredi-06-08h,NON,Mercredi,2020-03-25 06:00
8255,99,True,False,True,False,False,False,False,False,False,False,False,False,False,False,Mercredi-06-08h,NON,Mercredi,2020-03-25 06:00
8256,181,False,False,False,False,True,True,False,False,False,False,False,False,False,False,Mercredi-06-08h,OUI,Mercredi,2020-03-25 06:00
8257,111,False,False,False,False,False,True,False,True,False,False,False,False,False,False,Mercredi-06-08h,OUI,Mercredi,2020-03-25 06:00
8258,44,False,True,False,False,False,True,False,False,False,False,False,False,False,False,Mercredi-06-08h,NON,Mercredi,2020-03-25 06:00
8259,24,False,False,False,False,True,False,False,True,False,False,False,False,False,False,Mercredi-06-08h,NON,Mercredi,2020-03-25 06:00
8260,102,False,False,False,False,True,True,False,True,False,False,False,False,False,False,Mercredi-06-08h,NON,Mercredi,2020-03-25 06:00
8261,203,True,True,False,False,False,False,False,True,False,False,False,False,False,False,Mercredi-06-08h,NON,Mercredi,2020-03-25 06:00
8262,140,False,False,False,False,True,True,False,True,False,False,False,False,False,False,Mercredi-06-08h,NON,Mercredi,2020-03-25 06:00
8263,188,False,False,False,False,False,True,False,False,True,False,False,False,False,False,Mercredi-06-08h,NON,Mercredi,2020-03-25 06:00
8264,206,False,False,False,True,False,False,False,False,False,False,True,False,False,False,Mercredi-06-08h,OUI,Mercredi,2020-03-25 06:00
8265,273,False,False,False,False,False,False,False,False,False,False,False,True,False,False,Mercredi-06-08h,NON,Mercredi,2020-03-25 06:00
8266,69,True,False,True,False,False,False,False,False,False,False,False,False,False,False,Mercredi-06-08h,NON,Mercredi,2020-03-25 06:00
8267,87,True,False,False,True,False,False,False,False,False,False,True,False,False,False,Mercredi-06-08h,OUI,Mercredi,2020-03-25 06:00
8268,83,True,False,True,False,False,False,False,False,False,False,False,False,False,False,Mercredi-06-08h,NON,Mercredi,2020-03-25 06:00
8269,149,True,False,True,True,False,False,False,False,False,False,False,False,False,False,Mercredi-06-08h,NON,Mercredi,2020-03-25 06:00
8270,274,False,False,False,False,False,True,False,False,False,False,False,False,False,False,Mercredi-06-08h,NON,Mercredi,2020-03-25 06:00
8271,282,True,False,True,True,False,False,False,False,False,False,False,False,False,False,Mercredi-06-08h,OUI,Mercredi,2020-03-25 06:00
8272,147,False,False,False,False,False,False,False,False,False,False,False,False,False,False,Mercredi-06-08h,NON,Mercredi,2020-03-25 06:00
8273,238,False,False,False,False,False,False,False,False,False,False,False,True,False,False,Mercredi-06-08h,NON,Mercredi,2020-03-25 06:00
8274,201,False,False,False,False,False,False,False,False,False,False,False,False,False,False,Mercredi-06-08h,NON,Mercredi,2020-03-25 06:00
8275,152,False,True,False,False,False,False,False,False,False,False,False,False,False,False,Mercredi-06-08h,NON,Mercredi,2020-03-25 06:00
8276,222,False,False,False,False,False,True,False,False,True,True,False,False,False,False,Mercredi-06-08h,NON,Mercredi,2020-03-25 06:00
8277,106,False,False,False,False,False,True,False,False,False,False,False,True,False,False,Mercredi-06-08h,NON,Mercredi,2020-03-25 06:00
8278,133,False,False,True,False,True,False,False,False,False,False,False,False,False,False,Mercredi-06-08h,NON,Mercredi,2020-03-25 06:00
8279,163,False,False,False,False,True,False,False,False,False,False,False,False,False,False,Mercredi-06-08h,NON,Mercredi,2020-03-25 06:00
8280,231,False,False,False,False,False,False,False,False,False,False,False,False,False,False,Mercredi-06-08h,NON,Mercredi,2020-03-25 06:00
8281,25,False,False,False,False,True,False,False,False,False,False,False,False,False,False,Mercredi-06-08h,NON,Mercredi,2020-03-25 06:00
8282,196,False,False,True,False,True,False,False,True,False,False,False,False,False,False,Mercredi-06-08h,OUI,Mercredi,2020-03-25 06:00
8283,5,False,False,False,False,True,True,False,False,False,False,False,False,False,False,Mercredi-06-08h,NON,Mercredi,2020-03-25 06:00
8284,90,False,True,False,False,False,False,False,False,False,False,False,False,False,False,Mercredi-06-08h,NON,Mercredi,2020-03-25 06:00
8285,244,True,False,True,False,False,False,False,False,False,False,False,False,False,False,Mercredi-06-08h,OUI,Mercredi,2020-03-25 06:00
8286,107,False,True,False,False,False,True,False,False,False,False,False,False,False,False,Mercredi-06-08h,OUI,Mercredi,2020-03-25 06:00
8287,218,False,True,False,False,True,True,False,False,False,False,False,False,False,False,Mercredi-06-08h,OUI,Mercredi,2020-03-25 06:00
8288,62,False,True,True,False,True,True,False,False,False,False,False,False,False,False,Mercredi-06-08h,NON,Mercredi,2020-03-25 06:00
8289,79,False,True,False,False,False,False,False,False,False,False,False,False,False,False,Mercredi-06-08h,NON,Mercredi,2020-03-25 06:00
8290,208,False,False,False,False,False,True,False,False,False,False,False,False,False,False,Mercredi-06-08h,OUI,Mercredi,2020-03-25 06:00
8291,270,False,False,False,False,False,False,False,False,True,False,False,False,False,False,Mercredi-06-08h,NON,Mercredi,2020-03-25 06:00
8292,166,True,False,False,False,True,True,False,False,False,False,False,False,False,False,Mercredi-06-08h,OUI,Mercredi,2020-03-25 06:00
8293,77,False,False,True,False,True,False,False,False,False,False,False,False,False,False,Mercredi-06-08h,NON,Mercredi,2020-03-25 06:00
8294,29,False,False,False,False,False,True,False,False,False,False,False,True,False,False,Mercredi-06-08h,OUI,Mercredi,2020-03-25 06:00
8295,240,False,False,False,False,False,True,False,False,False,False,False,False,False,False,Mercredi-06-08h,NON,Mercredi,2020-03-25 06:00
8296,184,False,True,False,False,False,False,False,False,False,False,False,False,False,False,Mercredi-06-08h,OUI,Mercredi,2020-03-25 06:00
8297,277,False,True,True,False,False,True,False,False,False,False,False,False,False,False,Mercredi-06-08h,NON,Mercredi,2020-03-25 06:00
8298,80,True,False,False,False,False,True,False,False,False,True,False,False,False,False,Mercredi-06-08h,NON,Mercredi,2020-03-25 06:00
8299,185,True,True,True,False,False,True,False,False,False,False,True,False,True,False,Mercredi-06-08h,NON,Mercredi,2020-03-25 06:00
8300,204,False,False,False,False,True,True,False,False,False,False,False,True,False,False,Mercredi-06-08h,OUI,Mercredi,2020-03-25 06:00
8301,252,True,True,True,False,False,True,False,False,False,False,False,False,False,False,Mercredi-06-08h,NON,Mercredi,2020-03-25 06:00
8302,26,False,False,False,False,True,False,False,False,False,False,False,False,False,False,Mercredi-06-08h,NON,Mercredi,2020-03-25 06:00
8303,70,False,False,False,False,True,False,False,False,False,False,False,True,False,False,Mercredi-06-08h,OUI,Mercredi,2020-03-25 06:00
8304,233,False,False,False,False,True,False,False,False,False,False,False,False,False,False,Mercredi-06-08h,OUI,Mercredi,2020-03-25 06:00
8305,37,True,True,True,False,True,True,False,False,False,False,False,False,False,False,Mercredi-06-08h,NON,Mercredi,2020-03-25 06:00
8306,185,False,False,True,False,False,False,False,False,False,False,False,False,False,False,Mercredi-06-08h,OUI,Mercredi,2020-03-25 06:00
8307,138,True,False,False,False,True,True,False,False,False,False,False,False,False,False,Mercredi-06-08h,NON,Mercredi,2020-03-25 06:00
8308,224,True,False,True,False,False,False,False,False,False,False,False,False,False,False,Mercredi-06-08h,NON,Mercredi,2020-03-25 06:00
8309,66,False,False,False,False,True,True,False,False,False,False,False,False,True,False,Mercredi-06-08h,OUI,Mercredi,2020-03-25 06:00
8310,211,False,False,True,False,False,False,False,False,False,False,False,False,True,False,Mercredi-06-08h,NON,Mercredi,2020-03-25 06:00
8311,14,False,False,False,False,True,True,False,False,False,False,False,False,False,False,Mercredi-06-08h,NON,Mercredi,2020-03-25 06:00
8312,145,False,False,False,False,True,False,False,False,False,False,False,False,False,False,Mercredi-06-08h,NON,Mercredi,2020-03-25 06:00
8313,36,False,False,False,False,False,False,False,False,False,False,False,True,False,False,Mercredi-06-08h,OUI,Mercredi,2020-03-25 06:00
8314,60,True,True,True,False,False,True,False,False,False,False,False,False,False,False,Mercredi-06-08h,NON,Mercredi,2020-03-25 06:00
8315,137,True,True,True,False,False,True,False,False,False,False,True,False,False,False,Mercredi-06-08h,OUI,Mercredi,2020-03-25 06:00
8316,285,False,True,False,False,True,True,False,False,False,False,False,False,False,False,Mercredi-06-08h,NON,Mercredi,2020-03-25 06:00
8317,40,False,True,True,False,True,True,False,False,False,False,False,False,False,False,Mercredi-06-08h,OUI,Mercredi,2020-03-25 06:00
8318,97,False,False,False,False,False,True,False,False,False,False,False,False,False,False,Mercredi-06-08h,NON,Mercredi,2020-03-25 06:00
8319,109,True,False,True,True,False,False,False,False,False,False,False,False,False,False,Mercredi-06-08h,NON,Mercredi,2020-03-25 06:00
8320,10,False,False,False,False,False,False,False,False,False,False,False,False,False,False,Mercredi-06-08h,NON,Mercredi,2020-03-25 06:00
8321,256,False,False,False,False,False,False,False,False,False,False,False,True,False,False,Mercredi-06-08h,NON,Mercredi,2020-03-25 06:00
8322,141,True,True,True,False,False,False,False,False,False,False,True,False,False,False,Mercredi-06-08h,NON,Mercredi,2020-03-25 06:00
8323,28,False,False,False,False,False,False,False,False,False,False,False,False,False,False,Mercredi-06-08h,NON,Mercredi,2020-03-25 06:00
8324,101,True,True,True,True,True,True,False,False,False,False,False,False,False,False,Mercredi-06-08h,OUI,Mercredi,2020-03-25 06:00
8325,48,True,False,True,False,True,False,False,False,False,False,False,False,True,False,Mercredi-06-08h,OUI,Mercredi,2020-03-25 06:00
8326,27,False,False,False,False,False,True,False,False,False,False,False,False,False,False,Mercredi-06-08h,NON,Mercredi,2020-03-25 06:00
8327,142,True,False,True,False,False,False,False,False,False,False,True,False,True,False,Mercredi-06-08h,NON,Mercredi,2020-03-25 06:00
8328,234,False,False,True,False,False,False,False,False,False,False,True,False,False,False,Mercredi-06-08h,NON,Mercredi,2020-03-25 06:00
8329,23,False,False,False,False,True,False,False,False,False,False,False,False,False,False,Mercredi-06-08h,NON,Mercredi,2020-03-25 06:00
8330,195,False,False,False,False,True,False,False,False,True,False,False,False,False,False,Mercredi-06-08h,NON,Mercredi,2020-03-25 06:00
8331,275,False,False,False,False,False,False,False,False,False,False,False,True,False,False,Mercredi-06-08h,NON,Mercredi,2020-03-25 06:00
8332,226,False,False,False,False,True,True,False,False,False,False,False,False,False,False,Mercredi-06-08h,NON,Mercredi,2020-03-25 06:00
8333,207,False,False,True,False,False,False,False,False,False,False,False,False,False,False,Mercredi-06-08h,OUI,Mercredi,2020-03-25 06:00
8334,57,False,False,False,False,False,False,False,False,False,False,False,False,False,False,Mercredi-06-08h,NON,Mercredi,2020-03-25 06:00
8335,4,False,True,False,False,False,True,False,False,False,False,False,False,False,False,Mercredi-06-08h,NON,Mercredi,2020-03-25 06:00
8336,265,False,False,False,False,False,True,False,False,False,False,False,False,False,False,Mercredi-06-08h,NON,Mercredi,2020-03-25 06:00
8337,88,False,True,False,False,False,False,False,False,False,False,False,False,False,False,Mercredi-06-08h,NON,Mercredi,2020-03-25 06:00
8338,198,False,False,False,False,False,False,False,False,False,False,True,False,False,False,Mercredi-06-08h,NON,Mercredi,2020-03-25 06:00
8339,249,True,True,True,False,False,False,False,False,False,False,False,False,False,False,Mercredi-06-08h,NON,Mercredi,2020-03-25 06:00
8340,263,False,False,False,False,True,True,False,False,False,False,False,False,False,False,Mercredi-06-08h,NON,Mercredi,2020-03-25 06:00
8341,217,True,False,True,False,False,False,False,False,False,False,False,False,True,False,Mercredi-06-08h,NON,Mercredi,2020-03-25 06:00
8342,278,False,False,False,False,True,True,False,False,False,False,False,False,False,False,Mercredi-06-08h,NON,Mercredi,2020-03-25 06:00
8343,189,False,True,False,False,False,False,False,False,False,False,False,False,False,False,Mercredi-06-08h,NON,Mercredi,2020-03-25 06:00
8344,61,True,False,True,False,False,False,False,False,False,False,False,False,False,False,Mercredi-06-08h,NON,Mercredi,2020-03-25 06:00
8345,251,False,False,False,False,False,False,False,False,False,False,False,False,True,False,Mercredi-06-08h,NON,Mercredi,2020-03-25 06:00
8346,281,False,True,False,False,False,False,False,False,False,False,False,False,False,False,Mercredi-06-08h,NON,Mercredi,2020-03-25 06:00
8347,134,False,True,False,False,False,False,False,False,False,False,False,False,False,False,Mercredi-06-08h,OUI,Mercredi,2020-03-25 06:00
8348,293,False,True,False,False,False,True,False,False,False,False,False,False,False,False,Mercredi-06-08h,NON,Mercredi,2020-03-25 06:00
8349,279,True,True,True,True,False,True,False,False,False,False,False,False,False,False,Mercredi-06-08h,OUI,Mercredi,2020-03-25 06:00
8350,81,True,False,True,True,False,False,False,True,False,False,False,False,False,False,Mercredi-06-08h,NON,Mercredi,2020-03-25 06:00
8351,92,True,False,False,True,False,False,False,False,False,False,True,False,False,False,Mercredi-06-08h,NON,Mercredi,2020-03-25 06:00
8352,147,False,False,False,False,False,False,False,False,False,False,False,False,False,False,Mercredi-06-08h,NON,Mercredi,2020-03-25 06:00
8353,33,False,True,False,False,True,False,False,False,False,False,False,False,False,False,Mercredi-06-08h,NON,Mercredi,2020-03-25 06:00
8354,266,False,False,False,False,False,False,False,False,False,False,False,False,False,False,Mercredi-06-08h,NON,Mercredi,2020-03-25 06:00
8355,225,True,False,False,False,False,True,False,False,False,False,False,False,False,False,Mercredi-06-08h,NON,Mercredi,2020-03-25 06:00
8356,83,True,False,True,False,False,False,False,False,False,False,False,False,False,False,Mercredi-06-08h,NON,Mercredi,2020-03-25 06:00
8357,95,False,False,False,False,True,True,False,True,False,False,False,False,False,False,Mercredi-06-08h,NON,Mercredi,2020-03-25 06:00
8358,127,False,False,False,False,True,False,False,False,False,False,False,False,False,False,Mercredi-06-08h,NON,Mercredi,2020-03-25 06:00
8359,20,False,False,False,False,False,False,False,False,False,False,False,False,False,False,Mercredi-06-08h,NON,Mercredi,2020-03-25 06:00
8360,89,False,False,False,False,False,False,False,False,True,False,False,False,False,False,Mercredi-06-08h,OUI,Mercredi,2020-03-25 06:00
8361,120,False,True,True,False,True,True,False,True,False,False,True,False,False,False,Mercredi-06-08h,NON,Mercredi,2020-03-25 06:00
8362,253,False,False,False,False,True,True,False,False,False,False,False,True,False,False,Mercredi-06-08h,NON,Mercredi,2020-03-25 06:00
8363,52,False,False,True,False,False,False,False,False,False,False,False,False,False,False,Mercredi-06-08h,OUI,Mercredi,2020-03-25 06:00
8364,168,True,False,True,False,False,False,False,True,False,False,False,False,False,False,Mercredi-06-08h,NON,Mercredi,2020-03-25 06:00
8365,202,False,True,False,False,False,False,False,False,False,False,False,False,False,False,Mercredi-06-08h,NON,Mercredi,2020-03-25 06:00
8366,172,False,False,False,False,True,False,False,False,False,False,False,False,False,False,Mercredi-06-08h,NON,Mercredi,2020-03-25 06:00
8367,239,False,False,False,False,True,True,False,False,False,False,False,False,False,False,Mercredi-06-08h,NON,Mercredi,2020-03-25 06:00
8368,85,False,False,False,False,True,False,False,False,False,False,False,False,False,False,Mercredi-06-08h,NON,Mercredi,2020-03-25 06:00
8369,215,False,False,False,False,False,False,False,False,True,False,False,False,False,False,Mercredi-06-08h,NON,Mercredi,2020-03-25 06:00
8370,260,True,False,True,False,False,False,False,False,False,False,False,False,False,False,Mercredi-06-08h,NON,Mercredi,2020-03-25 06:00
8371,286,True,True,False,False,True,False,False,False,False,False,False,False,False,False,Mercredi-06-08h,NON,Mercredi,2020-03-25 06:00
8372,72,False,True,False,False,False,False,False,False,False,False,False,False,False,False,Mercredi-08-10h,OUI,Mercredi,2020-03-25 08:00
8373,167,True,True,True,True,True,True,False,False,False,False,False,False,False,False,Mercredi-08-10h,OUI,Mercredi,2020-03-25 08:00
8374,130,True,False,True,False,False,False,False,True,False,False,False,False,True,True,Mercredi-08-10h,OUI,Mercredi,2020-03-25 08:00
8375,288,True,True,True,False,True,False,False,False,False,False,False,False,False,False,Mercredi-08-10h,NON,Mercredi,2020-03-25 08:00
8376,59,False,False,False,False,False,True,False,False,False,False,False,False,False,False,Mercredi-08-10h,OUI,Mercredi,2020-03-25 08:00
8377,178,True,False,False,False,False,False,False,False,False,False,True,False,False,False,Mercredi-08-10h,OUI,Mercredi,2020-03-25 08:00
8378,254,False,False,False,False,False,False,False,False,False,False,False,True,False,False,Mercredi-08-10h,NON,Mercredi,2020-03-25 08:00
8379,34,False,False,False,False,False,False,False,False,False,False,False,False,False,False,Mercredi-08-10h,NON,Mercredi,2020-03-25 08:00
8380,264,False,False,False,False,True,True,True,False,False,False,False,False,False,False,Mercredi-08-10h,NON,Mercredi,2020-03-25 08:00
8381,158,True,False,False,False,True,False,False,False,False,True,False,False,False,False,Mercredi-08-10h,NON,Mercredi,2020-03-25 08:00
8382,210,False,True,False,False,True,True,False,False,False,False,False,False,False,False,Mercredi-08-10h,NON,Mercredi,2020-03-25 08:00
8383,93,False,False,False,False,True,False,False,False,False,False,False,False,True,False,Mercredi-08-10h,OUI,Mercredi,2020-03-25 08:00
8384,144,True,False,True,False,True,False,False,False,False,False,False,False,False,False,Mercredi-08-10h,OUI,Mercredi,2020-03-25 08:00
8385,164,False,True,False,False,True,True,False,False,False,False,False,False,False,False,Mercredi-08-10h,OUI,Mercredi,2020-03-25 08:00
8386,289,False,False,False,False,True,True,False,False,False,False,False,False,False,False,Mercredi-08-10h,NON,Mercredi,2020-03-25 08:00
8387,50,False,False,False,False,False,False,False,False,False,False,False,False,False,False,Mercredi-08-10h,NON,Mercredi,2020-03-25 08:00
8388,51,True,True,False,False,True,False,False,False,False,False,False,False,False,False,Mercredi-08-10h,OUI,Mercredi,2020-03-25 08:00
8389,247,False,False,True,False,False,False,False,False,False,False,False,False,False,False,Mercredi-08-10h,NON,Mercredi,2020-03-25 08:00
8390,159,False,False,False,False,False,False,False,True,False,False,False,False,False,False,Mercredi-08-10h,NON,Mercredi,2020-03-25 08:00
8391,54,False,False,False,False,False,True,False,False,False,False,False,False,False,False,Mercredi-08-10h,NON,Mercredi,2020-03-25 08:00
8392,55,True,False,False,False,True,True,False,True,False,False,False,False,False,False,Mercredi-08-10h,NON,Mercredi,2020-03-25 08:00
8393,257,False,False,False,False,True,False,False,False,False,False,False,False,False,False,Mercredi-08-10h,NON,Mercredi,2020-03-25 08:00
8394,67,False,False,False,False,False,False,False,False,False,False,False,False,False,False,Mercredi-08-10h,NON,Mercredi,2020-03-25 08:00
8395,71,True,False,True,False,False,False,False,False,False,False,False,False,False,False,Mercredi-08-10h,OUI,Mercredi,2020-03-25 08:00
8396,280,False,False,False,False,False,True,False,False,False,False,False,False,False,False,Mercredi-08-10h,OUI,Mercredi,2020-03-25 08:00
8397,283,True,True,False,False,False,False,False,False,False,False,False,False,False,False,Mercredi-08-10h,OUI,Mercredi,2020-03-25 08:00
8398,154,False,False,False,False,True,True,False,False,False,False,False,True,False,False,Mercredi-08-10h,NON,Mercredi,2020-03-25 08:00
8399,171,False,False,False,False,False,False,False,False,False,False,False,True,False,False,Mercredi-08-10h,NON,Mercredi,2020-03-25 08:00
8400,131,False,False,True,False,False,False,False,False,False,False,False,False,False,False,Mercredi-08-10h,OUI,Mercredi,2020-03-25 08:00
8401,237,True,False,False,False,False,True,True,False,False,False,False,False,True,False,Mercredi-08-10h,NON,Mercredi,2020-03-25 08:00
8402,75,False,False,False,False,True,True,False,False,False,False,False,False,False,False,Mercredi-08-10h,NON,Mercredi,2020-03-25 08:00
8403,235,True,False,False,False,True,False,False,False,False,False,False,False,False,False,Mercredi-08-10h,NON,Mercredi,2020-03-25 08:00
8404,180,False,False,False,False,True,True,False,False,False,False,False,False,False,False,Mercredi-08-10h,OUI,Mercredi,2020-03-25 08:00
8405,219,False,False,False,False,False,True,False,False,False,False,False,False,False,False,Mercredi-08-10h,OUI,Mercredi,2020-03-25 08:00
8406,250,False,False,False,False,False,False,False,False,True,False,False,False,False,False,Mercredi-08-10h,NON,Mercredi,2020-03-25 08:00
8407,267,True,True,False,False,False,False,False,False,False,False,False,False,False,False,Mercredi-08-10h,NON,Mercredi,2020-03-25 08:00
8408,160,False,True,False,False,False,True,False,False,False,False,False,False,False,False,Mercredi-08-10h,NON,Mercredi,2020-03-25 08:00
8409,182,False,True,False,False,True,True,True,False,False,False,False,False,False,False,Mercredi-08-10h,OUI,Mercredi,2020-03-25 08:00
8410,143,False,False,False,False,False,False,False,True,False,False,True,False,False,False,Mercredi-08-10h,OUI,Mercredi,2020-03-25 08:00
8411,223,True,True,False,False,False,False,False,False,False,False,False,False,False,False,Mercredi-08-10h,NON,Mercredi,2020-03-25 08:00
8412,192,True,False,True,False,False,False,False,False,False,False,False,False,False,False,Mercredi-08-10h,NON,Mercredi,2020-03-25 08:00
8413,30,False,False,True,False,False,False,False,True,False,False,False,False,False,False,Mercredi-08-10h,NON,Mercredi,2020-03-25 08:00
8414,125,True,False,False,False,True,False,False,True,False,False,False,False,False,False,Mercredi-08-10h,NON,Mercredi,2020-03-25 08:00
8415,39,False,False,True,False,True,False,False,True,False,False,False,False,False,False,Mercredi-08-10h,OUI,Mercredi,2020-03-25 08:00
8416,113,True,False,True,False,False,False,False,False,False,False,False,False,False,False,Mercredi-08-10h,NON,Mercredi,2020-03-25 08:00
8417,121,True,False,True,False,False,False,False,True,False,False,False,False,False,False,Mercredi-08-10h,NON,Mercredi,2020-03-25 08:00
8418,228,False,False,False,False,False,False,False,False,False,False,True,False,False,False,Mercredi-08-10h,OUI,Mercredi,2020-03-25 08:00
8419,290,False,False,False,False,False,False,False,False,True,False,False,False,False,False,Mercredi-08-10h,NON,Mercredi,2020-03-25 08:00
8420,197,False,False,True,False,True,False,False,False,False,False,False,False,False,False,Mercredi-08-10h,NON,Mercredi,2020-03-25 08:00
8421,31,True,True,True,False,False,True,False,False,False,False,False,False,False,False,Mercredi-08-10h,OUI,Mercredi,2020-03-25 08:00
8422,173,True,False,False,False,True,True,False,True,False,False,False,False,False,False,Mercredi-08-10h,OUI,Mercredi,2020-03-25 08:00
8423,74,True,False,False,True,False,False,False,True,False,False,True,False,False,False,Mercredi-08-10h,OUI,Mercredi,2020-03-25 08:00
8424,15,False,False,True,False,False,False,False,False,False,False,False,False,False,False,Mercredi-08-10h,NON,Mercredi,2020-03-25 08:00
8425,45,True,False,False,False,True,True,False,True,False,False,False,False,False,False,Mercredi-08-10h,NON,Mercredi,2020-03-25 08:00
8426,63,False,False,True,False,False,False,False,False,False,False,False,False,False,False,Mercredi-08-10h,NON,Mercredi,2020-03-25 08:00
8427,3,False,False,False,False,False,True,False,False,False,False,False,True,False,False,Mercredi-08-10h,OUI,Mercredi,2020-03-25 08:00
8428,21,True,False,True,False,False,False,False,False,False,False,False,False,False,False,Mercredi-08-10h,NON,Mercredi,2020-03-25 08:00
8429,78,False,True,True,False,True,True,False,True,False,False,False,False,False,False,Mercredi-08-10h,NON,Mercredi,2020-03-25 08:00
8430,47,False,True,False,False,False,False,False,False,False,False,False,False,False,False,Mercredi-08-10h,NON,Mercredi,2020-03-25 08:00
8431,151,True,True,False,False,True,False,False,True,False,False,False,False,False,False,Mercredi-08-10h,NON,Mercredi,2020-03-25 08:00
8432,6,True,False,True,False,False,False,False,False,False,False,False,False,False,False,Mercredi-08-10h,OUI,Mercredi,2020-03-25 08:00
8433,135,True,False,True,False,False,False,False,False,False,False,False,False,True,False,Mercredi-08-10h,OUI,Mercredi,2020-03-25 08:00
8434,221,False,False,False,False,True,True,False,False,False,False,False,False,False,False,Mercredi-08-10h,OUI,Mercredi,2020-03-25 08:00
8435,170,False,False,True,False,False,False,False,False,False,False,True,False,False,True,Mercredi-08-10h,OUI,Mercredi,2020-03-25 08:00
8436,129,False,True,False,False,False,False,False,False,False,False,False,False,False,False,Mercredi-08-10h,NON,Mercredi,2020-03-25 08:00
8437,132,True,True,True,False,False,True,False,False,False,False,False,False,False,False,Mercredi-08-10h,OUI,Mercredi,2020-03-25 08:00
8438,110,False,True,False,False,False,False,False,False,False,False,False,False,False,False,Mercredi-08-10h,NON,Mercredi,2020-03-25 08:00
8439,191,False,False,False,False,False,True,False,False,False,False,False,False,False,False,Mercredi-08-10h,NON,Mercredi,2020-03-25 08:00
8440,94,True,True,True,False,False,True,False,False,False,False,True,False,True,False,Mercredi-08-10h,OUI,Mercredi,2020-03-25 08:00
8441,108,False,False,False,False,False,True,True,False,False,False,False,False,False,False,Mercredi-08-10h,OUI,Mercredi,2020-03-25 08:00
8442,236,False,False,False,False,True,True,False,False,False,False,False,False,False,False,Mercredi-08-10h,OUI,Mercredi,2020-03-25 08:00
8443,42,True,False,True,False,True,False,False,False,False,False,False,False,False,False,Mercredi-08-10h,NON,Mercredi,2020-03-25 08:00
8444,155,True,False,False,False,True,False,False,False,False,False,False,False,False,False,Mercredi-08-10h,NON,Mercredi,2020-03-25 08:00
8445,1,False,False,False,False,False,False,False,False,False,False,False,False,False,False,Mercredi-08-10h,NON,Mercredi,2020-03-25 08:00
8446,58,False,True,True,False,False,True,False,False,False,False,True,False,False,False,Mercredi-08-10h,OUI,Mercredi,2020-03-25 08:00
8447,0,False,True,False,False,False,False,False,False,False,False,False,False,False,False,Mercredi-08-10h,NON,Mercredi,2020-03-25 08:00
8448,269,False,False,False,False,False,False,False,False,False,False,False,False,False,False,Mercredi-08-10h,NON,Mercredi,2020-03-25 08:00
8449,2,True,False,True,False,False,False,False,False,False,False,False,False,False,False,Mercredi-08-10h,NON,Mercredi,2020-03-25 08:00
8450,103,False,False,False,False,True,False,False,False,False,False,False,False,False,False,Mercredi-08-10h,OUI,Mercredi,2020-03-25 08:00
8451,12,False,True,False,False,True,False,False,False,False,False,False,False,False,False,Mercredi-08-10h,NON,Mercredi,2020-03-25 08:00
8452,245,True,False,False,False,True,True,False,True,False,False,False,False,False,False,Mercredi-08-10h,OUI,Mercredi,2020-03-25 08:00
8453,161,False,False,True,False,False,False,False,False,False,False,True,False,False,False,Mercredi-08-10h,NON,Mercredi,2020-03-25 08:00
8454,38,False,False,False,False,False,False,False,False,True,False,False,False,False,False,Mercredi-08-10h,NON,Mercredi,2020-03-25 08:00
8455,122,False,False,False,False,False,False,False,False,False,False,False,False,False,False,Mercredi-08-10h,NON,Mercredi,2020-03-25 08:00
8456,248,False,False,True,False,False,False,False,False,False,False,False,False,True,False,Mercredi-08-10h,NON,Mercredi,2020-03-25 08:00
8457,271,False,True,True,False,False,True,False,False,False,False,False,False,False,False,Mercredi-08-10h,OUI,Mercredi,2020-03-25 08:00
8458,116,False,False,True,False,False,False,False,False,False,False,False,False,False,False,Mercredi-08-10h,OUI,Mercredi,2020-03-25 08:00
8459,117,True,True,True,True,False,True,False,False,False,False,False,False,False,False,Mercredi-08-10h,NON,Mercredi,2020-03-25 08:00
8460,213,False,False,False,False,True,True,False,True,False,False,False,False,False,False,Mercredi-08-10h,NON,Mercredi,2020-03-25 08:00
8461,220,False,True,True,False,False,True,False,False,False,False,False,False,False,False,Mercredi-08-10h,OUI,Mercredi,2020-03-25 08:00
8462,176,False,False,True,False,False,False,False,False,False,False,False,False,False,False,Mercredi-08-10h,NON,Mercredi,2020-03-25 08:00
8463,96,False,False,False,False,True,True,False,False,False,True,False,False,False,False,Mercredi-08-10h,NON,Mercredi,2020-03-25 08:00
8464,214,False,False,False,False,True,True,False,False,False,True,False,False,False,False,Mercredi-08-10h,OUI,Mercredi,2020-03-25 08:00
8465,11,True,False,False,True,False,False,False,False,False,False,True,False,False,False,Mercredi-08-10h,NON,Mercredi,2020-03-25 08:00
8466,255,True,False,True,False,False,False,False,True,False,False,False,False,False,False,Mercredi-08-10h,OUI,Mercredi,2020-03-25 08:00
8467,86,False,False,True,False,False,False,False,False,False,False,False,False,False,False,Mercredi-08-10h,OUI,Mercredi,2020-03-25 08:00
8468,209,True,False,False,False,True,True,False,True,False,False,False,False,False,False,Mercredi-08-10h,OUI,Mercredi,2020-03-25 08:00
8469,291,False,False,False,False,False,True,False,False,True,False,False,False,False,False,Mercredi-08-10h,NON,Mercredi,2020-03-25 08:00
8470,287,False,False,False,False,False,False,False,False,False,False,False,True,False,False,Mercredi-08-10h,NON,Mercredi,2020-03-25 08:00
8471,104,False,False,False,False,True,True,False,False,False,False,False,False,False,False,Mercredi-08-10h,OUI,Mercredi,2020-03-25 08:00
8472,18,False,False,False,False,True,False,False,False,False,False,False,False,False,False,Mercredi-08-10h,OUI,Mercredi,2020-03-25 08:00
8473,123,False,True,False,False,True,True,False,False,False,False,False,False,False,False,Mercredi-08-10h,NON,Mercredi,2020-03-25 08:00
8474,136,False,False,False,False,True,False,False,False,False,False,False,False,False,False,Mercredi-08-10h,NON,Mercredi,2020-03-25 08:00
8475,276,True,False,True,False,False,False,False,False,False,False,False,False,False,False,Mercredi-08-10h,NON,Mercredi,2020-03-25 08:00
8476,53,False,False,False,False,True,True,False,False,False,False,False,False,False,False,Mercredi-08-10h,OUI,Mercredi,2020-03-25 08:00
8477,179,True,False,True,False,False,False,False,False,False,False,False,False,False,False,Mercredi-08-10h,OUI,Mercredi,2020-03-25 08:00
8478,200,False,False,False,False,False,False,False,False,False,False,False,False,False,False,Mercredi-08-10h,NON,Mercredi,2020-03-25 08:00
8479,73,False,False,False,False,False,False,False,False,False,False,False,False,False,False,Mercredi-08-10h,NON,Mercredi,2020-03-25 08:00
8480,156,False,False,False,False,True,True,False,False,False,False,False,False,False,False,Mercredi-08-10h,NON,Mercredi,2020-03-25 08:00
8481,128,True,True,True,False,False,True,False,False,False,False,False,False,False,False,Mercredi-08-10h,NON,Mercredi,2020-03-25 08:00
8482,118,False,False,False,False,False,False,False,False,False,False,False,False,False,False,Mercredi-08-10h,NON,Mercredi,2020-03-25 08:00
8483,112,True,False,True,False,False,False,False,False,False,False,False,False,False,False,Mercredi-08-10h,OUI,Mercredi,2020-03-25 08:00
8484,35,False,False,False,False,True,True,False,False,False,False,False,False,False,False,Mercredi-08-10h,NON,Mercredi,2020-03-25 08:00
8485,32,False,False,False,False,False,False,False,False,False,False,False,True,False,False,Mercredi-08-10h,NON,Mercredi,2020-03-25 08:00
8486,199,True,False,True,False,False,False,False,False,False,False,False,False,False,False,Mercredi-08-10h,NON,Mercredi,2020-03-25 08:00
8487,153,True,False,False,False,True,True,False,False,False,False,False,False,False,False,Mercredi-08-10h,NON,Mercredi,2020-03-25 08:00
8488,82,False,False,True,False,False,False,False,False,False,False,False,False,False,False,Mercredi-08-10h,OUI,Mercredi,2020-03-25 08:00
8489,292,False,True,False,False,False,False,False,False,False,False,False,False,False,False,Mercredi-08-10h,OUI,Mercredi,2020-03-25 08:00
8490,169,False,False,False,True,False,False,False,False,False,False,False,False,False,False,Mercredi-08-10h,OUI,Mercredi,2020-03-25 08:00
8491,16,False,False,False,False,True,True,False,False,False,False,False,False,False,False,Mercredi-08-10h,OUI,Mercredi,2020-03-25 08:00
8492,46,True,True,True,False,False,True,True,False,False,False,False,False,False,False,Mercredi-08-10h,NON,Mercredi,2020-03-25 08:00
8493,216,False,True,False,False,False,True,False,False,False,False,False,False,False,False,Mercredi-08-10h,NON,Mercredi,2020-03-25 08:00
8494,174,False,True,True,False,False,True,False,False,False,False,True,False,False,False,Mercredi-08-10h,NON,Mercredi,2020-03-25 08:00
8495,43,False,False,False,False,True,False,False,False,False,False,False,False,False,False,Mercredi-08-10h,NON,Mercredi,2020-03-25 08:00
8496,165,False,False,False,False,True,True,False,False,False,False,False,False,False,False,Mercredi-08-10h,NON,Mercredi,2020-03-25 08:00
8497,126,False,True,False,False,False,True,False,False,False,False,False,False,False,False,Mercredi-08-10h,NON,Mercredi,2020-03-25 08:00
8498,41,False,False,False,False,False,True,False,False,True,False,False,False,False,False,Mercredi-08-10h,NON,Mercredi,2020-03-25 08:00
8499,157,False,False,True,False,False,False,False,False,False,False,False,False,False,False,Mercredi-08-10h,OUI,Mercredi,2020-03-25 08:00
8500,272,False,True,True,False,False,False,True,False,False,False,True,False,True,True,Mercredi-08-10h,OUI,Mercredi,2020-03-25 08:00
8501,115,True,False,True,False,False,False,False,False,False,False,False,False,False,False,Mercredi-08-10h,NON,Mercredi,2020-03-25 08:00
8502,84,False,False,False,False,False,False,False,False,False,False,False,True,False,False,Mercredi-08-10h,NON,Mercredi,2020-03-25 08:00
8503,183,True,True,True,True,False,False,False,False,False,False,False,False,False,False,Mercredi-08-10h,OUI,Mercredi,2020-03-25 08:00
8504,65,True,True,False,False,False,True,False,False,False,False,False,False,False,False,Mercredi-08-10h,NON,Mercredi,2020-03-25 08:00
8505,105,True,False,False,False,False,False,False,False,False,False,False,False,False,False,Mercredi-08-10h,OUI,Mercredi,2020-03-25 08:00
8506,187,True,False,False,False,False,True,False,False,False,False,False,False,False,False,Mercredi-08-10h,OUI,Mercredi,2020-03-25 08:00
8507,139,True,False,True,False,False,False,False,False,False,False,False,False,False,False,Mercredi-08-10h,OUI,Mercredi,2020-03-25 08:00
8508,259,False,False,False,False,True,True,False,False,False,False,False,False,False,False,Mercredi-08-10h,OUI,Mercredi,2020-03-25 08:00
8509,124,True,False,True,False,False,False,False,False,False,False,True,False,False,False,Mercredi-08-10h,OUI,Mercredi,2020-03-25 08:00
8510,98,False,False,False,False,False,True,False,False,False,False,False,True,False,False,Mercredi-08-10h,OUI,Mercredi,2020-03-25 08:00
8511,284,False,True,True,False,False,True,False,False,False,False,False,False,True,False,Mercredi-08-10h,OUI,Mercredi,2020-03-25 08:00
8512,148,True,False,True,False,True,False,False,True,False,False,False,False,False,False,Mercredi-08-10h,OUI,Mercredi,2020-03-25 08:00
8513,258,True,False,True,False,False,False,False,False,False,False,False,False,False,False,Mercredi-08-10h,NON,Mercredi,2020-03-25 08:00
8514,175,False,False,False,False,False,True,False,False,False,False,False,False,False,False,Mercredi-08-10h,NON,Mercredi,2020-03-25 08:00
8515,119,False,False,False,False,False,False,False,False,False,False,True,False,False,False,Mercredi-08-10h,NON,Mercredi,2020-03-25 08:00
8516,229,True,False,True,False,False,False,False,True,False,False,False,False,False,False,Mercredi-08-10h,OUI,Mercredi,2020-03-25 08:00
8517,230,False,False,False,False,False,True,True,False,False,False,False,False,False,False,Mercredi-08-10h,NON,Mercredi,2020-03-25 08:00
8518,17,True,False,False,False,False,True,True,False,False,False,False,False,False,False,Mercredi-08-10h,OUI,Mercredi,2020-03-25 08:00
8519,177,False,False,False,False,False,False,False,False,False,False,False,False,False,False,Mercredi-08-10h,NON,Mercredi,2020-03-25 08:00
8520,7,False,False,False,False,False,False,False,False,False,False,False,False,False,False,Mercredi-08-10h,NON,Mercredi,2020-03-25 08:00
8521,241,False,False,True,False,False,False,False,False,False,False,False,False,False,False,Mercredi-08-10h,NON,Mercredi,2020-03-25 08:00
8522,8,True,False,False,False,True,True,False,True,False,False,False,False,False,False,Mercredi-08-10h,NON,Mercredi,2020-03-25 08:00
8523,268,False,True,False,False,False,True,False,False,False,False,False,False,False,False,Mercredi-08-10h,OUI,Mercredi,2020-03-25 08:00
8524,294,False,False,True,False,True,False,False,False,False,False,False,False,False,False,Mercredi-08-10h,OUI,Mercredi,2020-03-25 08:00
8525,242,True,False,False,False,True,True,False,False,False,False,False,False,False,False,Mercredi-08-10h,NON,Mercredi,2020-03-25 08:00
8526,194,False,False,False,False,False,True,False,False,False,False,False,False,False,False,Mercredi-08-10h,NON,Mercredi,2020-03-25 08:00
8527,243,False,False,False,False,True,True,False,False,False,False,False,False,False,False,Mercredi-08-10h,OUI,Mercredi,2020-03-25 08:00
8528,212,True,True,True,False,False,True,False,False,False,False,False,False,False,False,Mercredi-08-10h,OUI,Mercredi,2020-03-25 08:00
8529,19,False,False,False,False,False,True,False,False,False,False,False,False,False,False,Mercredi-08-10h,OUI,Mercredi,2020-03-25 08:00
8530,114,False,False,False,False,True,False,False,False,False,False,False,False,False,False,Mercredi-08-10h,OUI,Mercredi,2020-03-25 08:00
8531,190,False,False,False,False,False,True,False,False,True,False,False,False,False,False,Mercredi-08-10h,NON,Mercredi,2020-03-25 08:00
8532,64,False,False,True,False,False,False,False,False,False,False,False,False,False,False,Mercredi-08-10h,OUI,Mercredi,2020-03-25 08:00
8533,227,False,False,False,False,False,False,False,False,False,False,False,False,False,False,Mercredi-08-10h,NON,Mercredi,2020-03-25 08:00
8534,232,False,False,False,False,False,True,False,False,False,False,False,False,False,False,Mercredi-08-10h,OUI,Mercredi,2020-03-25 08:00
8535,246,False,True,False,False,False,True,True,False,False,False,False,False,False,False,Mercredi-08-10h,NON,Mercredi,2020-03-25 08:00
8536,100,False,False,False,False,False,True,False,False,False,False,False,False,False,False,Mercredi-08-10h,NON,Mercredi,2020-03-25 08:00
8537,13,False,False,False,False,True,False,False,False,False,False,False,False,False,False,Mercredi-08-10h,NON,Mercredi,2020-03-25 08:00
8538,262,True,True,True,False,False,False,False,False,False,False,False,False,False,False,Mercredi-08-10h,NON,Mercredi,2020-03-25 08:00
8539,76,True,True,True,False,False,True,False,False,False,False,True,False,False,False,Mercredi-08-10h,NON,Mercredi,2020-03-25 08:00
8540,261,False,True,False,False,True,False,False,False,False,False,False,False,False,False,Mercredi-08-10h,OUI,Mercredi,2020-03-25 08:00
8541,150,False,True,False,False,False,False,False,False,False,False,False,False,False,False,Mercredi-08-10h,OUI,Mercredi,2020-03-25 08:00
8542,205,False,False,False,False,False,False,False,False,False,False,False,False,False,False,Mercredi-08-10h,NON,Mercredi,2020-03-25 08:00
8543,56,False,False,False,False,True,True,False,False,False,False,False,False,False,False,Mercredi-08-10h,OUI,Mercredi,2020-03-25 08:00
8544,186,False,False,False,False,True,False,False,False,False,False,False,False,False,False,Mercredi-08-10h,OUI,Mercredi,2020-03-25 08:00
8545,162,True,False,False,False,True,True,False,False,False,False,False,False,False,False,Mercredi-08-10h,NON,Mercredi,2020-03-25 08:00
8546,68,False,True,False,False,True,True,False,False,False,False,False,False,False,False,Mercredi-08-10h,OUI,Mercredi,2020-03-25 08:00
8547,146,False,False,False,False,False,True,False,False,False,False,False,True,False,False,Mercredi-08-10h,OUI,Mercredi,2020-03-25 08:00
8548,49,False,False,False,False,False,False,False,False,False,False,False,False,True,False,Mercredi-08-10h,NON,Mercredi,2020-03-25 08:00
8549,91,True,False,True,True,False,False,False,False,False,False,False,False,False,False,Mercredi-08-10h,OUI,Mercredi,2020-03-25 08:00
8550,22,False,False,False,False,False,False,False,False,False,True,False,False,False,False,Mercredi-08-10h,NON,Mercredi,2020-03-25 08:00
8551,151,False,False,False,False,True,False,False,False,False,False,False,False,False,False,Mercredi-08-10h,NON,Mercredi,2020-03-25 08:00
8552,193,False,False,False,False,True,True,False,False,False,False,False,False,False,False,Mercredi-08-10h,OUI,Mercredi,2020-03-25 08:00
8553,9,True,True,False,False,False,False,False,False,False,False,False,False,False,False,Mercredi-08-10h,NON,Mercredi,2020-03-25 08:00
8554,99,True,False,True,False,False,False,False,False,False,False,False,False,False,False,Mercredi-08-10h,NON,Mercredi,2020-03-25 08:00
8555,181,False,False,False,False,True,True,False,False,False,False,False,False,False,False,Mercredi-08-10h,OUI,Mercredi,2020-03-25 08:00
8556,111,False,False,False,False,False,True,False,True,False,False,False,False,False,False,Mercredi-08-10h,OUI,Mercredi,2020-03-25 08:00
8557,44,False,True,False,False,False,True,False,False,False,False,False,False,False,False,Mercredi-08-10h,NON,Mercredi,2020-03-25 08:00
8558,24,False,False,False,False,True,False,False,True,False,False,False,False,False,False,Mercredi-08-10h,NON,Mercredi,2020-03-25 08:00
8559,102,False,False,False,False,True,True,False,True,False,False,False,False,False,False,Mercredi-08-10h,NON,Mercredi,2020-03-25 08:00
8560,203,True,True,False,False,False,False,False,True,False,False,False,False,False,False,Mercredi-08-10h,NON,Mercredi,2020-03-25 08:00
8561,140,False,False,False,False,True,True,False,True,False,False,False,False,False,False,Mercredi-08-10h,NON,Mercredi,2020-03-25 08:00
8562,188,False,False,False,False,False,True,False,False,True,False,False,False,False,False,Mercredi-08-10h,NON,Mercredi,2020-03-25 08:00
8563,206,False,False,False,True,False,False,False,False,False,False,True,False,False,False,Mercredi-08-10h,OUI,Mercredi,2020-03-25 08:00
8564,273,False,False,False,False,False,False,False,False,False,False,False,True,False,False,Mercredi-08-10h,OUI,Mercredi,2020-03-25 08:00
8565,69,True,False,True,False,False,False,False,False,False,False,False,False,False,False,Mercredi-08-10h,NON,Mercredi,2020-03-25 08:00
8566,87,True,False,False,True,False,False,False,False,False,False,True,False,False,False,Mercredi-08-10h,NON,Mercredi,2020-03-25 08:00
8567,83,True,False,True,False,False,False,False,False,False,False,False,False,False,False,Mercredi-08-10h,NON,Mercredi,2020-03-25 08:00
8568,149,True,False,True,True,False,False,False,False,False,False,False,False,False,False,Mercredi-08-10h,NON,Mercredi,2020-03-25 08:00
8569,274,False,False,False,False,False,True,False,False,False,False,False,False,False,False,Mercredi-08-10h,NON,Mercredi,2020-03-25 08:00
8570,282,True,False,True,True,False,False,False,False,False,False,False,False,False,False,Mercredi-08-10h,OUI,Mercredi,2020-03-25 08:00
8571,147,False,False,False,False,False,False,False,False,False,False,False,False,False,False,Mercredi-08-10h,NON,Mercredi,2020-03-25 08:00
8572,238,False,False,False,False,False,False,False,False,False,False,False,True,False,False,Mercredi-08-10h,NON,Mercredi,2020-03-25 08:00
8573,201,False,False,False,False,False,False,False,False,False,False,False,False,False,False,Mercredi-08-10h,NON,Mercredi,2020-03-25 08:00
8574,152,False,True,False,False,False,False,False,False,False,False,False,False,False,False,Mercredi-08-10h,NON,Mercredi,2020-03-25 08:00
8575,222,False,False,False,False,False,True,False,False,True,True,False,False,False,False,Mercredi-08-10h,NON,Mercredi,2020-03-25 08:00
8576,106,False,False,False,False,False,True,False,False,False,False,False,True,False,False,Mercredi-08-10h,NON,Mercredi,2020-03-25 08:00
8577,133,False,False,True,False,True,False,False,False,False,False,False,False,False,False,Mercredi-08-10h,NON,Mercredi,2020-03-25 08:00
8578,163,False,False,False,False,True,False,False,False,False,False,False,False,False,False,Mercredi-08-10h,NON,Mercredi,2020-03-25 08:00
8579,231,False,False,False,False,False,False,False,False,False,False,False,False,False,False,Mercredi-08-10h,NON,Mercredi,2020-03-25 08:00
8580,25,False,False,False,False,True,False,False,False,False,False,False,False,False,False,Mercredi-08-10h,NON,Mercredi,2020-03-25 08:00
8581,196,False,False,True,False,True,False,False,True,False,False,False,False,False,False,Mercredi-08-10h,OUI,Mercredi,2020-03-25 08:00
8582,5,False,False,False,False,True,True,False,False,False,False,False,False,False,False,Mercredi-08-10h,NON,Mercredi,2020-03-25 08:00
8583,90,False,True,False,False,False,False,False,False,False,False,False,False,False,False,Mercredi-08-10h,NON,Mercredi,2020-03-25 08:00
8584,244,True,False,True,False,False,False,False,False,False,False,False,False,False,False,Mercredi-08-10h,OUI,Mercredi,2020-03-25 08:00
8585,107,False,True,False,False,False,True,False,False,False,False,False,False,False,False,Mercredi-08-10h,OUI,Mercredi,2020-03-25 08:00
8586,218,False,True,False,False,True,True,False,False,False,False,False,False,False,False,Mercredi-08-10h,NON,Mercredi,2020-03-25 08:00
8587,62,False,True,True,False,True,True,False,False,False,False,False,False,False,False,Mercredi-08-10h,NON,Mercredi,2020-03-25 08:00
8588,79,False,True,False,False,False,False,False,False,False,False,False,False,False,False,Mercredi-08-10h,NON,Mercredi,2020-03-25 08:00
8589,208,False,False,False,False,False,True,False,False,False,False,False,False,False,False,Mercredi-08-10h,OUI,Mercredi,2020-03-25 08:00
8590,270,False,False,False,False,False,False,False,False,True,False,False,False,False,False,Mercredi-08-10h,NON,Mercredi,2020-03-25 08:00
8591,166,True,False,False,False,True,True,False,False,False,False,False,False,False,False,Mercredi-08-10h,OUI,Mercredi,2020-03-25 08:00
8592,77,False,False,True,False,True,False,False,False,False,False,False,False,False,False,Mercredi-08-10h,NON,Mercredi,2020-03-25 08:00
8593,29,False,False,False,False,False,True,False,False,False,False,False,True,False,False,Mercredi-08-10h,OUI,Mercredi,2020-03-25 08:00
8594,240,False,False,False,False,False,True,False,False,False,False,False,False,False,False,Mercredi-08-10h,NON,Mercredi,2020-03-25 08:00
8595,184,False,True,False,False,False,False,False,False,False,False,False,False,False,False,Mercredi-08-10h,OUI,Mercredi,2020-03-25 08:00
8596,277,False,True,True,False,False,True,False,False,False,False,False,False,False,False,Mercredi-08-10h,NON,Mercredi,2020-03-25 08:00
8597,80,True,False,False,False,False,True,False,False,False,True,False,False,False,False,Mercredi-08-10h,NON,Mercredi,2020-03-25 08:00
8598,185,True,True,True,False,False,True,False,False,False,False,True,False,True,False,Mercredi-08-10h,NON,Mercredi,2020-03-25 08:00
8599,204,False,False,False,False,True,True,False,False,False,False,False,True,False,False,Mercredi-08-10h,OUI,Mercredi,2020-03-25 08:00
8600,252,True,True,True,False,False,True,False,False,False,False,False,False,False,False,Mercredi-08-10h,NON,Mercredi,2020-03-25 08:00
8601,26,False,False,False,False,True,False,False,False,False,False,False,False,False,False,Mercredi-08-10h,NON,Mercredi,2020-03-25 08:00
8602,70,False,False,False,False,True,False,False,False,False,False,False,True,False,False,Mercredi-08-10h,OUI,Mercredi,2020-03-25 08:00
8603,233,False,False,False,False,True,False,False,False,False,False,False,False,False,False,Mercredi-08-10h,OUI,Mercredi,2020-03-25 08:00
8604,37,True,True,True,False,True,True,False,False,False,False,False,False,False,False,Mercredi-08-10h,NON,Mercredi,2020-03-25 08:00
8605,185,False,False,True,False,False,False,False,False,False,False,False,False,False,False,Mercredi-08-10h,OUI,Mercredi,2020-03-25 08:00
8606,138,True,False,False,False,True,True,False,False,False,False,False,False,False,False,Mercredi-08-10h,NON,Mercredi,2020-03-25 08:00
8607,224,True,False,True,False,False,False,False,False,False,False,False,False,False,False,Mercredi-08-10h,NON,Mercredi,2020-03-25 08:00
8608,66,False,False,False,False,True,True,False,False,False,False,False,False,True,False,Mercredi-08-10h,OUI,Mercredi,2020-03-25 08:00
8609,211,False,False,True,False,False,False,False,False,False,False,False,False,True,False,Mercredi-08-10h,NON,Mercredi,2020-03-25 08:00
8610,14,False,False,False,False,True,True,False,False,False,False,False,False,False,False,Mercredi-08-10h,NON,Mercredi,2020-03-25 08:00
8611,145,False,False,False,False,True,False,False,False,False,False,False,False,False,False,Mercredi-08-10h,NON,Mercredi,2020-03-25 08:00
8612,36,False,False,False,False,False,False,False,False,False,False,False,True,False,False,Mercredi-08-10h,OUI,Mercredi,2020-03-25 08:00
8613,60,True,True,True,False,False,True,False,False,False,False,False,False,False,False,Mercredi-08-10h,NON,Mercredi,2020-03-25 08:00
8614,137,True,True,True,False,False,True,False,False,False,False,True,False,False,False,Mercredi-08-10h,OUI,Mercredi,2020-03-25 08:00
8615,285,False,True,False,False,True,True,False,False,False,False,False,False,False,False,Mercredi-08-10h,OUI,Mercredi,2020-03-25 08:00
8616,40,False,True,True,False,True,True,False,False,False,False,False,False,False,False,Mercredi-08-10h,OUI,Mercredi,2020-03-25 08:00
8617,97,False,False,False,False,False,True,False,False,False,False,False,False,False,False,Mercredi-08-10h,NON,Mercredi,2020-03-25 08:00
8618,109,True,False,True,True,False,False,False,False,False,False,False,False,False,False,Mercredi-08-10h,NON,Mercredi,2020-03-25 08:00
8619,10,False,False,False,False,False,False,False,False,False,False,False,False,False,False,Mercredi-08-10h,NON,Mercredi,2020-03-25 08:00
8620,256,False,False,False,False,False,False,False,False,False,False,False,True,False,False,Mercredi-08-10h,NON,Mercredi,2020-03-25 08:00
8621,141,True,True,True,False,False,False,False,False,False,False,True,False,False,False,Mercredi-08-10h,NON,Mercredi,2020-03-25 08:00
8622,28,False,False,False,False,False,False,False,False,False,False,False,False,False,False,Mercredi-08-10h,NON,Mercredi,2020-03-25 08:00
8623,101,True,True,True,True,True,True,False,False,False,False,False,False,False,False,Mercredi-08-10h,OUI,Mercredi,2020-03-25 08:00
8624,48,True,False,True,False,True,False,False,False,False,False,False,False,True,False,Mercredi-08-10h,OUI,Mercredi,2020-03-25 08:00
8625,27,False,False,False,False,False,True,False,False,False,False,False,False,False,False,Mercredi-08-10h,NON,Mercredi,2020-03-25 08:00
8626,142,True,False,True,False,False,False,False,False,False,False,True,False,True,False,Mercredi-08-10h,NON,Mercredi,2020-03-25 08:00
8627,234,False,False,True,False,False,False,False,False,False,False,True,False,False,False,Mercredi-08-10h,NON,Mercredi,2020-03-25 08:00
8628,23,False,False,False,False,True,False,False,False,False,False,False,False,False,False,Mercredi-08-10h,NON,Mercredi,2020-03-25 08:00
8629,195,False,False,False,False,True,False,False,False,True,False,False,False,False,False,Mercredi-08-10h,NON,Mercredi,2020-03-25 08:00
8630,275,False,False,False,False,False,False,False,False,False,False,False,True,False,False,Mercredi-08-10h,NON,Mercredi,2020-03-25 08:00
8631,226,False,False,False,False,True,True,False,False,False,False,False,False,False,False,Mercredi-08-10h,NON,Mercredi,2020-03-25 08:00
8632,207,False,False,True,False,False,False,False,False,False,False,False,False,False,False,Mercredi-08-10h,OUI,Mercredi,2020-03-25 08:00
8633,57,False,False,False,False,False,False,False,False,False,False,False,False,False,False,Mercredi-08-10h,NON,Mercredi,2020-03-25 08:00
8634,4,False,True,False,False,False,True,False,False,False,False,False,False,False,False,Mercredi-08-10h,NON,Mercredi,2020-03-25 08:00
8635,265,False,False,False,False,False,True,False,False,False,False,False,False,False,False,Mercredi-08-10h,OUI,Mercredi,2020-03-25 08:00
8636,88,False,True,False,False,False,False,False,False,False,False,False,False,False,False,Mercredi-08-10h,NON,Mercredi,2020-03-25 08:00
8637,198,False,False,False,False,False,False,False,False,False,False,True,False,False,False,Mercredi-08-10h,NON,Mercredi,2020-03-25 08:00
8638,249,True,True,True,False,False,False,False,False,False,False,False,False,False,False,Mercredi-08-10h,NON,Mercredi,2020-03-25 08:00
8639,263,False,False,False,False,True,True,False,False,False,False,False,False,False,False,Mercredi-08-10h,NON,Mercredi,2020-03-25 08:00
8640,217,True,False,True,False,False,False,False,False,False,False,False,False,True,False,Mercredi-08-10h,NON,Mercredi,2020-03-25 08:00
8641,278,False,False,False,False,True,True,False,False,False,False,False,False,False,False,Mercredi-08-10h,NON,Mercredi,2020-03-25 08:00
8642,189,False,True,False,False,False,False,False,False,False,False,False,False,False,False,Mercredi-08-10h,NON,Mercredi,2020-03-25 08:00
8643,61,True,False,True,False,False,False,False,False,False,False,False,False,False,False,Mercredi-08-10h,NON,Mercredi,2020-03-25 08:00
8644,251,False,False,False,False,False,False,False,False,False,False,False,False,True,False,Mercredi-08-10h,NON,Mercredi,2020-03-25 08:00
8645,281,False,True,False,False,False,False,False,False,False,False,False,False,False,False,Mercredi-08-10h,NON,Mercredi,2020-03-25 08:00
8646,134,False,True,False,False,False,False,False,False,False,False,False,False,False,False,Mercredi-08-10h,OUI,Mercredi,2020-03-25 08:00
8647,293,False,True,False,False,False,True,False,False,False,False,False,False,False,False,Mercredi-08-10h,OUI,Mercredi,2020-03-25 08:00
8648,279,True,True,True,True,False,True,False,False,False,False,False,False,False,False,Mercredi-08-10h,NON,Mercredi,2020-03-25 08:00
8649,81,True,False,True,True,False,False,False,True,False,False,False,False,False,False,Mercredi-08-10h,NON,Mercredi,2020-03-25 08:00
8650,92,True,False,False,True,False,False,False,False,False,False,True,False,False,False,Mercredi-08-10h,NON,Mercredi,2020-03-25 08:00
8651,147,False,False,False,False,False,False,False,False,False,False,False,False,False,False,Mercredi-08-10h,NON,Mercredi,2020-03-25 08:00
8652,33,False,True,False,False,True,False,False,False,False,False,False,False,False,False,Mercredi-08-10h,NON,Mercredi,2020-03-25 08:00
8653,266,False,False,False,False,False,False,False,False,False,False,False,False,False,False,Mercredi-08-10h,NON,Mercredi,2020-03-25 08:00
8654,225,True,False,False,False,False,True,False,False,False,False,False,False,False,False,Mercredi-08-10h,NON,Mercredi,2020-03-25 08:00
8655,83,True,False,True,False,False,False,False,False,False,False,False,False,False,False,Mercredi-08-10h,NON,Mercredi,2020-03-25 08:00
8656,95,False,False,False,False,True,True,False,True,False,False,False,False,False,False,Mercredi-08-10h,OUI,Mercredi,2020-03-25 08:00
8657,127,False,False,False,False,True,False,False,False,False,False,False,False,False,False,Mercredi-08-10h,NON,Mercredi,2020-03-25 08:00
8658,20,False,False,False,False,False,False,False,False,False,False,False,False,False,False,Mercredi-08-10h,NON,Mercredi,2020-03-25 08:00
8659,89,False,False,False,False,False,False,False,False,True,False,False,False,False,False,Mercredi-08-10h,OUI,Mercredi,2020-03-25 08:00
8660,120,False,True,True,False,True,True,False,True,False,False,True,False,False,False,Mercredi-08-10h,NON,Mercredi,2020-03-25 08:00
8661,253,False,False,False,False,True,True,False,False,False,False,False,True,False,False,Mercredi-08-10h,NON,Mercredi,2020-03-25 08:00
8662,52,False,False,True,False,False,False,False,False,False,False,False,False,False,False,Mercredi-08-10h,OUI,Mercredi,2020-03-25 08:00
8663,168,True,False,True,False,False,False,False,True,False,False,False,False,False,False,Mercredi-08-10h,NON,Mercredi,2020-03-25 08:00
8664,202,False,True,False,False,False,False,False,False,False,False,False,False,False,False,Mercredi-08-10h,NON,Mercredi,2020-03-25 08:00
8665,172,False,False,False,False,True,False,False,False,False,False,False,False,False,False,Mercredi-08-10h,NON,Mercredi,2020-03-25 08:00
8666,239,False,False,False,False,True,True,False,False,False,False,False,False,False,False,Mercredi-08-10h,NON,Mercredi,2020-03-25 08:00
8667,85,False,False,False,False,True,False,False,False,False,False,False,False,False,False,Mercredi-08-10h,NON,Mercredi,2020-03-25 08:00
8668,215,False,False,False,False,False,False,False,False,True,False,False,False,False,False,Mercredi-08-10h,NON,Mercredi,2020-03-25 08:00
8669,260,True,False,True,False,False,False,False,False,False,False,False,False,False,False,Mercredi-08-10h,NON,Mercredi,2020-03-25 08:00
8670,286,True,True,False,False,True,False,False,False,False,False,False,False,False,False,Mercredi-08-10h,NON,Mercredi,2020-03-25 08:00
8671,72,False,True,False,False,False,False,False,False,False,False,False,False,False,False,Mercredi-10-12h,OUI,Mercredi,2020-03-25 10:00
8672,167,True,True,True,True,True,True,False,False,False,False,False,False,False,False,Mercredi-10-12h,OUI,Mercredi,2020-03-25 10:00
8673,130,True,False,True,False,False,False,False,True,False,False,False,False,True,True,Mercredi-10-12h,OUI,Mercredi,2020-03-25 10:00
8674,288,True,True,True,False,True,False,False,False,False,False,False,False,False,False,Mercredi-10-12h,NON,Mercredi,2020-03-25 10:00
8675,59,False,False,False,False,False,True,False,False,False,False,False,False,False,False,Mercredi-10-12h,NON,Mercredi,2020-03-25 10:00
8676,178,True,False,False,False,False,False,False,False,False,False,True,False,False,False,Mercredi-10-12h,OUI,Mercredi,2020-03-25 10:00
8677,254,False,False,False,False,False,False,False,False,False,False,False,True,False,False,Mercredi-10-12h,NON,Mercredi,2020-03-25 10:00
8678,34,False,False,False,False,False,False,False,False,False,False,False,False,False,False,Mercredi-10-12h,NON,Mercredi,2020-03-25 10:00
8679,264,False,False,False,False,True,True,True,False,False,False,False,False,False,False,Mercredi-10-12h,NON,Mercredi,2020-03-25 10:00
8680,158,True,False,False,False,True,False,False,False,False,True,False,False,False,False,Mercredi-10-12h,OUI,Mercredi,2020-03-25 10:00
8681,210,False,True,False,False,True,True,False,False,False,False,False,False,False,False,Mercredi-10-12h,NON,Mercredi,2020-03-25 10:00
8682,93,False,False,False,False,True,False,False,False,False,False,False,False,True,False,Mercredi-10-12h,OUI,Mercredi,2020-03-25 10:00
8683,144,True,False,True,False,True,False,False,False,False,False,False,False,False,False,Mercredi-10-12h,OUI,Mercredi,2020-03-25 10:00
8684,164,False,True,False,False,True,True,False,False,False,False,False,False,False,False,Mercredi-10-12h,NON,Mercredi,2020-03-25 10:00
8685,289,False,False,False,False,True,True,False,False,False,False,False,False,False,False,Mercredi-10-12h,NON,Mercredi,2020-03-25 10:00
8686,50,False,False,False,False,False,False,False,False,False,False,False,False,False,False,Mercredi-10-12h,NON,Mercredi,2020-03-25 10:00
8687,51,True,True,False,False,True,False,False,False,False,False,False,False,False,False,Mercredi-10-12h,OUI,Mercredi,2020-03-25 10:00
8688,247,False,False,True,False,False,False,False,False,False,False,False,False,False,False,Mercredi-10-12h,NON,Mercredi,2020-03-25 10:00
8689,159,False,False,False,False,False,False,False,True,False,False,False,False,False,False,Mercredi-10-12h,NON,Mercredi,2020-03-25 10:00
8690,54,False,False,False,False,False,True,False,False,False,False,False,False,False,False,Mercredi-10-12h,NON,Mercredi,2020-03-25 10:00
8691,55,True,False,False,False,True,True,False,True,False,False,False,False,False,False,Mercredi-10-12h,NON,Mercredi,2020-03-25 10:00
8692,257,False,False,False,False,True,False,False,False,False,False,False,False,False,False,Mercredi-10-12h,NON,Mercredi,2020-03-25 10:00
8693,67,False,False,False,False,False,False,False,False,False,False,False,False,False,False,Mercredi-10-12h,NON,Mercredi,2020-03-25 10:00
8694,71,True,False,True,False,False,False,False,False,False,False,False,False,False,False,Mercredi-10-12h,OUI,Mercredi,2020-03-25 10:00
8695,280,False,False,False,False,False,True,False,False,False,False,False,False,False,False,Mercredi-10-12h,OUI,Mercredi,2020-03-25 10:00
8696,283,True,True,False,False,False,False,False,False,False,False,False,False,False,False,Mercredi-10-12h,OUI,Mercredi,2020-03-25 10:00
8697,154,False,False,False,False,True,True,False,False,False,False,False,True,False,False,Mercredi-10-12h,NON,Mercredi,2020-03-25 10:00
8698,171,False,False,False,False,False,False,False,False,False,False,False,True,False,False,Mercredi-10-12h,OUI,Mercredi,2020-03-25 10:00
8699,131,False,False,True,False,False,False,False,False,False,False,False,False,False,False,Mercredi-10-12h,OUI,Mercredi,2020-03-25 10:00
8700,237,True,False,False,False,False,True,True,False,False,False,False,False,True,False,Mercredi-10-12h,NON,Mercredi,2020-03-25 10:00
8701,75,False,False,False,False,True,True,False,False,False,False,False,False,False,False,Mercredi-10-12h,NON,Mercredi,2020-03-25 10:00
8702,235,True,False,False,False,True,False,False,False,False,False,False,False,False,False,Mercredi-10-12h,NON,Mercredi,2020-03-25 10:00
8703,180,False,False,False,False,True,True,False,False,False,False,False,False,False,False,Mercredi-10-12h,OUI,Mercredi,2020-03-25 10:00
8704,219,False,False,False,False,False,True,False,False,False,False,False,False,False,False,Mercredi-10-12h,OUI,Mercredi,2020-03-25 10:00
8705,250,False,False,False,False,False,False,False,False,True,False,False,False,False,False,Mercredi-10-12h,NON,Mercredi,2020-03-25 10:00
8706,267,True,True,False,False,False,False,False,False,False,False,False,False,False,False,Mercredi-10-12h,NON,Mercredi,2020-03-25 10:00
8707,160,False,True,False,False,False,True,False,False,False,False,False,False,False,False,Mercredi-10-12h,NON,Mercredi,2020-03-25 10:00
8708,182,False,True,False,False,True,True,True,False,False,False,False,False,False,False,Mercredi-10-12h,OUI,Mercredi,2020-03-25 10:00
8709,143,False,False,False,False,False,False,False,True,False,False,True,False,False,False,Mercredi-10-12h,OUI,Mercredi,2020-03-25 10:00
8710,223,True,True,False,False,False,False,False,False,False,False,False,False,False,False,Mercredi-10-12h,NON,Mercredi,2020-03-25 10:00
8711,192,True,False,True,False,False,False,False,False,False,False,False,False,False,False,Mercredi-10-12h,NON,Mercredi,2020-03-25 10:00
8712,30,False,False,True,False,False,False,False,True,False,False,False,False,False,False,Mercredi-10-12h,NON,Mercredi,2020-03-25 10:00
8713,125,True,False,False,False,True,False,False,True,False,False,False,False,False,False,Mercredi-10-12h,NON,Mercredi,2020-03-25 10:00
8714,39,False,False,True,False,True,False,False,True,False,False,False,False,False,False,Mercredi-10-12h,OUI,Mercredi,2020-03-25 10:00
8715,113,True,False,True,False,False,False,False,False,False,False,False,False,False,False,Mercredi-10-12h,NON,Mercredi,2020-03-25 10:00
8716,121,True,False,True,False,False,False,False,True,False,False,False,False,False,False,Mercredi-10-12h,NON,Mercredi,2020-03-25 10:00
8717,228,False,False,False,False,False,False,False,False,False,False,True,False,False,False,Mercredi-10-12h,OUI,Mercredi,2020-03-25 10:00
8718,290,False,False,False,False,False,False,False,False,True,False,False,False,False,False,Mercredi-10-12h,NON,Mercredi,2020-03-25 10:00
8719,197,False,False,True,False,True,False,False,False,False,False,False,False,False,False,Mercredi-10-12h,NON,Mercredi,2020-03-25 10:00
8720,31,True,True,True,False,False,True,False,False,False,False,False,False,False,False,Mercredi-10-12h,OUI,Mercredi,2020-03-25 10:00
8721,173,True,False,False,False,True,True,False,True,False,False,False,False,False,False,Mercredi-10-12h,OUI,Mercredi,2020-03-25 10:00
8722,74,True,False,False,True,False,False,False,True,False,False,True,False,False,False,Mercredi-10-12h,OUI,Mercredi,2020-03-25 10:00
8723,15,False,False,True,False,False,False,False,False,False,False,False,False,False,False,Mercredi-10-12h,NON,Mercredi,2020-03-25 10:00
8724,45,True,False,False,False,True,True,False,True,False,False,False,False,False,False,Mercredi-10-12h,NON,Mercredi,2020-03-25 10:00
8725,63,False,False,True,False,False,False,False,False,False,False,False,False,False,False,Mercredi-10-12h,NON,Mercredi,2020-03-25 10:00
8726,3,False,False,False,False,False,True,False,False,False,False,False,True,False,False,Mercredi-10-12h,OUI,Mercredi,2020-03-25 10:00
8727,21,True,False,True,False,False,False,False,False,False,False,False,False,False,False,Mercredi-10-12h,NON,Mercredi,2020-03-25 10:00
8728,78,False,True,True,False,True,True,False,True,False,False,False,False,False,False,Mercredi-10-12h,NON,Mercredi,2020-03-25 10:00
8729,47,False,True,False,False,False,False,False,False,False,False,False,False,False,False,Mercredi-10-12h,NON,Mercredi,2020-03-25 10:00
8730,151,True,True,False,False,True,False,False,True,False,False,False,False,False,False,Mercredi-10-12h,NON,Mercredi,2020-03-25 10:00
8731,6,True,False,True,False,False,False,False,False,False,False,False,False,False,False,Mercredi-10-12h,OUI,Mercredi,2020-03-25 10:00
8732,135,True,False,True,False,False,False,False,False,False,False,False,False,True,False,Mercredi-10-12h,OUI,Mercredi,2020-03-25 10:00
8733,221,False,False,False,False,True,True,False,False,False,False,False,False,False,False,Mercredi-10-12h,NON,Mercredi,2020-03-25 10:00
8734,170,False,False,True,False,False,False,False,False,False,False,True,False,False,True,Mercredi-10-12h,OUI,Mercredi,2020-03-25 10:00
8735,129,False,True,False,False,False,False,False,False,False,False,False,False,False,False,Mercredi-10-12h,NON,Mercredi,2020-03-25 10:00
8736,132,True,True,True,False,False,True,False,False,False,False,False,False,False,False,Mercredi-10-12h,OUI,Mercredi,2020-03-25 10:00
8737,110,False,True,False,False,False,False,False,False,False,False,False,False,False,False,Mercredi-10-12h,NON,Mercredi,2020-03-25 10:00
8738,191,False,False,False,False,False,True,False,False,False,False,False,False,False,False,Mercredi-10-12h,NON,Mercredi,2020-03-25 10:00
8739,94,True,True,True,False,False,True,False,False,False,False,True,False,True,False,Mercredi-10-12h,OUI,Mercredi,2020-03-25 10:00
8740,108,False,False,False,False,False,True,True,False,False,False,False,False,False,False,Mercredi-10-12h,OUI,Mercredi,2020-03-25 10:00
8741,236,False,False,False,False,True,True,False,False,False,False,False,False,False,False,Mercredi-10-12h,OUI,Mercredi,2020-03-25 10:00
8742,42,True,False,True,False,True,False,False,False,False,False,False,False,False,False,Mercredi-10-12h,OUI,Mercredi,2020-03-25 10:00
8743,155,True,False,False,False,True,False,False,False,False,False,False,False,False,False,Mercredi-10-12h,NON,Mercredi,2020-03-25 10:00
8744,1,False,False,False,False,False,False,False,False,False,False,False,False,False,False,Mercredi-10-12h,NON,Mercredi,2020-03-25 10:00
8745,58,False,True,True,False,False,True,False,False,False,False,True,False,False,False,Mercredi-10-12h,OUI,Mercredi,2020-03-25 10:00
8746,0,False,True,False,False,False,False,False,False,False,False,False,False,False,False,Mercredi-10-12h,NON,Mercredi,2020-03-25 10:00
8747,269,False,False,False,False,False,False,False,False,False,False,False,False,False,False,Mercredi-10-12h,NON,Mercredi,2020-03-25 10:00
8748,2,True,False,True,False,False,False,False,False,False,False,False,False,False,False,Mercredi-10-12h,NON,Mercredi,2020-03-25 10:00
8749,103,False,False,False,False,True,False,False,False,False,False,False,False,False,False,Mercredi-10-12h,NON,Mercredi,2020-03-25 10:00
8750,12,False,True,False,False,True,False,False,False,False,False,False,False,False,False,Mercredi-10-12h,NON,Mercredi,2020-03-25 10:00
8751,245,True,False,False,False,True,True,False,True,False,False,False,False,False,False,Mercredi-10-12h,NON,Mercredi,2020-03-25 10:00
8752,161,False,False,True,False,False,False,False,False,False,False,True,False,False,False,Mercredi-10-12h,NON,Mercredi,2020-03-25 10:00
8753,38,False,False,False,False,False,False,False,False,True,False,False,False,False,False,Mercredi-10-12h,NON,Mercredi,2020-03-25 10:00
8754,122,False,False,False,False,False,False,False,False,False,False,False,False,False,False,Mercredi-10-12h,NON,Mercredi,2020-03-25 10:00
8755,248,False,False,True,False,False,False,False,False,False,False,False,False,True,False,Mercredi-10-12h,NON,Mercredi,2020-03-25 10:00
8756,271,False,True,True,False,False,True,False,False,False,False,False,False,False,False,Mercredi-10-12h,OUI,Mercredi,2020-03-25 10:00
8757,116,False,False,True,False,False,False,False,False,False,False,False,False,False,False,Mercredi-10-12h,OUI,Mercredi,2020-03-25 10:00
8758,117,True,True,True,True,False,True,False,False,False,False,False,False,False,False,Mercredi-10-12h,NON,Mercredi,2020-03-25 10:00
8759,213,False,False,False,False,True,True,False,True,False,False,False,False,False,False,Mercredi-10-12h,NON,Mercredi,2020-03-25 10:00
8760,220,False,True,True,False,False,True,False,False,False,False,False,False,False,False,Mercredi-10-12h,OUI,Mercredi,2020-03-25 10:00
8761,176,False,False,True,False,False,False,False,False,False,False,False,False,False,False,Mercredi-10-12h,NON,Mercredi,2020-03-25 10:00
8762,96,False,False,False,False,True,True,False,False,False,True,False,False,False,False,Mercredi-10-12h,NON,Mercredi,2020-03-25 10:00
8763,214,False,False,False,False,True,True,False,False,False,True,False,False,False,False,Mercredi-10-12h,OUI,Mercredi,2020-03-25 10:00
8764,11,True,False,False,True,False,False,False,False,False,False,True,False,False,False,Mercredi-10-12h,NON,Mercredi,2020-03-25 10:00
8765,255,True,False,True,False,False,False,False,True,False,False,False,False,False,False,Mercredi-10-12h,OUI,Mercredi,2020-03-25 10:00
8766,86,False,False,True,False,False,False,False,False,False,False,False,False,False,False,Mercredi-10-12h,OUI,Mercredi,2020-03-25 10:00
8767,209,True,False,False,False,True,True,False,True,False,False,False,False,False,False,Mercredi-10-12h,OUI,Mercredi,2020-03-25 10:00
8768,291,False,False,False,False,False,True,False,False,True,False,False,False,False,False,Mercredi-10-12h,NON,Mercredi,2020-03-25 10:00
8769,287,False,False,False,False,False,False,False,False,False,False,False,True,False,False,Mercredi-10-12h,NON,Mercredi,2020-03-25 10:00
8770,104,False,False,False,False,True,True,False,False,False,False,False,False,False,False,Mercredi-10-12h,OUI,Mercredi,2020-03-25 10:00
8771,18,False,False,False,False,True,False,False,False,False,False,False,False,False,False,Mercredi-10-12h,OUI,Mercredi,2020-03-25 10:00
8772,123,False,True,False,False,True,True,False,False,False,False,False,False,False,False,Mercredi-10-12h,NON,Mercredi,2020-03-25 10:00
8773,136,False,False,False,False,True,False,False,False,False,False,False,False,False,False,Mercredi-10-12h,NON,Mercredi,2020-03-25 10:00
8774,276,True,False,True,False,False,False,False,False,False,False,False,False,False,False,Mercredi-10-12h,NON,Mercredi,2020-03-25 10:00
8775,53,False,False,False,False,True,True,False,False,False,False,False,False,False,False,Mercredi-10-12h,OUI,Mercredi,2020-03-25 10:00
8776,179,True,False,True,False,False,False,False,False,False,False,False,False,False,False,Mercredi-10-12h,OUI,Mercredi,2020-03-25 10:00
8777,200,False,False,False,False,False,False,False,False,False,False,False,False,False,False,Mercredi-10-12h,NON,Mercredi,2020-03-25 10:00
8778,73,False,False,False,False,False,False,False,False,False,False,False,False,False,False,Mercredi-10-12h,NON,Mercredi,2020-03-25 10:00
8779,156,False,False,False,False,True,True,False,False,False,False,False,False,False,False,Mercredi-10-12h,NON,Mercredi,2020-03-25 10:00
8780,128,True,True,True,False,False,True,False,False,False,False,False,False,False,False,Mercredi-10-12h,NON,Mercredi,2020-03-25 10:00
8781,118,False,False,False,False,False,False,False,False,False,False,False,False,False,False,Mercredi-10-12h,NON,Mercredi,2020-03-25 10:00
8782,112,True,False,True,False,False,False,False,False,False,False,False,False,False,False,Mercredi-10-12h,OUI,Mercredi,2020-03-25 10:00
8783,35,False,False,False,False,True,True,False,False,False,False,False,False,False,False,Mercredi-10-12h,NON,Mercredi,2020-03-25 10:00
8784,32,False,False,False,False,False,False,False,False,False,False,False,True,False,False,Mercredi-10-12h,NON,Mercredi,2020-03-25 10:00
8785,199,True,False,True,False,False,False,False,False,False,False,False,False,False,False,Mercredi-10-12h,NON,Mercredi,2020-03-25 10:00
8786,153,True,False,False,False,True,True,False,False,False,False,False,False,False,False,Mercredi-10-12h,NON,Mercredi,2020-03-25 10:00
8787,82,False,False,True,False,False,False,False,False,False,False,False,False,False,False,Mercredi-10-12h,OUI,Mercredi,2020-03-25 10:00
8788,292,False,True,False,False,False,False,False,False,False,False,False,False,False,False,Mercredi-10-12h,OUI,Mercredi,2020-03-25 10:00
8789,169,False,False,False,True,False,False,False,False,False,False,False,False,False,False,Mercredi-10-12h,OUI,Mercredi,2020-03-25 10:00
8790,16,False,False,False,False,True,True,False,False,False,False,False,False,False,False,Mercredi-10-12h,OUI,Mercredi,2020-03-25 10:00
8791,46,True,True,True,False,False,True,True,False,False,False,False,False,False,False,Mercredi-10-12h,NON,Mercredi,2020-03-25 10:00
8792,216,False,True,False,False,False,True,False,False,False,False,False,False,False,False,Mercredi-10-12h,NON,Mercredi,2020-03-25 10:00
8793,174,False,True,True,False,False,True,False,False,False,False,True,False,False,False,Mercredi-10-12h,NON,Mercredi,2020-03-25 10:00
8794,43,False,False,False,False,True,False,False,False,False,False,False,False,False,False,Mercredi-10-12h,NON,Mercredi,2020-03-25 10:00
8795,165,False,False,False,False,True,True,False,False,False,False,False,False,False,False,Mercredi-10-12h,NON,Mercredi,2020-03-25 10:00
8796,126,False,True,False,False,False,True,False,False,False,False,False,False,False,False,Mercredi-10-12h,NON,Mercredi,2020-03-25 10:00
8797,41,False,False,False,False,False,True,False,False,True,False,False,False,False,False,Mercredi-10-12h,OUI,Mercredi,2020-03-25 10:00
8798,157,False,False,True,False,False,False,False,False,False,False,False,False,False,False,Mercredi-10-12h,OUI,Mercredi,2020-03-25 10:00
8799,272,False,True,True,False,False,False,True,False,False,False,True,False,True,True,Mercredi-10-12h,OUI,Mercredi,2020-03-25 10:00
8800,115,True,False,True,False,False,False,False,False,False,False,False,False,False,False,Mercredi-10-12h,NON,Mercredi,2020-03-25 10:00
8801,84,False,False,False,False,False,False,False,False,False,False,False,True,False,False,Mercredi-10-12h,NON,Mercredi,2020-03-25 10:00
8802,183,True,True,True,True,False,False,False,False,False,False,False,False,False,False,Mercredi-10-12h,OUI,Mercredi,2020-03-25 10:00
8803,65,True,True,False,False,False,True,False,False,False,False,False,False,False,False,Mercredi-10-12h,NON,Mercredi,2020-03-25 10:00
8804,105,True,False,False,False,False,False,False,False,False,False,False,False,False,False,Mercredi-10-12h,OUI,Mercredi,2020-03-25 10:00
8805,187,True,False,False,False,False,True,False,False,False,False,False,False,False,False,Mercredi-10-12h,OUI,Mercredi,2020-03-25 10:00
8806,139,True,False,True,False,False,False,False,False,False,False,False,False,False,False,Mercredi-10-12h,OUI,Mercredi,2020-03-25 10:00
8807,259,False,False,False,False,True,True,False,False,False,False,False,False,False,False,Mercredi-10-12h,OUI,Mercredi,2020-03-25 10:00
8808,124,True,False,True,False,False,False,False,False,False,False,True,False,False,False,Mercredi-10-12h,OUI,Mercredi,2020-03-25 10:00
8809,98,False,False,False,False,False,True,False,False,False,False,False,True,False,False,Mercredi-10-12h,OUI,Mercredi,2020-03-25 10:00
8810,284,False,True,True,False,False,True,False,False,False,False,False,False,True,False,Mercredi-10-12h,OUI,Mercredi,2020-03-25 10:00
8811,148,True,False,True,False,True,False,False,True,False,False,False,False,False,False,Mercredi-10-12h,OUI,Mercredi,2020-03-25 10:00
8812,258,True,False,True,False,False,False,False,False,False,False,False,False,False,False,Mercredi-10-12h,NON,Mercredi,2020-03-25 10:00
8813,175,False,False,False,False,False,True,False,False,False,False,False,False,False,False,Mercredi-10-12h,NON,Mercredi,2020-03-25 10:00
8814,119,False,False,False,False,False,False,False,False,False,False,True,False,False,False,Mercredi-10-12h,NON,Mercredi,2020-03-25 10:00
8815,229,True,False,True,False,False,False,False,True,False,False,False,False,False,False,Mercredi-10-12h,OUI,Mercredi,2020-03-25 10:00
8816,230,False,False,False,False,False,True,True,False,False,False,False,False,False,False,Mercredi-10-12h,NON,Mercredi,2020-03-25 10:00
8817,17,True,False,False,False,False,True,True,False,False,False,False,False,False,False,Mercredi-10-12h,OUI,Mercredi,2020-03-25 10:00
8818,177,False,False,False,False,False,False,False,False,False,False,False,False,False,False,Mercredi-10-12h,NON,Mercredi,2020-03-25 10:00
8819,7,False,False,False,False,False,False,False,False,False,False,False,False,False,False,Mercredi-10-12h,NON,Mercredi,2020-03-25 10:00
8820,241,False,False,True,False,False,False,False,False,False,False,False,False,False,False,Mercredi-10-12h,NON,Mercredi,2020-03-25 10:00
8821,8,True,False,False,False,True,True,False,True,False,False,False,False,False,False,Mercredi-10-12h,NON,Mercredi,2020-03-25 10:00
8822,268,False,True,False,False,False,True,False,False,False,False,False,False,False,False,Mercredi-10-12h,OUI,Mercredi,2020-03-25 10:00
8823,294,False,False,True,False,True,False,False,False,False,False,False,False,False,False,Mercredi-10-12h,OUI,Mercredi,2020-03-25 10:00
8824,242,True,False,False,False,True,True,False,False,False,False,False,False,False,False,Mercredi-10-12h,NON,Mercredi,2020-03-25 10:00
8825,194,False,False,False,False,False,True,False,False,False,False,False,False,False,False,Mercredi-10-12h,NON,Mercredi,2020-03-25 10:00
8826,243,False,False,False,False,True,True,False,False,False,False,False,False,False,False,Mercredi-10-12h,OUI,Mercredi,2020-03-25 10:00
8827,212,True,True,True,False,False,True,False,False,False,False,False,False,False,False,Mercredi-10-12h,OUI,Mercredi,2020-03-25 10:00
8828,19,False,False,False,False,False,True,False,False,False,False,False,False,False,False,Mercredi-10-12h,OUI,Mercredi,2020-03-25 10:00
8829,114,False,False,False,False,True,False,False,False,False,False,False,False,False,False,Mercredi-10-12h,OUI,Mercredi,2020-03-25 10:00
8830,190,False,False,False,False,False,True,False,False,True,False,False,False,False,False,Mercredi-10-12h,NON,Mercredi,2020-03-25 10:00
8831,64,False,False,True,False,False,False,False,False,False,False,False,False,False,False,Mercredi-10-12h,OUI,Mercredi,2020-03-25 10:00
8832,227,False,False,False,False,False,False,False,False,False,False,False,False,False,False,Mercredi-10-12h,NON,Mercredi,2020-03-25 10:00
8833,232,False,False,False,False,False,True,False,False,False,False,False,False,False,False,Mercredi-10-12h,OUI,Mercredi,2020-03-25 10:00
8834,246,False,True,False,False,False,True,True,False,False,False,False,False,False,False,Mercredi-10-12h,NON,Mercredi,2020-03-25 10:00
8835,100,False,False,False,False,False,True,False,False,False,False,False,False,False,False,Mercredi-10-12h,NON,Mercredi,2020-03-25 10:00
8836,13,False,False,False,False,True,False,False,False,False,False,False,False,False,False,Mercredi-10-12h,NON,Mercredi,2020-03-25 10:00
8837,262,True,True,True,False,False,False,False,False,False,False,False,False,False,False,Mercredi-10-12h,NON,Mercredi,2020-03-25 10:00
8838,76,True,True,True,False,False,True,False,False,False,False,True,False,False,False,Mercredi-10-12h,NON,Mercredi,2020-03-25 10:00
8839,261,False,True,False,False,True,False,False,False,False,False,False,False,False,False,Mercredi-10-12h,OUI,Mercredi,2020-03-25 10:00
8840,150,False,True,False,False,False,False,False,False,False,False,False,False,False,False,Mercredi-10-12h,OUI,Mercredi,2020-03-25 10:00
8841,205,False,False,False,False,False,False,False,False,False,False,False,False,False,False,Mercredi-10-12h,NON,Mercredi,2020-03-25 10:00
8842,56,False,False,False,False,True,True,False,False,False,False,False,False,False,False,Mercredi-10-12h,OUI,Mercredi,2020-03-25 10:00
8843,186,False,False,False,False,True,False,False,False,False,False,False,False,False,False,Mercredi-10-12h,OUI,Mercredi,2020-03-25 10:00
8844,162,True,False,False,False,True,True,False,False,False,False,False,False,False,False,Mercredi-10-12h,NON,Mercredi,2020-03-25 10:00
8845,68,False,True,False,False,True,True,False,False,False,False,False,False,False,False,Mercredi-10-12h,OUI,Mercredi,2020-03-25 10:00
8846,146,False,False,False,False,False,True,False,False,False,False,False,True,False,False,Mercredi-10-12h,OUI,Mercredi,2020-03-25 10:00
8847,49,False,False,False,False,False,False,False,False,False,False,False,False,True,False,Mercredi-10-12h,NON,Mercredi,2020-03-25 10:00
8848,91,True,False,True,True,False,False,False,False,False,False,False,False,False,False,Mercredi-10-12h,OUI,Mercredi,2020-03-25 10:00
8849,22,False,False,False,False,False,False,False,False,False,True,False,False,False,False,Mercredi-10-12h,NON,Mercredi,2020-03-25 10:00
8850,151,False,False,False,False,True,False,False,False,False,False,False,False,False,False,Mercredi-10-12h,NON,Mercredi,2020-03-25 10:00
8851,193,False,False,False,False,True,True,False,False,False,False,False,False,False,False,Mercredi-10-12h,OUI,Mercredi,2020-03-25 10:00
8852,9,True,True,False,False,False,False,False,False,False,False,False,False,False,False,Mercredi-10-12h,NON,Mercredi,2020-03-25 10:00
8853,99,True,False,True,False,False,False,False,False,False,False,False,False,False,False,Mercredi-10-12h,OUI,Mercredi,2020-03-25 10:00
8854,181,False,False,False,False,True,True,False,False,False,False,False,False,False,False,Mercredi-10-12h,OUI,Mercredi,2020-03-25 10:00
8855,111,False,False,False,False,False,True,False,True,False,False,False,False,False,False,Mercredi-10-12h,OUI,Mercredi,2020-03-25 10:00
8856,44,False,True,False,False,False,True,False,False,False,False,False,False,False,False,Mercredi-10-12h,NON,Mercredi,2020-03-25 10:00
8857,24,False,False,False,False,True,False,False,True,False,False,False,False,False,False,Mercredi-10-12h,NON,Mercredi,2020-03-25 10:00
8858,102,False,False,False,False,True,True,False,True,False,False,False,False,False,False,Mercredi-10-12h,NON,Mercredi,2020-03-25 10:00
8859,203,True,True,False,False,False,False,False,True,False,False,False,False,False,False,Mercredi-10-12h,NON,Mercredi,2020-03-25 10:00
8860,140,False,False,False,False,True,True,False,True,False,False,False,False,False,False,Mercredi-10-12h,NON,Mercredi,2020-03-25 10:00
8861,188,False,False,False,False,False,True,False,False,True,False,False,False,False,False,Mercredi-10-12h,OUI,Mercredi,2020-03-25 10:00
8862,206,False,False,False,True,False,False,False,False,False,False,True,False,False,False,Mercredi-10-12h,OUI,Mercredi,2020-03-25 10:00
8863,273,False,False,False,False,False,False,False,False,False,False,False,True,False,False,Mercredi-10-12h,OUI,Mercredi,2020-03-25 10:00
8864,69,True,False,True,False,False,False,False,False,False,False,False,False,False,False,Mercredi-10-12h,OUI,Mercredi,2020-03-25 10:00
8865,87,True,False,False,True,False,False,False,False,False,False,True,False,False,False,Mercredi-10-12h,NON,Mercredi,2020-03-25 10:00
8866,83,True,False,True,False,False,False,False,False,False,False,False,False,False,False,Mercredi-10-12h,OUI,Mercredi,2020-03-25 10:00
8867,149,True,False,True,True,False,False,False,False,False,False,False,False,False,False,Mercredi-10-12h,NON,Mercredi,2020-03-25 10:00
8868,274,False,False,False,False,False,True,False,False,False,False,False,False,False,False,Mercredi-10-12h,NON,Mercredi,2020-03-25 10:00
8869,282,True,False,True,True,False,False,False,False,False,False,False,False,False,False,Mercredi-10-12h,OUI,Mercredi,2020-03-25 10:00
8870,147,False,False,False,False,False,False,False,False,False,False,False,False,False,False,Mercredi-10-12h,NON,Mercredi,2020-03-25 10:00
8871,238,False,False,False,False,False,False,False,False,False,False,False,True,False,False,Mercredi-10-12h,NON,Mercredi,2020-03-25 10:00
8872,201,False,False,False,False,False,False,False,False,False,False,False,False,False,False,Mercredi-10-12h,NON,Mercredi,2020-03-25 10:00
8873,152,False,True,False,False,False,False,False,False,False,False,False,False,False,False,Mercredi-10-12h,NON,Mercredi,2020-03-25 10:00
8874,222,False,False,False,False,False,True,False,False,True,True,False,False,False,False,Mercredi-10-12h,NON,Mercredi,2020-03-25 10:00
8875,106,False,False,False,False,False,True,False,False,False,False,False,True,False,False,Mercredi-10-12h,NON,Mercredi,2020-03-25 10:00
8876,133,False,False,True,False,True,False,False,False,False,False,False,False,False,False,Mercredi-10-12h,NON,Mercredi,2020-03-25 10:00
8877,163,False,False,False,False,True,False,False,False,False,False,False,False,False,False,Mercredi-10-12h,NON,Mercredi,2020-03-25 10:00
8878,231,False,False,False,False,False,False,False,False,False,False,False,False,False,False,Mercredi-10-12h,NON,Mercredi,2020-03-25 10:00
8879,25,False,False,False,False,True,False,False,False,False,False,False,False,False,False,Mercredi-10-12h,NON,Mercredi,2020-03-25 10:00
8880,196,False,False,True,False,True,False,False,True,False,False,False,False,False,False,Mercredi-10-12h,OUI,Mercredi,2020-03-25 10:00
8881,5,False,False,False,False,True,True,False,False,False,False,False,False,False,False,Mercredi-10-12h,NON,Mercredi,2020-03-25 10:00
8882,90,False,True,False,False,False,False,False,False,False,False,False,False,False,False,Mercredi-10-12h,NON,Mercredi,2020-03-25 10:00
8883,244,True,False,True,False,False,False,False,False,False,False,False,False,False,False,Mercredi-10-12h,OUI,Mercredi,2020-03-25 10:00
8884,107,False,True,False,False,False,True,False,False,False,False,False,False,False,False,Mercredi-10-12h,OUI,Mercredi,2020-03-25 10:00
8885,218,False,True,False,False,True,True,False,False,False,False,False,False,False,False,Mercredi-10-12h,NON,Mercredi,2020-03-25 10:00
8886,62,False,True,True,False,True,True,False,False,False,False,False,False,False,False,Mercredi-10-12h,NON,Mercredi,2020-03-25 10:00
8887,79,False,True,False,False,False,False,False,False,False,False,False,False,False,False,Mercredi-10-12h,NON,Mercredi,2020-03-25 10:00
8888,208,False,False,False,False,False,True,False,False,False,False,False,False,False,False,Mercredi-10-12h,OUI,Mercredi,2020-03-25 10:00
8889,270,False,False,False,False,False,False,False,False,True,False,False,False,False,False,Mercredi-10-12h,NON,Mercredi,2020-03-25 10:00
8890,166,True,False,False,False,True,True,False,False,False,False,False,False,False,False,Mercredi-10-12h,OUI,Mercredi,2020-03-25 10:00
8891,77,False,False,True,False,True,False,False,False,False,False,False,False,False,False,Mercredi-10-12h,NON,Mercredi,2020-03-25 10:00
8892,29,False,False,False,False,False,True,False,False,False,False,False,True,False,False,Mercredi-10-12h,OUI,Mercredi,2020-03-25 10:00
8893,240,False,False,False,False,False,True,False,False,False,False,False,False,False,False,Mercredi-10-12h,NON,Mercredi,2020-03-25 10:00
8894,184,False,True,False,False,False,False,False,False,False,False,False,False,False,False,Mercredi-10-12h,OUI,Mercredi,2020-03-25 10:00
8895,277,False,True,True,False,False,True,False,False,False,False,False,False,False,False,Mercredi-10-12h,NON,Mercredi,2020-03-25 10:00
8896,80,True,False,False,False,False,True,False,False,False,True,False,False,False,False,Mercredi-10-12h,NON,Mercredi,2020-03-25 10:00
8897,185,True,True,True,False,False,True,False,False,False,False,True,False,True,False,Mercredi-10-12h,NON,Mercredi,2020-03-25 10:00
8898,204,False,False,False,False,True,True,False,False,False,False,False,True,False,False,Mercredi-10-12h,OUI,Mercredi,2020-03-25 10:00
8899,252,True,True,True,False,False,True,False,False,False,False,False,False,False,False,Mercredi-10-12h,NON,Mercredi,2020-03-25 10:00
8900,26,False,False,False,False,True,False,False,False,False,False,False,False,False,False,Mercredi-10-12h,NON,Mercredi,2020-03-25 10:00
8901,70,False,False,False,False,True,False,False,False,False,False,False,True,False,False,Mercredi-10-12h,OUI,Mercredi,2020-03-25 10:00
8902,233,False,False,False,False,True,False,False,False,False,False,False,False,False,False,Mercredi-10-12h,OUI,Mercredi,2020-03-25 10:00
8903,37,True,True,True,False,True,True,False,False,False,False,False,False,False,False,Mercredi-10-12h,NON,Mercredi,2020-03-25 10:00
8904,185,False,False,True,False,False,False,False,False,False,False,False,False,False,False,Mercredi-10-12h,OUI,Mercredi,2020-03-25 10:00
8905,138,True,False,False,False,True,True,False,False,False,False,False,False,False,False,Mercredi-10-12h,NON,Mercredi,2020-03-25 10:00
8906,224,True,False,True,False,False,False,False,False,False,False,False,False,False,False,Mercredi-10-12h,NON,Mercredi,2020-03-25 10:00
8907,66,False,False,False,False,True,True,False,False,False,False,False,False,True,False,Mercredi-10-12h,OUI,Mercredi,2020-03-25 10:00
8908,211,False,False,True,False,False,False,False,False,False,False,False,False,True,False,Mercredi-10-12h,NON,Mercredi,2020-03-25 10:00
8909,14,False,False,False,False,True,True,False,False,False,False,False,False,False,False,Mercredi-10-12h,NON,Mercredi,2020-03-25 10:00
8910,145,False,False,False,False,True,False,False,False,False,False,False,False,False,False,Mercredi-10-12h,NON,Mercredi,2020-03-25 10:00
8911,36,False,False,False,False,False,False,False,False,False,False,False,True,False,False,Mercredi-10-12h,OUI,Mercredi,2020-03-25 10:00
8912,60,True,True,True,False,False,True,False,False,False,False,False,False,False,False,Mercredi-10-12h,NON,Mercredi,2020-03-25 10:00
8913,137,True,True,True,False,False,True,False,False,False,False,True,False,False,False,Mercredi-10-12h,OUI,Mercredi,2020-03-25 10:00
8914,285,False,True,False,False,True,True,False,False,False,False,False,False,False,False,Mercredi-10-12h,OUI,Mercredi,2020-03-25 10:00
8915,40,False,True,True,False,True,True,False,False,False,False,False,False,False,False,Mercredi-10-12h,OUI,Mercredi,2020-03-25 10:00
8916,97,False,False,False,False,False,True,False,False,False,False,False,False,False,False,Mercredi-10-12h,NON,Mercredi,2020-03-25 10:00
8917,109,True,False,True,True,False,False,False,False,False,False,False,False,False,False,Mercredi-10-12h,NON,Mercredi,2020-03-25 10:00
8918,10,False,False,False,False,False,False,False,False,False,False,False,False,False,False,Mercredi-10-12h,NON,Mercredi,2020-03-25 10:00
8919,256,False,False,False,False,False,False,False,False,False,False,False,True,False,False,Mercredi-10-12h,NON,Mercredi,2020-03-25 10:00
8920,141,True,True,True,False,False,False,False,False,False,False,True,False,False,False,Mercredi-10-12h,NON,Mercredi,2020-03-25 10:00
8921,28,False,False,False,False,False,False,False,False,False,False,False,False,False,False,Mercredi-10-12h,NON,Mercredi,2020-03-25 10:00
8922,101,True,True,True,True,True,True,False,False,False,False,False,False,False,False,Mercredi-10-12h,OUI,Mercredi,2020-03-25 10:00
8923,48,True,False,True,False,True,False,False,False,False,False,False,False,True,False,Mercredi-10-12h,OUI,Mercredi,2020-03-25 10:00
8924,27,False,False,False,False,False,True,False,False,False,False,False,False,False,False,Mercredi-10-12h,NON,Mercredi,2020-03-25 10:00
8925,142,True,False,True,False,False,False,False,False,False,False,True,False,True,False,Mercredi-10-12h,NON,Mercredi,2020-03-25 10:00
8926,234,False,False,True,False,False,False,False,False,False,False,True,False,False,False,Mercredi-10-12h,NON,Mercredi,2020-03-25 10:00
8927,23,False,False,False,False,True,False,False,False,False,False,False,False,False,False,Mercredi-10-12h,NON,Mercredi,2020-03-25 10:00
8928,195,False,False,False,False,True,False,False,False,True,False,False,False,False,False,Mercredi-10-12h,NON,Mercredi,2020-03-25 10:00
8929,275,False,False,False,False,False,False,False,False,False,False,False,True,False,False,Mercredi-10-12h,NON,Mercredi,2020-03-25 10:00
8930,226,False,False,False,False,True,True,False,False,False,False,False,False,False,False,Mercredi-10-12h,NON,Mercredi,2020-03-25 10:00
8931,207,False,False,True,False,False,False,False,False,False,False,False,False,False,False,Mercredi-10-12h,OUI,Mercredi,2020-03-25 10:00
8932,57,False,False,False,False,False,False,False,False,False,False,False,False,False,False,Mercredi-10-12h,NON,Mercredi,2020-03-25 10:00
8933,4,False,True,False,False,False,True,False,False,False,False,False,False,False,False,Mercredi-10-12h,NON,Mercredi,2020-03-25 10:00
8934,265,False,False,False,False,False,True,False,False,False,False,False,False,False,False,Mercredi-10-12h,OUI,Mercredi,2020-03-25 10:00
8935,88,False,True,False,False,False,False,False,False,False,False,False,False,False,False,Mercredi-10-12h,NON,Mercredi,2020-03-25 10:00
8936,198,False,False,False,False,False,False,False,False,False,False,True,False,False,False,Mercredi-10-12h,NON,Mercredi,2020-03-25 10:00
8937,249,True,True,True,False,False,False,False,False,False,False,False,False,False,False,Mercredi-10-12h,NON,Mercredi,2020-03-25 10:00
8938,263,False,False,False,False,True,True,False,False,False,False,False,False,False,False,Mercredi-10-12h,NON,Mercredi,2020-03-25 10:00
8939,217,True,False,True,False,False,False,False,False,False,False,False,False,True,False,Mercredi-10-12h,NON,Mercredi,2020-03-25 10:00
8940,278,False,False,False,False,True,True,False,False,False,False,False,False,False,False,Mercredi-10-12h,NON,Mercredi,2020-03-25 10:00
8941,189,False,True,False,False,False,False,False,False,False,False,False,False,False,False,Mercredi-10-12h,NON,Mercredi,2020-03-25 10:00
8942,61,True,False,True,False,False,False,False,False,False,False,False,False,False,False,Mercredi-10-12h,NON,Mercredi,2020-03-25 10:00
8943,251,False,False,False,False,False,False,False,False,False,False,False,False,True,False,Mercredi-10-12h,NON,Mercredi,2020-03-25 10:00
8944,281,False,True,False,False,False,False,False,False,False,False,False,False,False,False,Mercredi-10-12h,NON,Mercredi,2020-03-25 10:00
8945,134,False,True,False,False,False,False,False,False,False,False,False,False,False,False,Mercredi-10-12h,OUI,Mercredi,2020-03-25 10:00
8946,293,False,True,False,False,False,True,False,False,False,False,False,False,False,False,Mercredi-10-12h,OUI,Mercredi,2020-03-25 10:00
8947,279,True,True,True,True,False,True,False,False,False,False,False,False,False,False,Mercredi-10-12h,NON,Mercredi,2020-03-25 10:00
8948,81,True,False,True,True,False,False,False,True,False,False,False,False,False,False,Mercredi-10-12h,NON,Mercredi,2020-03-25 10:00
8949,92,True,False,False,True,False,False,False,False,False,False,True,False,False,False,Mercredi-10-12h,NON,Mercredi,2020-03-25 10:00
8950,147,False,False,False,False,False,False,False,False,False,False,False,False,False,False,Mercredi-10-12h,NON,Mercredi,2020-03-25 10:00
8951,33,False,True,False,False,True,False,False,False,False,False,False,False,False,False,Mercredi-10-12h,NON,Mercredi,2020-03-25 10:00
8952,266,False,False,False,False,False,False,False,False,False,False,False,False,False,False,Mercredi-10-12h,NON,Mercredi,2020-03-25 10:00
8953,225,True,False,False,False,False,True,False,False,False,False,False,False,False,False,Mercredi-10-12h,NON,Mercredi,2020-03-25 10:00
8954,83,True,False,True,False,False,False,False,False,False,False,False,False,False,False,Mercredi-10-12h,OUI,Mercredi,2020-03-25 10:00
8955,95,False,False,False,False,True,True,False,True,False,False,False,False,False,False,Mercredi-10-12h,OUI,Mercredi,2020-03-25 10:00
8956,127,False,False,False,False,True,False,False,False,False,False,False,False,False,False,Mercredi-10-12h,OUI,Mercredi,2020-03-25 10:00
8957,20,False,False,False,False,False,False,False,False,False,False,False,False,False,False,Mercredi-10-12h,NON,Mercredi,2020-03-25 10:00
8958,89,False,False,False,False,False,False,False,False,True,False,False,False,False,False,Mercredi-10-12h,OUI,Mercredi,2020-03-25 10:00
8959,120,False,True,True,False,True,True,False,True,False,False,True,False,False,False,Mercredi-10-12h,NON,Mercredi,2020-03-25 10:00
8960,253,False,False,False,False,True,True,False,False,False,False,False,True,False,False,Mercredi-10-12h,NON,Mercredi,2020-03-25 10:00
8961,52,False,False,True,False,False,False,False,False,False,False,False,False,False,False,Mercredi-10-12h,OUI,Mercredi,2020-03-25 10:00
8962,168,True,False,True,False,False,False,False,True,False,False,False,False,False,False,Mercredi-10-12h,NON,Mercredi,2020-03-25 10:00
8963,202,False,True,False,False,False,False,False,False,False,False,False,False,False,False,Mercredi-10-12h,NON,Mercredi,2020-03-25 10:00
8964,172,False,False,False,False,True,False,False,False,False,False,False,False,False,False,Mercredi-10-12h,NON,Mercredi,2020-03-25 10:00
8965,239,False,False,False,False,True,True,False,False,False,False,False,False,False,False,Mercredi-10-12h,NON,Mercredi,2020-03-25 10:00
8966,85,False,False,False,False,True,False,False,False,False,False,False,False,False,False,Mercredi-10-12h,NON,Mercredi,2020-03-25 10:00
8967,215,False,False,False,False,False,False,False,False,True,False,False,False,False,False,Mercredi-10-12h,OUI,Mercredi,2020-03-25 10:00
8968,260,True,False,True,False,False,False,False,False,False,False,False,False,False,False,Mercredi-10-12h,NON,Mercredi,2020-03-25 10:00
8969,286,True,True,False,False,True,False,False,False,False,False,False,False,False,False,Mercredi-10-12h,NON,Mercredi,2020-03-25 10:00
8970,72,False,True,False,False,False,False,False,False,False,False,False,False,False,False,Mercredi-12-14h,OUI,Mercredi,2020-03-25 12:00
8971,167,True,True,True,True,True,True,False,False,False,False,False,False,False,False,Mercredi-12-14h,OUI,Mercredi,2020-03-25 12:00
8972,130,True,False,True,False,False,False,False,True,False,False,False,False,True,True,Mercredi-12-14h,OUI,Mercredi,2020-03-25 12:00
8973,288,True,True,True,False,True,False,False,False,False,False,False,False,False,False,Mercredi-12-14h,OUI,Mercredi,2020-03-25 12:00
8974,59,False,False,False,False,False,True,False,False,False,False,False,False,False,False,Mercredi-12-14h,NON,Mercredi,2020-03-25 12:00
8975,178,True,False,False,False,False,False,False,False,False,False,True,False,False,False,Mercredi-12-14h,OUI,Mercredi,2020-03-25 12:00
8976,254,False,False,False,False,False,False,False,False,False,False,False,True,False,False,Mercredi-12-14h,NON,Mercredi,2020-03-25 12:00
8977,34,False,False,False,False,False,False,False,False,False,False,False,False,False,False,Mercredi-12-14h,NON,Mercredi,2020-03-25 12:00
8978,264,False,False,False,False,True,True,True,False,False,False,False,False,False,False,Mercredi-12-14h,NON,Mercredi,2020-03-25 12:00
8979,158,True,False,False,False,True,False,False,False,False,True,False,False,False,False,Mercredi-12-14h,OUI,Mercredi,2020-03-25 12:00
8980,210,False,True,False,False,True,True,False,False,False,False,False,False,False,False,Mercredi-12-14h,NON,Mercredi,2020-03-25 12:00
8981,93,False,False,False,False,True,False,False,False,False,False,False,False,True,False,Mercredi-12-14h,OUI,Mercredi,2020-03-25 12:00
8982,144,True,False,True,False,True,False,False,False,False,False,False,False,False,False,Mercredi-12-14h,OUI,Mercredi,2020-03-25 12:00
8983,164,False,True,False,False,True,True,False,False,False,False,False,False,False,False,Mercredi-12-14h,OUI,Mercredi,2020-03-25 12:00
8984,289,False,False,False,False,True,True,False,False,False,False,False,False,False,False,Mercredi-12-14h,NON,Mercredi,2020-03-25 12:00
8985,50,False,False,False,False,False,False,False,False,False,False,False,False,False,False,Mercredi-12-14h,NON,Mercredi,2020-03-25 12:00
8986,51,True,True,False,False,True,False,False,False,False,False,False,False,False,False,Mercredi-12-14h,OUI,Mercredi,2020-03-25 12:00
8987,247,False,False,True,False,False,False,False,False,False,False,False,False,False,False,Mercredi-12-14h,NON,Mercredi,2020-03-25 12:00
8988,159,False,False,False,False,False,False,False,True,False,False,False,False,False,False,Mercredi-12-14h,NON,Mercredi,2020-03-25 12:00
8989,54,False,False,False,False,False,True,False,False,False,False,False,False,False,False,Mercredi-12-14h,NON,Mercredi,2020-03-25 12:00
8990,55,True,False,False,False,True,True,False,True,False,False,False,False,False,False,Mercredi-12-14h,NON,Mercredi,2020-03-25 12:00
8991,257,False,False,False,False,True,False,False,False,False,False,False,False,False,False,Mercredi-12-14h,NON,Mercredi,2020-03-25 12:00
8992,67,False,False,False,False,False,False,False,False,False,False,False,False,False,False,Mercredi-12-14h,NON,Mercredi,2020-03-25 12:00
8993,71,True,False,True,False,False,False,False,False,False,False,False,False,False,False,Mercredi-12-14h,OUI,Mercredi,2020-03-25 12:00
8994,280,False,False,False,False,False,True,False,False,False,False,False,False,False,False,Mercredi-12-14h,OUI,Mercredi,2020-03-25 12:00
8995,283,True,True,False,False,False,False,False,False,False,False,False,False,False,False,Mercredi-12-14h,OUI,Mercredi,2020-03-25 12:00
8996,154,False,False,False,False,True,True,False,False,False,False,False,True,False,False,Mercredi-12-14h,NON,Mercredi,2020-03-25 12:00
8997,171,False,False,False,False,False,False,False,False,False,False,False,True,False,False,Mercredi-12-14h,OUI,Mercredi,2020-03-25 12:00
8998,131,False,False,True,False,False,False,False,False,False,False,False,False,False,False,Mercredi-12-14h,OUI,Mercredi,2020-03-25 12:00
8999,237,True,False,False,False,False,True,True,False,False,False,False,False,True,False,Mercredi-12-14h,NON,Mercredi,2020-03-25 12:00
9000,75,False,False,False,False,True,True,False,False,False,False,False,False,False,False,Mercredi-12-14h,NON,Mercredi,2020-03-25 12:00
9001,235,True,False,False,False,True,False,False,False,False,False,False,False,False,False,Mercredi-12-14h,NON,Mercredi,2020-03-25 12:00
9002,180,False,False,False,False,True,True,False,False,False,False,False,False,False,False,Mercredi-12-14h,OUI,Mercredi,2020-03-25 12:00
9003,219,False,False,False,False,False,True,False,False,False,False,False,False,False,False,Mercredi-12-14h,OUI,Mercredi,2020-03-25 12:00
9004,250,False,False,False,False,False,False,False,False,True,False,False,False,False,False,Mercredi-12-14h,NON,Mercredi,2020-03-25 12:00
9005,267,True,True,False,False,False,False,False,False,False,False,False,False,False,False,Mercredi-12-14h,OUI,Mercredi,2020-03-25 12:00
9006,160,False,True,False,False,False,True,False,False,False,False,False,False,False,False,Mercredi-12-14h,NON,Mercredi,2020-03-25 12:00
9007,182,False,True,False,False,True,True,True,False,False,False,False,False,False,False,Mercredi-12-14h,OUI,Mercredi,2020-03-25 12:00
9008,143,False,False,False,False,False,False,False,True,False,False,True,False,False,False,Mercredi-12-14h,OUI,Mercredi,2020-03-25 12:00
9009,223,True,True,False,False,False,False,False,False,False,False,False,False,False,False,Mercredi-12-14h,NON,Mercredi,2020-03-25 12:00
9010,192,True,False,True,False,False,False,False,False,False,False,False,False,False,False,Mercredi-12-14h,NON,Mercredi,2020-03-25 12:00
9011,30,False,False,True,False,False,False,False,True,False,False,False,False,False,False,Mercredi-12-14h,OUI,Mercredi,2020-03-25 12:00
9012,125,True,False,False,False,True,False,False,True,False,False,False,False,False,False,Mercredi-12-14h,NON,Mercredi,2020-03-25 12:00
9013,39,False,False,True,False,True,False,False,True,False,False,False,False,False,False,Mercredi-12-14h,OUI,Mercredi,2020-03-25 12:00
9014,113,True,False,True,False,False,False,False,False,False,False,False,False,False,False,Mercredi-12-14h,NON,Mercredi,2020-03-25 12:00
9015,121,True,False,True,False,False,False,False,True,False,False,False,False,False,False,Mercredi-12-14h,NON,Mercredi,2020-03-25 12:00
9016,228,False,False,False,False,False,False,False,False,False,False,True,False,False,False,Mercredi-12-14h,OUI,Mercredi,2020-03-25 12:00
9017,290,False,False,False,False,False,False,False,False,True,False,False,False,False,False,Mercredi-12-14h,NON,Mercredi,2020-03-25 12:00
9018,197,False,False,True,False,True,False,False,False,False,False,False,False,False,False,Mercredi-12-14h,NON,Mercredi,2020-03-25 12:00
9019,31,True,True,True,False,False,True,False,False,False,False,False,False,False,False,Mercredi-12-14h,OUI,Mercredi,2020-03-25 12:00
9020,173,True,False,False,False,True,True,False,True,False,False,False,False,False,False,Mercredi-12-14h,OUI,Mercredi,2020-03-25 12:00
9021,74,True,False,False,True,False,False,False,True,False,False,True,False,False,False,Mercredi-12-14h,OUI,Mercredi,2020-03-25 12:00
9022,15,False,False,True,False,False,False,False,False,False,False,False,False,False,False,Mercredi-12-14h,NON,Mercredi,2020-03-25 12:00
9023,45,True,False,False,False,True,True,False,True,False,False,False,False,False,False,Mercredi-12-14h,NON,Mercredi,2020-03-25 12:00
9024,63,False,False,True,False,False,False,False,False,False,False,False,False,False,False,Mercredi-12-14h,NON,Mercredi,2020-03-25 12:00
9025,3,False,False,False,False,False,True,False,False,False,False,False,True,False,False,Mercredi-12-14h,OUI,Mercredi,2020-03-25 12:00
9026,21,True,False,True,False,False,False,False,False,False,False,False,False,False,False,Mercredi-12-14h,NON,Mercredi,2020-03-25 12:00
9027,78,False,True,True,False,True,True,False,True,False,False,False,False,False,False,Mercredi-12-14h,NON,Mercredi,2020-03-25 12:00
9028,47,False,True,False,False,False,False,False,False,False,False,False,False,False,False,Mercredi-12-14h,NON,Mercredi,2020-03-25 12:00
9029,151,True,True,False,False,True,False,False,True,False,False,False,False,False,False,Mercredi-12-14h,OUI,Mercredi,2020-03-25 12:00
9030,6,True,False,True,False,False,False,False,False,False,False,False,False,False,False,Mercredi-12-14h,OUI,Mercredi,2020-03-25 12:00
9031,135,True,False,True,False,False,False,False,False,False,False,False,False,True,False,Mercredi-12-14h,NON,Mercredi,2020-03-25 12:00
9032,221,False,False,False,False,True,True,False,False,False,False,False,False,False,False,Mercredi-12-14h,NON,Mercredi,2020-03-25 12:00
9033,170,False,False,True,False,False,False,False,False,False,False,True,False,False,True,Mercredi-12-14h,OUI,Mercredi,2020-03-25 12:00
9034,129,False,True,False,False,False,False,False,False,False,False,False,False,False,False,Mercredi-12-14h,NON,Mercredi,2020-03-25 12:00
9035,132,True,True,True,False,False,True,False,False,False,False,False,False,False,False,Mercredi-12-14h,OUI,Mercredi,2020-03-25 12:00
9036,110,False,True,False,False,False,False,False,False,False,False,False,False,False,False,Mercredi-12-14h,NON,Mercredi,2020-03-25 12:00
9037,191,False,False,False,False,False,True,False,False,False,False,False,False,False,False,Mercredi-12-14h,NON,Mercredi,2020-03-25 12:00
9038,94,True,True,True,False,False,True,False,False,False,False,True,False,True,False,Mercredi-12-14h,OUI,Mercredi,2020-03-25 12:00
9039,108,False,False,False,False,False,True,True,False,False,False,False,False,False,False,Mercredi-12-14h,OUI,Mercredi,2020-03-25 12:00
9040,236,False,False,False,False,True,True,False,False,False,False,False,False,False,False,Mercredi-12-14h,OUI,Mercredi,2020-03-25 12:00
9041,42,True,False,True,False,True,False,False,False,False,False,False,False,False,False,Mercredi-12-14h,OUI,Mercredi,2020-03-25 12:00
9042,155,True,False,False,False,True,False,False,False,False,False,False,False,False,False,Mercredi-12-14h,OUI,Mercredi,2020-03-25 12:00
9043,1,False,False,False,False,False,False,False,False,False,False,False,False,False,False,Mercredi-12-14h,NON,Mercredi,2020-03-25 12:00
9044,58,False,True,True,False,False,True,False,False,False,False,True,False,False,False,Mercredi-12-14h,OUI,Mercredi,2020-03-25 12:00
9045,0,False,True,False,False,False,False,False,False,False,False,False,False,False,False,Mercredi-12-14h,NON,Mercredi,2020-03-25 12:00
9046,269,False,False,False,False,False,False,False,False,False,False,False,False,False,False,Mercredi-12-14h,NON,Mercredi,2020-03-25 12:00
9047,2,True,False,True,False,False,False,False,False,False,False,False,False,False,False,Mercredi-12-14h,NON,Mercredi,2020-03-25 12:00
9048,103,False,False,False,False,True,False,False,False,False,False,False,False,False,False,Mercredi-12-14h,NON,Mercredi,2020-03-25 12:00
9049,12,False,True,False,False,True,False,False,False,False,False,False,False,False,False,Mercredi-12-14h,NON,Mercredi,2020-03-25 12:00
9050,245,True,False,False,False,True,True,False,True,False,False,False,False,False,False,Mercredi-12-14h,NON,Mercredi,2020-03-25 12:00
9051,161,False,False,True,False,False,False,False,False,False,False,True,False,False,False,Mercredi-12-14h,NON,Mercredi,2020-03-25 12:00
9052,38,False,False,False,False,False,False,False,False,True,False,False,False,False,False,Mercredi-12-14h,OUI,Mercredi,2020-03-25 12:00
9053,122,False,False,False,False,False,False,False,False,False,False,False,False,False,False,Mercredi-12-14h,NON,Mercredi,2020-03-25 12:00
9054,248,False,False,True,False,False,False,False,False,False,False,False,False,True,False,Mercredi-12-14h,NON,Mercredi,2020-03-25 12:00
9055,271,False,True,True,False,False,True,False,False,False,False,False,False,False,False,Mercredi-12-14h,OUI,Mercredi,2020-03-25 12:00
9056,116,False,False,True,False,False,False,False,False,False,False,False,False,False,False,Mercredi-12-14h,OUI,Mercredi,2020-03-25 12:00
9057,117,True,True,True,True,False,True,False,False,False,False,False,False,False,False,Mercredi-12-14h,NON,Mercredi,2020-03-25 12:00
9058,213,False,False,False,False,True,True,False,True,False,False,False,False,False,False,Mercredi-12-14h,NON,Mercredi,2020-03-25 12:00
9059,220,False,True,True,False,False,True,False,False,False,False,False,False,False,False,Mercredi-12-14h,OUI,Mercredi,2020-03-25 12:00
9060,176,False,False,True,False,False,False,False,False,False,False,False,False,False,False,Mercredi-12-14h,NON,Mercredi,2020-03-25 12:00
9061,96,False,False,False,False,True,True,False,False,False,True,False,False,False,False,Mercredi-12-14h,NON,Mercredi,2020-03-25 12:00
9062,214,False,False,False,False,True,True,False,False,False,True,False,False,False,False,Mercredi-12-14h,OUI,Mercredi,2020-03-25 12:00
9063,11,True,False,False,True,False,False,False,False,False,False,True,False,False,False,Mercredi-12-14h,NON,Mercredi,2020-03-25 12:00
9064,255,True,False,True,False,False,False,False,True,False,False,False,False,False,False,Mercredi-12-14h,OUI,Mercredi,2020-03-25 12:00
9065,86,False,False,True,False,False,False,False,False,False,False,False,False,False,False,Mercredi-12-14h,OUI,Mercredi,2020-03-25 12:00
9066,209,True,False,False,False,True,True,False,True,False,False,False,False,False,False,Mercredi-12-14h,OUI,Mercredi,2020-03-25 12:00
9067,291,False,False,False,False,False,True,False,False,True,False,False,False,False,False,Mercredi-12-14h,NON,Mercredi,2020-03-25 12:00
9068,287,False,False,False,False,False,False,False,False,False,False,False,True,False,False,Mercredi-12-14h,NON,Mercredi,2020-03-25 12:00
9069,104,False,False,False,False,True,True,False,False,False,False,False,False,False,False,Mercredi-12-14h,OUI,Mercredi,2020-03-25 12:00
9070,18,False,False,False,False,True,False,False,False,False,False,False,False,False,False,Mercredi-12-14h,OUI,Mercredi,2020-03-25 12:00
9071,123,False,True,False,False,True,True,False,False,False,False,False,False,False,False,Mercredi-12-14h,NON,Mercredi,2020-03-25 12:00
9072,136,False,False,False,False,True,False,False,False,False,False,False,False,False,False,Mercredi-12-14h,NON,Mercredi,2020-03-25 12:00
9073,276,True,False,True,False,False,False,False,False,False,False,False,False,False,False,Mercredi-12-14h,NON,Mercredi,2020-03-25 12:00
9074,53,False,False,False,False,True,True,False,False,False,False,False,False,False,False,Mercredi-12-14h,OUI,Mercredi,2020-03-25 12:00
9075,179,True,False,True,False,False,False,False,False,False,False,False,False,False,False,Mercredi-12-14h,OUI,Mercredi,2020-03-25 12:00
9076,200,False,False,False,False,False,False,False,False,False,False,False,False,False,False,Mercredi-12-14h,NON,Mercredi,2020-03-25 12:00
9077,73,False,False,False,False,False,False,False,False,False,False,False,False,False,False,Mercredi-12-14h,NON,Mercredi,2020-03-25 12:00
9078,156,False,False,False,False,True,True,False,False,False,False,False,False,False,False,Mercredi-12-14h,NON,Mercredi,2020-03-25 12:00
9079,128,True,True,True,False,False,True,False,False,False,False,False,False,False,False,Mercredi-12-14h,NON,Mercredi,2020-03-25 12:00
9080,118,False,False,False,False,False,False,False,False,False,False,False,False,False,False,Mercredi-12-14h,NON,Mercredi,2020-03-25 12:00
9081,112,True,False,True,False,False,False,False,False,False,False,False,False,False,False,Mercredi-12-14h,OUI,Mercredi,2020-03-25 12:00
9082,35,False,False,False,False,True,True,False,False,False,False,False,False,False,False,Mercredi-12-14h,NON,Mercredi,2020-03-25 12:00
9083,32,False,False,False,False,False,False,False,False,False,False,False,True,False,False,Mercredi-12-14h,NON,Mercredi,2020-03-25 12:00
9084,199,True,False,True,False,False,False,False,False,False,False,False,False,False,False,Mercredi-12-14h,OUI,Mercredi,2020-03-25 12:00
9085,153,True,False,False,False,True,True,False,False,False,False,False,False,False,False,Mercredi-12-14h,NON,Mercredi,2020-03-25 12:00
9086,82,False,False,True,False,False,False,False,False,False,False,False,False,False,False,Mercredi-12-14h,OUI,Mercredi,2020-03-25 12:00
9087,292,False,True,False,False,False,False,False,False,False,False,False,False,False,False,Mercredi-12-14h,OUI,Mercredi,2020-03-25 12:00
9088,169,False,False,False,True,False,False,False,False,False,False,False,False,False,False,Mercredi-12-14h,OUI,Mercredi,2020-03-25 12:00
9089,16,False,False,False,False,True,True,False,False,False,False,False,False,False,False,Mercredi-12-14h,OUI,Mercredi,2020-03-25 12:00
9090,46,True,True,True,False,False,True,True,False,False,False,False,False,False,False,Mercredi-12-14h,NON,Mercredi,2020-03-25 12:00
9091,216,False,True,False,False,False,True,False,False,False,False,False,False,False,False,Mercredi-12-14h,OUI,Mercredi,2020-03-25 12:00
9092,174,False,True,True,False,False,True,False,False,False,False,True,False,False,False,Mercredi-12-14h,NON,Mercredi,2020-03-25 12:00
9093,43,False,False,False,False,True,False,False,False,False,False,False,False,False,False,Mercredi-12-14h,NON,Mercredi,2020-03-25 12:00
9094,165,False,False,False,False,True,True,False,False,False,False,False,False,False,False,Mercredi-12-14h,NON,Mercredi,2020-03-25 12:00
9095,126,False,True,False,False,False,True,False,False,False,False,False,False,False,False,Mercredi-12-14h,NON,Mercredi,2020-03-25 12:00
9096,41,False,False,False,False,False,True,False,False,True,False,False,False,False,False,Mercredi-12-14h,OUI,Mercredi,2020-03-25 12:00
9097,157,False,False,True,False,False,False,False,False,False,False,False,False,False,False,Mercredi-12-14h,OUI,Mercredi,2020-03-25 12:00
9098,272,False,True,True,False,False,False,True,False,False,False,True,False,True,True,Mercredi-12-14h,OUI,Mercredi,2020-03-25 12:00
9099,115,True,False,True,False,False,False,False,False,False,False,False,False,False,False,Mercredi-12-14h,NON,Mercredi,2020-03-25 12:00
9100,84,False,False,False,False,False,False,False,False,False,False,False,True,False,False,Mercredi-12-14h,NON,Mercredi,2020-03-25 12:00
9101,183,True,True,True,True,False,False,False,False,False,False,False,False,False,False,Mercredi-12-14h,OUI,Mercredi,2020-03-25 12:00
9102,65,True,True,False,False,False,True,False,False,False,False,False,False,False,False,Mercredi-12-14h,NON,Mercredi,2020-03-25 12:00
9103,105,True,False,False,False,False,False,False,False,False,False,False,False,False,False,Mercredi-12-14h,OUI,Mercredi,2020-03-25 12:00
9104,187,True,False,False,False,False,True,False,False,False,False,False,False,False,False,Mercredi-12-14h,OUI,Mercredi,2020-03-25 12:00
9105,139,True,False,True,False,False,False,False,False,False,False,False,False,False,False,Mercredi-12-14h,OUI,Mercredi,2020-03-25 12:00
9106,259,False,False,False,False,True,True,False,False,False,False,False,False,False,False,Mercredi-12-14h,OUI,Mercredi,2020-03-25 12:00
9107,124,True,False,True,False,False,False,False,False,False,False,True,False,False,False,Mercredi-12-14h,OUI,Mercredi,2020-03-25 12:00
9108,98,False,False,False,False,False,True,False,False,False,False,False,True,False,False,Mercredi-12-14h,OUI,Mercredi,2020-03-25 12:00
9109,284,False,True,True,False,False,True,False,False,False,False,False,False,True,False,Mercredi-12-14h,OUI,Mercredi,2020-03-25 12:00
9110,148,True,False,True,False,True,False,False,True,False,False,False,False,False,False,Mercredi-12-14h,OUI,Mercredi,2020-03-25 12:00
9111,258,True,False,True,False,False,False,False,False,False,False,False,False,False,False,Mercredi-12-14h,NON,Mercredi,2020-03-25 12:00
9112,175,False,False,False,False,False,True,False,False,False,False,False,False,False,False,Mercredi-12-14h,OUI,Mercredi,2020-03-25 12:00
9113,119,False,False,False,False,False,False,False,False,False,False,True,False,False,False,Mercredi-12-14h,NON,Mercredi,2020-03-25 12:00
9114,229,True,False,True,False,False,False,False,True,False,False,False,False,False,False,Mercredi-12-14h,OUI,Mercredi,2020-03-25 12:00
9115,230,False,False,False,False,False,True,True,False,False,False,False,False,False,False,Mercredi-12-14h,NON,Mercredi,2020-03-25 12:00
9116,17,True,False,False,False,False,True,True,False,False,False,False,False,False,False,Mercredi-12-14h,OUI,Mercredi,2020-03-25 12:00
9117,177,False,False,False,False,False,False,False,False,False,False,False,False,False,False,Mercredi-12-14h,NON,Mercredi,2020-03-25 12:00
9118,7,False,False,False,False,False,False,False,False,False,False,False,False,False,False,Mercredi-12-14h,NON,Mercredi,2020-03-25 12:00
9119,241,False,False,True,False,False,False,False,False,False,False,False,False,False,False,Mercredi-12-14h,NON,Mercredi,2020-03-25 12:00
9120,8,True,False,False,False,True,True,False,True,False,False,False,False,False,False,Mercredi-12-14h,NON,Mercredi,2020-03-25 12:00
9121,268,False,True,False,False,False,True,False,False,False,False,False,False,False,False,Mercredi-12-14h,OUI,Mercredi,2020-03-25 12:00
9122,294,False,False,True,False,True,False,False,False,False,False,False,False,False,False,Mercredi-12-14h,OUI,Mercredi,2020-03-25 12:00
9123,242,True,False,False,False,True,True,False,False,False,False,False,False,False,False,Mercredi-12-14h,NON,Mercredi,2020-03-25 12:00
9124,194,False,False,False,False,False,True,False,False,False,False,False,False,False,False,Mercredi-12-14h,NON,Mercredi,2020-03-25 12:00
9125,243,False,False,False,False,True,True,False,False,False,False,False,False,False,False,Mercredi-12-14h,OUI,Mercredi,2020-03-25 12:00
9126,212,True,True,True,False,False,True,False,False,False,False,False,False,False,False,Mercredi-12-14h,OUI,Mercredi,2020-03-25 12:00
9127,19,False,False,False,False,False,True,False,False,False,False,False,False,False,False,Mercredi-12-14h,OUI,Mercredi,2020-03-25 12:00
9128,114,False,False,False,False,True,False,False,False,False,False,False,False,False,False,Mercredi-12-14h,OUI,Mercredi,2020-03-25 12:00
9129,190,False,False,False,False,False,True,False,False,True,False,False,False,False,False,Mercredi-12-14h,NON,Mercredi,2020-03-25 12:00
9130,64,False,False,True,False,False,False,False,False,False,False,False,False,False,False,Mercredi-12-14h,OUI,Mercredi,2020-03-25 12:00
9131,227,False,False,False,False,False,False,False,False,False,False,False,False,False,False,Mercredi-12-14h,NON,Mercredi,2020-03-25 12:00
9132,232,False,False,False,False,False,True,False,False,False,False,False,False,False,False,Mercredi-12-14h,OUI,Mercredi,2020-03-25 12:00
9133,246,False,True,False,False,False,True,True,False,False,False,False,False,False,False,Mercredi-12-14h,NON,Mercredi,2020-03-25 12:00
9134,100,False,False,False,False,False,True,False,False,False,False,False,False,False,False,Mercredi-12-14h,NON,Mercredi,2020-03-25 12:00
9135,13,False,False,False,False,True,False,False,False,False,False,False,False,False,False,Mercredi-12-14h,NON,Mercredi,2020-03-25 12:00
9136,262,True,True,True,False,False,False,False,False,False,False,False,False,False,False,Mercredi-12-14h,NON,Mercredi,2020-03-25 12:00
9137,76,True,True,True,False,False,True,False,False,False,False,True,False,False,False,Mercredi-12-14h,NON,Mercredi,2020-03-25 12:00
9138,261,False,True,False,False,True,False,False,False,False,False,False,False,False,False,Mercredi-12-14h,OUI,Mercredi,2020-03-25 12:00
9139,150,False,True,False,False,False,False,False,False,False,False,False,False,False,False,Mercredi-12-14h,OUI,Mercredi,2020-03-25 12:00
9140,205,False,False,False,False,False,False,False,False,False,False,False,False,False,False,Mercredi-12-14h,NON,Mercredi,2020-03-25 12:00
9141,56,False,False,False,False,True,True,False,False,False,False,False,False,False,False,Mercredi-12-14h,OUI,Mercredi,2020-03-25 12:00
9142,186,False,False,False,False,True,False,False,False,False,False,False,False,False,False,Mercredi-12-14h,OUI,Mercredi,2020-03-25 12:00
9143,162,True,False,False,False,True,True,False,False,False,False,False,False,False,False,Mercredi-12-14h,OUI,Mercredi,2020-03-25 12:00
9144,68,False,True,False,False,True,True,False,False,False,False,False,False,False,False,Mercredi-12-14h,OUI,Mercredi,2020-03-25 12:00
9145,146,False,False,False,False,False,True,False,False,False,False,False,True,False,False,Mercredi-12-14h,OUI,Mercredi,2020-03-25 12:00
9146,49,False,False,False,False,False,False,False,False,False,False,False,False,True,False,Mercredi-12-14h,NON,Mercredi,2020-03-25 12:00
9147,91,True,False,True,True,False,False,False,False,False,False,False,False,False,False,Mercredi-12-14h,OUI,Mercredi,2020-03-25 12:00
9148,22,False,False,False,False,False,False,False,False,False,True,False,False,False,False,Mercredi-12-14h,NON,Mercredi,2020-03-25 12:00
9149,151,False,False,False,False,True,False,False,False,False,False,False,False,False,False,Mercredi-12-14h,NON,Mercredi,2020-03-25 12:00
9150,193,False,False,False,False,True,True,False,False,False,False,False,False,False,False,Mercredi-12-14h,OUI,Mercredi,2020-03-25 12:00
9151,9,True,True,False,False,False,False,False,False,False,False,False,False,False,False,Mercredi-12-14h,NON,Mercredi,2020-03-25 12:00
9152,99,True,False,True,False,False,False,False,False,False,False,False,False,False,False,Mercredi-12-14h,OUI,Mercredi,2020-03-25 12:00
9153,181,False,False,False,False,True,True,False,False,False,False,False,False,False,False,Mercredi-12-14h,OUI,Mercredi,2020-03-25 12:00
9154,111,False,False,False,False,False,True,False,True,False,False,False,False,False,False,Mercredi-12-14h,OUI,Mercredi,2020-03-25 12:00
9155,44,False,True,False,False,False,True,False,False,False,False,False,False,False,False,Mercredi-12-14h,NON,Mercredi,2020-03-25 12:00
9156,24,False,False,False,False,True,False,False,True,False,False,False,False,False,False,Mercredi-12-14h,NON,Mercredi,2020-03-25 12:00
9157,102,False,False,False,False,True,True,False,True,False,False,False,False,False,False,Mercredi-12-14h,NON,Mercredi,2020-03-25 12:00
9158,203,True,True,False,False,False,False,False,True,False,False,False,False,False,False,Mercredi-12-14h,NON,Mercredi,2020-03-25 12:00
9159,140,False,False,False,False,True,True,False,True,False,False,False,False,False,False,Mercredi-12-14h,NON,Mercredi,2020-03-25 12:00
9160,188,False,False,False,False,False,True,False,False,True,False,False,False,False,False,Mercredi-12-14h,OUI,Mercredi,2020-03-25 12:00
9161,206,False,False,False,True,False,False,False,False,False,False,True,False,False,False,Mercredi-12-14h,OUI,Mercredi,2020-03-25 12:00
9162,273,False,False,False,False,False,False,False,False,False,False,False,True,False,False,Mercredi-12-14h,OUI,Mercredi,2020-03-25 12:00
9163,69,True,False,True,False,False,False,False,False,False,False,False,False,False,False,Mercredi-12-14h,OUI,Mercredi,2020-03-25 12:00
9164,87,True,False,False,True,False,False,False,False,False,False,True,False,False,False,Mercredi-12-14h,NON,Mercredi,2020-03-25 12:00
9165,83,True,False,True,False,False,False,False,False,False,False,False,False,False,False,Mercredi-12-14h,OUI,Mercredi,2020-03-25 12:00
9166,149,True,False,True,True,False,False,False,False,False,False,False,False,False,False,Mercredi-12-14h,NON,Mercredi,2020-03-25 12:00
9167,274,False,False,False,False,False,True,False,False,False,False,False,False,False,False,Mercredi-12-14h,NON,Mercredi,2020-03-25 12:00
9168,282,True,False,True,True,False,False,False,False,False,False,False,False,False,False,Mercredi-12-14h,OUI,Mercredi,2020-03-25 12:00
9169,147,False,False,False,False,False,False,False,False,False,False,False,False,False,False,Mercredi-12-14h,NON,Mercredi,2020-03-25 12:00
9170,238,False,False,False,False,False,False,False,False,False,False,False,True,False,False,Mercredi-12-14h,NON,Mercredi,2020-03-25 12:00
9171,201,False,False,False,False,False,False,False,False,False,False,False,False,False,False,Mercredi-12-14h,NON,Mercredi,2020-03-25 12:00
9172,152,False,True,False,False,False,False,False,False,False,False,False,False,False,False,Mercredi-12-14h,NON,Mercredi,2020-03-25 12:00
9173,222,False,False,False,False,False,True,False,False,True,True,False,False,False,False,Mercredi-12-14h,NON,Mercredi,2020-03-25 12:00
9174,106,False,False,False,False,False,True,False,False,False,False,False,True,False,False,Mercredi-12-14h,NON,Mercredi,2020-03-25 12:00
9175,133,False,False,True,False,True,False,False,False,False,False,False,False,False,False,Mercredi-12-14h,NON,Mercredi,2020-03-25 12:00
9176,163,False,False,False,False,True,False,False,False,False,False,False,False,False,False,Mercredi-12-14h,OUI,Mercredi,2020-03-25 12:00
9177,231,False,False,False,False,False,False,False,False,False,False,False,False,False,False,Mercredi-12-14h,NON,Mercredi,2020-03-25 12:00
9178,25,False,False,False,False,True,False,False,False,False,False,False,False,False,False,Mercredi-12-14h,NON,Mercredi,2020-03-25 12:00
9179,196,False,False,True,False,True,False,False,True,False,False,False,False,False,False,Mercredi-12-14h,OUI,Mercredi,2020-03-25 12:00
9180,5,False,False,False,False,True,True,False,False,False,False,False,False,False,False,Mercredi-12-14h,OUI,Mercredi,2020-03-25 12:00
9181,90,False,True,False,False,False,False,False,False,False,False,False,False,False,False,Mercredi-12-14h,NON,Mercredi,2020-03-25 12:00
9182,244,True,False,True,False,False,False,False,False,False,False,False,False,False,False,Mercredi-12-14h,OUI,Mercredi,2020-03-25 12:00
9183,107,False,True,False,False,False,True,False,False,False,False,False,False,False,False,Mercredi-12-14h,OUI,Mercredi,2020-03-25 12:00
9184,218,False,True,False,False,True,True,False,False,False,False,False,False,False,False,Mercredi-12-14h,NON,Mercredi,2020-03-25 12:00
9185,62,False,True,True,False,True,True,False,False,False,False,False,False,False,False,Mercredi-12-14h,NON,Mercredi,2020-03-25 12:00
9186,79,False,True,False,False,False,False,False,False,False,False,False,False,False,False,Mercredi-12-14h,NON,Mercredi,2020-03-25 12:00
9187,208,False,False,False,False,False,True,False,False,False,False,False,False,False,False,Mercredi-12-14h,OUI,Mercredi,2020-03-25 12:00
9188,270,False,False,False,False,False,False,False,False,True,False,False,False,False,False,Mercredi-12-14h,NON,Mercredi,2020-03-25 12:00
9189,166,True,False,False,False,True,True,False,False,False,False,False,False,False,False,Mercredi-12-14h,OUI,Mercredi,2020-03-25 12:00
9190,77,False,False,True,False,True,False,False,False,False,False,False,False,False,False,Mercredi-12-14h,NON,Mercredi,2020-03-25 12:00
9191,29,False,False,False,False,False,True,False,False,False,False,False,True,False,False,Mercredi-12-14h,OUI,Mercredi,2020-03-25 12:00
9192,240,False,False,False,False,False,True,False,False,False,False,False,False,False,False,Mercredi-12-14h,NON,Mercredi,2020-03-25 12:00
9193,184,False,True,False,False,False,False,False,False,False,False,False,False,False,False,Mercredi-12-14h,OUI,Mercredi,2020-03-25 12:00
9194,277,False,True,True,False,False,True,False,False,False,False,False,False,False,False,Mercredi-12-14h,NON,Mercredi,2020-03-25 12:00
9195,80,True,False,False,False,False,True,False,False,False,True,False,False,False,False,Mercredi-12-14h,NON,Mercredi,2020-03-25 12:00
9196,185,True,True,True,False,False,True,False,False,False,False,True,False,True,False,Mercredi-12-14h,NON,Mercredi,2020-03-25 12:00
9197,204,False,False,False,False,True,True,False,False,False,False,False,True,False,False,Mercredi-12-14h,OUI,Mercredi,2020-03-25 12:00
9198,252,True,True,True,False,False,True,False,False,False,False,False,False,False,False,Mercredi-12-14h,NON,Mercredi,2020-03-25 12:00
9199,26,False,False,False,False,True,False,False,False,False,False,False,False,False,False,Mercredi-12-14h,NON,Mercredi,2020-03-25 12:00
9200,70,False,False,False,False,True,False,False,False,False,False,False,True,False,False,Mercredi-12-14h,OUI,Mercredi,2020-03-25 12:00
9201,233,False,False,False,False,True,False,False,False,False,False,False,False,False,False,Mercredi-12-14h,OUI,Mercredi,2020-03-25 12:00
9202,37,True,True,True,False,True,True,False,False,False,False,False,False,False,False,Mercredi-12-14h,NON,Mercredi,2020-03-25 12:00
9203,185,False,False,True,False,False,False,False,False,False,False,False,False,False,False,Mercredi-12-14h,OUI,Mercredi,2020-03-25 12:00
9204,138,True,False,False,False,True,True,False,False,False,False,False,False,False,False,Mercredi-12-14h,NON,Mercredi,2020-03-25 12:00
9205,224,True,False,True,False,False,False,False,False,False,False,False,False,False,False,Mercredi-12-14h,NON,Mercredi,2020-03-25 12:00
9206,66,False,False,False,False,True,True,False,False,False,False,False,False,True,False,Mercredi-12-14h,OUI,Mercredi,2020-03-25 12:00
9207,211,False,False,True,False,False,False,False,False,False,False,False,False,True,False,Mercredi-12-14h,NON,Mercredi,2020-03-25 12:00
9208,14,False,False,False,False,True,True,False,False,False,False,False,False,False,False,Mercredi-12-14h,NON,Mercredi,2020-03-25 12:00
9209,145,False,False,False,False,True,False,False,False,False,False,False,False,False,False,Mercredi-12-14h,NON,Mercredi,2020-03-25 12:00
9210,36,False,False,False,False,False,False,False,False,False,False,False,True,False,False,Mercredi-12-14h,OUI,Mercredi,2020-03-25 12:00
9211,60,True,True,True,False,False,True,False,False,False,False,False,False,False,False,Mercredi-12-14h,OUI,Mercredi,2020-03-25 12:00
9212,137,True,True,True,False,False,True,False,False,False,False,True,False,False,False,Mercredi-12-14h,OUI,Mercredi,2020-03-25 12:00
9213,285,False,True,False,False,True,True,False,False,False,False,False,False,False,False,Mercredi-12-14h,OUI,Mercredi,2020-03-25 12:00
9214,40,False,True,True,False,True,True,False,False,False,False,False,False,False,False,Mercredi-12-14h,OUI,Mercredi,2020-03-25 12:00
9215,97,False,False,False,False,False,True,False,False,False,False,False,False,False,False,Mercredi-12-14h,NON,Mercredi,2020-03-25 12:00
9216,109,True,False,True,True,False,False,False,False,False,False,False,False,False,False,Mercredi-12-14h,NON,Mercredi,2020-03-25 12:00
9217,10,False,False,False,False,False,False,False,False,False,False,False,False,False,False,Mercredi-12-14h,NON,Mercredi,2020-03-25 12:00
9218,256,False,False,False,False,False,False,False,False,False,False,False,True,False,False,Mercredi-12-14h,NON,Mercredi,2020-03-25 12:00
9219,141,True,True,True,False,False,False,False,False,False,False,True,False,False,False,Mercredi-12-14h,NON,Mercredi,2020-03-25 12:00
9220,28,False,False,False,False,False,False,False,False,False,False,False,False,False,False,Mercredi-12-14h,NON,Mercredi,2020-03-25 12:00
9221,101,True,True,True,True,True,True,False,False,False,False,False,False,False,False,Mercredi-12-14h,OUI,Mercredi,2020-03-25 12:00
9222,48,True,False,True,False,True,False,False,False,False,False,False,False,True,False,Mercredi-12-14h,OUI,Mercredi,2020-03-25 12:00
9223,27,False,False,False,False,False,True,False,False,False,False,False,False,False,False,Mercredi-12-14h,NON,Mercredi,2020-03-25 12:00
9224,142,True,False,True,False,False,False,False,False,False,False,True,False,True,False,Mercredi-12-14h,NON,Mercredi,2020-03-25 12:00
9225,234,False,False,True,False,False,False,False,False,False,False,True,False,False,False,Mercredi-12-14h,NON,Mercredi,2020-03-25 12:00
9226,23,False,False,False,False,True,False,False,False,False,False,False,False,False,False,Mercredi-12-14h,NON,Mercredi,2020-03-25 12:00
9227,195,False,False,False,False,True,False,False,False,True,False,False,False,False,False,Mercredi-12-14h,NON,Mercredi,2020-03-25 12:00
9228,275,False,False,False,False,False,False,False,False,False,False,False,True,False,False,Mercredi-12-14h,NON,Mercredi,2020-03-25 12:00
9229,226,False,False,False,False,True,True,False,False,False,False,False,False,False,False,Mercredi-12-14h,NON,Mercredi,2020-03-25 12:00
9230,207,False,False,True,False,False,False,False,False,False,False,False,False,False,False,Mercredi-12-14h,OUI,Mercredi,2020-03-25 12:00
9231,57,False,False,False,False,False,False,False,False,False,False,False,False,False,False,Mercredi-12-14h,NON,Mercredi,2020-03-25 12:00
9232,4,False,True,False,False,False,True,False,False,False,False,False,False,False,False,Mercredi-12-14h,NON,Mercredi,2020-03-25 12:00
9233,265,False,False,False,False,False,True,False,False,False,False,False,False,False,False,Mercredi-12-14h,OUI,Mercredi,2020-03-25 12:00
9234,88,False,True,False,False,False,False,False,False,False,False,False,False,False,False,Mercredi-12-14h,NON,Mercredi,2020-03-25 12:00
9235,198,False,False,False,False,False,False,False,False,False,False,True,False,False,False,Mercredi-12-14h,NON,Mercredi,2020-03-25 12:00
9236,249,True,True,True,False,False,False,False,False,False,False,False,False,False,False,Mercredi-12-14h,NON,Mercredi,2020-03-25 12:00
9237,263,False,False,False,False,True,True,False,False,False,False,False,False,False,False,Mercredi-12-14h,OUI,Mercredi,2020-03-25 12:00
9238,217,True,False,True,False,False,False,False,False,False,False,False,False,True,False,Mercredi-12-14h,NON,Mercredi,2020-03-25 12:00
9239,278,False,False,False,False,True,True,False,False,False,False,False,False,False,False,Mercredi-12-14h,NON,Mercredi,2020-03-25 12:00
9240,189,False,True,False,False,False,False,False,False,False,False,False,False,False,False,Mercredi-12-14h,NON,Mercredi,2020-03-25 12:00
9241,61,True,False,True,False,False,False,False,False,False,False,False,False,False,False,Mercredi-12-14h,NON,Mercredi,2020-03-25 12:00
9242,251,False,False,False,False,False,False,False,False,False,False,False,False,True,False,Mercredi-12-14h,NON,Mercredi,2020-03-25 12:00
9243,281,False,True,False,False,False,False,False,False,False,False,False,False,False,False,Mercredi-12-14h,NON,Mercredi,2020-03-25 12:00
9244,134,False,True,False,False,False,False,False,False,False,False,False,False,False,False,Mercredi-12-14h,OUI,Mercredi,2020-03-25 12:00
9245,293,False,True,False,False,False,True,False,False,False,False,False,False,False,False,Mercredi-12-14h,OUI,Mercredi,2020-03-25 12:00
9246,279,True,True,True,True,False,True,False,False,False,False,False,False,False,False,Mercredi-12-14h,NON,Mercredi,2020-03-25 12:00
9247,81,True,False,True,True,False,False,False,True,False,False,False,False,False,False,Mercredi-12-14h,NON,Mercredi,2020-03-25 12:00
9248,92,True,False,False,True,False,False,False,False,False,False,True,False,False,False,Mercredi-12-14h,NON,Mercredi,2020-03-25 12:00
9249,147,False,False,False,False,False,False,False,False,False,False,False,False,False,False,Mercredi-12-14h,NON,Mercredi,2020-03-25 12:00
9250,33,False,True,False,False,True,False,False,False,False,False,False,False,False,False,Mercredi-12-14h,NON,Mercredi,2020-03-25 12:00
9251,266,False,False,False,False,False,False,False,False,False,False,False,False,False,False,Mercredi-12-14h,NON,Mercredi,2020-03-25 12:00
9252,225,True,False,False,False,False,True,False,False,False,False,False,False,False,False,Mercredi-12-14h,NON,Mercredi,2020-03-25 12:00
9253,83,True,False,True,False,False,False,False,False,False,False,False,False,False,False,Mercredi-12-14h,OUI,Mercredi,2020-03-25 12:00
9254,95,False,False,False,False,True,True,False,True,False,False,False,False,False,False,Mercredi-12-14h,NON,Mercredi,2020-03-25 12:00
9255,127,False,False,False,False,True,False,False,False,False,False,False,False,False,False,Mercredi-12-14h,OUI,Mercredi,2020-03-25 12:00
9256,20,False,False,False,False,False,False,False,False,False,False,False,False,False,False,Mercredi-12-14h,NON,Mercredi,2020-03-25 12:00
9257,89,False,False,False,False,False,False,False,False,True,False,False,False,False,False,Mercredi-12-14h,OUI,Mercredi,2020-03-25 12:00
9258,120,False,True,True,False,True,True,False,True,False,False,True,False,False,False,Mercredi-12-14h,NON,Mercredi,2020-03-25 12:00
9259,253,False,False,False,False,True,True,False,False,False,False,False,True,False,False,Mercredi-12-14h,NON,Mercredi,2020-03-25 12:00
9260,52,False,False,True,False,False,False,False,False,False,False,False,False,False,False,Mercredi-12-14h,OUI,Mercredi,2020-03-25 12:00
9261,168,True,False,True,False,False,False,False,True,False,False,False,False,False,False,Mercredi-12-14h,NON,Mercredi,2020-03-25 12:00
9262,202,False,True,False,False,False,False,False,False,False,False,False,False,False,False,Mercredi-12-14h,NON,Mercredi,2020-03-25 12:00
9263,172,False,False,False,False,True,False,False,False,False,False,False,False,False,False,Mercredi-12-14h,OUI,Mercredi,2020-03-25 12:00
9264,239,False,False,False,False,True,True,False,False,False,False,False,False,False,False,Mercredi-12-14h,NON,Mercredi,2020-03-25 12:00
9265,85,False,False,False,False,True,False,False,False,False,False,False,False,False,False,Mercredi-12-14h,NON,Mercredi,2020-03-25 12:00
9266,215,False,False,False,False,False,False,False,False,True,False,False,False,False,False,Mercredi-12-14h,OUI,Mercredi,2020-03-25 12:00
9267,260,True,False,True,False,False,False,False,False,False,False,False,False,False,False,Mercredi-12-14h,NON,Mercredi,2020-03-25 12:00
9268,286,True,True,False,False,True,False,False,False,False,False,False,False,False,False,Mercredi-12-14h,NON,Mercredi,2020-03-25 12:00
9269,72,False,True,False,False,False,False,False,False,False,False,False,False,False,False,Mercredi-14-16h,OUI,Mercredi,2020-03-25 14:00
9270,167,True,True,True,True,True,True,False,False,False,False,False,False,False,False,Mercredi-14-16h,OUI,Mercredi,2020-03-25 14:00
9271,130,True,False,True,False,False,False,False,True,False,False,False,False,True,True,Mercredi-14-16h,OUI,Mercredi,2020-03-25 14:00
9272,288,True,True,True,False,True,False,False,False,False,False,False,False,False,False,Mercredi-14-16h,OUI,Mercredi,2020-03-25 14:00
9273,59,False,False,False,False,False,True,False,False,False,False,False,False,False,False,Mercredi-14-16h,NON,Mercredi,2020-03-25 14:00
9274,178,True,False,False,False,False,False,False,False,False,False,True,False,False,False,Mercredi-14-16h,OUI,Mercredi,2020-03-25 14:00
9275,254,False,False,False,False,False,False,False,False,False,False,False,True,False,False,Mercredi-14-16h,NON,Mercredi,2020-03-25 14:00
9276,34,False,False,False,False,False,False,False,False,False,False,False,False,False,False,Mercredi-14-16h,NON,Mercredi,2020-03-25 14:00
9277,264,False,False,False,False,True,True,True,False,False,False,False,False,False,False,Mercredi-14-16h,OUI,Mercredi,2020-03-25 14:00
9278,158,True,False,False,False,True,False,False,False,False,True,False,False,False,False,Mercredi-14-16h,OUI,Mercredi,2020-03-25 14:00
9279,210,False,True,False,False,True,True,False,False,False,False,False,False,False,False,Mercredi-14-16h,NON,Mercredi,2020-03-25 14:00
9280,93,False,False,False,False,True,False,False,False,False,False,False,False,True,False,Mercredi-14-16h,OUI,Mercredi,2020-03-25 14:00
9281,144,True,False,True,False,True,False,False,False,False,False,False,False,False,False,Mercredi-14-16h,OUI,Mercredi,2020-03-25 14:00
9282,164,False,True,False,False,True,True,False,False,False,False,False,False,False,False,Mercredi-14-16h,OUI,Mercredi,2020-03-25 14:00
9283,289,False,False,False,False,True,True,False,False,False,False,False,False,False,False,Mercredi-14-16h,NON,Mercredi,2020-03-25 14:00
9284,50,False,False,False,False,False,False,False,False,False,False,False,False,False,False,Mercredi-14-16h,NON,Mercredi,2020-03-25 14:00
9285,51,True,True,False,False,True,False,False,False,False,False,False,False,False,False,Mercredi-14-16h,OUI,Mercredi,2020-03-25 14:00
9286,247,False,False,True,False,False,False,False,False,False,False,False,False,False,False,Mercredi-14-16h,NON,Mercredi,2020-03-25 14:00
9287,159,False,False,False,False,False,False,False,True,False,False,False,False,False,False,Mercredi-14-16h,NON,Mercredi,2020-03-25 14:00
9288,54,False,False,False,False,False,True,False,False,False,False,False,False,False,False,Mercredi-14-16h,NON,Mercredi,2020-03-25 14:00
9289,55,True,False,False,False,True,True,False,True,False,False,False,False,False,False,Mercredi-14-16h,NON,Mercredi,2020-03-25 14:00
9290,257,False,False,False,False,True,False,False,False,False,False,False,False,False,False,Mercredi-14-16h,OUI,Mercredi,2020-03-25 14:00
9291,67,False,False,False,False,False,False,False,False,False,False,False,False,False,False,Mercredi-14-16h,NON,Mercredi,2020-03-25 14:00
9292,71,True,False,True,False,False,False,False,False,False,False,False,False,False,False,Mercredi-14-16h,OUI,Mercredi,2020-03-25 14:00
9293,280,False,False,False,False,False,True,False,False,False,False,False,False,False,False,Mercredi-14-16h,OUI,Mercredi,2020-03-25 14:00
9294,283,True,True,False,False,False,False,False,False,False,False,False,False,False,False,Mercredi-14-16h,OUI,Mercredi,2020-03-25 14:00
9295,154,False,False,False,False,True,True,False,False,False,False,False,True,False,False,Mercredi-14-16h,NON,Mercredi,2020-03-25 14:00
9296,171,False,False,False,False,False,False,False,False,False,False,False,True,False,False,Mercredi-14-16h,OUI,Mercredi,2020-03-25 14:00
9297,131,False,False,True,False,False,False,False,False,False,False,False,False,False,False,Mercredi-14-16h,OUI,Mercredi,2020-03-25 14:00
9298,237,True,False,False,False,False,True,True,False,False,False,False,False,True,False,Mercredi-14-16h,NON,Mercredi,2020-03-25 14:00
9299,75,False,False,False,False,True,True,False,False,False,False,False,False,False,False,Mercredi-14-16h,NON,Mercredi,2020-03-25 14:00
9300,235,True,False,False,False,True,False,False,False,False,False,False,False,False,False,Mercredi-14-16h,OUI,Mercredi,2020-03-25 14:00
9301,180,False,False,False,False,True,True,False,False,False,False,False,False,False,False,Mercredi-14-16h,OUI,Mercredi,2020-03-25 14:00
9302,219,False,False,False,False,False,True,False,False,False,False,False,False,False,False,Mercredi-14-16h,OUI,Mercredi,2020-03-25 14:00
9303,250,False,False,False,False,False,False,False,False,True,False,False,False,False,False,Mercredi-14-16h,NON,Mercredi,2020-03-25 14:00
9304,267,True,True,False,False,False,False,False,False,False,False,False,False,False,False,Mercredi-14-16h,OUI,Mercredi,2020-03-25 14:00
9305,160,False,True,False,False,False,True,False,False,False,False,False,False,False,False,Mercredi-14-16h,NON,Mercredi,2020-03-25 14:00
9306,182,False,True,False,False,True,True,True,False,False,False,False,False,False,False,Mercredi-14-16h,OUI,Mercredi,2020-03-25 14:00
9307,143,False,False,False,False,False,False,False,True,False,False,True,False,False,False,Mercredi-14-16h,OUI,Mercredi,2020-03-25 14:00
9308,223,True,True,False,False,False,False,False,False,False,False,False,False,False,False,Mercredi-14-16h,NON,Mercredi,2020-03-25 14:00
9309,192,True,False,True,False,False,False,False,False,False,False,False,False,False,False,Mercredi-14-16h,NON,Mercredi,2020-03-25 14:00
9310,30,False,False,True,False,False,False,False,True,False,False,False,False,False,False,Mercredi-14-16h,OUI,Mercredi,2020-03-25 14:00
9311,125,True,False,False,False,True,False,False,True,False,False,False,False,False,False,Mercredi-14-16h,NON,Mercredi,2020-03-25 14:00
9312,39,False,False,True,False,True,False,False,True,False,False,False,False,False,False,Mercredi-14-16h,OUI,Mercredi,2020-03-25 14:00
9313,113,True,False,True,False,False,False,False,False,False,False,False,False,False,False,Mercredi-14-16h,NON,Mercredi,2020-03-25 14:00
9314,121,True,False,True,False,False,False,False,True,False,False,False,False,False,False,Mercredi-14-16h,NON,Mercredi,2020-03-25 14:00
9315,228,False,False,False,False,False,False,False,False,False,False,True,False,False,False,Mercredi-14-16h,OUI,Mercredi,2020-03-25 14:00
9316,290,False,False,False,False,False,False,False,False,True,False,False,False,False,False,Mercredi-14-16h,NON,Mercredi,2020-03-25 14:00
9317,197,False,False,True,False,True,False,False,False,False,False,False,False,False,False,Mercredi-14-16h,NON,Mercredi,2020-03-25 14:00
9318,31,True,True,True,False,False,True,False,False,False,False,False,False,False,False,Mercredi-14-16h,OUI,Mercredi,2020-03-25 14:00
9319,173,True,False,False,False,True,True,False,True,False,False,False,False,False,False,Mercredi-14-16h,OUI,Mercredi,2020-03-25 14:00
9320,74,True,False,False,True,False,False,False,True,False,False,True,False,False,False,Mercredi-14-16h,OUI,Mercredi,2020-03-25 14:00
9321,15,False,False,True,False,False,False,False,False,False,False,False,False,False,False,Mercredi-14-16h,NON,Mercredi,2020-03-25 14:00
9322,45,True,False,False,False,True,True,False,True,False,False,False,False,False,False,Mercredi-14-16h,NON,Mercredi,2020-03-25 14:00
9323,63,False,False,True,False,False,False,False,False,False,False,False,False,False,False,Mercredi-14-16h,NON,Mercredi,2020-03-25 14:00
9324,3,False,False,False,False,False,True,False,False,False,False,False,True,False,False,Mercredi-14-16h,OUI,Mercredi,2020-03-25 14:00
9325,21,True,False,True,False,False,False,False,False,False,False,False,False,False,False,Mercredi-14-16h,OUI,Mercredi,2020-03-25 14:00
9326,78,False,True,True,False,True,True,False,True,False,False,False,False,False,False,Mercredi-14-16h,NON,Mercredi,2020-03-25 14:00
9327,47,False,True,False,False,False,False,False,False,False,False,False,False,False,False,Mercredi-14-16h,NON,Mercredi,2020-03-25 14:00
9328,151,True,True,False,False,True,False,False,True,False,False,False,False,False,False,Mercredi-14-16h,NON,Mercredi,2020-03-25 14:00
9329,6,True,False,True,False,False,False,False,False,False,False,False,False,False,False,Mercredi-14-16h,OUI,Mercredi,2020-03-25 14:00
9330,135,True,False,True,False,False,False,False,False,False,False,False,False,True,False,Mercredi-14-16h,NON,Mercredi,2020-03-25 14:00
9331,221,False,False,False,False,True,True,False,False,False,False,False,False,False,False,Mercredi-14-16h,NON,Mercredi,2020-03-25 14:00
9332,170,False,False,True,False,False,False,False,False,False,False,True,False,False,True,Mercredi-14-16h,OUI,Mercredi,2020-03-25 14:00
9333,129,False,True,False,False,False,False,False,False,False,False,False,False,False,False,Mercredi-14-16h,NON,Mercredi,2020-03-25 14:00
9334,132,True,True,True,False,False,True,False,False,False,False,False,False,False,False,Mercredi-14-16h,OUI,Mercredi,2020-03-25 14:00
9335,110,False,True,False,False,False,False,False,False,False,False,False,False,False,False,Mercredi-14-16h,NON,Mercredi,2020-03-25 14:00
9336,191,False,False,False,False,False,True,False,False,False,False,False,False,False,False,Mercredi-14-16h,NON,Mercredi,2020-03-25 14:00
9337,94,True,True,True,False,False,True,False,False,False,False,True,False,True,False,Mercredi-14-16h,OUI,Mercredi,2020-03-25 14:00
9338,108,False,False,False,False,False,True,True,False,False,False,False,False,False,False,Mercredi-14-16h,OUI,Mercredi,2020-03-25 14:00
9339,236,False,False,False,False,True,True,False,False,False,False,False,False,False,False,Mercredi-14-16h,OUI,Mercredi,2020-03-25 14:00
9340,42,True,False,True,False,True,False,False,False,False,False,False,False,False,False,Mercredi-14-16h,OUI,Mercredi,2020-03-25 14:00
9341,155,True,False,False,False,True,False,False,False,False,False,False,False,False,False,Mercredi-14-16h,NON,Mercredi,2020-03-25 14:00
9342,1,False,False,False,False,False,False,False,False,False,False,False,False,False,False,Mercredi-14-16h,NON,Mercredi,2020-03-25 14:00
9343,58,False,True,True,False,False,True,False,False,False,False,True,False,False,False,Mercredi-14-16h,OUI,Mercredi,2020-03-25 14:00
9344,0,False,True,False,False,False,False,False,False,False,False,False,False,False,False,Mercredi-14-16h,NON,Mercredi,2020-03-25 14:00
9345,269,False,False,False,False,False,False,False,False,False,False,False,False,False,False,Mercredi-14-16h,NON,Mercredi,2020-03-25 14:00
9346,2,True,False,True,False,False,False,False,False,False,False,False,False,False,False,Mercredi-14-16h,NON,Mercredi,2020-03-25 14:00
9347,103,False,False,False,False,True,False,False,False,False,False,False,False,False,False,Mercredi-14-16h,NON,Mercredi,2020-03-25 14:00
9348,12,False,True,False,False,True,False,False,False,False,False,False,False,False,False,Mercredi-14-16h,NON,Mercredi,2020-03-25 14:00
9349,245,True,False,False,False,True,True,False,True,False,False,False,False,False,False,Mercredi-14-16h,OUI,Mercredi,2020-03-25 14:00
9350,161,False,False,True,False,False,False,False,False,False,False,True,False,False,False,Mercredi-14-16h,NON,Mercredi,2020-03-25 14:00
9351,38,False,False,False,False,False,False,False,False,True,False,False,False,False,False,Mercredi-14-16h,OUI,Mercredi,2020-03-25 14:00
9352,122,False,False,False,False,False,False,False,False,False,False,False,False,False,False,Mercredi-14-16h,NON,Mercredi,2020-03-25 14:00
9353,248,False,False,True,False,False,False,False,False,False,False,False,False,True,False,Mercredi-14-16h,NON,Mercredi,2020-03-25 14:00
9354,271,False,True,True,False,False,True,False,False,False,False,False,False,False,False,Mercredi-14-16h,OUI,Mercredi,2020-03-25 14:00
9355,116,False,False,True,False,False,False,False,False,False,False,False,False,False,False,Mercredi-14-16h,OUI,Mercredi,2020-03-25 14:00
9356,117,True,True,True,True,False,True,False,False,False,False,False,False,False,False,Mercredi-14-16h,NON,Mercredi,2020-03-25 14:00
9357,213,False,False,False,False,True,True,False,True,False,False,False,False,False,False,Mercredi-14-16h,NON,Mercredi,2020-03-25 14:00
9358,220,False,True,True,False,False,True,False,False,False,False,False,False,False,False,Mercredi-14-16h,OUI,Mercredi,2020-03-25 14:00
9359,176,False,False,True,False,False,False,False,False,False,False,False,False,False,False,Mercredi-14-16h,NON,Mercredi,2020-03-25 14:00
9360,96,False,False,False,False,True,True,False,False,False,True,False,False,False,False,Mercredi-14-16h,OUI,Mercredi,2020-03-25 14:00
9361,214,False,False,False,False,True,True,False,False,False,True,False,False,False,False,Mercredi-14-16h,OUI,Mercredi,2020-03-25 14:00
9362,11,True,False,False,True,False,False,False,False,False,False,True,False,False,False,Mercredi-14-16h,NON,Mercredi,2020-03-25 14:00
9363,255,True,False,True,False,False,False,False,True,False,False,False,False,False,False,Mercredi-14-16h,OUI,Mercredi,2020-03-25 14:00
9364,86,False,False,True,False,False,False,False,False,False,False,False,False,False,False,Mercredi-14-16h,OUI,Mercredi,2020-03-25 14:00
9365,209,True,False,False,False,True,True,False,True,False,False,False,False,False,False,Mercredi-14-16h,OUI,Mercredi,2020-03-25 14:00
9366,291,False,False,False,False,False,True,False,False,True,False,False,False,False,False,Mercredi-14-16h,NON,Mercredi,2020-03-25 14:00
9367,287,False,False,False,False,False,False,False,False,False,False,False,True,False,False,Mercredi-14-16h,NON,Mercredi,2020-03-25 14:00
9368,104,False,False,False,False,True,True,False,False,False,False,False,False,False,False,Mercredi-14-16h,OUI,Mercredi,2020-03-25 14:00
9369,18,False,False,False,False,True,False,False,False,False,False,False,False,False,False,Mercredi-14-16h,OUI,Mercredi,2020-03-25 14:00
9370,123,False,True,False,False,True,True,False,False,False,False,False,False,False,False,Mercredi-14-16h,NON,Mercredi,2020-03-25 14:00
9371,136,False,False,False,False,True,False,False,False,False,False,False,False,False,False,Mercredi-14-16h,NON,Mercredi,2020-03-25 14:00
9372,276,True,False,True,False,False,False,False,False,False,False,False,False,False,False,Mercredi-14-16h,NON,Mercredi,2020-03-25 14:00
9373,53,False,False,False,False,True,True,False,False,False,False,False,False,False,False,Mercredi-14-16h,OUI,Mercredi,2020-03-25 14:00
9374,179,True,False,True,False,False,False,False,False,False,False,False,False,False,False,Mercredi-14-16h,OUI,Mercredi,2020-03-25 14:00
9375,200,False,False,False,False,False,False,False,False,False,False,False,False,False,False,Mercredi-14-16h,NON,Mercredi,2020-03-25 14:00
9376,73,False,False,False,False,False,False,False,False,False,False,False,False,False,False,Mercredi-14-16h,NON,Mercredi,2020-03-25 14:00
9377,156,False,False,False,False,True,True,False,False,False,False,False,False,False,False,Mercredi-14-16h,NON,Mercredi,2020-03-25 14:00
9378,128,True,True,True,False,False,True,False,False,False,False,False,False,False,False,Mercredi-14-16h,NON,Mercredi,2020-03-25 14:00
9379,118,False,False,False,False,False,False,False,False,False,False,False,False,False,False,Mercredi-14-16h,NON,Mercredi,2020-03-25 14:00
9380,112,True,False,True,False,False,False,False,False,False,False,False,False,False,False,Mercredi-14-16h,OUI,Mercredi,2020-03-25 14:00
9381,35,False,False,False,False,True,True,False,False,False,False,False,False,False,False,Mercredi-14-16h,NON,Mercredi,2020-03-25 14:00
9382,32,False,False,False,False,False,False,False,False,False,False,False,True,False,False,Mercredi-14-16h,NON,Mercredi,2020-03-25 14:00
9383,199,True,False,True,False,False,False,False,False,False,False,False,False,False,False,Mercredi-14-16h,OUI,Mercredi,2020-03-25 14:00
9384,153,True,False,False,False,True,True,False,False,False,False,False,False,False,False,Mercredi-14-16h,NON,Mercredi,2020-03-25 14:00
9385,82,False,False,True,False,False,False,False,False,False,False,False,False,False,False,Mercredi-14-16h,OUI,Mercredi,2020-03-25 14:00
9386,292,False,True,False,False,False,False,False,False,False,False,False,False,False,False,Mercredi-14-16h,OUI,Mercredi,2020-03-25 14:00
9387,169,False,False,False,True,False,False,False,False,False,False,False,False,False,False,Mercredi-14-16h,OUI,Mercredi,2020-03-25 14:00
9388,16,False,False,False,False,True,True,False,False,False,False,False,False,False,False,Mercredi-14-16h,OUI,Mercredi,2020-03-25 14:00
9389,46,True,True,True,False,False,True,True,False,False,False,False,False,False,False,Mercredi-14-16h,NON,Mercredi,2020-03-25 14:00
9390,216,False,True,False,False,False,True,False,False,False,False,False,False,False,False,Mercredi-14-16h,OUI,Mercredi,2020-03-25 14:00
9391,174,False,True,True,False,False,True,False,False,False,False,True,False,False,False,Mercredi-14-16h,NON,Mercredi,2020-03-25 14:00
9392,43,False,False,False,False,True,False,False,False,False,False,False,False,False,False,Mercredi-14-16h,NON,Mercredi,2020-03-25 14:00
9393,165,False,False,False,False,True,True,False,False,False,False,False,False,False,False,Mercredi-14-16h,NON,Mercredi,2020-03-25 14:00
9394,126,False,True,False,False,False,True,False,False,False,False,False,False,False,False,Mercredi-14-16h,NON,Mercredi,2020-03-25 14:00
9395,41,False,False,False,False,False,True,False,False,True,False,False,False,False,False,Mercredi-14-16h,OUI,Mercredi,2020-03-25 14:00
9396,157,False,False,True,False,False,False,False,False,False,False,False,False,False,False,Mercredi-14-16h,OUI,Mercredi,2020-03-25 14:00
9397,272,False,True,True,False,False,False,True,False,False,False,True,False,True,True,Mercredi-14-16h,OUI,Mercredi,2020-03-25 14:00
9398,115,True,False,True,False,False,False,False,False,False,False,False,False,False,False,Mercredi-14-16h,NON,Mercredi,2020-03-25 14:00
9399,84,False,False,False,False,False,False,False,False,False,False,False,True,False,False,Mercredi-14-16h,NON,Mercredi,2020-03-25 14:00
9400,183,True,True,True,True,False,False,False,False,False,False,False,False,False,False,Mercredi-14-16h,OUI,Mercredi,2020-03-25 14:00
9401,65,True,True,False,False,False,True,False,False,False,False,False,False,False,False,Mercredi-14-16h,NON,Mercredi,2020-03-25 14:00
9402,105,True,False,False,False,False,False,False,False,False,False,False,False,False,False,Mercredi-14-16h,OUI,Mercredi,2020-03-25 14:00
9403,187,True,False,False,False,False,True,False,False,False,False,False,False,False,False,Mercredi-14-16h,OUI,Mercredi,2020-03-25 14:00
9404,139,True,False,True,False,False,False,False,False,False,False,False,False,False,False,Mercredi-14-16h,OUI,Mercredi,2020-03-25 14:00
9405,259,False,False,False,False,True,True,False,False,False,False,False,False,False,False,Mercredi-14-16h,OUI,Mercredi,2020-03-25 14:00
9406,124,True,False,True,False,False,False,False,False,False,False,True,False,False,False,Mercredi-14-16h,OUI,Mercredi,2020-03-25 14:00
9407,98,False,False,False,False,False,True,False,False,False,False,False,True,False,False,Mercredi-14-16h,OUI,Mercredi,2020-03-25 14:00
9408,284,False,True,True,False,False,True,False,False,False,False,False,False,True,False,Mercredi-14-16h,OUI,Mercredi,2020-03-25 14:00
9409,148,True,False,True,False,True,False,False,True,False,False,False,False,False,False,Mercredi-14-16h,OUI,Mercredi,2020-03-25 14:00
9410,258,True,False,True,False,False,False,False,False,False,False,False,False,False,False,Mercredi-14-16h,NON,Mercredi,2020-03-25 14:00
9411,175,False,False,False,False,False,True,False,False,False,False,False,False,False,False,Mercredi-14-16h,OUI,Mercredi,2020-03-25 14:00
9412,119,False,False,False,False,False,False,False,False,False,False,True,False,False,False,Mercredi-14-16h,NON,Mercredi,2020-03-25 14:00
9413,229,True,False,True,False,False,False,False,True,False,False,False,False,False,False,Mercredi-14-16h,OUI,Mercredi,2020-03-25 14:00
9414,230,False,False,False,False,False,True,True,False,False,False,False,False,False,False,Mercredi-14-16h,NON,Mercredi,2020-03-25 14:00
9415,17,True,False,False,False,False,True,True,False,False,False,False,False,False,False,Mercredi-14-16h,OUI,Mercredi,2020-03-25 14:00
9416,177,False,False,False,False,False,False,False,False,False,False,False,False,False,False,Mercredi-14-16h,NON,Mercredi,2020-03-25 14:00
9417,7,False,False,False,False,False,False,False,False,False,False,False,False,False,False,Mercredi-14-16h,NON,Mercredi,2020-03-25 14:00
9418,241,False,False,True,False,False,False,False,False,False,False,False,False,False,False,Mercredi-14-16h,NON,Mercredi,2020-03-25 14:00
9419,8,True,False,False,False,True,True,False,True,False,False,False,False,False,False,Mercredi-14-16h,NON,Mercredi,2020-03-25 14:00
9420,268,False,True,False,False,False,True,False,False,False,False,False,False,False,False,Mercredi-14-16h,OUI,Mercredi,2020-03-25 14:00
9421,294,False,False,True,False,True,False,False,False,False,False,False,False,False,False,Mercredi-14-16h,OUI,Mercredi,2020-03-25 14:00
9422,242,True,False,False,False,True,True,False,False,False,False,False,False,False,False,Mercredi-14-16h,NON,Mercredi,2020-03-25 14:00
9423,194,False,False,False,False,False,True,False,False,False,False,False,False,False,False,Mercredi-14-16h,NON,Mercredi,2020-03-25 14:00
9424,243,False,False,False,False,True,True,False,False,False,False,False,False,False,False,Mercredi-14-16h,OUI,Mercredi,2020-03-25 14:00
9425,212,True,True,True,False,False,True,False,False,False,False,False,False,False,False,Mercredi-14-16h,OUI,Mercredi,2020-03-25 14:00
9426,19,False,False,False,False,False,True,False,False,False,False,False,False,False,False,Mercredi-14-16h,OUI,Mercredi,2020-03-25 14:00
9427,114,False,False,False,False,True,False,False,False,False,False,False,False,False,False,Mercredi-14-16h,OUI,Mercredi,2020-03-25 14:00
9428,190,False,False,False,False,False,True,False,False,True,False,False,False,False,False,Mercredi-14-16h,NON,Mercredi,2020-03-25 14:00
9429,64,False,False,True,False,False,False,False,False,False,False,False,False,False,False,Mercredi-14-16h,OUI,Mercredi,2020-03-25 14:00
9430,227,False,False,False,False,False,False,False,False,False,False,False,False,False,False,Mercredi-14-16h,NON,Mercredi,2020-03-25 14:00
9431,232,False,False,False,False,False,True,False,False,False,False,False,False,False,False,Mercredi-14-16h,OUI,Mercredi,2020-03-25 14:00
9432,246,False,True,False,False,False,True,True,False,False,False,False,False,False,False,Mercredi-14-16h,NON,Mercredi,2020-03-25 14:00
9433,100,False,False,False,False,False,True,False,False,False,False,False,False,False,False,Mercredi-14-16h,NON,Mercredi,2020-03-25 14:00
9434,13,False,False,False,False,True,False,False,False,False,False,False,False,False,False,Mercredi-14-16h,NON,Mercredi,2020-03-25 14:00
9435,262,True,True,True,False,False,False,False,False,False,False,False,False,False,False,Mercredi-14-16h,NON,Mercredi,2020-03-25 14:00
9436,76,True,True,True,False,False,True,False,False,False,False,True,False,False,False,Mercredi-14-16h,NON,Mercredi,2020-03-25 14:00
9437,261,False,True,False,False,True,False,False,False,False,False,False,False,False,False,Mercredi-14-16h,OUI,Mercredi,2020-03-25 14:00
9438,150,False,True,False,False,False,False,False,False,False,False,False,False,False,False,Mercredi-14-16h,OUI,Mercredi,2020-03-25 14:00
9439,205,False,False,False,False,False,False,False,False,False,False,False,False,False,False,Mercredi-14-16h,NON,Mercredi,2020-03-25 14:00
9440,56,False,False,False,False,True,True,False,False,False,False,False,False,False,False,Mercredi-14-16h,OUI,Mercredi,2020-03-25 14:00
9441,186,False,False,False,False,True,False,False,False,False,False,False,False,False,False,Mercredi-14-16h,OUI,Mercredi,2020-03-25 14:00
9442,162,True,False,False,False,True,True,False,False,False,False,False,False,False,False,Mercredi-14-16h,OUI,Mercredi,2020-03-25 14:00
9443,68,False,True,False,False,True,True,False,False,False,False,False,False,False,False,Mercredi-14-16h,OUI,Mercredi,2020-03-25 14:00
9444,146,False,False,False,False,False,True,False,False,False,False,False,True,False,False,Mercredi-14-16h,OUI,Mercredi,2020-03-25 14:00
9445,49,False,False,False,False,False,False,False,False,False,False,False,False,True,False,Mercredi-14-16h,NON,Mercredi,2020-03-25 14:00
9446,91,True,False,True,True,False,False,False,False,False,False,False,False,False,False,Mercredi-14-16h,OUI,Mercredi,2020-03-25 14:00
9447,22,False,False,False,False,False,False,False,False,False,True,False,False,False,False,Mercredi-14-16h,NON,Mercredi,2020-03-25 14:00
9448,151,False,False,False,False,True,False,False,False,False,False,False,False,False,False,Mercredi-14-16h,NON,Mercredi,2020-03-25 14:00
9449,193,False,False,False,False,True,True,False,False,False,False,False,False,False,False,Mercredi-14-16h,OUI,Mercredi,2020-03-25 14:00
9450,9,True,True,False,False,False,False,False,False,False,False,False,False,False,False,Mercredi-14-16h,NON,Mercredi,2020-03-25 14:00
9451,99,True,False,True,False,False,False,False,False,False,False,False,False,False,False,Mercredi-14-16h,OUI,Mercredi,2020-03-25 14:00
9452,181,False,False,False,False,True,True,False,False,False,False,False,False,False,False,Mercredi-14-16h,OUI,Mercredi,2020-03-25 14:00
9453,111,False,False,False,False,False,True,False,True,False,False,False,False,False,False,Mercredi-14-16h,OUI,Mercredi,2020-03-25 14:00
9454,44,False,True,False,False,False,True,False,False,False,False,False,False,False,False,Mercredi-14-16h,NON,Mercredi,2020-03-25 14:00
9455,24,False,False,False,False,True,False,False,True,False,False,False,False,False,False,Mercredi-14-16h,NON,Mercredi,2020-03-25 14:00
9456,102,False,False,False,False,True,True,False,True,False,False,False,False,False,False,Mercredi-14-16h,NON,Mercredi,2020-03-25 14:00
9457,203,True,True,False,False,False,False,False,True,False,False,False,False,False,False,Mercredi-14-16h,NON,Mercredi,2020-03-25 14:00
9458,140,False,False,False,False,True,True,False,True,False,False,False,False,False,False,Mercredi-14-16h,OUI,Mercredi,2020-03-25 14:00
9459,188,False,False,False,False,False,True,False,False,True,False,False,False,False,False,Mercredi-14-16h,OUI,Mercredi,2020-03-25 14:00
9460,206,False,False,False,True,False,False,False,False,False,False,True,False,False,False,Mercredi-14-16h,OUI,Mercredi,2020-03-25 14:00
9461,273,False,False,False,False,False,False,False,False,False,False,False,True,False,False,Mercredi-14-16h,OUI,Mercredi,2020-03-25 14:00
9462,69,True,False,True,False,False,False,False,False,False,False,False,False,False,False,Mercredi-14-16h,OUI,Mercredi,2020-03-25 14:00
9463,87,True,False,False,True,False,False,False,False,False,False,True,False,False,False,Mercredi-14-16h,NON,Mercredi,2020-03-25 14:00
9464,83,True,False,True,False,False,False,False,False,False,False,False,False,False,False,Mercredi-14-16h,OUI,Mercredi,2020-03-25 14:00
9465,149,True,False,True,True,False,False,False,False,False,False,False,False,False,False,Mercredi-14-16h,NON,Mercredi,2020-03-25 14:00
9466,274,False,False,False,False,False,True,False,False,False,False,False,False,False,False,Mercredi-14-16h,NON,Mercredi,2020-03-25 14:00
9467,282,True,False,True,True,False,False,False,False,False,False,False,False,False,False,Mercredi-14-16h,OUI,Mercredi,2020-03-25 14:00
9468,147,False,False,False,False,False,False,False,False,False,False,False,False,False,False,Mercredi-14-16h,NON,Mercredi,2020-03-25 14:00
9469,238,False,False,False,False,False,False,False,False,False,False,False,True,False,False,Mercredi-14-16h,NON,Mercredi,2020-03-25 14:00
9470,201,False,False,False,False,False,False,False,False,False,False,False,False,False,False,Mercredi-14-16h,NON,Mercredi,2020-03-25 14:00
9471,152,False,True,False,False,False,False,False,False,False,False,False,False,False,False,Mercredi-14-16h,NON,Mercredi,2020-03-25 14:00
9472,222,False,False,False,False,False,True,False,False,True,True,False,False,False,False,Mercredi-14-16h,NON,Mercredi,2020-03-25 14:00
9473,106,False,False,False,False,False,True,False,False,False,False,False,True,False,False,Mercredi-14-16h,NON,Mercredi,2020-03-25 14:00
9474,133,False,False,True,False,True,False,False,False,False,False,False,False,False,False,Mercredi-14-16h,NON,Mercredi,2020-03-25 14:00
9475,163,False,False,False,False,True,False,False,False,False,False,False,False,False,False,Mercredi-14-16h,OUI,Mercredi,2020-03-25 14:00
9476,231,False,False,False,False,False,False,False,False,False,False,False,False,False,False,Mercredi-14-16h,NON,Mercredi,2020-03-25 14:00
9477,25,False,False,False,False,True,False,False,False,False,False,False,False,False,False,Mercredi-14-16h,NON,Mercredi,2020-03-25 14:00
9478,196,False,False,True,False,True,False,False,True,False,False,False,False,False,False,Mercredi-14-16h,OUI,Mercredi,2020-03-25 14:00
9479,5,False,False,False,False,True,True,False,False,False,False,False,False,False,False,Mercredi-14-16h,OUI,Mercredi,2020-03-25 14:00
9480,90,False,True,False,False,False,False,False,False,False,False,False,False,False,False,Mercredi-14-16h,NON,Mercredi,2020-03-25 14:00
9481,244,True,False,True,False,False,False,False,False,False,False,False,False,False,False,Mercredi-14-16h,OUI,Mercredi,2020-03-25 14:00
9482,107,False,True,False,False,False,True,False,False,False,False,False,False,False,False,Mercredi-14-16h,OUI,Mercredi,2020-03-25 14:00
9483,218,False,True,False,False,True,True,False,False,False,False,False,False,False,False,Mercredi-14-16h,NON,Mercredi,2020-03-25 14:00
9484,62,False,True,True,False,True,True,False,False,False,False,False,False,False,False,Mercredi-14-16h,NON,Mercredi,2020-03-25 14:00
9485,79,False,True,False,False,False,False,False,False,False,False,False,False,False,False,Mercredi-14-16h,NON,Mercredi,2020-03-25 14:00
9486,208,False,False,False,False,False,True,False,False,False,False,False,False,False,False,Mercredi-14-16h,OUI,Mercredi,2020-03-25 14:00
9487,270,False,False,False,False,False,False,False,False,True,False,False,False,False,False,Mercredi-14-16h,OUI,Mercredi,2020-03-25 14:00
9488,166,True,False,False,False,True,True,False,False,False,False,False,False,False,False,Mercredi-14-16h,OUI,Mercredi,2020-03-25 14:00
9489,77,False,False,True,False,True,False,False,False,False,False,False,False,False,False,Mercredi-14-16h,NON,Mercredi,2020-03-25 14:00
9490,29,False,False,False,False,False,True,False,False,False,False,False,True,False,False,Mercredi-14-16h,OUI,Mercredi,2020-03-25 14:00
9491,240,False,False,False,False,False,True,False,False,False,False,False,False,False,False,Mercredi-14-16h,NON,Mercredi,2020-03-25 14:00
9492,184,False,True,False,False,False,False,False,False,False,False,False,False,False,False,Mercredi-14-16h,OUI,Mercredi,2020-03-25 14:00
9493,277,False,True,True,False,False,True,False,False,False,False,False,False,False,False,Mercredi-14-16h,NON,Mercredi,2020-03-25 14:00
9494,80,True,False,False,False,False,True,False,False,False,True,False,False,False,False,Mercredi-14-16h,OUI,Mercredi,2020-03-25 14:00
9495,185,True,True,True,False,False,True,False,False,False,False,True,False,True,False,Mercredi-14-16h,NON,Mercredi,2020-03-25 14:00
9496,204,False,False,False,False,True,True,False,False,False,False,False,True,False,False,Mercredi-14-16h,OUI,Mercredi,2020-03-25 14:00
9497,252,True,True,True,False,False,True,False,False,False,False,False,False,False,False,Mercredi-14-16h,NON,Mercredi,2020-03-25 14:00
9498,26,False,False,False,False,True,False,False,False,False,False,False,False,False,False,Mercredi-14-16h,NON,Mercredi,2020-03-25 14:00
9499,70,False,False,False,False,True,False,False,False,False,False,False,True,False,False,Mercredi-14-16h,OUI,Mercredi,2020-03-25 14:00
9500,233,False,False,False,False,True,False,False,False,False,False,False,False,False,False,Mercredi-14-16h,OUI,Mercredi,2020-03-25 14:00
9501,37,True,True,True,False,True,True,False,False,False,False,False,False,False,False,Mercredi-14-16h,NON,Mercredi,2020-03-25 14:00
9502,185,False,False,True,False,False,False,False,False,False,False,False,False,False,False,Mercredi-14-16h,OUI,Mercredi,2020-03-25 14:00
9503,138,True,False,False,False,True,True,False,False,False,False,False,False,False,False,Mercredi-14-16h,NON,Mercredi,2020-03-25 14:00
9504,224,True,False,True,False,False,False,False,False,False,False,False,False,False,False,Mercredi-14-16h,NON,Mercredi,2020-03-25 14:00
9505,66,False,False,False,False,True,True,False,False,False,False,False,False,True,False,Mercredi-14-16h,OUI,Mercredi,2020-03-25 14:00
9506,211,False,False,True,False,False,False,False,False,False,False,False,False,True,False,Mercredi-14-16h,NON,Mercredi,2020-03-25 14:00
9507,14,False,False,False,False,True,True,False,False,False,False,False,False,False,False,Mercredi-14-16h,NON,Mercredi,2020-03-25 14:00
9508,145,False,False,False,False,True,False,False,False,False,False,False,False,False,False,Mercredi-14-16h,NON,Mercredi,2020-03-25 14:00
9509,36,False,False,False,False,False,False,False,False,False,False,False,True,False,False,Mercredi-14-16h,OUI,Mercredi,2020-03-25 14:00
9510,60,True,True,True,False,False,True,False,False,False,False,False,False,False,False,Mercredi-14-16h,OUI,Mercredi,2020-03-25 14:00
9511,137,True,True,True,False,False,True,False,False,False,False,True,False,False,False,Mercredi-14-16h,NON,Mercredi,2020-03-25 14:00
9512,285,False,True,False,False,True,True,False,False,False,False,False,False,False,False,Mercredi-14-16h,OUI,Mercredi,2020-03-25 14:00
9513,40,False,True,True,False,True,True,False,False,False,False,False,False,False,False,Mercredi-14-16h,OUI,Mercredi,2020-03-25 14:00
9514,97,False,False,False,False,False,True,False,False,False,False,False,False,False,False,Mercredi-14-16h,NON,Mercredi,2020-03-25 14:00
9515,109,True,False,True,True,False,False,False,False,False,False,False,False,False,False,Mercredi-14-16h,NON,Mercredi,2020-03-25 14:00
9516,10,False,False,False,False,False,False,False,False,False,False,False,False,False,False,Mercredi-14-16h,NON,Mercredi,2020-03-25 14:00
9517,256,False,False,False,False,False,False,False,False,False,False,False,True,False,False,Mercredi-14-16h,NON,Mercredi,2020-03-25 14:00
9518,141,True,True,True,False,False,False,False,False,False,False,True,False,False,False,Mercredi-14-16h,NON,Mercredi,2020-03-25 14:00
9519,28,False,False,False,False,False,False,False,False,False,False,False,False,False,False,Mercredi-14-16h,NON,Mercredi,2020-03-25 14:00
9520,101,True,True,True,True,True,True,False,False,False,False,False,False,False,False,Mercredi-14-16h,OUI,Mercredi,2020-03-25 14:00
9521,48,True,False,True,False,True,False,False,False,False,False,False,False,True,False,Mercredi-14-16h,OUI,Mercredi,2020-03-25 14:00
9522,27,False,False,False,False,False,True,False,False,False,False,False,False,False,False,Mercredi-14-16h,NON,Mercredi,2020-03-25 14:00
9523,142,True,False,True,False,False,False,False,False,False,False,True,False,True,False,Mercredi-14-16h,NON,Mercredi,2020-03-25 14:00
9524,234,False,False,True,False,False,False,False,False,False,False,True,False,False,False,Mercredi-14-16h,NON,Mercredi,2020-03-25 14:00
9525,23,False,False,False,False,True,False,False,False,False,False,False,False,False,False,Mercredi-14-16h,NON,Mercredi,2020-03-25 14:00
9526,195,False,False,False,False,True,False,False,False,True,False,False,False,False,False,Mercredi-14-16h,NON,Mercredi,2020-03-25 14:00
9527,275,False,False,False,False,False,False,False,False,False,False,False,True,False,False,Mercredi-14-16h,NON,Mercredi,2020-03-25 14:00
9528,226,False,False,False,False,True,True,False,False,False,False,False,False,False,False,Mercredi-14-16h,NON,Mercredi,2020-03-25 14:00
9529,207,False,False,True,False,False,False,False,False,False,False,False,False,False,False,Mercredi-14-16h,OUI,Mercredi,2020-03-25 14:00
9530,57,False,False,False,False,False,False,False,False,False,False,False,False,False,False,Mercredi-14-16h,NON,Mercredi,2020-03-25 14:00
9531,4,False,True,False,False,False,True,False,False,False,False,False,False,False,False,Mercredi-14-16h,OUI,Mercredi,2020-03-25 14:00
9532,265,False,False,False,False,False,True,False,False,False,False,False,False,False,False,Mercredi-14-16h,OUI,Mercredi,2020-03-25 14:00
9533,88,False,True,False,False,False,False,False,False,False,False,False,False,False,False,Mercredi-14-16h,NON,Mercredi,2020-03-25 14:00
9534,198,False,False,False,False,False,False,False,False,False,False,True,False,False,False,Mercredi-14-16h,NON,Mercredi,2020-03-25 14:00
9535,249,True,True,True,False,False,False,False,False,False,False,False,False,False,False,Mercredi-14-16h,NON,Mercredi,2020-03-25 14:00
9536,263,False,False,False,False,True,True,False,False,False,False,False,False,False,False,Mercredi-14-16h,OUI,Mercredi,2020-03-25 14:00
9537,217,True,False,True,False,False,False,False,False,False,False,False,False,True,False,Mercredi-14-16h,NON,Mercredi,2020-03-25 14:00
9538,278,False,False,False,False,True,True,False,False,False,False,False,False,False,False,Mercredi-14-16h,NON,Mercredi,2020-03-25 14:00
9539,189,False,True,False,False,False,False,False,False,False,False,False,False,False,False,Mercredi-14-16h,NON,Mercredi,2020-03-25 14:00
9540,61,True,False,True,False,False,False,False,False,False,False,False,False,False,False,Mercredi-14-16h,NON,Mercredi,2020-03-25 14:00
9541,251,False,False,False,False,False,False,False,False,False,False,False,False,True,False,Mercredi-14-16h,NON,Mercredi,2020-03-25 14:00
9542,281,False,True,False,False,False,False,False,False,False,False,False,False,False,False,Mercredi-14-16h,NON,Mercredi,2020-03-25 14:00
9543,134,False,True,False,False,False,False,False,False,False,False,False,False,False,False,Mercredi-14-16h,OUI,Mercredi,2020-03-25 14:00
9544,293,False,True,False,False,False,True,False,False,False,False,False,False,False,False,Mercredi-14-16h,OUI,Mercredi,2020-03-25 14:00
9545,279,True,True,True,True,False,True,False,False,False,False,False,False,False,False,Mercredi-14-16h,NON,Mercredi,2020-03-25 14:00
9546,81,True,False,True,True,False,False,False,True,False,False,False,False,False,False,Mercredi-14-16h,NON,Mercredi,2020-03-25 14:00
9547,92,True,False,False,True,False,False,False,False,False,False,True,False,False,False,Mercredi-14-16h,NON,Mercredi,2020-03-25 14:00
9548,147,False,False,False,False,False,False,False,False,False,False,False,False,False,False,Mercredi-14-16h,NON,Mercredi,2020-03-25 14:00
9549,33,False,True,False,False,True,False,False,False,False,False,False,False,False,False,Mercredi-14-16h,NON,Mercredi,2020-03-25 14:00
9550,266,False,False,False,False,False,False,False,False,False,False,False,False,False,False,Mercredi-14-16h,NON,Mercredi,2020-03-25 14:00
9551,225,True,False,False,False,False,True,False,False,False,False,False,False,False,False,Mercredi-14-16h,NON,Mercredi,2020-03-25 14:00
9552,83,True,False,True,False,False,False,False,False,False,False,False,False,False,False,Mercredi-14-16h,OUI,Mercredi,2020-03-25 14:00
9553,95,False,False,False,False,True,True,False,True,False,False,False,False,False,False,Mercredi-14-16h,NON,Mercredi,2020-03-25 14:00
9554,127,False,False,False,False,True,False,False,False,False,False,False,False,False,False,Mercredi-14-16h,OUI,Mercredi,2020-03-25 14:00
9555,20,False,False,False,False,False,False,False,False,False,False,False,False,False,False,Mercredi-14-16h,NON,Mercredi,2020-03-25 14:00
9556,89,False,False,False,False,False,False,False,False,True,False,False,False,False,False,Mercredi-14-16h,NON,Mercredi,2020-03-25 14:00
9557,120,False,True,True,False,True,True,False,True,False,False,True,False,False,False,Mercredi-14-16h,NON,Mercredi,2020-03-25 14:00
9558,253,False,False,False,False,True,True,False,False,False,False,False,True,False,False,Mercredi-14-16h,NON,Mercredi,2020-03-25 14:00
9559,52,False,False,True,False,False,False,False,False,False,False,False,False,False,False,Mercredi-14-16h,OUI,Mercredi,2020-03-25 14:00
9560,168,True,False,True,False,False,False,False,True,False,False,False,False,False,False,Mercredi-14-16h,NON,Mercredi,2020-03-25 14:00
9561,202,False,True,False,False,False,False,False,False,False,False,False,False,False,False,Mercredi-14-16h,NON,Mercredi,2020-03-25 14:00
9562,172,False,False,False,False,True,False,False,False,False,False,False,False,False,False,Mercredi-14-16h,NON,Mercredi,2020-03-25 14:00
9563,239,False,False,False,False,True,True,False,False,False,False,False,False,False,False,Mercredi-14-16h,NON,Mercredi,2020-03-25 14:00
9564,85,False,False,False,False,True,False,False,False,False,False,False,False,False,False,Mercredi-14-16h,NON,Mercredi,2020-03-25 14:00
9565,215,False,False,False,False,False,False,False,False,True,False,False,False,False,False,Mercredi-14-16h,OUI,Mercredi,2020-03-25 14:00
9566,260,True,False,True,False,False,False,False,False,False,False,False,False,False,False,Mercredi-14-16h,NON,Mercredi,2020-03-25 14:00
9567,286,True,True,False,False,True,False,False,False,False,False,False,False,False,False,Mercredi-14-16h,NON,Mercredi,2020-03-25 14:00
9568,72,False,True,False,False,False,False,False,False,False,False,False,False,False,False,Mercredi-16-18h,OUI,Mercredi,2020-03-25 16:00
9569,167,True,True,True,True,True,True,False,False,False,False,False,False,False,False,Mercredi-16-18h,OUI,Mercredi,2020-03-25 16:00
9570,130,True,False,True,False,False,False,False,True,False,False,False,False,True,True,Mercredi-16-18h,OUI,Mercredi,2020-03-25 16:00
9571,288,True,True,True,False,True,False,False,False,False,False,False,False,False,False,Mercredi-16-18h,OUI,Mercredi,2020-03-25 16:00
9572,59,False,False,False,False,False,True,False,False,False,False,False,False,False,False,Mercredi-16-18h,OUI,Mercredi,2020-03-25 16:00
9573,178,True,False,False,False,False,False,False,False,False,False,True,False,False,False,Mercredi-16-18h,OUI,Mercredi,2020-03-25 16:00
9574,254,False,False,False,False,False,False,False,False,False,False,False,True,False,False,Mercredi-16-18h,NON,Mercredi,2020-03-25 16:00
9575,34,False,False,False,False,False,False,False,False,False,False,False,False,False,False,Mercredi-16-18h,NON,Mercredi,2020-03-25 16:00
9576,264,False,False,False,False,True,True,True,False,False,False,False,False,False,False,Mercredi-16-18h,OUI,Mercredi,2020-03-25 16:00
9577,158,True,False,False,False,True,False,False,False,False,True,False,False,False,False,Mercredi-16-18h,OUI,Mercredi,2020-03-25 16:00
9578,210,False,True,False,False,True,True,False,False,False,False,False,False,False,False,Mercredi-16-18h,NON,Mercredi,2020-03-25 16:00
9579,93,False,False,False,False,True,False,False,False,False,False,False,False,True,False,Mercredi-16-18h,OUI,Mercredi,2020-03-25 16:00
9580,144,True,False,True,False,True,False,False,False,False,False,False,False,False,False,Mercredi-16-18h,OUI,Mercredi,2020-03-25 16:00
9581,164,False,True,False,False,True,True,False,False,False,False,False,False,False,False,Mercredi-16-18h,OUI,Mercredi,2020-03-25 16:00
9582,289,False,False,False,False,True,True,False,False,False,False,False,False,False,False,Mercredi-16-18h,NON,Mercredi,2020-03-25 16:00
9583,50,False,False,False,False,False,False,False,False,False,False,False,False,False,False,Mercredi-16-18h,NON,Mercredi,2020-03-25 16:00
9584,51,True,True,False,False,True,False,False,False,False,False,False,False,False,False,Mercredi-16-18h,OUI,Mercredi,2020-03-25 16:00
9585,247,False,False,True,False,False,False,False,False,False,False,False,False,False,False,Mercredi-16-18h,NON,Mercredi,2020-03-25 16:00
9586,159,False,False,False,False,False,False,False,True,False,False,False,False,False,False,Mercredi-16-18h,NON,Mercredi,2020-03-25 16:00
9587,54,False,False,False,False,False,True,False,False,False,False,False,False,False,False,Mercredi-16-18h,NON,Mercredi,2020-03-25 16:00
9588,55,True,False,False,False,True,True,False,True,False,False,False,False,False,False,Mercredi-16-18h,NON,Mercredi,2020-03-25 16:00
9589,257,False,False,False,False,True,False,False,False,False,False,False,False,False,False,Mercredi-16-18h,OUI,Mercredi,2020-03-25 16:00
9590,67,False,False,False,False,False,False,False,False,False,False,False,False,False,False,Mercredi-16-18h,NON,Mercredi,2020-03-25 16:00
9591,71,True,False,True,False,False,False,False,False,False,False,False,False,False,False,Mercredi-16-18h,OUI,Mercredi,2020-03-25 16:00
9592,280,False,False,False,False,False,True,False,False,False,False,False,False,False,False,Mercredi-16-18h,OUI,Mercredi,2020-03-25 16:00
9593,283,True,True,False,False,False,False,False,False,False,False,False,False,False,False,Mercredi-16-18h,OUI,Mercredi,2020-03-25 16:00
9594,154,False,False,False,False,True,True,False,False,False,False,False,True,False,False,Mercredi-16-18h,NON,Mercredi,2020-03-25 16:00
9595,171,False,False,False,False,False,False,False,False,False,False,False,True,False,False,Mercredi-16-18h,OUI,Mercredi,2020-03-25 16:00
9596,131,False,False,True,False,False,False,False,False,False,False,False,False,False,False,Mercredi-16-18h,OUI,Mercredi,2020-03-25 16:00
9597,237,True,False,False,False,False,True,True,False,False,False,False,False,True,False,Mercredi-16-18h,NON,Mercredi,2020-03-25 16:00
9598,75,False,False,False,False,True,True,False,False,False,False,False,False,False,False,Mercredi-16-18h,NON,Mercredi,2020-03-25 16:00
9599,235,True,False,False,False,True,False,False,False,False,False,False,False,False,False,Mercredi-16-18h,OUI,Mercredi,2020-03-25 16:00
9600,180,False,False,False,False,True,True,False,False,False,False,False,False,False,False,Mercredi-16-18h,OUI,Mercredi,2020-03-25 16:00
9601,219,False,False,False,False,False,True,False,False,False,False,False,False,False,False,Mercredi-16-18h,OUI,Mercredi,2020-03-25 16:00
9602,250,False,False,False,False,False,False,False,False,True,False,False,False,False,False,Mercredi-16-18h,OUI,Mercredi,2020-03-25 16:00
9603,267,True,True,False,False,False,False,False,False,False,False,False,False,False,False,Mercredi-16-18h,OUI,Mercredi,2020-03-25 16:00
9604,160,False,True,False,False,False,True,False,False,False,False,False,False,False,False,Mercredi-16-18h,NON,Mercredi,2020-03-25 16:00
9605,182,False,True,False,False,True,True,True,False,False,False,False,False,False,False,Mercredi-16-18h,OUI,Mercredi,2020-03-25 16:00
9606,143,False,False,False,False,False,False,False,True,False,False,True,False,False,False,Mercredi-16-18h,OUI,Mercredi,2020-03-25 16:00
9607,223,True,True,False,False,False,False,False,False,False,False,False,False,False,False,Mercredi-16-18h,OUI,Mercredi,2020-03-25 16:00
9608,192,True,False,True,False,False,False,False,False,False,False,False,False,False,False,Mercredi-16-18h,NON,Mercredi,2020-03-25 16:00
9609,30,False,False,True,False,False,False,False,True,False,False,False,False,False,False,Mercredi-16-18h,OUI,Mercredi,2020-03-25 16:00
9610,125,True,False,False,False,True,False,False,True,False,False,False,False,False,False,Mercredi-16-18h,NON,Mercredi,2020-03-25 16:00
9611,39,False,False,True,False,True,False,False,True,False,False,False,False,False,False,Mercredi-16-18h,OUI,Mercredi,2020-03-25 16:00
9612,113,True,False,True,False,False,False,False,False,False,False,False,False,False,False,Mercredi-16-18h,NON,Mercredi,2020-03-25 16:00
9613,121,True,False,True,False,False,False,False,True,False,False,False,False,False,False,Mercredi-16-18h,NON,Mercredi,2020-03-25 16:00
9614,228,False,False,False,False,False,False,False,False,False,False,True,False,False,False,Mercredi-16-18h,OUI,Mercredi,2020-03-25 16:00
9615,290,False,False,False,False,False,False,False,False,True,False,False,False,False,False,Mercredi-16-18h,NON,Mercredi,2020-03-25 16:00
9616,197,False,False,True,False,True,False,False,False,False,False,False,False,False,False,Mercredi-16-18h,NON,Mercredi,2020-03-25 16:00
9617,31,True,True,True,False,False,True,False,False,False,False,False,False,False,False,Mercredi-16-18h,OUI,Mercredi,2020-03-25 16:00
9618,173,True,False,False,False,True,True,False,True,False,False,False,False,False,False,Mercredi-16-18h,OUI,Mercredi,2020-03-25 16:00
9619,74,True,False,False,True,False,False,False,True,False,False,True,False,False,False,Mercredi-16-18h,OUI,Mercredi,2020-03-25 16:00
9620,15,False,False,True,False,False,False,False,False,False,False,False,False,False,False,Mercredi-16-18h,NON,Mercredi,2020-03-25 16:00
9621,45,True,False,False,False,True,True,False,True,False,False,False,False,False,False,Mercredi-16-18h,NON,Mercredi,2020-03-25 16:00
9622,63,False,False,True,False,False,False,False,False,False,False,False,False,False,False,Mercredi-16-18h,NON,Mercredi,2020-03-25 16:00
9623,3,False,False,False,False,False,True,False,False,False,False,False,True,False,False,Mercredi-16-18h,OUI,Mercredi,2020-03-25 16:00
9624,21,True,False,True,False,False,False,False,False,False,False,False,False,False,False,Mercredi-16-18h,OUI,Mercredi,2020-03-25 16:00
9625,78,False,True,True,False,True,True,False,True,False,False,False,False,False,False,Mercredi-16-18h,NON,Mercredi,2020-03-25 16:00
9626,47,False,True,False,False,False,False,False,False,False,False,False,False,False,False,Mercredi-16-18h,NON,Mercredi,2020-03-25 16:00
9627,151,True,True,False,False,True,False,False,True,False,False,False,False,False,False,Mercredi-16-18h,NON,Mercredi,2020-03-25 16:00
9628,6,True,False,True,False,False,False,False,False,False,False,False,False,False,False,Mercredi-16-18h,OUI,Mercredi,2020-03-25 16:00
9629,135,True,False,True,False,False,False,False,False,False,False,False,False,True,False,Mercredi-16-18h,NON,Mercredi,2020-03-25 16:00
9630,221,False,False,False,False,True,True,False,False,False,False,False,False,False,False,Mercredi-16-18h,NON,Mercredi,2020-03-25 16:00
9631,170,False,False,True,False,False,False,False,False,False,False,True,False,False,True,Mercredi-16-18h,OUI,Mercredi,2020-03-25 16:00
9632,129,False,True,False,False,False,False,False,False,False,False,False,False,False,False,Mercredi-16-18h,NON,Mercredi,2020-03-25 16:00
9633,132,True,True,True,False,False,True,False,False,False,False,False,False,False,False,Mercredi-16-18h,OUI,Mercredi,2020-03-25 16:00
9634,110,False,True,False,False,False,False,False,False,False,False,False,False,False,False,Mercredi-16-18h,OUI,Mercredi,2020-03-25 16:00
9635,191,False,False,False,False,False,True,False,False,False,False,False,False,False,False,Mercredi-16-18h,NON,Mercredi,2020-03-25 16:00
9636,94,True,True,True,False,False,True,False,False,False,False,True,False,True,False,Mercredi-16-18h,OUI,Mercredi,2020-03-25 16:00
9637,108,False,False,False,False,False,True,True,False,False,False,False,False,False,False,Mercredi-16-18h,OUI,Mercredi,2020-03-25 16:00
9638,236,False,False,False,False,True,True,False,False,False,False,False,False,False,False,Mercredi-16-18h,OUI,Mercredi,2020-03-25 16:00
9639,42,True,False,True,False,True,False,False,False,False,False,False,False,False,False,Mercredi-16-18h,OUI,Mercredi,2020-03-25 16:00
9640,155,True,False,False,False,True,False,False,False,False,False,False,False,False,False,Mercredi-16-18h,NON,Mercredi,2020-03-25 16:00
9641,1,False,False,False,False,False,False,False,False,False,False,False,False,False,False,Mercredi-16-18h,NON,Mercredi,2020-03-25 16:00
9642,58,False,True,True,False,False,True,False,False,False,False,True,False,False,False,Mercredi-16-18h,OUI,Mercredi,2020-03-25 16:00
9643,0,False,True,False,False,False,False,False,False,False,False,False,False,False,False,Mercredi-16-18h,NON,Mercredi,2020-03-25 16:00
9644,269,False,False,False,False,False,False,False,False,False,False,False,False,False,False,Mercredi-16-18h,NON,Mercredi,2020-03-25 16:00
9645,2,True,False,True,False,False,False,False,False,False,False,False,False,False,False,Mercredi-16-18h,NON,Mercredi,2020-03-25 16:00
9646,103,False,False,False,False,True,False,False,False,False,False,False,False,False,False,Mercredi-16-18h,OUI,Mercredi,2020-03-25 16:00
9647,12,False,True,False,False,True,False,False,False,False,False,False,False,False,False,Mercredi-16-18h,NON,Mercredi,2020-03-25 16:00
9648,245,True,False,False,False,True,True,False,True,False,False,False,False,False,False,Mercredi-16-18h,OUI,Mercredi,2020-03-25 16:00
9649,161,False,False,True,False,False,False,False,False,False,False,True,False,False,False,Mercredi-16-18h,NON,Mercredi,2020-03-25 16:00
9650,38,False,False,False,False,False,False,False,False,True,False,False,False,False,False,Mercredi-16-18h,OUI,Mercredi,2020-03-25 16:00
9651,122,False,False,False,False,False,False,False,False,False,False,False,False,False,False,Mercredi-16-18h,NON,Mercredi,2020-03-25 16:00
9652,248,False,False,True,False,False,False,False,False,False,False,False,False,True,False,Mercredi-16-18h,NON,Mercredi,2020-03-25 16:00
9653,271,False,True,True,False,False,True,False,False,False,False,False,False,False,False,Mercredi-16-18h,OUI,Mercredi,2020-03-25 16:00
9654,116,False,False,True,False,False,False,False,False,False,False,False,False,False,False,Mercredi-16-18h,OUI,Mercredi,2020-03-25 16:00
9655,117,True,True,True,True,False,True,False,False,False,False,False,False,False,False,Mercredi-16-18h,NON,Mercredi,2020-03-25 16:00
9656,213,False,False,False,False,True,True,False,True,False,False,False,False,False,False,Mercredi-16-18h,NON,Mercredi,2020-03-25 16:00
9657,220,False,True,True,False,False,True,False,False,False,False,False,False,False,False,Mercredi-16-18h,OUI,Mercredi,2020-03-25 16:00
9658,176,False,False,True,False,False,False,False,False,False,False,False,False,False,False,Mercredi-16-18h,NON,Mercredi,2020-03-25 16:00
9659,96,False,False,False,False,True,True,False,False,False,True,False,False,False,False,Mercredi-16-18h,OUI,Mercredi,2020-03-25 16:00
9660,214,False,False,False,False,True,True,False,False,False,True,False,False,False,False,Mercredi-16-18h,OUI,Mercredi,2020-03-25 16:00
9661,11,True,False,False,True,False,False,False,False,False,False,True,False,False,False,Mercredi-16-18h,NON,Mercredi,2020-03-25 16:00
9662,255,True,False,True,False,False,False,False,True,False,False,False,False,False,False,Mercredi-16-18h,OUI,Mercredi,2020-03-25 16:00
9663,86,False,False,True,False,False,False,False,False,False,False,False,False,False,False,Mercredi-16-18h,OUI,Mercredi,2020-03-25 16:00
9664,209,True,False,False,False,True,True,False,True,False,False,False,False,False,False,Mercredi-16-18h,OUI,Mercredi,2020-03-25 16:00
9665,291,False,False,False,False,False,True,False,False,True,False,False,False,False,False,Mercredi-16-18h,OUI,Mercredi,2020-03-25 16:00
9666,287,False,False,False,False,False,False,False,False,False,False,False,True,False,False,Mercredi-16-18h,NON,Mercredi,2020-03-25 16:00
9667,104,False,False,False,False,True,True,False,False,False,False,False,False,False,False,Mercredi-16-18h,OUI,Mercredi,2020-03-25 16:00
9668,18,False,False,False,False,True,False,False,False,False,False,False,False,False,False,Mercredi-16-18h,OUI,Mercredi,2020-03-25 16:00
9669,123,False,True,False,False,True,True,False,False,False,False,False,False,False,False,Mercredi-16-18h,NON,Mercredi,2020-03-25 16:00
9670,136,False,False,False,False,True,False,False,False,False,False,False,False,False,False,Mercredi-16-18h,NON,Mercredi,2020-03-25 16:00
9671,276,True,False,True,False,False,False,False,False,False,False,False,False,False,False,Mercredi-16-18h,NON,Mercredi,2020-03-25 16:00
9672,53,False,False,False,False,True,True,False,False,False,False,False,False,False,False,Mercredi-16-18h,OUI,Mercredi,2020-03-25 16:00
9673,179,True,False,True,False,False,False,False,False,False,False,False,False,False,False,Mercredi-16-18h,OUI,Mercredi,2020-03-25 16:00
9674,200,False,False,False,False,False,False,False,False,False,False,False,False,False,False,Mercredi-16-18h,NON,Mercredi,2020-03-25 16:00
9675,73,False,False,False,False,False,False,False,False,False,False,False,False,False,False,Mercredi-16-18h,NON,Mercredi,2020-03-25 16:00
9676,156,False,False,False,False,True,True,False,False,False,False,False,False,False,False,Mercredi-16-18h,NON,Mercredi,2020-03-25 16:00
9677,128,True,True,True,False,False,True,False,False,False,False,False,False,False,False,Mercredi-16-18h,NON,Mercredi,2020-03-25 16:00
9678,118,False,False,False,False,False,False,False,False,False,False,False,False,False,False,Mercredi-16-18h,NON,Mercredi,2020-03-25 16:00
9679,112,True,False,True,False,False,False,False,False,False,False,False,False,False,False,Mercredi-16-18h,OUI,Mercredi,2020-03-25 16:00
9680,35,False,False,False,False,True,True,False,False,False,False,False,False,False,False,Mercredi-16-18h,NON,Mercredi,2020-03-25 16:00
9681,32,False,False,False,False,False,False,False,False,False,False,False,True,False,False,Mercredi-16-18h,NON,Mercredi,2020-03-25 16:00
9682,199,True,False,True,False,False,False,False,False,False,False,False,False,False,False,Mercredi-16-18h,OUI,Mercredi,2020-03-25 16:00
9683,153,True,False,False,False,True,True,False,False,False,False,False,False,False,False,Mercredi-16-18h,NON,Mercredi,2020-03-25 16:00
9684,82,False,False,True,False,False,False,False,False,False,False,False,False,False,False,Mercredi-16-18h,NON,Mercredi,2020-03-25 16:00
9685,292,False,True,False,False,False,False,False,False,False,False,False,False,False,False,Mercredi-16-18h,OUI,Mercredi,2020-03-25 16:00
9686,169,False,False,False,True,False,False,False,False,False,False,False,False,False,False,Mercredi-16-18h,OUI,Mercredi,2020-03-25 16:00
9687,16,False,False,False,False,True,True,False,False,False,False,False,False,False,False,Mercredi-16-18h,OUI,Mercredi,2020-03-25 16:00
9688,46,True,True,True,False,False,True,True,False,False,False,False,False,False,False,Mercredi-16-18h,NON,Mercredi,2020-03-25 16:00
9689,216,False,True,False,False,False,True,False,False,False,False,False,False,False,False,Mercredi-16-18h,OUI,Mercredi,2020-03-25 16:00
9690,174,False,True,True,False,False,True,False,False,False,False,True,False,False,False,Mercredi-16-18h,OUI,Mercredi,2020-03-25 16:00
9691,43,False,False,False,False,True,False,False,False,False,False,False,False,False,False,Mercredi-16-18h,NON,Mercredi,2020-03-25 16:00
9692,165,False,False,False,False,True,True,False,False,False,False,False,False,False,False,Mercredi-16-18h,NON,Mercredi,2020-03-25 16:00
9693,126,False,True,False,False,False,True,False,False,False,False,False,False,False,False,Mercredi-16-18h,OUI,Mercredi,2020-03-25 16:00
9694,41,False,False,False,False,False,True,False,False,True,False,False,False,False,False,Mercredi-16-18h,OUI,Mercredi,2020-03-25 16:00
9695,157,False,False,True,False,False,False,False,False,False,False,False,False,False,False,Mercredi-16-18h,OUI,Mercredi,2020-03-25 16:00
9696,272,False,True,True,False,False,False,True,False,False,False,True,False,True,True,Mercredi-16-18h,OUI,Mercredi,2020-03-25 16:00
9697,115,True,False,True,False,False,False,False,False,False,False,False,False,False,False,Mercredi-16-18h,NON,Mercredi,2020-03-25 16:00
9698,84,False,False,False,False,False,False,False,False,False,False,False,True,False,False,Mercredi-16-18h,NON,Mercredi,2020-03-25 16:00
9699,183,True,True,True,True,False,False,False,False,False,False,False,False,False,False,Mercredi-16-18h,OUI,Mercredi,2020-03-25 16:00
9700,65,True,True,False,False,False,True,False,False,False,False,False,False,False,False,Mercredi-16-18h,NON,Mercredi,2020-03-25 16:00
9701,105,True,False,False,False,False,False,False,False,False,False,False,False,False,False,Mercredi-16-18h,OUI,Mercredi,2020-03-25 16:00
9702,187,True,False,False,False,False,True,False,False,False,False,False,False,False,False,Mercredi-16-18h,OUI,Mercredi,2020-03-25 16:00
9703,139,True,False,True,False,False,False,False,False,False,False,False,False,False,False,Mercredi-16-18h,OUI,Mercredi,2020-03-25 16:00
9704,259,False,False,False,False,True,True,False,False,False,False,False,False,False,False,Mercredi-16-18h,OUI,Mercredi,2020-03-25 16:00
9705,124,True,False,True,False,False,False,False,False,False,False,True,False,False,False,Mercredi-16-18h,OUI,Mercredi,2020-03-25 16:00
9706,98,False,False,False,False,False,True,False,False,False,False,False,True,False,False,Mercredi-16-18h,OUI,Mercredi,2020-03-25 16:00
9707,284,False,True,True,False,False,True,False,False,False,False,False,False,True,False,Mercredi-16-18h,OUI,Mercredi,2020-03-25 16:00
9708,148,True,False,True,False,True,False,False,True,False,False,False,False,False,False,Mercredi-16-18h,OUI,Mercredi,2020-03-25 16:00
9709,258,True,False,True,False,False,False,False,False,False,False,False,False,False,False,Mercredi-16-18h,NON,Mercredi,2020-03-25 16:00
9710,175,False,False,False,False,False,True,False,False,False,False,False,False,False,False,Mercredi-16-18h,OUI,Mercredi,2020-03-25 16:00
9711,119,False,False,False,False,False,False,False,False,False,False,True,False,False,False,Mercredi-16-18h,NON,Mercredi,2020-03-25 16:00
9712,229,True,False,True,False,False,False,False,True,False,False,False,False,False,False,Mercredi-16-18h,OUI,Mercredi,2020-03-25 16:00
9713,230,False,False,False,False,False,True,True,False,False,False,False,False,False,False,Mercredi-16-18h,NON,Mercredi,2020-03-25 16:00
9714,17,True,False,False,False,False,True,True,False,False,False,False,False,False,False,Mercredi-16-18h,OUI,Mercredi,2020-03-25 16:00
9715,177,False,False,False,False,False,False,False,False,False,False,False,False,False,False,Mercredi-16-18h,NON,Mercredi,2020-03-25 16:00
9716,7,False,False,False,False,False,False,False,False,False,False,False,False,False,False,Mercredi-16-18h,NON,Mercredi,2020-03-25 16:00
9717,241,False,False,True,False,False,False,False,False,False,False,False,False,False,False,Mercredi-16-18h,NON,Mercredi,2020-03-25 16:00
9718,8,True,False,False,False,True,True,False,True,False,False,False,False,False,False,Mercredi-16-18h,NON,Mercredi,2020-03-25 16:00
9719,268,False,True,False,False,False,True,False,False,False,False,False,False,False,False,Mercredi-16-18h,OUI,Mercredi,2020-03-25 16:00
9720,294,False,False,True,False,True,False,False,False,False,False,False,False,False,False,Mercredi-16-18h,OUI,Mercredi,2020-03-25 16:00
9721,242,True,False,False,False,True,True,False,False,False,False,False,False,False,False,Mercredi-16-18h,NON,Mercredi,2020-03-25 16:00
9722,194,False,False,False,False,False,True,False,False,False,False,False,False,False,False,Mercredi-16-18h,NON,Mercredi,2020-03-25 16:00
9723,243,False,False,False,False,True,True,False,False,False,False,False,False,False,False,Mercredi-16-18h,OUI,Mercredi,2020-03-25 16:00
9724,212,True,True,True,False,False,True,False,False,False,False,False,False,False,False,Mercredi-16-18h,OUI,Mercredi,2020-03-25 16:00
9725,19,False,False,False,False,False,True,False,False,False,False,False,False,False,False,Mercredi-16-18h,OUI,Mercredi,2020-03-25 16:00
9726,114,False,False,False,False,True,False,False,False,False,False,False,False,False,False,Mercredi-16-18h,OUI,Mercredi,2020-03-25 16:00
9727,190,False,False,False,False,False,True,False,False,True,False,False,False,False,False,Mercredi-16-18h,NON,Mercredi,2020-03-25 16:00
9728,64,False,False,True,False,False,False,False,False,False,False,False,False,False,False,Mercredi-16-18h,OUI,Mercredi,2020-03-25 16:00
9729,227,False,False,False,False,False,False,False,False,False,False,False,False,False,False,Mercredi-16-18h,NON,Mercredi,2020-03-25 16:00
9730,232,False,False,False,False,False,True,False,False,False,False,False,False,False,False,Mercredi-16-18h,OUI,Mercredi,2020-03-25 16:00
9731,246,False,True,False,False,False,True,True,False,False,False,False,False,False,False,Mercredi-16-18h,NON,Mercredi,2020-03-25 16:00
9732,100,False,False,False,False,False,True,False,False,False,False,False,False,False,False,Mercredi-16-18h,NON,Mercredi,2020-03-25 16:00
9733,13,False,False,False,False,True,False,False,False,False,False,False,False,False,False,Mercredi-16-18h,NON,Mercredi,2020-03-25 16:00
9734,262,True,True,True,False,False,False,False,False,False,False,False,False,False,False,Mercredi-16-18h,NON,Mercredi,2020-03-25 16:00
9735,76,True,True,True,False,False,True,False,False,False,False,True,False,False,False,Mercredi-16-18h,OUI,Mercredi,2020-03-25 16:00
9736,261,False,True,False,False,True,False,False,False,False,False,False,False,False,False,Mercredi-16-18h,OUI,Mercredi,2020-03-25 16:00
9737,150,False,True,False,False,False,False,False,False,False,False,False,False,False,False,Mercredi-16-18h,OUI,Mercredi,2020-03-25 16:00
9738,205,False,False,False,False,False,False,False,False,False,False,False,False,False,False,Mercredi-16-18h,NON,Mercredi,2020-03-25 16:00
9739,56,False,False,False,False,True,True,False,False,False,False,False,False,False,False,Mercredi-16-18h,OUI,Mercredi,2020-03-25 16:00
9740,186,False,False,False,False,True,False,False,False,False,False,False,False,False,False,Mercredi-16-18h,OUI,Mercredi,2020-03-25 16:00
9741,162,True,False,False,False,True,True,False,False,False,False,False,False,False,False,Mercredi-16-18h,OUI,Mercredi,2020-03-25 16:00
9742,68,False,True,False,False,True,True,False,False,False,False,False,False,False,False,Mercredi-16-18h,OUI,Mercredi,2020-03-25 16:00
9743,146,False,False,False,False,False,True,False,False,False,False,False,True,False,False,Mercredi-16-18h,OUI,Mercredi,2020-03-25 16:00
9744,49,False,False,False,False,False,False,False,False,False,False,False,False,True,False,Mercredi-16-18h,NON,Mercredi,2020-03-25 16:00
9745,91,True,False,True,True,False,False,False,False,False,False,False,False,False,False,Mercredi-16-18h,OUI,Mercredi,2020-03-25 16:00
9746,22,False,False,False,False,False,False,False,False,False,True,False,False,False,False,Mercredi-16-18h,NON,Mercredi,2020-03-25 16:00
9747,151,False,False,False,False,True,False,False,False,False,False,False,False,False,False,Mercredi-16-18h,NON,Mercredi,2020-03-25 16:00
9748,193,False,False,False,False,True,True,False,False,False,False,False,False,False,False,Mercredi-16-18h,OUI,Mercredi,2020-03-25 16:00
9749,9,True,True,False,False,False,False,False,False,False,False,False,False,False,False,Mercredi-16-18h,NON,Mercredi,2020-03-25 16:00
9750,99,True,False,True,False,False,False,False,False,False,False,False,False,False,False,Mercredi-16-18h,OUI,Mercredi,2020-03-25 16:00
9751,181,False,False,False,False,True,True,False,False,False,False,False,False,False,False,Mercredi-16-18h,OUI,Mercredi,2020-03-25 16:00
9752,111,False,False,False,False,False,True,False,True,False,False,False,False,False,False,Mercredi-16-18h,OUI,Mercredi,2020-03-25 16:00
9753,44,False,True,False,False,False,True,False,False,False,False,False,False,False,False,Mercredi-16-18h,NON,Mercredi,2020-03-25 16:00
9754,24,False,False,False,False,True,False,False,True,False,False,False,False,False,False,Mercredi-16-18h,NON,Mercredi,2020-03-25 16:00
9755,102,False,False,False,False,True,True,False,True,False,False,False,False,False,False,Mercredi-16-18h,NON,Mercredi,2020-03-25 16:00
9756,203,True,True,False,False,False,False,False,True,False,False,False,False,False,False,Mercredi-16-18h,NON,Mercredi,2020-03-25 16:00
9757,140,False,False,False,False,True,True,False,True,False,False,False,False,False,False,Mercredi-16-18h,OUI,Mercredi,2020-03-25 16:00
9758,188,False,False,False,False,False,True,False,False,True,False,False,False,False,False,Mercredi-16-18h,OUI,Mercredi,2020-03-25 16:00
9759,206,False,False,False,True,False,False,False,False,False,False,True,False,False,False,Mercredi-16-18h,NON,Mercredi,2020-03-25 16:00
9760,273,False,False,False,False,False,False,False,False,False,False,False,True,False,False,Mercredi-16-18h,OUI,Mercredi,2020-03-25 16:00
9761,69,True,False,True,False,False,False,False,False,False,False,False,False,False,False,Mercredi-16-18h,OUI,Mercredi,2020-03-25 16:00
9762,87,True,False,False,True,False,False,False,False,False,False,True,False,False,False,Mercredi-16-18h,OUI,Mercredi,2020-03-25 16:00
9763,83,True,False,True,False,False,False,False,False,False,False,False,False,False,False,Mercredi-16-18h,OUI,Mercredi,2020-03-25 16:00
9764,149,True,False,True,True,False,False,False,False,False,False,False,False,False,False,Mercredi-16-18h,NON,Mercredi,2020-03-25 16:00
9765,274,False,False,False,False,False,True,False,False,False,False,False,False,False,False,Mercredi-16-18h,NON,Mercredi,2020-03-25 16:00
9766,282,True,False,True,True,False,False,False,False,False,False,False,False,False,False,Mercredi-16-18h,OUI,Mercredi,2020-03-25 16:00
9767,147,False,False,False,False,False,False,False,False,False,False,False,False,False,False,Mercredi-16-18h,NON,Mercredi,2020-03-25 16:00
9768,238,False,False,False,False,False,False,False,False,False,False,False,True,False,False,Mercredi-16-18h,NON,Mercredi,2020-03-25 16:00
9769,201,False,False,False,False,False,False,False,False,False,False,False,False,False,False,Mercredi-16-18h,NON,Mercredi,2020-03-25 16:00
9770,152,False,True,False,False,False,False,False,False,False,False,False,False,False,False,Mercredi-16-18h,NON,Mercredi,2020-03-25 16:00
9771,222,False,False,False,False,False,True,False,False,True,True,False,False,False,False,Mercredi-16-18h,NON,Mercredi,2020-03-25 16:00
9772,106,False,False,False,False,False,True,False,False,False,False,False,True,False,False,Mercredi-16-18h,NON,Mercredi,2020-03-25 16:00
9773,133,False,False,True,False,True,False,False,False,False,False,False,False,False,False,Mercredi-16-18h,OUI,Mercredi,2020-03-25 16:00
9774,163,False,False,False,False,True,False,False,False,False,False,False,False,False,False,Mercredi-16-18h,OUI,Mercredi,2020-03-25 16:00
9775,231,False,False,False,False,False,False,False,False,False,False,False,False,False,False,Mercredi-16-18h,NON,Mercredi,2020-03-25 16:00
9776,25,False,False,False,False,True,False,False,False,False,False,False,False,False,False,Mercredi-16-18h,NON,Mercredi,2020-03-25 16:00
9777,196,False,False,True,False,True,False,False,True,False,False,False,False,False,False,Mercredi-16-18h,OUI,Mercredi,2020-03-25 16:00
9778,5,False,False,False,False,True,True,False,False,False,False,False,False,False,False,Mercredi-16-18h,OUI,Mercredi,2020-03-25 16:00
9779,90,False,True,False,False,False,False,False,False,False,False,False,False,False,False,Mercredi-16-18h,NON,Mercredi,2020-03-25 16:00
9780,244,True,False,True,False,False,False,False,False,False,False,False,False,False,False,Mercredi-16-18h,OUI,Mercredi,2020-03-25 16:00
9781,107,False,True,False,False,False,True,False,False,False,False,False,False,False,False,Mercredi-16-18h,OUI,Mercredi,2020-03-25 16:00
9782,218,False,True,False,False,True,True,False,False,False,False,False,False,False,False,Mercredi-16-18h,NON,Mercredi,2020-03-25 16:00
9783,62,False,True,True,False,True,True,False,False,False,False,False,False,False,False,Mercredi-16-18h,NON,Mercredi,2020-03-25 16:00
9784,79,False,True,False,False,False,False,False,False,False,False,False,False,False,False,Mercredi-16-18h,NON,Mercredi,2020-03-25 16:00
9785,208,False,False,False,False,False,True,False,False,False,False,False,False,False,False,Mercredi-16-18h,NON,Mercredi,2020-03-25 16:00
9786,270,False,False,False,False,False,False,False,False,True,False,False,False,False,False,Mercredi-16-18h,OUI,Mercredi,2020-03-25 16:00
9787,166,True,False,False,False,True,True,False,False,False,False,False,False,False,False,Mercredi-16-18h,OUI,Mercredi,2020-03-25 16:00
9788,77,False,False,True,False,True,False,False,False,False,False,False,False,False,False,Mercredi-16-18h,NON,Mercredi,2020-03-25 16:00
9789,29,False,False,False,False,False,True,False,False,False,False,False,True,False,False,Mercredi-16-18h,OUI,Mercredi,2020-03-25 16:00
9790,240,False,False,False,False,False,True,False,False,False,False,False,False,False,False,Mercredi-16-18h,NON,Mercredi,2020-03-25 16:00
9791,184,False,True,False,False,False,False,False,False,False,False,False,False,False,False,Mercredi-16-18h,OUI,Mercredi,2020-03-25 16:00
9792,277,False,True,True,False,False,True,False,False,False,False,False,False,False,False,Mercredi-16-18h,NON,Mercredi,2020-03-25 16:00
9793,80,True,False,False,False,False,True,False,False,False,True,False,False,False,False,Mercredi-16-18h,OUI,Mercredi,2020-03-25 16:00
9794,185,True,True,True,False,False,True,False,False,False,False,True,False,True,False,Mercredi-16-18h,NON,Mercredi,2020-03-25 16:00
9795,204,False,False,False,False,True,True,False,False,False,False,False,True,False,False,Mercredi-16-18h,OUI,Mercredi,2020-03-25 16:00
9796,252,True,True,True,False,False,True,False,False,False,False,False,False,False,False,Mercredi-16-18h,NON,Mercredi,2020-03-25 16:00
9797,26,False,False,False,False,True,False,False,False,False,False,False,False,False,False,Mercredi-16-18h,NON,Mercredi,2020-03-25 16:00
9798,70,False,False,False,False,True,False,False,False,False,False,False,True,False,False,Mercredi-16-18h,OUI,Mercredi,2020-03-25 16:00
9799,233,False,False,False,False,True,False,False,False,False,False,False,False,False,False,Mercredi-16-18h,OUI,Mercredi,2020-03-25 16:00
9800,37,True,True,True,False,True,True,False,False,False,False,False,False,False,False,Mercredi-16-18h,NON,Mercredi,2020-03-25 16:00
9801,185,False,False,True,False,False,False,False,False,False,False,False,False,False,False,Mercredi-16-18h,OUI,Mercredi,2020-03-25 16:00
9802,138,True,False,False,False,True,True,False,False,False,False,False,False,False,False,Mercredi-16-18h,NON,Mercredi,2020-03-25 16:00
9803,224,True,False,True,False,False,False,False,False,False,False,False,False,False,False,Mercredi-16-18h,NON,Mercredi,2020-03-25 16:00
9804,66,False,False,False,False,True,True,False,False,False,False,False,False,True,False,Mercredi-16-18h,OUI,Mercredi,2020-03-25 16:00
9805,211,False,False,True,False,False,False,False,False,False,False,False,False,True,False,Mercredi-16-18h,NON,Mercredi,2020-03-25 16:00
9806,14,False,False,False,False,True,True,False,False,False,False,False,False,False,False,Mercredi-16-18h,NON,Mercredi,2020-03-25 16:00
9807,145,False,False,False,False,True,False,False,False,False,False,False,False,False,False,Mercredi-16-18h,NON,Mercredi,2020-03-25 16:00
9808,36,False,False,False,False,False,False,False,False,False,False,False,True,False,False,Mercredi-16-18h,OUI,Mercredi,2020-03-25 16:00
9809,60,True,True,True,False,False,True,False,False,False,False,False,False,False,False,Mercredi-16-18h,OUI,Mercredi,2020-03-25 16:00
9810,137,True,True,True,False,False,True,False,False,False,False,True,False,False,False,Mercredi-16-18h,NON,Mercredi,2020-03-25 16:00
9811,285,False,True,False,False,True,True,False,False,False,False,False,False,False,False,Mercredi-16-18h,OUI,Mercredi,2020-03-25 16:00
9812,40,False,True,True,False,True,True,False,False,False,False,False,False,False,False,Mercredi-16-18h,OUI,Mercredi,2020-03-25 16:00
9813,97,False,False,False,False,False,True,False,False,False,False,False,False,False,False,Mercredi-16-18h,NON,Mercredi,2020-03-25 16:00
9814,109,True,False,True,True,False,False,False,False,False,False,False,False,False,False,Mercredi-16-18h,NON,Mercredi,2020-03-25 16:00
9815,10,False,False,False,False,False,False,False,False,False,False,False,False,False,False,Mercredi-16-18h,NON,Mercredi,2020-03-25 16:00
9816,256,False,False,False,False,False,False,False,False,False,False,False,True,False,False,Mercredi-16-18h,NON,Mercredi,2020-03-25 16:00
9817,141,True,True,True,False,False,False,False,False,False,False,True,False,False,False,Mercredi-16-18h,NON,Mercredi,2020-03-25 16:00
9818,28,False,False,False,False,False,False,False,False,False,False,False,False,False,False,Mercredi-16-18h,NON,Mercredi,2020-03-25 16:00
9819,101,True,True,True,True,True,True,False,False,False,False,False,False,False,False,Mercredi-16-18h,OUI,Mercredi,2020-03-25 16:00
9820,48,True,False,True,False,True,False,False,False,False,False,False,False,True,False,Mercredi-16-18h,OUI,Mercredi,2020-03-25 16:00
9821,27,False,False,False,False,False,True,False,False,False,False,False,False,False,False,Mercredi-16-18h,NON,Mercredi,2020-03-25 16:00
9822,142,True,False,True,False,False,False,False,False,False,False,True,False,True,False,Mercredi-16-18h,NON,Mercredi,2020-03-25 16:00
9823,234,False,False,True,False,False,False,False,False,False,False,True,False,False,False,Mercredi-16-18h,NON,Mercredi,2020-03-25 16:00
9824,23,False,False,False,False,True,False,False,False,False,False,False,False,False,False,Mercredi-16-18h,NON,Mercredi,2020-03-25 16:00
9825,195,False,False,False,False,True,False,False,False,True,False,False,False,False,False,Mercredi-16-18h,NON,Mercredi,2020-03-25 16:00
9826,275,False,False,False,False,False,False,False,False,False,False,False,True,False,False,Mercredi-16-18h,NON,Mercredi,2020-03-25 16:00
9827,226,False,False,False,False,True,True,False,False,False,False,False,False,False,False,Mercredi-16-18h,NON,Mercredi,2020-03-25 16:00
9828,207,False,False,True,False,False,False,False,False,False,False,False,False,False,False,Mercredi-16-18h,OUI,Mercredi,2020-03-25 16:00
9829,57,False,False,False,False,False,False,False,False,False,False,False,False,False,False,Mercredi-16-18h,NON,Mercredi,2020-03-25 16:00
9830,4,False,True,False,False,False,True,False,False,False,False,False,False,False,False,Mercredi-16-18h,OUI,Mercredi,2020-03-25 16:00
9831,265,False,False,False,False,False,True,False,False,False,False,False,False,False,False,Mercredi-16-18h,OUI,Mercredi,2020-03-25 16:00
9832,88,False,True,False,False,False,False,False,False,False,False,False,False,False,False,Mercredi-16-18h,NON,Mercredi,2020-03-25 16:00
9833,198,False,False,False,False,False,False,False,False,False,False,True,False,False,False,Mercredi-16-18h,NON,Mercredi,2020-03-25 16:00
9834,249,True,True,True,False,False,False,False,False,False,False,False,False,False,False,Mercredi-16-18h,NON,Mercredi,2020-03-25 16:00
9835,263,False,False,False,False,True,True,False,False,False,False,False,False,False,False,Mercredi-16-18h,OUI,Mercredi,2020-03-25 16:00
9836,217,True,False,True,False,False,False,False,False,False,False,False,False,True,False,Mercredi-16-18h,NON,Mercredi,2020-03-25 16:00
9837,278,False,False,False,False,True,True,False,False,False,False,False,False,False,False,Mercredi-16-18h,NON,Mercredi,2020-03-25 16:00
9838,189,False,True,False,False,False,False,False,False,False,False,False,False,False,False,Mercredi-16-18h,NON,Mercredi,2020-03-25 16:00
9839,61,True,False,True,False,False,False,False,False,False,False,False,False,False,False,Mercredi-16-18h,NON,Mercredi,2020-03-25 16:00
9840,251,False,False,False,False,False,False,False,False,False,False,False,False,True,False,Mercredi-16-18h,NON,Mercredi,2020-03-25 16:00
9841,281,False,True,False,False,False,False,False,False,False,False,False,False,False,False,Mercredi-16-18h,NON,Mercredi,2020-03-25 16:00
9842,134,False,True,False,False,False,False,False,False,False,False,False,False,False,False,Mercredi-16-18h,OUI,Mercredi,2020-03-25 16:00
9843,293,False,True,False,False,False,True,False,False,False,False,False,False,False,False,Mercredi-16-18h,OUI,Mercredi,2020-03-25 16:00
9844,279,True,True,True,True,False,True,False,False,False,False,False,False,False,False,Mercredi-16-18h,OUI,Mercredi,2020-03-25 16:00
9845,81,True,False,True,True,False,False,False,True,False,False,False,False,False,False,Mercredi-16-18h,OUI,Mercredi,2020-03-25 16:00
9846,92,True,False,False,True,False,False,False,False,False,False,True,False,False,False,Mercredi-16-18h,NON,Mercredi,2020-03-25 16:00
9847,147,False,False,False,False,False,False,False,False,False,False,False,False,False,False,Mercredi-16-18h,NON,Mercredi,2020-03-25 16:00
9848,33,False,True,False,False,True,False,False,False,False,False,False,False,False,False,Mercredi-16-18h,NON,Mercredi,2020-03-25 16:00
9849,266,False,False,False,False,False,False,False,False,False,False,False,False,False,False,Mercredi-16-18h,NON,Mercredi,2020-03-25 16:00
9850,225,True,False,False,False,False,True,False,False,False,False,False,False,False,False,Mercredi-16-18h,NON,Mercredi,2020-03-25 16:00
9851,83,True,False,True,False,False,False,False,False,False,False,False,False,False,False,Mercredi-16-18h,OUI,Mercredi,2020-03-25 16:00
9852,95,False,False,False,False,True,True,False,True,False,False,False,False,False,False,Mercredi-16-18h,NON,Mercredi,2020-03-25 16:00
9853,127,False,False,False,False,True,False,False,False,False,False,False,False,False,False,Mercredi-16-18h,OUI,Mercredi,2020-03-25 16:00
9854,20,False,False,False,False,False,False,False,False,False,False,False,False,False,False,Mercredi-16-18h,NON,Mercredi,2020-03-25 16:00
9855,89,False,False,False,False,False,False,False,False,True,False,False,False,False,False,Mercredi-16-18h,NON,Mercredi,2020-03-25 16:00
9856,120,False,True,True,False,True,True,False,True,False,False,True,False,False,False,Mercredi-16-18h,NON,Mercredi,2020-03-25 16:00
9857,253,False,False,False,False,True,True,False,False,False,False,False,True,False,False,Mercredi-16-18h,NON,Mercredi,2020-03-25 16:00
9858,52,False,False,True,False,False,False,False,False,False,False,False,False,False,False,Mercredi-16-18h,OUI,Mercredi,2020-03-25 16:00
9859,168,True,False,True,False,False,False,False,True,False,False,False,False,False,False,Mercredi-16-18h,NON,Mercredi,2020-03-25 16:00
9860,202,False,True,False,False,False,False,False,False,False,False,False,False,False,False,Mercredi-16-18h,NON,Mercredi,2020-03-25 16:00
9861,172,False,False,False,False,True,False,False,False,False,False,False,False,False,False,Mercredi-16-18h,OUI,Mercredi,2020-03-25 16:00
9862,239,False,False,False,False,True,True,False,False,False,False,False,False,False,False,Mercredi-16-18h,NON,Mercredi,2020-03-25 16:00
9863,85,False,False,False,False,True,False,False,False,False,False,False,False,False,False,Mercredi-16-18h,OUI,Mercredi,2020-03-25 16:00
9864,215,False,False,False,False,False,False,False,False,True,False,False,False,False,False,Mercredi-16-18h,OUI,Mercredi,2020-03-25 16:00
9865,260,True,False,True,False,False,False,False,False,False,False,False,False,False,False,Mercredi-16-18h,NON,Mercredi,2020-03-25 16:00
9866,286,True,True,False,False,True,False,False,False,False,False,False,False,False,False,Mercredi-16-18h,NON,Mercredi,2020-03-25 16:00
9867,72,False,True,False,False,False,False,False,False,False,False,False,False,False,False,Mercredi-18-20h,OUI,Mercredi,2020-03-25 18:00
9868,167,True,True,True,True,True,True,False,False,False,False,False,False,False,False,Mercredi-18-20h,OUI,Mercredi,2020-03-25 18:00
9869,130,True,False,True,False,False,False,False,True,False,False,False,False,True,True,Mercredi-18-20h,OUI,Mercredi,2020-03-25 18:00
9870,288,True,True,True,False,True,False,False,False,False,False,False,False,False,False,Mercredi-18-20h,OUI,Mercredi,2020-03-25 18:00
9871,59,False,False,False,False,False,True,False,False,False,False,False,False,False,False,Mercredi-18-20h,OUI,Mercredi,2020-03-25 18:00
9872,178,True,False,False,False,False,False,False,False,False,False,True,False,False,False,Mercredi-18-20h,OUI,Mercredi,2020-03-25 18:00
9873,254,False,False,False,False,False,False,False,False,False,False,False,True,False,False,Mercredi-18-20h,NON,Mercredi,2020-03-25 18:00
9874,34,False,False,False,False,False,False,False,False,False,False,False,False,False,False,Mercredi-18-20h,NON,Mercredi,2020-03-25 18:00
9875,264,False,False,False,False,True,True,True,False,False,False,False,False,False,False,Mercredi-18-20h,OUI,Mercredi,2020-03-25 18:00
9876,158,True,False,False,False,True,False,False,False,False,True,False,False,False,False,Mercredi-18-20h,OUI,Mercredi,2020-03-25 18:00
9877,210,False,True,False,False,True,True,False,False,False,False,False,False,False,False,Mercredi-18-20h,OUI,Mercredi,2020-03-25 18:00
9878,93,False,False,False,False,True,False,False,False,False,False,False,False,True,False,Mercredi-18-20h,OUI,Mercredi,2020-03-25 18:00
9879,144,True,False,True,False,True,False,False,False,False,False,False,False,False,False,Mercredi-18-20h,OUI,Mercredi,2020-03-25 18:00
9880,164,False,True,False,False,True,True,False,False,False,False,False,False,False,False,Mercredi-18-20h,OUI,Mercredi,2020-03-25 18:00
9881,289,False,False,False,False,True,True,False,False,False,False,False,False,False,False,Mercredi-18-20h,NON,Mercredi,2020-03-25 18:00
9882,50,False,False,False,False,False,False,False,False,False,False,False,False,False,False,Mercredi-18-20h,NON,Mercredi,2020-03-25 18:00
9883,51,True,True,False,False,True,False,False,False,False,False,False,False,False,False,Mercredi-18-20h,OUI,Mercredi,2020-03-25 18:00
9884,247,False,False,True,False,False,False,False,False,False,False,False,False,False,False,Mercredi-18-20h,NON,Mercredi,2020-03-25 18:00
9885,159,False,False,False,False,False,False,False,True,False,False,False,False,False,False,Mercredi-18-20h,NON,Mercredi,2020-03-25 18:00
9886,54,False,False,False,False,False,True,False,False,False,False,False,False,False,False,Mercredi-18-20h,NON,Mercredi,2020-03-25 18:00
9887,55,True,False,False,False,True,True,False,True,False,False,False,False,False,False,Mercredi-18-20h,OUI,Mercredi,2020-03-25 18:00
9888,257,False,False,False,False,True,False,False,False,False,False,False,False,False,False,Mercredi-18-20h,OUI,Mercredi,2020-03-25 18:00
9889,67,False,False,False,False,False,False,False,False,False,False,False,False,False,False,Mercredi-18-20h,NON,Mercredi,2020-03-25 18:00
9890,71,True,False,True,False,False,False,False,False,False,False,False,False,False,False,Mercredi-18-20h,OUI,Mercredi,2020-03-25 18:00
9891,280,False,False,False,False,False,True,False,False,False,False,False,False,False,False,Mercredi-18-20h,OUI,Mercredi,2020-03-25 18:00
9892,283,True,True,False,False,False,False,False,False,False,False,False,False,False,False,Mercredi-18-20h,OUI,Mercredi,2020-03-25 18:00
9893,154,False,False,False,False,True,True,False,False,False,False,False,True,False,False,Mercredi-18-20h,NON,Mercredi,2020-03-25 18:00
9894,171,False,False,False,False,False,False,False,False,False,False,False,True,False,False,Mercredi-18-20h,OUI,Mercredi,2020-03-25 18:00
9895,131,False,False,True,False,False,False,False,False,False,False,False,False,False,False,Mercredi-18-20h,OUI,Mercredi,2020-03-25 18:00
9896,237,True,False,False,False,False,True,True,False,False,False,False,False,True,False,Mercredi-18-20h,OUI,Mercredi,2020-03-25 18:00
9897,75,False,False,False,False,True,True,False,False,False,False,False,False,False,False,Mercredi-18-20h,NON,Mercredi,2020-03-25 18:00
9898,235,True,False,False,False,True,False,False,False,False,False,False,False,False,False,Mercredi-18-20h,OUI,Mercredi,2020-03-25 18:00
9899,180,False,False,False,False,True,True,False,False,False,False,False,False,False,False,Mercredi-18-20h,OUI,Mercredi,2020-03-25 18:00
9900,219,False,False,False,False,False,True,False,False,False,False,False,False,False,False,Mercredi-18-20h,NON,Mercredi,2020-03-25 18:00
9901,250,False,False,False,False,False,False,False,False,True,False,False,False,False,False,Mercredi-18-20h,OUI,Mercredi,2020-03-25 18:00
9902,267,True,True,False,False,False,False,False,False,False,False,False,False,False,False,Mercredi-18-20h,OUI,Mercredi,2020-03-25 18:00
9903,160,False,True,False,False,False,True,False,False,False,False,False,False,False,False,Mercredi-18-20h,NON,Mercredi,2020-03-25 18:00
9904,182,False,True,False,False,True,True,True,False,False,False,False,False,False,False,Mercredi-18-20h,OUI,Mercredi,2020-03-25 18:00
9905,143,False,False,False,False,False,False,False,True,False,False,True,False,False,False,Mercredi-18-20h,OUI,Mercredi,2020-03-25 18:00
9906,223,True,True,False,False,False,False,False,False,False,False,False,False,False,False,Mercredi-18-20h,OUI,Mercredi,2020-03-25 18:00
9907,192,True,False,True,False,False,False,False,False,False,False,False,False,False,False,Mercredi-18-20h,NON,Mercredi,2020-03-25 18:00
9908,30,False,False,True,False,False,False,False,True,False,False,False,False,False,False,Mercredi-18-20h,OUI,Mercredi,2020-03-25 18:00
9909,125,True,False,False,False,True,False,False,True,False,False,False,False,False,False,Mercredi-18-20h,NON,Mercredi,2020-03-25 18:00
9910,39,False,False,True,False,True,False,False,True,False,False,False,False,False,False,Mercredi-18-20h,OUI,Mercredi,2020-03-25 18:00
9911,113,True,False,True,False,False,False,False,False,False,False,False,False,False,False,Mercredi-18-20h,OUI,Mercredi,2020-03-25 18:00
9912,121,True,False,True,False,False,False,False,True,False,False,False,False,False,False,Mercredi-18-20h,OUI,Mercredi,2020-03-25 18:00
9913,228,False,False,False,False,False,False,False,False,False,False,True,False,False,False,Mercredi-18-20h,OUI,Mercredi,2020-03-25 18:00
9914,290,False,False,False,False,False,False,False,False,True,False,False,False,False,False,Mercredi-18-20h,NON,Mercredi,2020-03-25 18:00
9915,197,False,False,True,False,True,False,False,False,False,False,False,False,False,False,Mercredi-18-20h,NON,Mercredi,2020-03-25 18:00
9916,31,True,True,True,False,False,True,False,False,False,False,False,False,False,False,Mercredi-18-20h,OUI,Mercredi,2020-03-25 18:00
9917,173,True,False,False,False,True,True,False,True,False,False,False,False,False,False,Mercredi-18-20h,OUI,Mercredi,2020-03-25 18:00
9918,74,True,False,False,True,False,False,False,True,False,False,True,False,False,False,Mercredi-18-20h,OUI,Mercredi,2020-03-25 18:00
9919,15,False,False,True,False,False,False,False,False,False,False,False,False,False,False,Mercredi-18-20h,OUI,Mercredi,2020-03-25 18:00
9920,45,True,False,False,False,True,True,False,True,False,False,False,False,False,False,Mercredi-18-20h,NON,Mercredi,2020-03-25 18:00
9921,63,False,False,True,False,False,False,False,False,False,False,False,False,False,False,Mercredi-18-20h,OUI,Mercredi,2020-03-25 18:00
9922,3,False,False,False,False,False,True,False,False,False,False,False,True,False,False,Mercredi-18-20h,OUI,Mercredi,2020-03-25 18:00
9923,21,True,False,True,False,False,False,False,False,False,False,False,False,False,False,Mercredi-18-20h,OUI,Mercredi,2020-03-25 18:00
9924,78,False,True,True,False,True,True,False,True,False,False,False,False,False,False,Mercredi-18-20h,NON,Mercredi,2020-03-25 18:00
9925,47,False,True,False,False,False,False,False,False,False,False,False,False,False,False,Mercredi-18-20h,OUI,Mercredi,2020-03-25 18:00
9926,151,True,True,False,False,True,False,False,True,False,False,False,False,False,False,Mercredi-18-20h,OUI,Mercredi,2020-03-25 18:00
9927,6,True,False,True,False,False,False,False,False,False,False,False,False,False,False,Mercredi-18-20h,OUI,Mercredi,2020-03-25 18:00
9928,135,True,False,True,False,False,False,False,False,False,False,False,False,True,False,Mercredi-18-20h,NON,Mercredi,2020-03-25 18:00
9929,221,False,False,False,False,True,True,False,False,False,False,False,False,False,False,Mercredi-18-20h,OUI,Mercredi,2020-03-25 18:00
9930,170,False,False,True,False,False,False,False,False,False,False,True,False,False,True,Mercredi-18-20h,OUI,Mercredi,2020-03-25 18:00
9931,129,False,True,False,False,False,False,False,False,False,False,False,False,False,False,Mercredi-18-20h,OUI,Mercredi,2020-03-25 18:00
9932,132,True,True,True,False,False,True,False,False,False,False,False,False,False,False,Mercredi-18-20h,OUI,Mercredi,2020-03-25 18:00
9933,110,False,True,False,False,False,False,False,False,False,False,False,False,False,False,Mercredi-18-20h,OUI,Mercredi,2020-03-25 18:00
9934,191,False,False,False,False,False,True,False,False,False,False,False,False,False,False,Mercredi-18-20h,OUI,Mercredi,2020-03-25 18:00
9935,94,True,True,True,False,False,True,False,False,False,False,True,False,True,False,Mercredi-18-20h,OUI,Mercredi,2020-03-25 18:00
9936,108,False,False,False,False,False,True,True,False,False,False,False,False,False,False,Mercredi-18-20h,OUI,Mercredi,2020-03-25 18:00
9937,236,False,False,False,False,True,True,False,False,False,False,False,False,False,False,Mercredi-18-20h,OUI,Mercredi,2020-03-25 18:00
9938,42,True,False,True,False,True,False,False,False,False,False,False,False,False,False,Mercredi-18-20h,OUI,Mercredi,2020-03-25 18:00
9939,155,True,False,False,False,True,False,False,False,False,False,False,False,False,False,Mercredi-18-20h,OUI,Mercredi,2020-03-25 18:00
9940,1,False,False,False,False,False,False,False,False,False,False,False,False,False,False,Mercredi-18-20h,NON,Mercredi,2020-03-25 18:00
9941,58,False,True,True,False,False,True,False,False,False,False,True,False,False,False,Mercredi-18-20h,OUI,Mercredi,2020-03-25 18:00
9942,0,False,True,False,False,False,False,False,False,False,False,False,False,False,False,Mercredi-18-20h,OUI,Mercredi,2020-03-25 18:00
9943,269,False,False,False,False,False,False,False,False,False,False,False,False,False,False,Mercredi-18-20h,NON,Mercredi,2020-03-25 18:00
9944,2,True,False,True,False,False,False,False,False,False,False,False,False,False,False,Mercredi-18-20h,NON,Mercredi,2020-03-25 18:00
9945,103,False,False,False,False,True,False,False,False,False,False,False,False,False,False,Mercredi-18-20h,OUI,Mercredi,2020-03-25 18:00
9946,12,False,True,False,False,True,False,False,False,False,False,False,False,False,False,Mercredi-18-20h,OUI,Mercredi,2020-03-25 18:00
9947,245,True,False,False,False,True,True,False,True,False,False,False,False,False,False,Mercredi-18-20h,NON,Mercredi,2020-03-25 18:00
9948,161,False,False,True,False,False,False,False,False,False,False,True,False,False,False,Mercredi-18-20h,NON,Mercredi,2020-03-25 18:00
9949,38,False,False,False,False,False,False,False,False,True,False,False,False,False,False,Mercredi-18-20h,OUI,Mercredi,2020-03-25 18:00
9950,122,False,False,False,False,False,False,False,False,False,False,False,False,False,False,Mercredi-18-20h,NON,Mercredi,2020-03-25 18:00
9951,248,False,False,True,False,False,False,False,False,False,False,False,False,True,False,Mercredi-18-20h,OUI,Mercredi,2020-03-25 18:00
9952,271,False,True,True,False,False,True,False,False,False,False,False,False,False,False,Mercredi-18-20h,OUI,Mercredi,2020-03-25 18:00
9953,116,False,False,True,False,False,False,False,False,False,False,False,False,False,False,Mercredi-18-20h,OUI,Mercredi,2020-03-25 18:00
9954,117,True,True,True,True,False,True,False,False,False,False,False,False,False,False,Mercredi-18-20h,OUI,Mercredi,2020-03-25 18:00
9955,213,False,False,False,False,True,True,False,True,False,False,False,False,False,False,Mercredi-18-20h,NON,Mercredi,2020-03-25 18:00
9956,220,False,True,True,False,False,True,False,False,False,False,False,False,False,False,Mercredi-18-20h,OUI,Mercredi,2020-03-25 18:00
9957,176,False,False,True,False,False,False,False,False,False,False,False,False,False,False,Mercredi-18-20h,OUI,Mercredi,2020-03-25 18:00
9958,96,False,False,False,False,True,True,False,False,False,True,False,False,False,False,Mercredi-18-20h,NON,Mercredi,2020-03-25 18:00
9959,214,False,False,False,False,True,True,False,False,False,True,False,False,False,False,Mercredi-18-20h,OUI,Mercredi,2020-03-25 18:00
9960,11,True,False,False,True,False,False,False,False,False,False,True,False,False,False,Mercredi-18-20h,OUI,Mercredi,2020-03-25 18:00
9961,255,True,False,True,False,False,False,False,True,False,False,False,False,False,False,Mercredi-18-20h,OUI,Mercredi,2020-03-25 18:00
9962,86,False,False,True,False,False,False,False,False,False,False,False,False,False,False,Mercredi-18-20h,OUI,Mercredi,2020-03-25 18:00
9963,209,True,False,False,False,True,True,False,True,False,False,False,False,False,False,Mercredi-18-20h,OUI,Mercredi,2020-03-25 18:00
9964,291,False,False,False,False,False,True,False,False,True,False,False,False,False,False,Mercredi-18-20h,OUI,Mercredi,2020-03-25 18:00
9965,287,False,False,False,False,False,False,False,False,False,False,False,True,False,False,Mercredi-18-20h,NON,Mercredi,2020-03-25 18:00
9966,104,False,False,False,False,True,True,False,False,False,False,False,False,False,False,Mercredi-18-20h,OUI,Mercredi,2020-03-25 18:00
9967,18,False,False,False,False,True,False,False,False,False,False,False,False,False,False,Mercredi-18-20h,OUI,Mercredi,2020-03-25 18:00
9968,123,False,True,False,False,True,True,False,False,False,False,False,False,False,False,Mercredi-18-20h,NON,Mercredi,2020-03-25 18:00
9969,136,False,False,False,False,True,False,False,False,False,False,False,False,False,False,Mercredi-18-20h,OUI,Mercredi,2020-03-25 18:00
9970,276,True,False,True,False,False,False,False,False,False,False,False,False,False,False,Mercredi-18-20h,NON,Mercredi,2020-03-25 18:00
9971,53,False,False,False,False,True,True,False,False,False,False,False,False,False,False,Mercredi-18-20h,OUI,Mercredi,2020-03-25 18:00
9972,179,True,False,True,False,False,False,False,False,False,False,False,False,False,False,Mercredi-18-20h,OUI,Mercredi,2020-03-25 18:00
9973,200,False,False,False,False,False,False,False,False,False,False,False,False,False,False,Mercredi-18-20h,NON,Mercredi,2020-03-25 18:00
9974,73,False,False,False,False,False,False,False,False,False,False,False,False,False,False,Mercredi-18-20h,NON,Mercredi,2020-03-25 18:00
9975,156,False,False,False,False,True,True,False,False,False,False,False,False,False,False,Mercredi-18-20h,NON,Mercredi,2020-03-25 18:00
9976,128,True,True,True,False,False,True,False,False,False,False,False,False,False,False,Mercredi-18-20h,OUI,Mercredi,2020-03-25 18:00
9977,118,False,False,False,False,False,False,False,False,False,False,False,False,False,False,Mercredi-18-20h,NON,Mercredi,2020-03-25 18:00
9978,112,True,False,True,False,False,False,False,False,False,False,False,False,False,False,Mercredi-18-20h,OUI,Mercredi,2020-03-25 18:00
9979,35,False,False,False,False,True,True,False,False,False,False,False,False,False,False,Mercredi-18-20h,NON,Mercredi,2020-03-25 18:00
9980,32,False,False,False,False,False,False,False,False,False,False,False,True,False,False,Mercredi-18-20h,NON,Mercredi,2020-03-25 18:00
9981,199,True,False,True,False,False,False,False,False,False,False,False,False,False,False,Mercredi-18-20h,OUI,Mercredi,2020-03-25 18:00
9982,153,True,False,False,False,True,True,False,False,False,False,False,False,False,False,Mercredi-18-20h,NON,Mercredi,2020-03-25 18:00
9983,82,False,False,True,False,False,False,False,False,False,False,False,False,False,False,Mercredi-18-20h,NON,Mercredi,2020-03-25 18:00
9984,292,False,True,False,False,False,False,False,False,False,False,False,False,False,False,Mercredi-18-20h,OUI,Mercredi,2020-03-25 18:00
9985,169,False,False,False,True,False,False,False,False,False,False,False,False,False,False,Mercredi-18-20h,OUI,Mercredi,2020-03-25 18:00
9986,16,False,False,False,False,True,True,False,False,False,False,False,False,False,False,Mercredi-18-20h,OUI,Mercredi,2020-03-25 18:00
9987,46,True,True,True,False,False,True,True,False,False,False,False,False,False,False,Mercredi-18-20h,NON,Mercredi,2020-03-25 18:00
9988,216,False,True,False,False,False,True,False,False,False,False,False,False,False,False,Mercredi-18-20h,OUI,Mercredi,2020-03-25 18:00
9989,174,False,True,True,False,False,True,False,False,False,False,True,False,False,False,Mercredi-18-20h,OUI,Mercredi,2020-03-25 18:00
9990,43,False,False,False,False,True,False,False,False,False,False,False,False,False,False,Mercredi-18-20h,NON,Mercredi,2020-03-25 18:00
9991,165,False,False,False,False,True,True,False,False,False,False,False,False,False,False,Mercredi-18-20h,NON,Mercredi,2020-03-25 18:00
9992,126,False,True,False,False,False,True,False,False,False,False,False,False,False,False,Mercredi-18-20h,OUI,Mercredi,2020-03-25 18:00
9993,41,False,False,False,False,False,True,False,False,True,False,False,False,False,False,Mercredi-18-20h,OUI,Mercredi,2020-03-25 18:00
9994,157,False,False,True,False,False,False,False,False,False,False,False,False,False,False,Mercredi-18-20h,OUI,Mercredi,2020-03-25 18:00
9995,272,False,True,True,False,False,False,True,False,False,False,True,False,True,True,Mercredi-18-20h,OUI,Mercredi,2020-03-25 18:00
9996,115,True,False,True,False,False,False,False,False,False,False,False,False,False,False,Mercredi-18-20h,NON,Mercredi,2020-03-25 18:00
9997,84,False,False,False,False,False,False,False,False,False,False,False,True,False,False,Mercredi-18-20h,NON,Mercredi,2020-03-25 18:00
9998,183,True,True,True,True,False,False,False,False,False,False,False,False,False,False,Mercredi-18-20h,OUI,Mercredi,2020-03-25 18:00
9999,65,True,True,False,False,False,True,False,False,False,False,False,False,False,False,Mercredi-18-20h,OUI,Mercredi,2020-03-25 18:00
10000,105,True,False,False,False,False,False,False,False,False,False,False,False,False,False,Mercredi-18-20h,OUI,Mercredi,2020-03-25 18:00
10001,187,True,False,False,False,False,True,False,False,False,False,False,False,False,False,Mercredi-18-20h,OUI,Mercredi,2020-03-25 18:00
10002,139,True,False,True,False,False,False,False,False,False,False,False,False,False,False,Mercredi-18-20h,OUI,Mercredi,2020-03-25 18:00
10003,259,False,False,False,False,True,True,False,False,False,False,False,False,False,False,Mercredi-18-20h,OUI,Mercredi,2020-03-25 18:00
10004,124,True,False,True,False,False,False,False,False,False,False,True,False,False,False,Mercredi-18-20h,OUI,Mercredi,2020-03-25 18:00
10005,98,False,False,False,False,False,True,False,False,False,False,False,True,False,False,Mercredi-18-20h,OUI,Mercredi,2020-03-25 18:00
10006,284,False,True,True,False,False,True,False,False,False,False,False,False,True,False,Mercredi-18-20h,OUI,Mercredi,2020-03-25 18:00
10007,148,True,False,True,False,True,False,False,True,False,False,False,False,False,False,Mercredi-18-20h,OUI,Mercredi,2020-03-25 18:00
10008,258,True,False,True,False,False,False,False,False,False,False,False,False,False,False,Mercredi-18-20h,NON,Mercredi,2020-03-25 18:00
10009,175,False,False,False,False,False,True,False,False,False,False,False,False,False,False,Mercredi-18-20h,OUI,Mercredi,2020-03-25 18:00
10010,119,False,False,False,False,False,False,False,False,False,False,True,False,False,False,Mercredi-18-20h,NON,Mercredi,2020-03-25 18:00
10011,229,True,False,True,False,False,False,False,True,False,False,False,False,False,False,Mercredi-18-20h,OUI,Mercredi,2020-03-25 18:00
10012,230,False,False,False,False,False,True,True,False,False,False,False,False,False,False,Mercredi-18-20h,NON,Mercredi,2020-03-25 18:00
10013,17,True,False,False,False,False,True,True,False,False,False,False,False,False,False,Mercredi-18-20h,OUI,Mercredi,2020-03-25 18:00
10014,177,False,False,False,False,False,False,False,False,False,False,False,False,False,False,Mercredi-18-20h,NON,Mercredi,2020-03-25 18:00
10015,7,False,False,False,False,False,False,False,False,False,False,False,False,False,False,Mercredi-18-20h,NON,Mercredi,2020-03-25 18:00
10016,241,False,False,True,False,False,False,False,False,False,False,False,False,False,False,Mercredi-18-20h,OUI,Mercredi,2020-03-25 18:00
10017,8,True,False,False,False,True,True,False,True,False,False,False,False,False,False,Mercredi-18-20h,OUI,Mercredi,2020-03-25 18:00
10018,268,False,True,False,False,False,True,False,False,False,False,False,False,False,False,Mercredi-18-20h,OUI,Mercredi,2020-03-25 18:00
10019,294,False,False,True,False,True,False,False,False,False,False,False,False,False,False,Mercredi-18-20h,OUI,Mercredi,2020-03-25 18:00
10020,242,True,False,False,False,True,True,False,False,False,False,False,False,False,False,Mercredi-18-20h,NON,Mercredi,2020-03-25 18:00
10021,194,False,False,False,False,False,True,False,False,False,False,False,False,False,False,Mercredi-18-20h,NON,Mercredi,2020-03-25 18:00
10022,243,False,False,False,False,True,True,False,False,False,False,False,False,False,False,Mercredi-18-20h,OUI,Mercredi,2020-03-25 18:00
10023,212,True,True,True,False,False,True,False,False,False,False,False,False,False,False,Mercredi-18-20h,OUI,Mercredi,2020-03-25 18:00
10024,19,False,False,False,False,False,True,False,False,False,False,False,False,False,False,Mercredi-18-20h,OUI,Mercredi,2020-03-25 18:00
10025,114,False,False,False,False,True,False,False,False,False,False,False,False,False,False,Mercredi-18-20h,OUI,Mercredi,2020-03-25 18:00
10026,190,False,False,False,False,False,True,False,False,True,False,False,False,False,False,Mercredi-18-20h,NON,Mercredi,2020-03-25 18:00
10027,64,False,False,True,False,False,False,False,False,False,False,False,False,False,False,Mercredi-18-20h,OUI,Mercredi,2020-03-25 18:00
10028,227,False,False,False,False,False,False,False,False,False,False,False,False,False,False,Mercredi-18-20h,NON,Mercredi,2020-03-25 18:00
10029,232,False,False,False,False,False,True,False,False,False,False,False,False,False,False,Mercredi-18-20h,OUI,Mercredi,2020-03-25 18:00
10030,246,False,True,False,False,False,True,True,False,False,False,False,False,False,False,Mercredi-18-20h,OUI,Mercredi,2020-03-25 18:00
10031,100,False,False,False,False,False,True,False,False,False,False,False,False,False,False,Mercredi-18-20h,NON,Mercredi,2020-03-25 18:00
10032,13,False,False,False,False,True,False,False,False,False,False,False,False,False,False,Mercredi-18-20h,OUI,Mercredi,2020-03-25 18:00
10033,262,True,True,True,False,False,False,False,False,False,False,False,False,False,False,Mercredi-18-20h,OUI,Mercredi,2020-03-25 18:00
10034,76,True,True,True,False,False,True,False,False,False,False,True,False,False,False,Mercredi-18-20h,OUI,Mercredi,2020-03-25 18:00
10035,261,False,True,False,False,True,False,False,False,False,False,False,False,False,False,Mercredi-18-20h,OUI,Mercredi,2020-03-25 18:00
10036,150,False,True,False,False,False,False,False,False,False,False,False,False,False,False,Mercredi-18-20h,OUI,Mercredi,2020-03-25 18:00
10037,205,False,False,False,False,False,False,False,False,False,False,False,False,False,False,Mercredi-18-20h,NON,Mercredi,2020-03-25 18:00
10038,56,False,False,False,False,True,True,False,False,False,False,False,False,False,False,Mercredi-18-20h,OUI,Mercredi,2020-03-25 18:00
10039,186,False,False,False,False,True,False,False,False,False,False,False,False,False,False,Mercredi-18-20h,OUI,Mercredi,2020-03-25 18:00
10040,162,True,False,False,False,True,True,False,False,False,False,False,False,False,False,Mercredi-18-20h,OUI,Mercredi,2020-03-25 18:00
10041,68,False,True,False,False,True,True,False,False,False,False,False,False,False,False,Mercredi-18-20h,OUI,Mercredi,2020-03-25 18:00
10042,146,False,False,False,False,False,True,False,False,False,False,False,True,False,False,Mercredi-18-20h,OUI,Mercredi,2020-03-25 18:00
10043,49,False,False,False,False,False,False,False,False,False,False,False,False,True,False,Mercredi-18-20h,NON,Mercredi,2020-03-25 18:00
10044,91,True,False,True,True,False,False,False,False,False,False,False,False,False,False,Mercredi-18-20h,OUI,Mercredi,2020-03-25 18:00
10045,22,False,False,False,False,False,False,False,False,False,True,False,False,False,False,Mercredi-18-20h,NON,Mercredi,2020-03-25 18:00
10046,151,False,False,False,False,True,False,False,False,False,False,False,False,False,False,Mercredi-18-20h,OUI,Mercredi,2020-03-25 18:00
10047,193,False,False,False,False,True,True,False,False,False,False,False,False,False,False,Mercredi-18-20h,OUI,Mercredi,2020-03-25 18:00
10048,9,True,True,False,False,False,False,False,False,False,False,False,False,False,False,Mercredi-18-20h,OUI,Mercredi,2020-03-25 18:00
10049,99,True,False,True,False,False,False,False,False,False,False,False,False,False,False,Mercredi-18-20h,OUI,Mercredi,2020-03-25 18:00
10050,181,False,False,False,False,True,True,False,False,False,False,False,False,False,False,Mercredi-18-20h,OUI,Mercredi,2020-03-25 18:00
10051,111,False,False,False,False,False,True,False,True,False,False,False,False,False,False,Mercredi-18-20h,OUI,Mercredi,2020-03-25 18:00
10052,44,False,True,False,False,False,True,False,False,False,False,False,False,False,False,Mercredi-18-20h,NON,Mercredi,2020-03-25 18:00
10053,24,False,False,False,False,True,False,False,True,False,False,False,False,False,False,Mercredi-18-20h,NON,Mercredi,2020-03-25 18:00
10054,102,False,False,False,False,True,True,False,True,False,False,False,False,False,False,Mercredi-18-20h,OUI,Mercredi,2020-03-25 18:00
10055,203,True,True,False,False,False,False,False,True,False,False,False,False,False,False,Mercredi-18-20h,NON,Mercredi,2020-03-25 18:00
10056,140,False,False,False,False,True,True,False,True,False,False,False,False,False,False,Mercredi-18-20h,NON,Mercredi,2020-03-25 18:00
10057,188,False,False,False,False,False,True,False,False,True,False,False,False,False,False,Mercredi-18-20h,NON,Mercredi,2020-03-25 18:00
10058,206,False,False,False,True,False,False,False,False,False,False,True,False,False,False,Mercredi-18-20h,NON,Mercredi,2020-03-25 18:00
10059,273,False,False,False,False,False,False,False,False,False,False,False,True,False,False,Mercredi-18-20h,OUI,Mercredi,2020-03-25 18:00
10060,69,True,False,True,False,False,False,False,False,False,False,False,False,False,False,Mercredi-18-20h,OUI,Mercredi,2020-03-25 18:00
10061,87,True,False,False,True,False,False,False,False,False,False,True,False,False,False,Mercredi-18-20h,OUI,Mercredi,2020-03-25 18:00
10062,83,True,False,True,False,False,False,False,False,False,False,False,False,False,False,Mercredi-18-20h,OUI,Mercredi,2020-03-25 18:00
10063,149,True,False,True,True,False,False,False,False,False,False,False,False,False,False,Mercredi-18-20h,OUI,Mercredi,2020-03-25 18:00
10064,274,False,False,False,False,False,True,False,False,False,False,False,False,False,False,Mercredi-18-20h,OUI,Mercredi,2020-03-25 18:00
10065,282,True,False,True,True,False,False,False,False,False,False,False,False,False,False,Mercredi-18-20h,OUI,Mercredi,2020-03-25 18:00
10066,147,False,False,False,False,False,False,False,False,False,False,False,False,False,False,Mercredi-18-20h,NON,Mercredi,2020-03-25 18:00
10067,238,False,False,False,False,False,False,False,False,False,False,False,True,False,False,Mercredi-18-20h,OUI,Mercredi,2020-03-25 18:00
10068,201,False,False,False,False,False,False,False,False,False,False,False,False,False,False,Mercredi-18-20h,NON,Mercredi,2020-03-25 18:00
10069,152,False,True,False,False,False,False,False,False,False,False,False,False,False,False,Mercredi-18-20h,NON,Mercredi,2020-03-25 18:00
10070,222,False,False,False,False,False,True,False,False,True,True,False,False,False,False,Mercredi-18-20h,OUI,Mercredi,2020-03-25 18:00
10071,106,False,False,False,False,False,True,False,False,False,False,False,True,False,False,Mercredi-18-20h,OUI,Mercredi,2020-03-25 18:00
10072,133,False,False,True,False,True,False,False,False,False,False,False,False,False,False,Mercredi-18-20h,OUI,Mercredi,2020-03-25 18:00
10073,163,False,False,False,False,True,False,False,False,False,False,False,False,False,False,Mercredi-18-20h,OUI,Mercredi,2020-03-25 18:00
10074,231,False,False,False,False,False,False,False,False,False,False,False,False,False,False,Mercredi-18-20h,NON,Mercredi,2020-03-25 18:00
10075,25,False,False,False,False,True,False,False,False,False,False,False,False,False,False,Mercredi-18-20h,NON,Mercredi,2020-03-25 18:00
10076,196,False,False,True,False,True,False,False,True,False,False,False,False,False,False,Mercredi-18-20h,OUI,Mercredi,2020-03-25 18:00
10077,5,False,False,False,False,True,True,False,False,False,False,False,False,False,False,Mercredi-18-20h,OUI,Mercredi,2020-03-25 18:00
10078,90,False,True,False,False,False,False,False,False,False,False,False,False,False,False,Mercredi-18-20h,NON,Mercredi,2020-03-25 18:00
10079,244,True,False,True,False,False,False,False,False,False,False,False,False,False,False,Mercredi-18-20h,OUI,Mercredi,2020-03-25 18:00
10080,107,False,True,False,False,False,True,False,False,False,False,False,False,False,False,Mercredi-18-20h,OUI,Mercredi,2020-03-25 18:00
10081,218,False,True,False,False,True,True,False,False,False,False,False,False,False,False,Mercredi-18-20h,OUI,Mercredi,2020-03-25 18:00
10082,62,False,True,True,False,True,True,False,False,False,False,False,False,False,False,Mercredi-18-20h,NON,Mercredi,2020-03-25 18:00
10083,79,False,True,False,False,False,False,False,False,False,False,False,False,False,False,Mercredi-18-20h,NON,Mercredi,2020-03-25 18:00
10084,208,False,False,False,False,False,True,False,False,False,False,False,False,False,False,Mercredi-18-20h,NON,Mercredi,2020-03-25 18:00
10085,270,False,False,False,False,False,False,False,False,True,False,False,False,False,False,Mercredi-18-20h,OUI,Mercredi,2020-03-25 18:00
10086,166,True,False,False,False,True,True,False,False,False,False,False,False,False,False,Mercredi-18-20h,OUI,Mercredi,2020-03-25 18:00
10087,77,False,False,True,False,True,False,False,False,False,False,False,False,False,False,Mercredi-18-20h,NON,Mercredi,2020-03-25 18:00
10088,29,False,False,False,False,False,True,False,False,False,False,False,True,False,False,Mercredi-18-20h,OUI,Mercredi,2020-03-25 18:00
10089,240,False,False,False,False,False,True,False,False,False,False,False,False,False,False,Mercredi-18-20h,OUI,Mercredi,2020-03-25 18:00
10090,184,False,True,False,False,False,False,False,False,False,False,False,False,False,False,Mercredi-18-20h,OUI,Mercredi,2020-03-25 18:00
10091,277,False,True,True,False,False,True,False,False,False,False,False,False,False,False,Mercredi-18-20h,NON,Mercredi,2020-03-25 18:00
10092,80,True,False,False,False,False,True,False,False,False,True,False,False,False,False,Mercredi-18-20h,OUI,Mercredi,2020-03-25 18:00
10093,185,True,True,True,False,False,True,False,False,False,False,True,False,True,False,Mercredi-18-20h,NON,Mercredi,2020-03-25 18:00
10094,204,False,False,False,False,True,True,False,False,False,False,False,True,False,False,Mercredi-18-20h,OUI,Mercredi,2020-03-25 18:00
10095,252,True,True,True,False,False,True,False,False,False,False,False,False,False,False,Mercredi-18-20h,NON,Mercredi,2020-03-25 18:00
10096,26,False,False,False,False,True,False,False,False,False,False,False,False,False,False,Mercredi-18-20h,OUI,Mercredi,2020-03-25 18:00
10097,70,False,False,False,False,True,False,False,False,False,False,False,True,False,False,Mercredi-18-20h,OUI,Mercredi,2020-03-25 18:00
10098,233,False,False,False,False,True,False,False,False,False,False,False,False,False,False,Mercredi-18-20h,OUI,Mercredi,2020-03-25 18:00
10099,37,True,True,True,False,True,True,False,False,False,False,False,False,False,False,Mercredi-18-20h,NON,Mercredi,2020-03-25 18:00
10100,185,False,False,True,False,False,False,False,False,False,False,False,False,False,False,Mercredi-18-20h,OUI,Mercredi,2020-03-25 18:00
10101,138,True,False,False,False,True,True,False,False,False,False,False,False,False,False,Mercredi-18-20h,OUI,Mercredi,2020-03-25 18:00
10102,224,True,False,True,False,False,False,False,False,False,False,False,False,False,False,Mercredi-18-20h,NON,Mercredi,2020-03-25 18:00
10103,66,False,False,False,False,True,True,False,False,False,False,False,False,True,False,Mercredi-18-20h,OUI,Mercredi,2020-03-25 18:00
10104,211,False,False,True,False,False,False,False,False,False,False,False,False,True,False,Mercredi-18-20h,NON,Mercredi,2020-03-25 18:00
10105,14,False,False,False,False,True,True,False,False,False,False,False,False,False,False,Mercredi-18-20h,NON,Mercredi,2020-03-25 18:00
10106,145,False,False,False,False,True,False,False,False,False,False,False,False,False,False,Mercredi-18-20h,OUI,Mercredi,2020-03-25 18:00
10107,36,False,False,False,False,False,False,False,False,False,False,False,True,False,False,Mercredi-18-20h,OUI,Mercredi,2020-03-25 18:00
10108,60,True,True,True,False,False,True,False,False,False,False,False,False,False,False,Mercredi-18-20h,NON,Mercredi,2020-03-25 18:00
10109,137,True,True,True,False,False,True,False,False,False,False,True,False,False,False,Mercredi-18-20h,NON,Mercredi,2020-03-25 18:00
10110,285,False,True,False,False,True,True,False,False,False,False,False,False,False,False,Mercredi-18-20h,OUI,Mercredi,2020-03-25 18:00
10111,40,False,True,True,False,True,True,False,False,False,False,False,False,False,False,Mercredi-18-20h,OUI,Mercredi,2020-03-25 18:00
10112,97,False,False,False,False,False,True,False,False,False,False,False,False,False,False,Mercredi-18-20h,OUI,Mercredi,2020-03-25 18:00
10113,109,True,False,True,True,False,False,False,False,False,False,False,False,False,False,Mercredi-18-20h,NON,Mercredi,2020-03-25 18:00
10114,10,False,False,False,False,False,False,False,False,False,False,False,False,False,False,Mercredi-18-20h,NON,Mercredi,2020-03-25 18:00
10115,256,False,False,False,False,False,False,False,False,False,False,False,True,False,False,Mercredi-18-20h,NON,Mercredi,2020-03-25 18:00
10116,141,True,True,True,False,False,False,False,False,False,False,True,False,False,False,Mercredi-18-20h,NON,Mercredi,2020-03-25 18:00
10117,28,False,False,False,False,False,False,False,False,False,False,False,False,False,False,Mercredi-18-20h,NON,Mercredi,2020-03-25 18:00
10118,101,True,True,True,True,True,True,False,False,False,False,False,False,False,False,Mercredi-18-20h,OUI,Mercredi,2020-03-25 18:00
10119,48,True,False,True,False,True,False,False,False,False,False,False,False,True,False,Mercredi-18-20h,OUI,Mercredi,2020-03-25 18:00
10120,27,False,False,False,False,False,True,False,False,False,False,False,False,False,False,Mercredi-18-20h,OUI,Mercredi,2020-03-25 18:00
10121,142,True,False,True,False,False,False,False,False,False,False,True,False,True,False,Mercredi-18-20h,NON,Mercredi,2020-03-25 18:00
10122,234,False,False,True,False,False,False,False,False,False,False,True,False,False,False,Mercredi-18-20h,OUI,Mercredi,2020-03-25 18:00
10123,23,False,False,False,False,True,False,False,False,False,False,False,False,False,False,Mercredi-18-20h,OUI,Mercredi,2020-03-25 18:00
10124,195,False,False,False,False,True,False,False,False,True,False,False,False,False,False,Mercredi-18-20h,OUI,Mercredi,2020-03-25 18:00
10125,275,False,False,False,False,False,False,False,False,False,False,False,True,False,False,Mercredi-18-20h,OUI,Mercredi,2020-03-25 18:00
10126,226,False,False,False,False,True,True,False,False,False,False,False,False,False,False,Mercredi-18-20h,NON,Mercredi,2020-03-25 18:00
10127,207,False,False,True,False,False,False,False,False,False,False,False,False,False,False,Mercredi-18-20h,OUI,Mercredi,2020-03-25 18:00
10128,57,False,False,False,False,False,False,False,False,False,False,False,False,False,False,Mercredi-18-20h,NON,Mercredi,2020-03-25 18:00
10129,4,False,True,False,False,False,True,False,False,False,False,False,False,False,False,Mercredi-18-20h,OUI,Mercredi,2020-03-25 18:00
10130,265,False,False,False,False,False,True,False,False,False,False,False,False,False,False,Mercredi-18-20h,NON,Mercredi,2020-03-25 18:00
10131,88,False,True,False,False,False,False,False,False,False,False,False,False,False,False,Mercredi-18-20h,NON,Mercredi,2020-03-25 18:00
10132,198,False,False,False,False,False,False,False,False,False,False,True,False,False,False,Mercredi-18-20h,OUI,Mercredi,2020-03-25 18:00
10133,249,True,True,True,False,False,False,False,False,False,False,False,False,False,False,Mercredi-18-20h,OUI,Mercredi,2020-03-25 18:00
10134,263,False,False,False,False,True,True,False,False,False,False,False,False,False,False,Mercredi-18-20h,OUI,Mercredi,2020-03-25 18:00
10135,217,True,False,True,False,False,False,False,False,False,False,False,False,True,False,Mercredi-18-20h,NON,Mercredi,2020-03-25 18:00
10136,278,False,False,False,False,True,True,False,False,False,False,False,False,False,False,Mercredi-18-20h,NON,Mercredi,2020-03-25 18:00
10137,189,False,True,False,False,False,False,False,False,False,False,False,False,False,False,Mercredi-18-20h,NON,Mercredi,2020-03-25 18:00
10138,61,True,False,True,False,False,False,False,False,False,False,False,False,False,False,Mercredi-18-20h,NON,Mercredi,2020-03-25 18:00
10139,251,False,False,False,False,False,False,False,False,False,False,False,False,True,False,Mercredi-18-20h,NON,Mercredi,2020-03-25 18:00
10140,281,False,True,False,False,False,False,False,False,False,False,False,False,False,False,Mercredi-18-20h,OUI,Mercredi,2020-03-25 18:00
10141,134,False,True,False,False,False,False,False,False,False,False,False,False,False,False,Mercredi-18-20h,OUI,Mercredi,2020-03-25 18:00
10142,293,False,True,False,False,False,True,False,False,False,False,False,False,False,False,Mercredi-18-20h,OUI,Mercredi,2020-03-25 18:00
10143,279,True,True,True,True,False,True,False,False,False,False,False,False,False,False,Mercredi-18-20h,OUI,Mercredi,2020-03-25 18:00
10144,81,True,False,True,True,False,False,False,True,False,False,False,False,False,False,Mercredi-18-20h,OUI,Mercredi,2020-03-25 18:00
10145,92,True,False,False,True,False,False,False,False,False,False,True,False,False,False,Mercredi-18-20h,NON,Mercredi,2020-03-25 18:00
10146,147,False,False,False,False,False,False,False,False,False,False,False,False,False,False,Mercredi-18-20h,NON,Mercredi,2020-03-25 18:00
10147,33,False,True,False,False,True,False,False,False,False,False,False,False,False,False,Mercredi-18-20h,NON,Mercredi,2020-03-25 18:00
10148,266,False,False,False,False,False,False,False,False,False,False,False,False,False,False,Mercredi-18-20h,NON,Mercredi,2020-03-25 18:00
10149,225,True,False,False,False,False,True,False,False,False,False,False,False,False,False,Mercredi-18-20h,NON,Mercredi,2020-03-25 18:00
10150,83,True,False,True,False,False,False,False,False,False,False,False,False,False,False,Mercredi-18-20h,OUI,Mercredi,2020-03-25 18:00
10151,95,False,False,False,False,True,True,False,True,False,False,False,False,False,False,Mercredi-18-20h,NON,Mercredi,2020-03-25 18:00
10152,127,False,False,False,False,True,False,False,False,False,False,False,False,False,False,Mercredi-18-20h,OUI,Mercredi,2020-03-25 18:00
10153,20,False,False,False,False,False,False,False,False,False,False,False,False,False,False,Mercredi-18-20h,NON,Mercredi,2020-03-25 18:00
10154,89,False,False,False,False,False,False,False,False,True,False,False,False,False,False,Mercredi-18-20h,NON,Mercredi,2020-03-25 18:00
10155,120,False,True,True,False,True,True,False,True,False,False,True,False,False,False,Mercredi-18-20h,NON,Mercredi,2020-03-25 18:00
10156,253,False,False,False,False,True,True,False,False,False,False,False,True,False,False,Mercredi-18-20h,OUI,Mercredi,2020-03-25 18:00
10157,52,False,False,True,False,False,False,False,False,False,False,False,False,False,False,Mercredi-18-20h,OUI,Mercredi,2020-03-25 18:00
10158,168,True,False,True,False,False,False,False,True,False,False,False,False,False,False,Mercredi-18-20h,OUI,Mercredi,2020-03-25 18:00
10159,202,False,True,False,False,False,False,False,False,False,False,False,False,False,False,Mercredi-18-20h,OUI,Mercredi,2020-03-25 18:00
10160,172,False,False,False,False,True,False,False,False,False,False,False,False,False,False,Mercredi-18-20h,OUI,Mercredi,2020-03-25 18:00
10161,239,False,False,False,False,True,True,False,False,False,False,False,False,False,False,Mercredi-18-20h,OUI,Mercredi,2020-03-25 18:00
10162,85,False,False,False,False,True,False,False,False,False,False,False,False,False,False,Mercredi-18-20h,OUI,Mercredi,2020-03-25 18:00
10163,215,False,False,False,False,False,False,False,False,True,False,False,False,False,False,Mercredi-18-20h,NON,Mercredi,2020-03-25 18:00
10164,260,True,False,True,False,False,False,False,False,False,False,False,False,False,False,Mercredi-18-20h,OUI,Mercredi,2020-03-25 18:00
10165,286,True,True,False,False,True,False,False,False,False,False,False,False,False,False,Mercredi-18-20h,NON,Mercredi,2020-03-25 18:00
10166,72,False,True,False,False,False,False,False,False,False,False,False,False,False,False,Mercredi-20-22h,OUI,Mercredi,2020-03-25 20:00
10167,167,True,True,True,True,True,True,False,False,False,False,False,False,False,False,Mercredi-20-22h,OUI,Mercredi,2020-03-25 20:00
10168,130,True,False,True,False,False,False,False,True,False,False,False,False,True,True,Mercredi-20-22h,OUI,Mercredi,2020-03-25 20:00
10169,288,True,True,True,False,True,False,False,False,False,False,False,False,False,False,Mercredi-20-22h,OUI,Mercredi,2020-03-25 20:00
10170,59,False,False,False,False,False,True,False,False,False,False,False,False,False,False,Mercredi-20-22h,OUI,Mercredi,2020-03-25 20:00
10171,178,True,False,False,False,False,False,False,False,False,False,True,False,False,False,Mercredi-20-22h,OUI,Mercredi,2020-03-25 20:00
10172,254,False,False,False,False,False,False,False,False,False,False,False,True,False,False,Mercredi-20-22h,NON,Mercredi,2020-03-25 20:00
10173,34,False,False,False,False,False,False,False,False,False,False,False,False,False,False,Mercredi-20-22h,NON,Mercredi,2020-03-25 20:00
10174,264,False,False,False,False,True,True,True,False,False,False,False,False,False,False,Mercredi-20-22h,OUI,Mercredi,2020-03-25 20:00
10175,158,True,False,False,False,True,False,False,False,False,True,False,False,False,False,Mercredi-20-22h,OUI,Mercredi,2020-03-25 20:00
10176,210,False,True,False,False,True,True,False,False,False,False,False,False,False,False,Mercredi-20-22h,OUI,Mercredi,2020-03-25 20:00
10177,93,False,False,False,False,True,False,False,False,False,False,False,False,True,False,Mercredi-20-22h,OUI,Mercredi,2020-03-25 20:00
10178,144,True,False,True,False,True,False,False,False,False,False,False,False,False,False,Mercredi-20-22h,OUI,Mercredi,2020-03-25 20:00
10179,164,False,True,False,False,True,True,False,False,False,False,False,False,False,False,Mercredi-20-22h,OUI,Mercredi,2020-03-25 20:00
10180,289,False,False,False,False,True,True,False,False,False,False,False,False,False,False,Mercredi-20-22h,NON,Mercredi,2020-03-25 20:00
10181,50,False,False,False,False,False,False,False,False,False,False,False,False,False,False,Mercredi-20-22h,NON,Mercredi,2020-03-25 20:00
10182,51,True,True,False,False,True,False,False,False,False,False,False,False,False,False,Mercredi-20-22h,OUI,Mercredi,2020-03-25 20:00
10183,247,False,False,True,False,False,False,False,False,False,False,False,False,False,False,Mercredi-20-22h,NON,Mercredi,2020-03-25 20:00
10184,159,False,False,False,False,False,False,False,True,False,False,False,False,False,False,Mercredi-20-22h,OUI,Mercredi,2020-03-25 20:00
10185,54,False,False,False,False,False,True,False,False,False,False,False,False,False,False,Mercredi-20-22h,NON,Mercredi,2020-03-25 20:00
10186,55,True,False,False,False,True,True,False,True,False,False,False,False,False,False,Mercredi-20-22h,OUI,Mercredi,2020-03-25 20:00
10187,257,False,False,False,False,True,False,False,False,False,False,False,False,False,False,Mercredi-20-22h,OUI,Mercredi,2020-03-25 20:00
10188,67,False,False,False,False,False,False,False,False,False,False,False,False,False,False,Mercredi-20-22h,NON,Mercredi,2020-03-25 20:00
10189,71,True,False,True,False,False,False,False,False,False,False,False,False,False,False,Mercredi-20-22h,OUI,Mercredi,2020-03-25 20:00
10190,280,False,False,False,False,False,True,False,False,False,False,False,False,False,False,Mercredi-20-22h,OUI,Mercredi,2020-03-25 20:00
10191,283,True,True,False,False,False,False,False,False,False,False,False,False,False,False,Mercredi-20-22h,OUI,Mercredi,2020-03-25 20:00
10192,154,False,False,False,False,True,True,False,False,False,False,False,True,False,False,Mercredi-20-22h,NON,Mercredi,2020-03-25 20:00
10193,171,False,False,False,False,False,False,False,False,False,False,False,True,False,False,Mercredi-20-22h,OUI,Mercredi,2020-03-25 20:00
10194,131,False,False,True,False,False,False,False,False,False,False,False,False,False,False,Mercredi-20-22h,NON,Mercredi,2020-03-25 20:00
10195,237,True,False,False,False,False,True,True,False,False,False,False,False,True,False,Mercredi-20-22h,OUI,Mercredi,2020-03-25 20:00
10196,75,False,False,False,False,True,True,False,False,False,False,False,False,False,False,Mercredi-20-22h,NON,Mercredi,2020-03-25 20:00
10197,235,True,False,False,False,True,False,False,False,False,False,False,False,False,False,Mercredi-20-22h,OUI,Mercredi,2020-03-25 20:00
10198,180,False,False,False,False,True,True,False,False,False,False,False,False,False,False,Mercredi-20-22h,OUI,Mercredi,2020-03-25 20:00
10199,219,False,False,False,False,False,True,False,False,False,False,False,False,False,False,Mercredi-20-22h,NON,Mercredi,2020-03-25 20:00
10200,250,False,False,False,False,False,False,False,False,True,False,False,False,False,False,Mercredi-20-22h,NON,Mercredi,2020-03-25 20:00
10201,267,True,True,False,False,False,False,False,False,False,False,False,False,False,False,Mercredi-20-22h,OUI,Mercredi,2020-03-25 20:00
10202,160,False,True,False,False,False,True,False,False,False,False,False,False,False,False,Mercredi-20-22h,NON,Mercredi,2020-03-25 20:00
10203,182,False,True,False,False,True,True,True,False,False,False,False,False,False,False,Mercredi-20-22h,OUI,Mercredi,2020-03-25 20:00
10204,143,False,False,False,False,False,False,False,True,False,False,True,False,False,False,Mercredi-20-22h,OUI,Mercredi,2020-03-25 20:00
10205,223,True,True,False,False,False,False,False,False,False,False,False,False,False,False,Mercredi-20-22h,OUI,Mercredi,2020-03-25 20:00
10206,192,True,False,True,False,False,False,False,False,False,False,False,False,False,False,Mercredi-20-22h,NON,Mercredi,2020-03-25 20:00
10207,30,False,False,True,False,False,False,False,True,False,False,False,False,False,False,Mercredi-20-22h,OUI,Mercredi,2020-03-25 20:00
10208,125,True,False,False,False,True,False,False,True,False,False,False,False,False,False,Mercredi-20-22h,OUI,Mercredi,2020-03-25 20:00
10209,39,False,False,True,False,True,False,False,True,False,False,False,False,False,False,Mercredi-20-22h,OUI,Mercredi,2020-03-25 20:00
10210,113,True,False,True,False,False,False,False,False,False,False,False,False,False,False,Mercredi-20-22h,OUI,Mercredi,2020-03-25 20:00
10211,121,True,False,True,False,False,False,False,True,False,False,False,False,False,False,Mercredi-20-22h,OUI,Mercredi,2020-03-25 20:00
10212,228,False,False,False,False,False,False,False,False,False,False,True,False,False,False,Mercredi-20-22h,OUI,Mercredi,2020-03-25 20:00
10213,290,False,False,False,False,False,False,False,False,True,False,False,False,False,False,Mercredi-20-22h,OUI,Mercredi,2020-03-25 20:00
10214,197,False,False,True,False,True,False,False,False,False,False,False,False,False,False,Mercredi-20-22h,NON,Mercredi,2020-03-25 20:00
10215,31,True,True,True,False,False,True,False,False,False,False,False,False,False,False,Mercredi-20-22h,OUI,Mercredi,2020-03-25 20:00
10216,173,True,False,False,False,True,True,False,True,False,False,False,False,False,False,Mercredi-20-22h,OUI,Mercredi,2020-03-25 20:00
10217,74,True,False,False,True,False,False,False,True,False,False,True,False,False,False,Mercredi-20-22h,OUI,Mercredi,2020-03-25 20:00
10218,15,False,False,True,False,False,False,False,False,False,False,False,False,False,False,Mercredi-20-22h,OUI,Mercredi,2020-03-25 20:00
10219,45,True,False,False,False,True,True,False,True,False,False,False,False,False,False,Mercredi-20-22h,NON,Mercredi,2020-03-25 20:00
10220,63,False,False,True,False,False,False,False,False,False,False,False,False,False,False,Mercredi-20-22h,OUI,Mercredi,2020-03-25 20:00
10221,3,False,False,False,False,False,True,False,False,False,False,False,True,False,False,Mercredi-20-22h,OUI,Mercredi,2020-03-25 20:00
10222,21,True,False,True,False,False,False,False,False,False,False,False,False,False,False,Mercredi-20-22h,OUI,Mercredi,2020-03-25 20:00
10223,78,False,True,True,False,True,True,False,True,False,False,False,False,False,False,Mercredi-20-22h,OUI,Mercredi,2020-03-25 20:00
10224,47,False,True,False,False,False,False,False,False,False,False,False,False,False,False,Mercredi-20-22h,OUI,Mercredi,2020-03-25 20:00
10225,151,True,True,False,False,True,False,False,True,False,False,False,False,False,False,Mercredi-20-22h,OUI,Mercredi,2020-03-25 20:00
10226,6,True,False,True,False,False,False,False,False,False,False,False,False,False,False,Mercredi-20-22h,OUI,Mercredi,2020-03-25 20:00
10227,135,True,False,True,False,False,False,False,False,False,False,False,False,True,False,Mercredi-20-22h,OUI,Mercredi,2020-03-25 20:00
10228,221,False,False,False,False,True,True,False,False,False,False,False,False,False,False,Mercredi-20-22h,OUI,Mercredi,2020-03-25 20:00
10229,170,False,False,True,False,False,False,False,False,False,False,True,False,False,True,Mercredi-20-22h,OUI,Mercredi,2020-03-25 20:00
10230,129,False,True,False,False,False,False,False,False,False,False,False,False,False,False,Mercredi-20-22h,OUI,Mercredi,2020-03-25 20:00
10231,132,True,True,True,False,False,True,False,False,False,False,False,False,False,False,Mercredi-20-22h,OUI,Mercredi,2020-03-25 20:00
10232,110,False,True,False,False,False,False,False,False,False,False,False,False,False,False,Mercredi-20-22h,OUI,Mercredi,2020-03-25 20:00
10233,191,False,False,False,False,False,True,False,False,False,False,False,False,False,False,Mercredi-20-22h,OUI,Mercredi,2020-03-25 20:00
10234,94,True,True,True,False,False,True,False,False,False,False,True,False,True,False,Mercredi-20-22h,NON,Mercredi,2020-03-25 20:00
10235,108,False,False,False,False,False,True,True,False,False,False,False,False,False,False,Mercredi-20-22h,OUI,Mercredi,2020-03-25 20:00
10236,236,False,False,False,False,True,True,False,False,False,False,False,False,False,False,Mercredi-20-22h,OUI,Mercredi,2020-03-25 20:00
10237,42,True,False,True,False,True,False,False,False,False,False,False,False,False,False,Mercredi-20-22h,OUI,Mercredi,2020-03-25 20:00
10238,155,True,False,False,False,True,False,False,False,False,False,False,False,False,False,Mercredi-20-22h,OUI,Mercredi,2020-03-25 20:00
10239,1,False,False,False,False,False,False,False,False,False,False,False,False,False,False,Mercredi-20-22h,NON,Mercredi,2020-03-25 20:00
10240,58,False,True,True,False,False,True,False,False,False,False,True,False,False,False,Mercredi-20-22h,OUI,Mercredi,2020-03-25 20:00
10241,0,False,True,False,False,False,False,False,False,False,False,False,False,False,False,Mercredi-20-22h,OUI,Mercredi,2020-03-25 20:00
10242,269,False,False,False,False,False,False,False,False,False,False,False,False,False,False,Mercredi-20-22h,NON,Mercredi,2020-03-25 20:00
10243,2,True,False,True,False,False,False,False,False,False,False,False,False,False,False,Mercredi-20-22h,OUI,Mercredi,2020-03-25 20:00
10244,103,False,False,False,False,True,False,False,False,False,False,False,False,False,False,Mercredi-20-22h,NON,Mercredi,2020-03-25 20:00
10245,12,False,True,False,False,True,False,False,False,False,False,False,False,False,False,Mercredi-20-22h,OUI,Mercredi,2020-03-25 20:00
10246,245,True,False,False,False,True,True,False,True,False,False,False,False,False,False,Mercredi-20-22h,OUI,Mercredi,2020-03-25 20:00
10247,161,False,False,True,False,False,False,False,False,False,False,True,False,False,False,Mercredi-20-22h,NON,Mercredi,2020-03-25 20:00
10248,38,False,False,False,False,False,False,False,False,True,False,False,False,False,False,Mercredi-20-22h,NON,Mercredi,2020-03-25 20:00
10249,122,False,False,False,False,False,False,False,False,False,False,False,False,False,False,Mercredi-20-22h,NON,Mercredi,2020-03-25 20:00
10250,248,False,False,True,False,False,False,False,False,False,False,False,False,True,False,Mercredi-20-22h,OUI,Mercredi,2020-03-25 20:00
10251,271,False,True,True,False,False,True,False,False,False,False,False,False,False,False,Mercredi-20-22h,OUI,Mercredi,2020-03-25 20:00
10252,116,False,False,True,False,False,False,False,False,False,False,False,False,False,False,Mercredi-20-22h,OUI,Mercredi,2020-03-25 20:00
10253,117,True,True,True,True,False,True,False,False,False,False,False,False,False,False,Mercredi-20-22h,NON,Mercredi,2020-03-25 20:00
10254,213,False,False,False,False,True,True,False,True,False,False,False,False,False,False,Mercredi-20-22h,NON,Mercredi,2020-03-25 20:00
10255,220,False,True,True,False,False,True,False,False,False,False,False,False,False,False,Mercredi-20-22h,OUI,Mercredi,2020-03-25 20:00
10256,176,False,False,True,False,False,False,False,False,False,False,False,False,False,False,Mercredi-20-22h,OUI,Mercredi,2020-03-25 20:00
10257,96,False,False,False,False,True,True,False,False,False,True,False,False,False,False,Mercredi-20-22h,NON,Mercredi,2020-03-25 20:00
10258,214,False,False,False,False,True,True,False,False,False,True,False,False,False,False,Mercredi-20-22h,OUI,Mercredi,2020-03-25 20:00
10259,11,True,False,False,True,False,False,False,False,False,False,True,False,False,False,Mercredi-20-22h,OUI,Mercredi,2020-03-25 20:00
10260,255,True,False,True,False,False,False,False,True,False,False,False,False,False,False,Mercredi-20-22h,OUI,Mercredi,2020-03-25 20:00
10261,86,False,False,True,False,False,False,False,False,False,False,False,False,False,False,Mercredi-20-22h,OUI,Mercredi,2020-03-25 20:00
10262,209,True,False,False,False,True,True,False,True,False,False,False,False,False,False,Mercredi-20-22h,OUI,Mercredi,2020-03-25 20:00
10263,291,False,False,False,False,False,True,False,False,True,False,False,False,False,False,Mercredi-20-22h,OUI,Mercredi,2020-03-25 20:00
10264,287,False,False,False,False,False,False,False,False,False,False,False,True,False,False,Mercredi-20-22h,OUI,Mercredi,2020-03-25 20:00
10265,104,False,False,False,False,True,True,False,False,False,False,False,False,False,False,Mercredi-20-22h,NON,Mercredi,2020-03-25 20:00
10266,18,False,False,False,False,True,False,False,False,False,False,False,False,False,False,Mercredi-20-22h,OUI,Mercredi,2020-03-25 20:00
10267,123,False,True,False,False,True,True,False,False,False,False,False,False,False,False,Mercredi-20-22h,NON,Mercredi,2020-03-25 20:00
10268,136,False,False,False,False,True,False,False,False,False,False,False,False,False,False,Mercredi-20-22h,OUI,Mercredi,2020-03-25 20:00
10269,276,True,False,True,False,False,False,False,False,False,False,False,False,False,False,Mercredi-20-22h,NON,Mercredi,2020-03-25 20:00
10270,53,False,False,False,False,True,True,False,False,False,False,False,False,False,False,Mercredi-20-22h,OUI,Mercredi,2020-03-25 20:00
10271,179,True,False,True,False,False,False,False,False,False,False,False,False,False,False,Mercredi-20-22h,OUI,Mercredi,2020-03-25 20:00
10272,200,False,False,False,False,False,False,False,False,False,False,False,False,False,False,Mercredi-20-22h,NON,Mercredi,2020-03-25 20:00
10273,73,False,False,False,False,False,False,False,False,False,False,False,False,False,False,Mercredi-20-22h,NON,Mercredi,2020-03-25 20:00
10274,156,False,False,False,False,True,True,False,False,False,False,False,False,False,False,Mercredi-20-22h,OUI,Mercredi,2020-03-25 20:00
10275,128,True,True,True,False,False,True,False,False,False,False,False,False,False,False,Mercredi-20-22h,OUI,Mercredi,2020-03-25 20:00
10276,118,False,False,False,False,False,False,False,False,False,False,False,False,False,False,Mercredi-20-22h,NON,Mercredi,2020-03-25 20:00
10277,112,True,False,True,False,False,False,False,False,False,False,False,False,False,False,Mercredi-20-22h,OUI,Mercredi,2020-03-25 20:00
10278,35,False,False,False,False,True,True,False,False,False,False,False,False,False,False,Mercredi-20-22h,OUI,Mercredi,2020-03-25 20:00
10279,32,False,False,False,False,False,False,False,False,False,False,False,True,False,False,Mercredi-20-22h,NON,Mercredi,2020-03-25 20:00
10280,199,True,False,True,False,False,False,False,False,False,False,False,False,False,False,Mercredi-20-22h,OUI,Mercredi,2020-03-25 20:00
10281,153,True,False,False,False,True,True,False,False,False,False,False,False,False,False,Mercredi-20-22h,NON,Mercredi,2020-03-25 20:00
10282,82,False,False,True,False,False,False,False,False,False,False,False,False,False,False,Mercredi-20-22h,NON,Mercredi,2020-03-25 20:00
10283,292,False,True,False,False,False,False,False,False,False,False,False,False,False,False,Mercredi-20-22h,OUI,Mercredi,2020-03-25 20:00
10284,169,False,False,False,True,False,False,False,False,False,False,False,False,False,False,Mercredi-20-22h,OUI,Mercredi,2020-03-25 20:00
10285,16,False,False,False,False,True,True,False,False,False,False,False,False,False,False,Mercredi-20-22h,OUI,Mercredi,2020-03-25 20:00
10286,46,True,True,True,False,False,True,True,False,False,False,False,False,False,False,Mercredi-20-22h,NON,Mercredi,2020-03-25 20:00
10287,216,False,True,False,False,False,True,False,False,False,False,False,False,False,False,Mercredi-20-22h,OUI,Mercredi,2020-03-25 20:00
10288,174,False,True,True,False,False,True,False,False,False,False,True,False,False,False,Mercredi-20-22h,OUI,Mercredi,2020-03-25 20:00
10289,43,False,False,False,False,True,False,False,False,False,False,False,False,False,False,Mercredi-20-22h,OUI,Mercredi,2020-03-25 20:00
10290,165,False,False,False,False,True,True,False,False,False,False,False,False,False,False,Mercredi-20-22h,NON,Mercredi,2020-03-25 20:00
10291,126,False,True,False,False,False,True,False,False,False,False,False,False,False,False,Mercredi-20-22h,OUI,Mercredi,2020-03-25 20:00
10292,41,False,False,False,False,False,True,False,False,True,False,False,False,False,False,Mercredi-20-22h,NON,Mercredi,2020-03-25 20:00
10293,157,False,False,True,False,False,False,False,False,False,False,False,False,False,False,Mercredi-20-22h,OUI,Mercredi,2020-03-25 20:00
10294,272,False,True,True,False,False,False,True,False,False,False,True,False,True,True,Mercredi-20-22h,OUI,Mercredi,2020-03-25 20:00
10295,115,True,False,True,False,False,False,False,False,False,False,False,False,False,False,Mercredi-20-22h,NON,Mercredi,2020-03-25 20:00
10296,84,False,False,False,False,False,False,False,False,False,False,False,True,False,False,Mercredi-20-22h,NON,Mercredi,2020-03-25 20:00
10297,183,True,True,True,True,False,False,False,False,False,False,False,False,False,False,Mercredi-20-22h,OUI,Mercredi,2020-03-25 20:00
10298,65,True,True,False,False,False,True,False,False,False,False,False,False,False,False,Mercredi-20-22h,OUI,Mercredi,2020-03-25 20:00
10299,105,True,False,False,False,False,False,False,False,False,False,False,False,False,False,Mercredi-20-22h,OUI,Mercredi,2020-03-25 20:00
10300,187,True,False,False,False,False,True,False,False,False,False,False,False,False,False,Mercredi-20-22h,OUI,Mercredi,2020-03-25 20:00
10301,139,True,False,True,False,False,False,False,False,False,False,False,False,False,False,Mercredi-20-22h,NON,Mercredi,2020-03-25 20:00
10302,259,False,False,False,False,True,True,False,False,False,False,False,False,False,False,Mercredi-20-22h,OUI,Mercredi,2020-03-25 20:00
10303,124,True,False,True,False,False,False,False,False,False,False,True,False,False,False,Mercredi-20-22h,OUI,Mercredi,2020-03-25 20:00
10304,98,False,False,False,False,False,True,False,False,False,False,False,True,False,False,Mercredi-20-22h,OUI,Mercredi,2020-03-25 20:00
10305,284,False,True,True,False,False,True,False,False,False,False,False,False,True,False,Mercredi-20-22h,OUI,Mercredi,2020-03-25 20:00
10306,148,True,False,True,False,True,False,False,True,False,False,False,False,False,False,Mercredi-20-22h,OUI,Mercredi,2020-03-25 20:00
10307,258,True,False,True,False,False,False,False,False,False,False,False,False,False,False,Mercredi-20-22h,NON,Mercredi,2020-03-25 20:00
10308,175,False,False,False,False,False,True,False,False,False,False,False,False,False,False,Mercredi-20-22h,OUI,Mercredi,2020-03-25 20:00
10309,119,False,False,False,False,False,False,False,False,False,False,True,False,False,False,Mercredi-20-22h,NON,Mercredi,2020-03-25 20:00
10310,229,True,False,True,False,False,False,False,True,False,False,False,False,False,False,Mercredi-20-22h,OUI,Mercredi,2020-03-25 20:00
10311,230,False,False,False,False,False,True,True,False,False,False,False,False,False,False,Mercredi-20-22h,NON,Mercredi,2020-03-25 20:00
10312,17,True,False,False,False,False,True,True,False,False,False,False,False,False,False,Mercredi-20-22h,OUI,Mercredi,2020-03-25 20:00
10313,177,False,False,False,False,False,False,False,False,False,False,False,False,False,False,Mercredi-20-22h,NON,Mercredi,2020-03-25 20:00
10314,7,False,False,False,False,False,False,False,False,False,False,False,False,False,False,Mercredi-20-22h,NON,Mercredi,2020-03-25 20:00
10315,241,False,False,True,False,False,False,False,False,False,False,False,False,False,False,Mercredi-20-22h,NON,Mercredi,2020-03-25 20:00
10316,8,True,False,False,False,True,True,False,True,False,False,False,False,False,False,Mercredi-20-22h,OUI,Mercredi,2020-03-25 20:00
10317,268,False,True,False,False,False,True,False,False,False,False,False,False,False,False,Mercredi-20-22h,OUI,Mercredi,2020-03-25 20:00
10318,294,False,False,True,False,True,False,False,False,False,False,False,False,False,False,Mercredi-20-22h,OUI,Mercredi,2020-03-25 20:00
10319,242,True,False,False,False,True,True,False,False,False,False,False,False,False,False,Mercredi-20-22h,NON,Mercredi,2020-03-25 20:00
10320,194,False,False,False,False,False,True,False,False,False,False,False,False,False,False,Mercredi-20-22h,NON,Mercredi,2020-03-25 20:00
10321,243,False,False,False,False,True,True,False,False,False,False,False,False,False,False,Mercredi-20-22h,OUI,Mercredi,2020-03-25 20:00
10322,212,True,True,True,False,False,True,False,False,False,False,False,False,False,False,Mercredi-20-22h,OUI,Mercredi,2020-03-25 20:00
10323,19,False,False,False,False,False,True,False,False,False,False,False,False,False,False,Mercredi-20-22h,OUI,Mercredi,2020-03-25 20:00
10324,114,False,False,False,False,True,False,False,False,False,False,False,False,False,False,Mercredi-20-22h,OUI,Mercredi,2020-03-25 20:00
10325,190,False,False,False,False,False,True,False,False,True,False,False,False,False,False,Mercredi-20-22h,NON,Mercredi,2020-03-25 20:00
10326,64,False,False,True,False,False,False,False,False,False,False,False,False,False,False,Mercredi-20-22h,NON,Mercredi,2020-03-25 20:00
10327,227,False,False,False,False,False,False,False,False,False,False,False,False,False,False,Mercredi-20-22h,NON,Mercredi,2020-03-25 20:00
10328,232,False,False,False,False,False,True,False,False,False,False,False,False,False,False,Mercredi-20-22h,OUI,Mercredi,2020-03-25 20:00
10329,246,False,True,False,False,False,True,True,False,False,False,False,False,False,False,Mercredi-20-22h,OUI,Mercredi,2020-03-25 20:00
10330,100,False,False,False,False,False,True,False,False,False,False,False,False,False,False,Mercredi-20-22h,NON,Mercredi,2020-03-25 20:00
10331,13,False,False,False,False,True,False,False,False,False,False,False,False,False,False,Mercredi-20-22h,OUI,Mercredi,2020-03-25 20:00
10332,262,True,True,True,False,False,False,False,False,False,False,False,False,False,False,Mercredi-20-22h,OUI,Mercredi,2020-03-25 20:00
10333,76,True,True,True,False,False,True,False,False,False,False,True,False,False,False,Mercredi-20-22h,OUI,Mercredi,2020-03-25 20:00
10334,261,False,True,False,False,True,False,False,False,False,False,False,False,False,False,Mercredi-20-22h,NON,Mercredi,2020-03-25 20:00
10335,150,False,True,False,False,False,False,False,False,False,False,False,False,False,False,Mercredi-20-22h,OUI,Mercredi,2020-03-25 20:00
10336,205,False,False,False,False,False,False,False,False,False,False,False,False,False,False,Mercredi-20-22h,NON,Mercredi,2020-03-25 20:00
10337,56,False,False,False,False,True,True,False,False,False,False,False,False,False,False,Mercredi-20-22h,OUI,Mercredi,2020-03-25 20:00
10338,186,False,False,False,False,True,False,False,False,False,False,False,False,False,False,Mercredi-20-22h,OUI,Mercredi,2020-03-25 20:00
10339,162,True,False,False,False,True,True,False,False,False,False,False,False,False,False,Mercredi-20-22h,OUI,Mercredi,2020-03-25 20:00
10340,68,False,True,False,False,True,True,False,False,False,False,False,False,False,False,Mercredi-20-22h,OUI,Mercredi,2020-03-25 20:00
10341,146,False,False,False,False,False,True,False,False,False,False,False,True,False,False,Mercredi-20-22h,OUI,Mercredi,2020-03-25 20:00
10342,49,False,False,False,False,False,False,False,False,False,False,False,False,True,False,Mercredi-20-22h,NON,Mercredi,2020-03-25 20:00
10343,91,True,False,True,True,False,False,False,False,False,False,False,False,False,False,Mercredi-20-22h,OUI,Mercredi,2020-03-25 20:00
10344,22,False,False,False,False,False,False,False,False,False,True,False,False,False,False,Mercredi-20-22h,NON,Mercredi,2020-03-25 20:00
10345,151,False,False,False,False,True,False,False,False,False,False,False,False,False,False,Mercredi-20-22h,OUI,Mercredi,2020-03-25 20:00
10346,193,False,False,False,False,True,True,False,False,False,False,False,False,False,False,Mercredi-20-22h,OUI,Mercredi,2020-03-25 20:00
10347,9,True,True,False,False,False,False,False,False,False,False,False,False,False,False,Mercredi-20-22h,OUI,Mercredi,2020-03-25 20:00
10348,99,True,False,True,False,False,False,False,False,False,False,False,False,False,False,Mercredi-20-22h,NON,Mercredi,2020-03-25 20:00
10349,181,False,False,False,False,True,True,False,False,False,False,False,False,False,False,Mercredi-20-22h,OUI,Mercredi,2020-03-25 20:00
10350,111,False,False,False,False,False,True,False,True,False,False,False,False,False,False,Mercredi-20-22h,OUI,Mercredi,2020-03-25 20:00
10351,44,False,True,False,False,False,True,False,False,False,False,False,False,False,False,Mercredi-20-22h,NON,Mercredi,2020-03-25 20:00
10352,24,False,False,False,False,True,False,False,True,False,False,False,False,False,False,Mercredi-20-22h,NON,Mercredi,2020-03-25 20:00
10353,102,False,False,False,False,True,True,False,True,False,False,False,False,False,False,Mercredi-20-22h,OUI,Mercredi,2020-03-25 20:00
10354,203,True,True,False,False,False,False,False,True,False,False,False,False,False,False,Mercredi-20-22h,NON,Mercredi,2020-03-25 20:00
10355,140,False,False,False,False,True,True,False,True,False,False,False,False,False,False,Mercredi-20-22h,NON,Mercredi,2020-03-25 20:00
10356,188,False,False,False,False,False,True,False,False,True,False,False,False,False,False,Mercredi-20-22h,NON,Mercredi,2020-03-25 20:00
10357,206,False,False,False,True,False,False,False,False,False,False,True,False,False,False,Mercredi-20-22h,NON,Mercredi,2020-03-25 20:00
10358,273,False,False,False,False,False,False,False,False,False,False,False,True,False,False,Mercredi-20-22h,OUI,Mercredi,2020-03-25 20:00
10359,69,True,False,True,False,False,False,False,False,False,False,False,False,False,False,Mercredi-20-22h,OUI,Mercredi,2020-03-25 20:00
10360,87,True,False,False,True,False,False,False,False,False,False,True,False,False,False,Mercredi-20-22h,OUI,Mercredi,2020-03-25 20:00
10361,83,True,False,True,False,False,False,False,False,False,False,False,False,False,False,Mercredi-20-22h,OUI,Mercredi,2020-03-25 20:00
10362,149,True,False,True,True,False,False,False,False,False,False,False,False,False,False,Mercredi-20-22h,OUI,Mercredi,2020-03-25 20:00
10363,274,False,False,False,False,False,True,False,False,False,False,False,False,False,False,Mercredi-20-22h,OUI,Mercredi,2020-03-25 20:00
10364,282,True,False,True,True,False,False,False,False,False,False,False,False,False,False,Mercredi-20-22h,OUI,Mercredi,2020-03-25 20:00
10365,147,False,False,False,False,False,False,False,False,False,False,False,False,False,False,Mercredi-20-22h,NON,Mercredi,2020-03-25 20:00
10366,238,False,False,False,False,False,False,False,False,False,False,False,True,False,False,Mercredi-20-22h,OUI,Mercredi,2020-03-25 20:00
10367,201,False,False,False,False,False,False,False,False,False,False,False,False,False,False,Mercredi-20-22h,NON,Mercredi,2020-03-25 20:00
10368,152,False,True,False,False,False,False,False,False,False,False,False,False,False,False,Mercredi-20-22h,NON,Mercredi,2020-03-25 20:00
10369,222,False,False,False,False,False,True,False,False,True,True,False,False,False,False,Mercredi-20-22h,OUI,Mercredi,2020-03-25 20:00
10370,106,False,False,False,False,False,True,False,False,False,False,False,True,False,False,Mercredi-20-22h,OUI,Mercredi,2020-03-25 20:00
10371,133,False,False,True,False,True,False,False,False,False,False,False,False,False,False,Mercredi-20-22h,OUI,Mercredi,2020-03-25 20:00
10372,163,False,False,False,False,True,False,False,False,False,False,False,False,False,False,Mercredi-20-22h,NON,Mercredi,2020-03-25 20:00
10373,231,False,False,False,False,False,False,False,False,False,False,False,False,False,False,Mercredi-20-22h,NON,Mercredi,2020-03-25 20:00
10374,25,False,False,False,False,True,False,False,False,False,False,False,False,False,False,Mercredi-20-22h,OUI,Mercredi,2020-03-25 20:00
10375,196,False,False,True,False,True,False,False,True,False,False,False,False,False,False,Mercredi-20-22h,OUI,Mercredi,2020-03-25 20:00
10376,5,False,False,False,False,True,True,False,False,False,False,False,False,False,False,Mercredi-20-22h,OUI,Mercredi,2020-03-25 20:00
10377,90,False,True,False,False,False,False,False,False,False,False,False,False,False,False,Mercredi-20-22h,NON,Mercredi,2020-03-25 20:00
10378,244,True,False,True,False,False,False,False,False,False,False,False,False,False,False,Mercredi-20-22h,OUI,Mercredi,2020-03-25 20:00
10379,107,False,True,False,False,False,True,False,False,False,False,False,False,False,False,Mercredi-20-22h,OUI,Mercredi,2020-03-25 20:00
10380,218,False,True,False,False,True,True,False,False,False,False,False,False,False,False,Mercredi-20-22h,OUI,Mercredi,2020-03-25 20:00
10381,62,False,True,True,False,True,True,False,False,False,False,False,False,False,False,Mercredi-20-22h,OUI,Mercredi,2020-03-25 20:00
10382,79,False,True,False,False,False,False,False,False,False,False,False,False,False,False,Mercredi-20-22h,OUI,Mercredi,2020-03-25 20:00
10383,208,False,False,False,False,False,True,False,False,False,False,False,False,False,False,Mercredi-20-22h,NON,Mercredi,2020-03-25 20:00
10384,270,False,False,False,False,False,False,False,False,True,False,False,False,False,False,Mercredi-20-22h,OUI,Mercredi,2020-03-25 20:00
10385,166,True,False,False,False,True,True,False,False,False,False,False,False,False,False,Mercredi-20-22h,OUI,Mercredi,2020-03-25 20:00
10386,77,False,False,True,False,True,False,False,False,False,False,False,False,False,False,Mercredi-20-22h,OUI,Mercredi,2020-03-25 20:00
10387,29,False,False,False,False,False,True,False,False,False,False,False,True,False,False,Mercredi-20-22h,OUI,Mercredi,2020-03-25 20:00
10388,240,False,False,False,False,False,True,False,False,False,False,False,False,False,False,Mercredi-20-22h,OUI,Mercredi,2020-03-25 20:00
10389,184,False,True,False,False,False,False,False,False,False,False,False,False,False,False,Mercredi-20-22h,OUI,Mercredi,2020-03-25 20:00
10390,277,False,True,True,False,False,True,False,False,False,False,False,False,False,False,Mercredi-20-22h,NON,Mercredi,2020-03-25 20:00
10391,80,True,False,False,False,False,True,False,False,False,True,False,False,False,False,Mercredi-20-22h,OUI,Mercredi,2020-03-25 20:00
10392,185,True,True,True,False,False,True,False,False,False,False,True,False,True,False,Mercredi-20-22h,NON,Mercredi,2020-03-25 20:00
10393,204,False,False,False,False,True,True,False,False,False,False,False,True,False,False,Mercredi-20-22h,OUI,Mercredi,2020-03-25 20:00
10394,252,True,True,True,False,False,True,False,False,False,False,False,False,False,False,Mercredi-20-22h,NON,Mercredi,2020-03-25 20:00
10395,26,False,False,False,False,True,False,False,False,False,False,False,False,False,False,Mercredi-20-22h,OUI,Mercredi,2020-03-25 20:00
10396,70,False,False,False,False,True,False,False,False,False,False,False,True,False,False,Mercredi-20-22h,OUI,Mercredi,2020-03-25 20:00
10397,233,False,False,False,False,True,False,False,False,False,False,False,False,False,False,Mercredi-20-22h,OUI,Mercredi,2020-03-25 20:00
10398,37,True,True,True,False,True,True,False,False,False,False,False,False,False,False,Mercredi-20-22h,NON,Mercredi,2020-03-25 20:00
10399,185,False,False,True,False,False,False,False,False,False,False,False,False,False,False,Mercredi-20-22h,OUI,Mercredi,2020-03-25 20:00
10400,138,True,False,False,False,True,True,False,False,False,False,False,False,False,False,Mercredi-20-22h,OUI,Mercredi,2020-03-25 20:00
10401,224,True,False,True,False,False,False,False,False,False,False,False,False,False,False,Mercredi-20-22h,NON,Mercredi,2020-03-25 20:00
10402,66,False,False,False,False,True,True,False,False,False,False,False,False,True,False,Mercredi-20-22h,OUI,Mercredi,2020-03-25 20:00
10403,211,False,False,True,False,False,False,False,False,False,False,False,False,True,False,Mercredi-20-22h,NON,Mercredi,2020-03-25 20:00
10404,14,False,False,False,False,True,True,False,False,False,False,False,False,False,False,Mercredi-20-22h,OUI,Mercredi,2020-03-25 20:00
10405,145,False,False,False,False,True,False,False,False,False,False,False,False,False,False,Mercredi-20-22h,OUI,Mercredi,2020-03-25 20:00
10406,36,False,False,False,False,False,False,False,False,False,False,False,True,False,False,Mercredi-20-22h,OUI,Mercredi,2020-03-25 20:00
10407,60,True,True,True,False,False,True,False,False,False,False,False,False,False,False,Mercredi-20-22h,NON,Mercredi,2020-03-25 20:00
10408,137,True,True,True,False,False,True,False,False,False,False,True,False,False,False,Mercredi-20-22h,OUI,Mercredi,2020-03-25 20:00
10409,285,False,True,False,False,True,True,False,False,False,False,False,False,False,False,Mercredi-20-22h,OUI,Mercredi,2020-03-25 20:00
10410,40,False,True,True,False,True,True,False,False,False,False,False,False,False,False,Mercredi-20-22h,OUI,Mercredi,2020-03-25 20:00
10411,97,False,False,False,False,False,True,False,False,False,False,False,False,False,False,Mercredi-20-22h,OUI,Mercredi,2020-03-25 20:00
10412,109,True,False,True,True,False,False,False,False,False,False,False,False,False,False,Mercredi-20-22h,NON,Mercredi,2020-03-25 20:00
10413,10,False,False,False,False,False,False,False,False,False,False,False,False,False,False,Mercredi-20-22h,NON,Mercredi,2020-03-25 20:00
10414,256,False,False,False,False,False,False,False,False,False,False,False,True,False,False,Mercredi-20-22h,OUI,Mercredi,2020-03-25 20:00
10415,141,True,True,True,False,False,False,False,False,False,False,True,False,False,False,Mercredi-20-22h,NON,Mercredi,2020-03-25 20:00
10416,28,False,False,False,False,False,False,False,False,False,False,False,False,False,False,Mercredi-20-22h,NON,Mercredi,2020-03-25 20:00
10417,101,True,True,True,True,True,True,False,False,False,False,False,False,False,False,Mercredi-20-22h,OUI,Mercredi,2020-03-25 20:00
10418,48,True,False,True,False,True,False,False,False,False,False,False,False,True,False,Mercredi-20-22h,OUI,Mercredi,2020-03-25 20:00
10419,27,False,False,False,False,False,True,False,False,False,False,False,False,False,False,Mercredi-20-22h,OUI,Mercredi,2020-03-25 20:00
10420,142,True,False,True,False,False,False,False,False,False,False,True,False,True,False,Mercredi-20-22h,NON,Mercredi,2020-03-25 20:00
10421,234,False,False,True,False,False,False,False,False,False,False,True,False,False,False,Mercredi-20-22h,OUI,Mercredi,2020-03-25 20:00
10422,23,False,False,False,False,True,False,False,False,False,False,False,False,False,False,Mercredi-20-22h,OUI,Mercredi,2020-03-25 20:00
10423,195,False,False,False,False,True,False,False,False,True,False,False,False,False,False,Mercredi-20-22h,OUI,Mercredi,2020-03-25 20:00
10424,275,False,False,False,False,False,False,False,False,False,False,False,True,False,False,Mercredi-20-22h,OUI,Mercredi,2020-03-25 20:00
10425,226,False,False,False,False,True,True,False,False,False,False,False,False,False,False,Mercredi-20-22h,NON,Mercredi,2020-03-25 20:00
10426,207,False,False,True,False,False,False,False,False,False,False,False,False,False,False,Mercredi-20-22h,OUI,Mercredi,2020-03-25 20:00
10427,57,False,False,False,False,False,False,False,False,False,False,False,False,False,False,Mercredi-20-22h,NON,Mercredi,2020-03-25 20:00
10428,4,False,True,False,False,False,True,False,False,False,False,False,False,False,False,Mercredi-20-22h,NON,Mercredi,2020-03-25 20:00
10429,265,False,False,False,False,False,True,False,False,False,False,False,False,False,False,Mercredi-20-22h,NON,Mercredi,2020-03-25 20:00
10430,88,False,True,False,False,False,False,False,False,False,False,False,False,False,False,Mercredi-20-22h,NON,Mercredi,2020-03-25 20:00
10431,198,False,False,False,False,False,False,False,False,False,False,True,False,False,False,Mercredi-20-22h,OUI,Mercredi,2020-03-25 20:00
10432,249,True,True,True,False,False,False,False,False,False,False,False,False,False,False,Mercredi-20-22h,OUI,Mercredi,2020-03-25 20:00
10433,263,False,False,False,False,True,True,False,False,False,False,False,False,False,False,Mercredi-20-22h,OUI,Mercredi,2020-03-25 20:00
10434,217,True,False,True,False,False,False,False,False,False,False,False,False,True,False,Mercredi-20-22h,NON,Mercredi,2020-03-25 20:00
10435,278,False,False,False,False,True,True,False,False,False,False,False,False,False,False,Mercredi-20-22h,NON,Mercredi,2020-03-25 20:00
10436,189,False,True,False,False,False,False,False,False,False,False,False,False,False,False,Mercredi-20-22h,NON,Mercredi,2020-03-25 20:00
10437,61,True,False,True,False,False,False,False,False,False,False,False,False,False,False,Mercredi-20-22h,NON,Mercredi,2020-03-25 20:00
10438,251,False,False,False,False,False,False,False,False,False,False,False,False,True,False,Mercredi-20-22h,NON,Mercredi,2020-03-25 20:00
10439,281,False,True,False,False,False,False,False,False,False,False,False,False,False,False,Mercredi-20-22h,OUI,Mercredi,2020-03-25 20:00
10440,134,False,True,False,False,False,False,False,False,False,False,False,False,False,False,Mercredi-20-22h,OUI,Mercredi,2020-03-25 20:00
10441,293,False,True,False,False,False,True,False,False,False,False,False,False,False,False,Mercredi-20-22h,OUI,Mercredi,2020-03-25 20:00
10442,279,True,True,True,True,False,True,False,False,False,False,False,False,False,False,Mercredi-20-22h,OUI,Mercredi,2020-03-25 20:00
10443,81,True,False,True,True,False,False,False,True,False,False,False,False,False,False,Mercredi-20-22h,OUI,Mercredi,2020-03-25 20:00
10444,92,True,False,False,True,False,False,False,False,False,False,True,False,False,False,Mercredi-20-22h,NON,Mercredi,2020-03-25 20:00
10445,147,False,False,False,False,False,False,False,False,False,False,False,False,False,False,Mercredi-20-22h,NON,Mercredi,2020-03-25 20:00
10446,33,False,True,False,False,True,False,False,False,False,False,False,False,False,False,Mercredi-20-22h,NON,Mercredi,2020-03-25 20:00
10447,266,False,False,False,False,False,False,False,False,False,False,False,False,False,False,Mercredi-20-22h,NON,Mercredi,2020-03-25 20:00
10448,225,True,False,False,False,False,True,False,False,False,False,False,False,False,False,Mercredi-20-22h,OUI,Mercredi,2020-03-25 20:00
10449,83,True,False,True,False,False,False,False,False,False,False,False,False,False,False,Mercredi-20-22h,OUI,Mercredi,2020-03-25 20:00
10450,95,False,False,False,False,True,True,False,True,False,False,False,False,False,False,Mercredi-20-22h,NON,Mercredi,2020-03-25 20:00
10451,127,False,False,False,False,True,False,False,False,False,False,False,False,False,False,Mercredi-20-22h,OUI,Mercredi,2020-03-25 20:00
10452,20,False,False,False,False,False,False,False,False,False,False,False,False,False,False,Mercredi-20-22h,NON,Mercredi,2020-03-25 20:00
10453,89,False,False,False,False,False,False,False,False,True,False,False,False,False,False,Mercredi-20-22h,OUI,Mercredi,2020-03-25 20:00
10454,120,False,True,True,False,True,True,False,True,False,False,True,False,False,False,Mercredi-20-22h,NON,Mercredi,2020-03-25 20:00
10455,253,False,False,False,False,True,True,False,False,False,False,False,True,False,False,Mercredi-20-22h,OUI,Mercredi,2020-03-25 20:00
10456,52,False,False,True,False,False,False,False,False,False,False,False,False,False,False,Mercredi-20-22h,OUI,Mercredi,2020-03-25 20:00
10457,168,True,False,True,False,False,False,False,True,False,False,False,False,False,False,Mercredi-20-22h,OUI,Mercredi,2020-03-25 20:00
10458,202,False,True,False,False,False,False,False,False,False,False,False,False,False,False,Mercredi-20-22h,OUI,Mercredi,2020-03-25 20:00
10459,172,False,False,False,False,True,False,False,False,False,False,False,False,False,False,Mercredi-20-22h,OUI,Mercredi,2020-03-25 20:00
10460,239,False,False,False,False,True,True,False,False,False,False,False,False,False,False,Mercredi-20-22h,NON,Mercredi,2020-03-25 20:00
10461,85,False,False,False,False,True,False,False,False,False,False,False,False,False,False,Mercredi-20-22h,OUI,Mercredi,2020-03-25 20:00
10462,215,False,False,False,False,False,False,False,False,True,False,False,False,False,False,Mercredi-20-22h,NON,Mercredi,2020-03-25 20:00
10463,260,True,False,True,False,False,False,False,False,False,False,False,False,False,False,Mercredi-20-22h,OUI,Mercredi,2020-03-25 20:00
10464,286,True,True,False,False,True,False,False,False,False,False,False,False,False,False,Mercredi-20-22h,NON,Mercredi,2020-03-25 20:00
10465,72,False,True,False,False,False,False,False,False,False,False,False,False,False,False,Mercredi-22-24h,OUI,Mercredi,2020-03-25 22:00
10466,167,True,True,True,True,True,True,False,False,False,False,False,False,False,False,Mercredi-22-24h,OUI,Mercredi,2020-03-25 22:00
10467,130,True,False,True,False,False,False,False,True,False,False,False,False,True,True,Mercredi-22-24h,OUI,Mercredi,2020-03-25 22:00
10468,288,True,True,True,False,True,False,False,False,False,False,False,False,False,False,Mercredi-22-24h,NON,Mercredi,2020-03-25 22:00
10469,59,False,False,False,False,False,True,False,False,False,False,False,False,False,False,Mercredi-22-24h,NON,Mercredi,2020-03-25 22:00
10470,178,True,False,False,False,False,False,False,False,False,False,True,False,False,False,Mercredi-22-24h,OUI,Mercredi,2020-03-25 22:00
10471,254,False,False,False,False,False,False,False,False,False,False,False,True,False,False,Mercredi-22-24h,NON,Mercredi,2020-03-25 22:00
10472,34,False,False,False,False,False,False,False,False,False,False,False,False,False,False,Mercredi-22-24h,NON,Mercredi,2020-03-25 22:00
10473,264,False,False,False,False,True,True,True,False,False,False,False,False,False,False,Mercredi-22-24h,NON,Mercredi,2020-03-25 22:00
10474,158,True,False,False,False,True,False,False,False,False,True,False,False,False,False,Mercredi-22-24h,NON,Mercredi,2020-03-25 22:00
10475,210,False,True,False,False,True,True,False,False,False,False,False,False,False,False,Mercredi-22-24h,OUI,Mercredi,2020-03-25 22:00
10476,93,False,False,False,False,True,False,False,False,False,False,False,False,True,False,Mercredi-22-24h,OUI,Mercredi,2020-03-25 22:00
10477,144,True,False,True,False,True,False,False,False,False,False,False,False,False,False,Mercredi-22-24h,OUI,Mercredi,2020-03-25 22:00
10478,164,False,True,False,False,True,True,False,False,False,False,False,False,False,False,Mercredi-22-24h,OUI,Mercredi,2020-03-25 22:00
10479,289,False,False,False,False,True,True,False,False,False,False,False,False,False,False,Mercredi-22-24h,NON,Mercredi,2020-03-25 22:00
10480,50,False,False,False,False,False,False,False,False,False,False,False,False,False,False,Mercredi-22-24h,NON,Mercredi,2020-03-25 22:00
10481,51,True,True,False,False,True,False,False,False,False,False,False,False,False,False,Mercredi-22-24h,OUI,Mercredi,2020-03-25 22:00
10482,247,False,False,True,False,False,False,False,False,False,False,False,False,False,False,Mercredi-22-24h,NON,Mercredi,2020-03-25 22:00
10483,159,False,False,False,False,False,False,False,True,False,False,False,False,False,False,Mercredi-22-24h,OUI,Mercredi,2020-03-25 22:00
10484,54,False,False,False,False,False,True,False,False,False,False,False,False,False,False,Mercredi-22-24h,NON,Mercredi,2020-03-25 22:00
10485,55,True,False,False,False,True,True,False,True,False,False,False,False,False,False,Mercredi-22-24h,OUI,Mercredi,2020-03-25 22:00
10486,257,False,False,False,False,True,False,False,False,False,False,False,False,False,False,Mercredi-22-24h,OUI,Mercredi,2020-03-25 22:00
10487,67,False,False,False,False,False,False,False,False,False,False,False,False,False,False,Mercredi-22-24h,NON,Mercredi,2020-03-25 22:00
10488,71,True,False,True,False,False,False,False,False,False,False,False,False,False,False,Mercredi-22-24h,OUI,Mercredi,2020-03-25 22:00
10489,280,False,False,False,False,False,True,False,False,False,False,False,False,False,False,Mercredi-22-24h,OUI,Mercredi,2020-03-25 22:00
10490,283,True,True,False,False,False,False,False,False,False,False,False,False,False,False,Mercredi-22-24h,OUI,Mercredi,2020-03-25 22:00
10491,154,False,False,False,False,True,True,False,False,False,False,False,True,False,False,Mercredi-22-24h,NON,Mercredi,2020-03-25 22:00
10492,171,False,False,False,False,False,False,False,False,False,False,False,True,False,False,Mercredi-22-24h,OUI,Mercredi,2020-03-25 22:00
10493,131,False,False,True,False,False,False,False,False,False,False,False,False,False,False,Mercredi-22-24h,NON,Mercredi,2020-03-25 22:00
10494,237,True,False,False,False,False,True,True,False,False,False,False,False,True,False,Mercredi-22-24h,OUI,Mercredi,2020-03-25 22:00
10495,75,False,False,False,False,True,True,False,False,False,False,False,False,False,False,Mercredi-22-24h,NON,Mercredi,2020-03-25 22:00
10496,235,True,False,False,False,True,False,False,False,False,False,False,False,False,False,Mercredi-22-24h,OUI,Mercredi,2020-03-25 22:00
10497,180,False,False,False,False,True,True,False,False,False,False,False,False,False,False,Mercredi-22-24h,OUI,Mercredi,2020-03-25 22:00
10498,219,False,False,False,False,False,True,False,False,False,False,False,False,False,False,Mercredi-22-24h,NON,Mercredi,2020-03-25 22:00
10499,250,False,False,False,False,False,False,False,False,True,False,False,False,False,False,Mercredi-22-24h,NON,Mercredi,2020-03-25 22:00
10500,267,True,True,False,False,False,False,False,False,False,False,False,False,False,False,Mercredi-22-24h,OUI,Mercredi,2020-03-25 22:00
10501,160,False,True,False,False,False,True,False,False,False,False,False,False,False,False,Mercredi-22-24h,NON,Mercredi,2020-03-25 22:00
10502,182,False,True,False,False,True,True,True,False,False,False,False,False,False,False,Mercredi-22-24h,OUI,Mercredi,2020-03-25 22:00
10503,143,False,False,False,False,False,False,False,True,False,False,True,False,False,False,Mercredi-22-24h,OUI,Mercredi,2020-03-25 22:00
10504,223,True,True,False,False,False,False,False,False,False,False,False,False,False,False,Mercredi-22-24h,OUI,Mercredi,2020-03-25 22:00
10505,192,True,False,True,False,False,False,False,False,False,False,False,False,False,False,Mercredi-22-24h,NON,Mercredi,2020-03-25 22:00
10506,30,False,False,True,False,False,False,False,True,False,False,False,False,False,False,Mercredi-22-24h,OUI,Mercredi,2020-03-25 22:00
10507,125,True,False,False,False,True,False,False,True,False,False,False,False,False,False,Mercredi-22-24h,OUI,Mercredi,2020-03-25 22:00
10508,39,False,False,True,False,True,False,False,True,False,False,False,False,False,False,Mercredi-22-24h,OUI,Mercredi,2020-03-25 22:00
10509,113,True,False,True,False,False,False,False,False,False,False,False,False,False,False,Mercredi-22-24h,OUI,Mercredi,2020-03-25 22:00
10510,121,True,False,True,False,False,False,False,True,False,False,False,False,False,False,Mercredi-22-24h,OUI,Mercredi,2020-03-25 22:00
10511,228,False,False,False,False,False,False,False,False,False,False,True,False,False,False,Mercredi-22-24h,OUI,Mercredi,2020-03-25 22:00
10512,290,False,False,False,False,False,False,False,False,True,False,False,False,False,False,Mercredi-22-24h,OUI,Mercredi,2020-03-25 22:00
10513,197,False,False,True,False,True,False,False,False,False,False,False,False,False,False,Mercredi-22-24h,NON,Mercredi,2020-03-25 22:00
10514,31,True,True,True,False,False,True,False,False,False,False,False,False,False,False,Mercredi-22-24h,OUI,Mercredi,2020-03-25 22:00
10515,173,True,False,False,False,True,True,False,True,False,False,False,False,False,False,Mercredi-22-24h,OUI,Mercredi,2020-03-25 22:00
10516,74,True,False,False,True,False,False,False,True,False,False,True,False,False,False,Mercredi-22-24h,OUI,Mercredi,2020-03-25 22:00
10517,15,False,False,True,False,False,False,False,False,False,False,False,False,False,False,Mercredi-22-24h,OUI,Mercredi,2020-03-25 22:00
10518,45,True,False,False,False,True,True,False,True,False,False,False,False,False,False,Mercredi-22-24h,NON,Mercredi,2020-03-25 22:00
10519,63,False,False,True,False,False,False,False,False,False,False,False,False,False,False,Mercredi-22-24h,OUI,Mercredi,2020-03-25 22:00
10520,3,False,False,False,False,False,True,False,False,False,False,False,True,False,False,Mercredi-22-24h,OUI,Mercredi,2020-03-25 22:00
10521,21,True,False,True,False,False,False,False,False,False,False,False,False,False,False,Mercredi-22-24h,OUI,Mercredi,2020-03-25 22:00
10522,78,False,True,True,False,True,True,False,True,False,False,False,False,False,False,Mercredi-22-24h,OUI,Mercredi,2020-03-25 22:00
10523,47,False,True,False,False,False,False,False,False,False,False,False,False,False,False,Mercredi-22-24h,OUI,Mercredi,2020-03-25 22:00
10524,151,True,True,False,False,True,False,False,True,False,False,False,False,False,False,Mercredi-22-24h,OUI,Mercredi,2020-03-25 22:00
10525,6,True,False,True,False,False,False,False,False,False,False,False,False,False,False,Mercredi-22-24h,OUI,Mercredi,2020-03-25 22:00
10526,135,True,False,True,False,False,False,False,False,False,False,False,False,True,False,Mercredi-22-24h,OUI,Mercredi,2020-03-25 22:00
10527,221,False,False,False,False,True,True,False,False,False,False,False,False,False,False,Mercredi-22-24h,OUI,Mercredi,2020-03-25 22:00
10528,170,False,False,True,False,False,False,False,False,False,False,True,False,False,True,Mercredi-22-24h,OUI,Mercredi,2020-03-25 22:00
10529,129,False,True,False,False,False,False,False,False,False,False,False,False,False,False,Mercredi-22-24h,OUI,Mercredi,2020-03-25 22:00
10530,132,True,True,True,False,False,True,False,False,False,False,False,False,False,False,Mercredi-22-24h,OUI,Mercredi,2020-03-25 22:00
10531,110,False,True,False,False,False,False,False,False,False,False,False,False,False,False,Mercredi-22-24h,OUI,Mercredi,2020-03-25 22:00
10532,191,False,False,False,False,False,True,False,False,False,False,False,False,False,False,Mercredi-22-24h,OUI,Mercredi,2020-03-25 22:00
10533,94,True,True,True,False,False,True,False,False,False,False,True,False,True,False,Mercredi-22-24h,NON,Mercredi,2020-03-25 22:00
10534,108,False,False,False,False,False,True,True,False,False,False,False,False,False,False,Mercredi-22-24h,OUI,Mercredi,2020-03-25 22:00
10535,236,False,False,False,False,True,True,False,False,False,False,False,False,False,False,Mercredi-22-24h,OUI,Mercredi,2020-03-25 22:00
10536,42,True,False,True,False,True,False,False,False,False,False,False,False,False,False,Mercredi-22-24h,OUI,Mercredi,2020-03-25 22:00
10537,155,True,False,False,False,True,False,False,False,False,False,False,False,False,False,Mercredi-22-24h,OUI,Mercredi,2020-03-25 22:00
10538,1,False,False,False,False,False,False,False,False,False,False,False,False,False,False,Mercredi-22-24h,NON,Mercredi,2020-03-25 22:00
10539,58,False,True,True,False,False,True,False,False,False,False,True,False,False,False,Mercredi-22-24h,OUI,Mercredi,2020-03-25 22:00
10540,0,False,True,False,False,False,False,False,False,False,False,False,False,False,False,Mercredi-22-24h,OUI,Mercredi,2020-03-25 22:00
10541,269,False,False,False,False,False,False,False,False,False,False,False,False,False,False,Mercredi-22-24h,NON,Mercredi,2020-03-25 22:00
10542,2,True,False,True,False,False,False,False,False,False,False,False,False,False,False,Mercredi-22-24h,NON,Mercredi,2020-03-25 22:00
10543,103,False,False,False,False,True,False,False,False,False,False,False,False,False,False,Mercredi-22-24h,NON,Mercredi,2020-03-25 22:00
10544,12,False,True,False,False,True,False,False,False,False,False,False,False,False,False,Mercredi-22-24h,OUI,Mercredi,2020-03-25 22:00
10545,245,True,False,False,False,True,True,False,True,False,False,False,False,False,False,Mercredi-22-24h,NON,Mercredi,2020-03-25 22:00
10546,161,False,False,True,False,False,False,False,False,False,False,True,False,False,False,Mercredi-22-24h,NON,Mercredi,2020-03-25 22:00
10547,38,False,False,False,False,False,False,False,False,True,False,False,False,False,False,Mercredi-22-24h,NON,Mercredi,2020-03-25 22:00
10548,122,False,False,False,False,False,False,False,False,False,False,False,False,False,False,Mercredi-22-24h,NON,Mercredi,2020-03-25 22:00
10549,248,False,False,True,False,False,False,False,False,False,False,False,False,True,False,Mercredi-22-24h,OUI,Mercredi,2020-03-25 22:00
10550,271,False,True,True,False,False,True,False,False,False,False,False,False,False,False,Mercredi-22-24h,OUI,Mercredi,2020-03-25 22:00
10551,116,False,False,True,False,False,False,False,False,False,False,False,False,False,False,Mercredi-22-24h,OUI,Mercredi,2020-03-25 22:00
10552,117,True,True,True,True,False,True,False,False,False,False,False,False,False,False,Mercredi-22-24h,NON,Mercredi,2020-03-25 22:00
10553,213,False,False,False,False,True,True,False,True,False,False,False,False,False,False,Mercredi-22-24h,NON,Mercredi,2020-03-25 22:00
10554,220,False,True,True,False,False,True,False,False,False,False,False,False,False,False,Mercredi-22-24h,OUI,Mercredi,2020-03-25 22:00
10555,176,False,False,True,False,False,False,False,False,False,False,False,False,False,False,Mercredi-22-24h,OUI,Mercredi,2020-03-25 22:00
10556,96,False,False,False,False,True,True,False,False,False,True,False,False,False,False,Mercredi-22-24h,NON,Mercredi,2020-03-25 22:00
10557,214,False,False,False,False,True,True,False,False,False,True,False,False,False,False,Mercredi-22-24h,OUI,Mercredi,2020-03-25 22:00
10558,11,True,False,False,True,False,False,False,False,False,False,True,False,False,False,Mercredi-22-24h,OUI,Mercredi,2020-03-25 22:00
10559,255,True,False,True,False,False,False,False,True,False,False,False,False,False,False,Mercredi-22-24h,OUI,Mercredi,2020-03-25 22:00
10560,86,False,False,True,False,False,False,False,False,False,False,False,False,False,False,Mercredi-22-24h,OUI,Mercredi,2020-03-25 22:00
10561,209,True,False,False,False,True,True,False,True,False,False,False,False,False,False,Mercredi-22-24h,OUI,Mercredi,2020-03-25 22:00
10562,291,False,False,False,False,False,True,False,False,True,False,False,False,False,False,Mercredi-22-24h,OUI,Mercredi,2020-03-25 22:00
10563,287,False,False,False,False,False,False,False,False,False,False,False,True,False,False,Mercredi-22-24h,OUI,Mercredi,2020-03-25 22:00
10564,104,False,False,False,False,True,True,False,False,False,False,False,False,False,False,Mercredi-22-24h,NON,Mercredi,2020-03-25 22:00
10565,18,False,False,False,False,True,False,False,False,False,False,False,False,False,False,Mercredi-22-24h,OUI,Mercredi,2020-03-25 22:00
10566,123,False,True,False,False,True,True,False,False,False,False,False,False,False,False,Mercredi-22-24h,NON,Mercredi,2020-03-25 22:00
10567,136,False,False,False,False,True,False,False,False,False,False,False,False,False,False,Mercredi-22-24h,OUI,Mercredi,2020-03-25 22:00
10568,276,True,False,True,False,False,False,False,False,False,False,False,False,False,False,Mercredi-22-24h,NON,Mercredi,2020-03-25 22:00
10569,53,False,False,False,False,True,True,False,False,False,False,False,False,False,False,Mercredi-22-24h,OUI,Mercredi,2020-03-25 22:00
10570,179,True,False,True,False,False,False,False,False,False,False,False,False,False,False,Mercredi-22-24h,OUI,Mercredi,2020-03-25 22:00
10571,200,False,False,False,False,False,False,False,False,False,False,False,False,False,False,Mercredi-22-24h,NON,Mercredi,2020-03-25 22:00
10572,73,False,False,False,False,False,False,False,False,False,False,False,False,False,False,Mercredi-22-24h,NON,Mercredi,2020-03-25 22:00
10573,156,False,False,False,False,True,True,False,False,False,False,False,False,False,False,Mercredi-22-24h,OUI,Mercredi,2020-03-25 22:00
10574,128,True,True,True,False,False,True,False,False,False,False,False,False,False,False,Mercredi-22-24h,OUI,Mercredi,2020-03-25 22:00
10575,118,False,False,False,False,False,False,False,False,False,False,False,False,False,False,Mercredi-22-24h,NON,Mercredi,2020-03-25 22:00
10576,112,True,False,True,False,False,False,False,False,False,False,False,False,False,False,Mercredi-22-24h,OUI,Mercredi,2020-03-25 22:00
10577,35,False,False,False,False,True,True,False,False,False,False,False,False,False,False,Mercredi-22-24h,OUI,Mercredi,2020-03-25 22:00
10578,32,False,False,False,False,False,False,False,False,False,False,False,True,False,False,Mercredi-22-24h,NON,Mercredi,2020-03-25 22:00
10579,199,True,False,True,False,False,False,False,False,False,False,False,False,False,False,Mercredi-22-24h,OUI,Mercredi,2020-03-25 22:00
10580,153,True,False,False,False,True,True,False,False,False,False,False,False,False,False,Mercredi-22-24h,NON,Mercredi,2020-03-25 22:00
10581,82,False,False,True,False,False,False,False,False,False,False,False,False,False,False,Mercredi-22-24h,NON,Mercredi,2020-03-25 22:00
10582,292,False,True,False,False,False,False,False,False,False,False,False,False,False,False,Mercredi-22-24h,OUI,Mercredi,2020-03-25 22:00
10583,169,False,False,False,True,False,False,False,False,False,False,False,False,False,False,Mercredi-22-24h,NON,Mercredi,2020-03-25 22:00
10584,16,False,False,False,False,True,True,False,False,False,False,False,False,False,False,Mercredi-22-24h,OUI,Mercredi,2020-03-25 22:00
10585,46,True,True,True,False,False,True,True,False,False,False,False,False,False,False,Mercredi-22-24h,NON,Mercredi,2020-03-25 22:00
10586,216,False,True,False,False,False,True,False,False,False,False,False,False,False,False,Mercredi-22-24h,OUI,Mercredi,2020-03-25 22:00
10587,174,False,True,True,False,False,True,False,False,False,False,True,False,False,False,Mercredi-22-24h,OUI,Mercredi,2020-03-25 22:00
10588,43,False,False,False,False,True,False,False,False,False,False,False,False,False,False,Mercredi-22-24h,NON,Mercredi,2020-03-25 22:00
10589,165,False,False,False,False,True,True,False,False,False,False,False,False,False,False,Mercredi-22-24h,NON,Mercredi,2020-03-25 22:00
10590,126,False,True,False,False,False,True,False,False,False,False,False,False,False,False,Mercredi-22-24h,OUI,Mercredi,2020-03-25 22:00
10591,41,False,False,False,False,False,True,False,False,True,False,False,False,False,False,Mercredi-22-24h,NON,Mercredi,2020-03-25 22:00
10592,157,False,False,True,False,False,False,False,False,False,False,False,False,False,False,Mercredi-22-24h,OUI,Mercredi,2020-03-25 22:00
10593,272,False,True,True,False,False,False,True,False,False,False,True,False,True,True,Mercredi-22-24h,OUI,Mercredi,2020-03-25 22:00
10594,115,True,False,True,False,False,False,False,False,False,False,False,False,False,False,Mercredi-22-24h,NON,Mercredi,2020-03-25 22:00
10595,84,False,False,False,False,False,False,False,False,False,False,False,True,False,False,Mercredi-22-24h,NON,Mercredi,2020-03-25 22:00
10596,183,True,True,True,True,False,False,False,False,False,False,False,False,False,False,Mercredi-22-24h,OUI,Mercredi,2020-03-25 22:00
10597,65,True,True,False,False,False,True,False,False,False,False,False,False,False,False,Mercredi-22-24h,OUI,Mercredi,2020-03-25 22:00
10598,105,True,False,False,False,False,False,False,False,False,False,False,False,False,False,Mercredi-22-24h,OUI,Mercredi,2020-03-25 22:00
10599,187,True,False,False,False,False,True,False,False,False,False,False,False,False,False,Mercredi-22-24h,OUI,Mercredi,2020-03-25 22:00
10600,139,True,False,True,False,False,False,False,False,False,False,False,False,False,False,Mercredi-22-24h,NON,Mercredi,2020-03-25 22:00
10601,259,False,False,False,False,True,True,False,False,False,False,False,False,False,False,Mercredi-22-24h,OUI,Mercredi,2020-03-25 22:00
10602,124,True,False,True,False,False,False,False,False,False,False,True,False,False,False,Mercredi-22-24h,OUI,Mercredi,2020-03-25 22:00
10603,98,False,False,False,False,False,True,False,False,False,False,False,True,False,False,Mercredi-22-24h,OUI,Mercredi,2020-03-25 22:00
10604,284,False,True,True,False,False,True,False,False,False,False,False,False,True,False,Mercredi-22-24h,OUI,Mercredi,2020-03-25 22:00
10605,148,True,False,True,False,True,False,False,True,False,False,False,False,False,False,Mercredi-22-24h,OUI,Mercredi,2020-03-25 22:00
10606,258,True,False,True,False,False,False,False,False,False,False,False,False,False,False,Mercredi-22-24h,NON,Mercredi,2020-03-25 22:00
10607,175,False,False,False,False,False,True,False,False,False,False,False,False,False,False,Mercredi-22-24h,OUI,Mercredi,2020-03-25 22:00
10608,119,False,False,False,False,False,False,False,False,False,False,True,False,False,False,Mercredi-22-24h,NON,Mercredi,2020-03-25 22:00
10609,229,True,False,True,False,False,False,False,True,False,False,False,False,False,False,Mercredi-22-24h,OUI,Mercredi,2020-03-25 22:00
10610,230,False,False,False,False,False,True,True,False,False,False,False,False,False,False,Mercredi-22-24h,NON,Mercredi,2020-03-25 22:00
10611,17,True,False,False,False,False,True,True,False,False,False,False,False,False,False,Mercredi-22-24h,OUI,Mercredi,2020-03-25 22:00
10612,177,False,False,False,False,False,False,False,False,False,False,False,False,False,False,Mercredi-22-24h,NON,Mercredi,2020-03-25 22:00
10613,7,False,False,False,False,False,False,False,False,False,False,False,False,False,False,Mercredi-22-24h,NON,Mercredi,2020-03-25 22:00
10614,241,False,False,True,False,False,False,False,False,False,False,False,False,False,False,Mercredi-22-24h,NON,Mercredi,2020-03-25 22:00
10615,8,True,False,False,False,True,True,False,True,False,False,False,False,False,False,Mercredi-22-24h,OUI,Mercredi,2020-03-25 22:00
10616,268,False,True,False,False,False,True,False,False,False,False,False,False,False,False,Mercredi-22-24h,OUI,Mercredi,2020-03-25 22:00
10617,294,False,False,True,False,True,False,False,False,False,False,False,False,False,False,Mercredi-22-24h,OUI,Mercredi,2020-03-25 22:00
10618,242,True,False,False,False,True,True,False,False,False,False,False,False,False,False,Mercredi-22-24h,NON,Mercredi,2020-03-25 22:00
10619,194,False,False,False,False,False,True,False,False,False,False,False,False,False,False,Mercredi-22-24h,NON,Mercredi,2020-03-25 22:00
10620,243,False,False,False,False,True,True,False,False,False,False,False,False,False,False,Mercredi-22-24h,OUI,Mercredi,2020-03-25 22:00
10621,212,True,True,True,False,False,True,False,False,False,False,False,False,False,False,Mercredi-22-24h,OUI,Mercredi,2020-03-25 22:00
10622,19,False,False,False,False,False,True,False,False,False,False,False,False,False,False,Mercredi-22-24h,OUI,Mercredi,2020-03-25 22:00
10623,114,False,False,False,False,True,False,False,False,False,False,False,False,False,False,Mercredi-22-24h,OUI,Mercredi,2020-03-25 22:00
10624,190,False,False,False,False,False,True,False,False,True,False,False,False,False,False,Mercredi-22-24h,NON,Mercredi,2020-03-25 22:00
10625,64,False,False,True,False,False,False,False,False,False,False,False,False,False,False,Mercredi-22-24h,NON,Mercredi,2020-03-25 22:00
10626,227,False,False,False,False,False,False,False,False,False,False,False,False,False,False,Mercredi-22-24h,NON,Mercredi,2020-03-25 22:00
10627,232,False,False,False,False,False,True,False,False,False,False,False,False,False,False,Mercredi-22-24h,OUI,Mercredi,2020-03-25 22:00
10628,246,False,True,False,False,False,True,True,False,False,False,False,False,False,False,Mercredi-22-24h,OUI,Mercredi,2020-03-25 22:00
10629,100,False,False,False,False,False,True,False,False,False,False,False,False,False,False,Mercredi-22-24h,NON,Mercredi,2020-03-25 22:00
10630,13,False,False,False,False,True,False,False,False,False,False,False,False,False,False,Mercredi-22-24h,NON,Mercredi,2020-03-25 22:00
10631,262,True,True,True,False,False,False,False,False,False,False,False,False,False,False,Mercredi-22-24h,OUI,Mercredi,2020-03-25 22:00
10632,76,True,True,True,False,False,True,False,False,False,False,True,False,False,False,Mercredi-22-24h,OUI,Mercredi,2020-03-25 22:00
10633,261,False,True,False,False,True,False,False,False,False,False,False,False,False,False,Mercredi-22-24h,NON,Mercredi,2020-03-25 22:00
10634,150,False,True,False,False,False,False,False,False,False,False,False,False,False,False,Mercredi-22-24h,OUI,Mercredi,2020-03-25 22:00
10635,205,False,False,False,False,False,False,False,False,False,False,False,False,False,False,Mercredi-22-24h,NON,Mercredi,2020-03-25 22:00
10636,56,False,False,False,False,True,True,False,False,False,False,False,False,False,False,Mercredi-22-24h,OUI,Mercredi,2020-03-25 22:00
10637,186,False,False,False,False,True,False,False,False,False,False,False,False,False,False,Mercredi-22-24h,OUI,Mercredi,2020-03-25 22:00
10638,162,True,False,False,False,True,True,False,False,False,False,False,False,False,False,Mercredi-22-24h,OUI,Mercredi,2020-03-25 22:00
10639,68,False,True,False,False,True,True,False,False,False,False,False,False,False,False,Mercredi-22-24h,OUI,Mercredi,2020-03-25 22:00
10640,146,False,False,False,False,False,True,False,False,False,False,False,True,False,False,Mercredi-22-24h,OUI,Mercredi,2020-03-25 22:00
10641,49,False,False,False,False,False,False,False,False,False,False,False,False,True,False,Mercredi-22-24h,NON,Mercredi,2020-03-25 22:00
10642,91,True,False,True,True,False,False,False,False,False,False,False,False,False,False,Mercredi-22-24h,OUI,Mercredi,2020-03-25 22:00
10643,22,False,False,False,False,False,False,False,False,False,True,False,False,False,False,Mercredi-22-24h,NON,Mercredi,2020-03-25 22:00
10644,151,False,False,False,False,True,False,False,False,False,False,False,False,False,False,Mercredi-22-24h,OUI,Mercredi,2020-03-25 22:00
10645,193,False,False,False,False,True,True,False,False,False,False,False,False,False,False,Mercredi-22-24h,OUI,Mercredi,2020-03-25 22:00
10646,9,True,True,False,False,False,False,False,False,False,False,False,False,False,False,Mercredi-22-24h,OUI,Mercredi,2020-03-25 22:00
10647,99,True,False,True,False,False,False,False,False,False,False,False,False,False,False,Mercredi-22-24h,NON,Mercredi,2020-03-25 22:00
10648,181,False,False,False,False,True,True,False,False,False,False,False,False,False,False,Mercredi-22-24h,OUI,Mercredi,2020-03-25 22:00
10649,111,False,False,False,False,False,True,False,True,False,False,False,False,False,False,Mercredi-22-24h,OUI,Mercredi,2020-03-25 22:00
10650,44,False,True,False,False,False,True,False,False,False,False,False,False,False,False,Mercredi-22-24h,NON,Mercredi,2020-03-25 22:00
10651,24,False,False,False,False,True,False,False,True,False,False,False,False,False,False,Mercredi-22-24h,NON,Mercredi,2020-03-25 22:00
10652,102,False,False,False,False,True,True,False,True,False,False,False,False,False,False,Mercredi-22-24h,OUI,Mercredi,2020-03-25 22:00
10653,203,True,True,False,False,False,False,False,True,False,False,False,False,False,False,Mercredi-22-24h,NON,Mercredi,2020-03-25 22:00
10654,140,False,False,False,False,True,True,False,True,False,False,False,False,False,False,Mercredi-22-24h,NON,Mercredi,2020-03-25 22:00
10655,188,False,False,False,False,False,True,False,False,True,False,False,False,False,False,Mercredi-22-24h,NON,Mercredi,2020-03-25 22:00
10656,206,False,False,False,True,False,False,False,False,False,False,True,False,False,False,Mercredi-22-24h,NON,Mercredi,2020-03-25 22:00
10657,273,False,False,False,False,False,False,False,False,False,False,False,True,False,False,Mercredi-22-24h,NON,Mercredi,2020-03-25 22:00
10658,69,True,False,True,False,False,False,False,False,False,False,False,False,False,False,Mercredi-22-24h,OUI,Mercredi,2020-03-25 22:00
10659,87,True,False,False,True,False,False,False,False,False,False,True,False,False,False,Mercredi-22-24h,OUI,Mercredi,2020-03-25 22:00
10660,83,True,False,True,False,False,False,False,False,False,False,False,False,False,False,Mercredi-22-24h,OUI,Mercredi,2020-03-25 22:00
10661,149,True,False,True,True,False,False,False,False,False,False,False,False,False,False,Mercredi-22-24h,OUI,Mercredi,2020-03-25 22:00
10662,274,False,False,False,False,False,True,False,False,False,False,False,False,False,False,Mercredi-22-24h,NON,Mercredi,2020-03-25 22:00
10663,282,True,False,True,True,False,False,False,False,False,False,False,False,False,False,Mercredi-22-24h,OUI,Mercredi,2020-03-25 22:00
10664,147,False,False,False,False,False,False,False,False,False,False,False,False,False,False,Mercredi-22-24h,NON,Mercredi,2020-03-25 22:00
10665,238,False,False,False,False,False,False,False,False,False,False,False,True,False,False,Mercredi-22-24h,OUI,Mercredi,2020-03-25 22:00
10666,201,False,False,False,False,False,False,False,False,False,False,False,False,False,False,Mercredi-22-24h,NON,Mercredi,2020-03-25 22:00
10667,152,False,True,False,False,False,False,False,False,False,False,False,False,False,False,Mercredi-22-24h,NON,Mercredi,2020-03-25 22:00
10668,222,False,False,False,False,False,True,False,False,True,True,False,False,False,False,Mercredi-22-24h,NON,Mercredi,2020-03-25 22:00
10669,106,False,False,False,False,False,True,False,False,False,False,False,True,False,False,Mercredi-22-24h,OUI,Mercredi,2020-03-25 22:00
10670,133,False,False,True,False,True,False,False,False,False,False,False,False,False,False,Mercredi-22-24h,OUI,Mercredi,2020-03-25 22:00
10671,163,False,False,False,False,True,False,False,False,False,False,False,False,False,False,Mercredi-22-24h,NON,Mercredi,2020-03-25 22:00
10672,231,False,False,False,False,False,False,False,False,False,False,False,False,False,False,Mercredi-22-24h,NON,Mercredi,2020-03-25 22:00
10673,25,False,False,False,False,True,False,False,False,False,False,False,False,False,False,Mercredi-22-24h,OUI,Mercredi,2020-03-25 22:00
10674,196,False,False,True,False,True,False,False,True,False,False,False,False,False,False,Mercredi-22-24h,OUI,Mercredi,2020-03-25 22:00
10675,5,False,False,False,False,True,True,False,False,False,False,False,False,False,False,Mercredi-22-24h,OUI,Mercredi,2020-03-25 22:00
10676,90,False,True,False,False,False,False,False,False,False,False,False,False,False,False,Mercredi-22-24h,NON,Mercredi,2020-03-25 22:00
10677,244,True,False,True,False,False,False,False,False,False,False,False,False,False,False,Mercredi-22-24h,OUI,Mercredi,2020-03-25 22:00
10678,107,False,True,False,False,False,True,False,False,False,False,False,False,False,False,Mercredi-22-24h,OUI,Mercredi,2020-03-25 22:00
10679,218,False,True,False,False,True,True,False,False,False,False,False,False,False,False,Mercredi-22-24h,OUI,Mercredi,2020-03-25 22:00
10680,62,False,True,True,False,True,True,False,False,False,False,False,False,False,False,Mercredi-22-24h,OUI,Mercredi,2020-03-25 22:00
10681,79,False,True,False,False,False,False,False,False,False,False,False,False,False,False,Mercredi-22-24h,OUI,Mercredi,2020-03-25 22:00
10682,208,False,False,False,False,False,True,False,False,False,False,False,False,False,False,Mercredi-22-24h,NON,Mercredi,2020-03-25 22:00
10683,270,False,False,False,False,False,False,False,False,True,False,False,False,False,False,Mercredi-22-24h,OUI,Mercredi,2020-03-25 22:00
10684,166,True,False,False,False,True,True,False,False,False,False,False,False,False,False,Mercredi-22-24h,OUI,Mercredi,2020-03-25 22:00
10685,77,False,False,True,False,True,False,False,False,False,False,False,False,False,False,Mercredi-22-24h,NON,Mercredi,2020-03-25 22:00
10686,29,False,False,False,False,False,True,False,False,False,False,False,True,False,False,Mercredi-22-24h,OUI,Mercredi,2020-03-25 22:00
10687,240,False,False,False,False,False,True,False,False,False,False,False,False,False,False,Mercredi-22-24h,OUI,Mercredi,2020-03-25 22:00
10688,184,False,True,False,False,False,False,False,False,False,False,False,False,False,False,Mercredi-22-24h,OUI,Mercredi,2020-03-25 22:00
10689,277,False,True,True,False,False,True,False,False,False,False,False,False,False,False,Mercredi-22-24h,NON,Mercredi,2020-03-25 22:00
10690,80,True,False,False,False,False,True,False,False,False,True,False,False,False,False,Mercredi-22-24h,NON,Mercredi,2020-03-25 22:00
10691,185,True,True,True,False,False,True,False,False,False,False,True,False,True,False,Mercredi-22-24h,NON,Mercredi,2020-03-25 22:00
10692,204,False,False,False,False,True,True,False,False,False,False,False,True,False,False,Mercredi-22-24h,OUI,Mercredi,2020-03-25 22:00
10693,252,True,True,True,False,False,True,False,False,False,False,False,False,False,False,Mercredi-22-24h,NON,Mercredi,2020-03-25 22:00
10694,26,False,False,False,False,True,False,False,False,False,False,False,False,False,False,Mercredi-22-24h,NON,Mercredi,2020-03-25 22:00
10695,70,False,False,False,False,True,False,False,False,False,False,False,True,False,False,Mercredi-22-24h,OUI,Mercredi,2020-03-25 22:00
10696,233,False,False,False,False,True,False,False,False,False,False,False,False,False,False,Mercredi-22-24h,OUI,Mercredi,2020-03-25 22:00
10697,37,True,True,True,False,True,True,False,False,False,False,False,False,False,False,Mercredi-22-24h,NON,Mercredi,2020-03-25 22:00
10698,185,False,False,True,False,False,False,False,False,False,False,False,False,False,False,Mercredi-22-24h,OUI,Mercredi,2020-03-25 22:00
10699,138,True,False,False,False,True,True,False,False,False,False,False,False,False,False,Mercredi-22-24h,OUI,Mercredi,2020-03-25 22:00
10700,224,True,False,True,False,False,False,False,False,False,False,False,False,False,False,Mercredi-22-24h,NON,Mercredi,2020-03-25 22:00
10701,66,False,False,False,False,True,True,False,False,False,False,False,False,True,False,Mercredi-22-24h,OUI,Mercredi,2020-03-25 22:00
10702,211,False,False,True,False,False,False,False,False,False,False,False,False,True,False,Mercredi-22-24h,NON,Mercredi,2020-03-25 22:00
10703,14,False,False,False,False,True,True,False,False,False,False,False,False,False,False,Mercredi-22-24h,OUI,Mercredi,2020-03-25 22:00
10704,145,False,False,False,False,True,False,False,False,False,False,False,False,False,False,Mercredi-22-24h,NON,Mercredi,2020-03-25 22:00
10705,36,False,False,False,False,False,False,False,False,False,False,False,True,False,False,Mercredi-22-24h,OUI,Mercredi,2020-03-25 22:00
10706,60,True,True,True,False,False,True,False,False,False,False,False,False,False,False,Mercredi-22-24h,NON,Mercredi,2020-03-25 22:00
10707,137,True,True,True,False,False,True,False,False,False,False,True,False,False,False,Mercredi-22-24h,OUI,Mercredi,2020-03-25 22:00
10708,285,False,True,False,False,True,True,False,False,False,False,False,False,False,False,Mercredi-22-24h,OUI,Mercredi,2020-03-25 22:00
10709,40,False,True,True,False,True,True,False,False,False,False,False,False,False,False,Mercredi-22-24h,OUI,Mercredi,2020-03-25 22:00
10710,97,False,False,False,False,False,True,False,False,False,False,False,False,False,False,Mercredi-22-24h,OUI,Mercredi,2020-03-25 22:00
10711,109,True,False,True,True,False,False,False,False,False,False,False,False,False,False,Mercredi-22-24h,NON,Mercredi,2020-03-25 22:00
10712,10,False,False,False,False,False,False,False,False,False,False,False,False,False,False,Mercredi-22-24h,NON,Mercredi,2020-03-25 22:00
10713,256,False,False,False,False,False,False,False,False,False,False,False,True,False,False,Mercredi-22-24h,OUI,Mercredi,2020-03-25 22:00
10714,141,True,True,True,False,False,False,False,False,False,False,True,False,False,False,Mercredi-22-24h,NON,Mercredi,2020-03-25 22:00
10715,28,False,False,False,False,False,False,False,False,False,False,False,False,False,False,Mercredi-22-24h,NON,Mercredi,2020-03-25 22:00
10716,101,True,True,True,True,True,True,False,False,False,False,False,False,False,False,Mercredi-22-24h,OUI,Mercredi,2020-03-25 22:00
10717,48,True,False,True,False,True,False,False,False,False,False,False,False,True,False,Mercredi-22-24h,OUI,Mercredi,2020-03-25 22:00
10718,27,False,False,False,False,False,True,False,False,False,False,False,False,False,False,Mercredi-22-24h,OUI,Mercredi,2020-03-25 22:00
10719,142,True,False,True,False,False,False,False,False,False,False,True,False,True,False,Mercredi-22-24h,NON,Mercredi,2020-03-25 22:00
10720,234,False,False,True,False,False,False,False,False,False,False,True,False,False,False,Mercredi-22-24h,OUI,Mercredi,2020-03-25 22:00
10721,23,False,False,False,False,True,False,False,False,False,False,False,False,False,False,Mercredi-22-24h,NON,Mercredi,2020-03-25 22:00
10722,195,False,False,False,False,True,False,False,False,True,False,False,False,False,False,Mercredi-22-24h,OUI,Mercredi,2020-03-25 22:00
10723,275,False,False,False,False,False,False,False,False,False,False,False,True,False,False,Mercredi-22-24h,OUI,Mercredi,2020-03-25 22:00
10724,226,False,False,False,False,True,True,False,False,False,False,False,False,False,False,Mercredi-22-24h,NON,Mercredi,2020-03-25 22:00
10725,207,False,False,True,False,False,False,False,False,False,False,False,False,False,False,Mercredi-22-24h,NON,Mercredi,2020-03-25 22:00
10726,57,False,False,False,False,False,False,False,False,False,False,False,False,False,False,Mercredi-22-24h,NON,Mercredi,2020-03-25 22:00
10727,4,False,True,False,False,False,True,False,False,False,False,False,False,False,False,Mercredi-22-24h,NON,Mercredi,2020-03-25 22:00
10728,265,False,False,False,False,False,True,False,False,False,False,False,False,False,False,Mercredi-22-24h,NON,Mercredi,2020-03-25 22:00
10729,88,False,True,False,False,False,False,False,False,False,False,False,False,False,False,Mercredi-22-24h,NON,Mercredi,2020-03-25 22:00
10730,198,False,False,False,False,False,False,False,False,False,False,True,False,False,False,Mercredi-22-24h,OUI,Mercredi,2020-03-25 22:00
10731,249,True,True,True,False,False,False,False,False,False,False,False,False,False,False,Mercredi-22-24h,OUI,Mercredi,2020-03-25 22:00
10732,263,False,False,False,False,True,True,False,False,False,False,False,False,False,False,Mercredi-22-24h,OUI,Mercredi,2020-03-25 22:00
10733,217,True,False,True,False,False,False,False,False,False,False,False,False,True,False,Mercredi-22-24h,NON,Mercredi,2020-03-25 22:00
10734,278,False,False,False,False,True,True,False,False,False,False,False,False,False,False,Mercredi-22-24h,NON,Mercredi,2020-03-25 22:00
10735,189,False,True,False,False,False,False,False,False,False,False,False,False,False,False,Mercredi-22-24h,NON,Mercredi,2020-03-25 22:00
10736,61,True,False,True,False,False,False,False,False,False,False,False,False,False,False,Mercredi-22-24h,NON,Mercredi,2020-03-25 22:00
10737,251,False,False,False,False,False,False,False,False,False,False,False,False,True,False,Mercredi-22-24h,NON,Mercredi,2020-03-25 22:00
10738,281,False,True,False,False,False,False,False,False,False,False,False,False,False,False,Mercredi-22-24h,OUI,Mercredi,2020-03-25 22:00
10739,134,False,True,False,False,False,False,False,False,False,False,False,False,False,False,Mercredi-22-24h,OUI,Mercredi,2020-03-25 22:00
10740,293,False,True,False,False,False,True,False,False,False,False,False,False,False,False,Mercredi-22-24h,NON,Mercredi,2020-03-25 22:00
10741,279,True,True,True,True,False,True,False,False,False,False,False,False,False,False,Mercredi-22-24h,OUI,Mercredi,2020-03-25 22:00
10742,81,True,False,True,True,False,False,False,True,False,False,False,False,False,False,Mercredi-22-24h,OUI,Mercredi,2020-03-25 22:00
10743,92,True,False,False,True,False,False,False,False,False,False,True,False,False,False,Mercredi-22-24h,NON,Mercredi,2020-03-25 22:00
10744,147,False,False,False,False,False,False,False,False,False,False,False,False,False,False,Mercredi-22-24h,NON,Mercredi,2020-03-25 22:00
10745,33,False,True,False,False,True,False,False,False,False,False,False,False,False,False,Mercredi-22-24h,NON,Mercredi,2020-03-25 22:00
10746,266,False,False,False,False,False,False,False,False,False,False,False,False,False,False,Mercredi-22-24h,NON,Mercredi,2020-03-25 22:00
10747,225,True,False,False,False,False,True,False,False,False,False,False,False,False,False,Mercredi-22-24h,OUI,Mercredi,2020-03-25 22:00
10748,83,True,False,True,False,False,False,False,False,False,False,False,False,False,False,Mercredi-22-24h,OUI,Mercredi,2020-03-25 22:00
10749,95,False,False,False,False,True,True,False,True,False,False,False,False,False,False,Mercredi-22-24h,NON,Mercredi,2020-03-25 22:00
10750,127,False,False,False,False,True,False,False,False,False,False,False,False,False,False,Mercredi-22-24h,OUI,Mercredi,2020-03-25 22:00
10751,20,False,False,False,False,False,False,False,False,False,False,False,False,False,False,Mercredi-22-24h,NON,Mercredi,2020-03-25 22:00
10752,89,False,False,False,False,False,False,False,False,True,False,False,False,False,False,Mercredi-22-24h,OUI,Mercredi,2020-03-25 22:00
10753,120,False,True,True,False,True,True,False,True,False,False,True,False,False,False,Mercredi-22-24h,NON,Mercredi,2020-03-25 22:00
10754,253,False,False,False,False,True,True,False,False,False,False,False,True,False,False,Mercredi-22-24h,NON,Mercredi,2020-03-25 22:00
10755,52,False,False,True,False,False,False,False,False,False,False,False,False,False,False,Mercredi-22-24h,OUI,Mercredi,2020-03-25 22:00
10756,168,True,False,True,False,False,False,False,True,False,False,False,False,False,False,Mercredi-22-24h,OUI,Mercredi,2020-03-25 22:00
10757,202,False,True,False,False,False,False,False,False,False,False,False,False,False,False,Mercredi-22-24h,OUI,Mercredi,2020-03-25 22:00
10758,172,False,False,False,False,True,False,False,False,False,False,False,False,False,False,Mercredi-22-24h,OUI,Mercredi,2020-03-25 22:00
10759,239,False,False,False,False,True,True,False,False,False,False,False,False,False,False,Mercredi-22-24h,NON,Mercredi,2020-03-25 22:00
10760,85,False,False,False,False,True,False,False,False,False,False,False,False,False,False,Mercredi-22-24h,OUI,Mercredi,2020-03-25 22:00
10761,215,False,False,False,False,False,False,False,False,True,False,False,False,False,False,Mercredi-22-24h,NON,Mercredi,2020-03-25 22:00
10762,260,True,False,True,False,False,False,False,False,False,False,False,False,False,False,Mercredi-22-24h,NON,Mercredi,2020-03-25 22:00
10763,286,True,True,False,False,True,False,False,False,False,False,False,False,False,False,Mercredi-22-24h,NON,Mercredi,2020-03-25 22:00
10764,72,False,True,False,False,False,False,False,False,False,False,False,False,False,False,Jeudi-00-02h,NON,Jeudi,2020-03-26 00:00
10765,167,True,True,True,True,True,True,False,False,False,False,False,False,False,False,Jeudi-00-02h,OUI,Jeudi,2020-03-26 00:00
10766,130,True,False,True,False,False,False,False,True,False,False,False,False,True,True,Jeudi-00-02h,NON,Jeudi,2020-03-26 00:00
10767,288,True,True,True,False,True,False,False,False,False,False,False,False,False,False,Jeudi-00-02h,OUI,Jeudi,2020-03-26 00:00
10768,59,False,False,False,False,False,True,False,False,False,False,False,False,False,False,Jeudi-00-02h,NON,Jeudi,2020-03-26 00:00
10769,178,True,False,False,False,False,False,False,False,False,False,True,False,False,False,Jeudi-00-02h,OUI,Jeudi,2020-03-26 00:00
10770,254,False,False,False,False,False,False,False,False,False,False,False,True,False,False,Jeudi-00-02h,NON,Jeudi,2020-03-26 00:00
10771,34,False,False,False,False,False,False,False,False,False,False,False,False,False,False,Jeudi-00-02h,NON,Jeudi,2020-03-26 00:00
10772,264,False,False,False,False,True,True,True,False,False,False,False,False,False,False,Jeudi-00-02h,NON,Jeudi,2020-03-26 00:00
10773,158,True,False,False,False,True,False,False,False,False,True,False,False,False,False,Jeudi-00-02h,NON,Jeudi,2020-03-26 00:00
10774,210,False,True,False,False,True,True,False,False,False,False,False,False,False,False,Jeudi-00-02h,NON,Jeudi,2020-03-26 00:00
10775,93,False,False,False,False,True,False,False,False,False,False,False,False,True,False,Jeudi-00-02h,OUI,Jeudi,2020-03-26 00:00
10776,144,True,False,True,False,True,False,False,False,False,False,False,False,False,False,Jeudi-00-02h,OUI,Jeudi,2020-03-26 00:00
10777,164,False,True,False,False,True,True,False,False,False,False,False,False,False,False,Jeudi-00-02h,OUI,Jeudi,2020-03-26 00:00
10778,289,False,False,False,False,True,True,False,False,False,False,False,False,False,False,Jeudi-00-02h,NON,Jeudi,2020-03-26 00:00
10779,50,False,False,False,False,False,False,False,False,False,False,False,False,False,False,Jeudi-00-02h,NON,Jeudi,2020-03-26 00:00
10780,51,True,True,False,False,True,False,False,False,False,False,False,False,False,False,Jeudi-00-02h,OUI,Jeudi,2020-03-26 00:00
10781,247,False,False,True,False,False,False,False,False,False,False,False,False,False,False,Jeudi-00-02h,NON,Jeudi,2020-03-26 00:00
10782,159,False,False,False,False,False,False,False,True,False,False,False,False,False,False,Jeudi-00-02h,NON,Jeudi,2020-03-26 00:00
10783,54,False,False,False,False,False,True,False,False,False,False,False,False,False,False,Jeudi-00-02h,NON,Jeudi,2020-03-26 00:00
10784,55,True,False,False,False,True,True,False,True,False,False,False,False,False,False,Jeudi-00-02h,OUI,Jeudi,2020-03-26 00:00
10785,257,False,False,False,False,True,False,False,False,False,False,False,False,False,False,Jeudi-00-02h,NON,Jeudi,2020-03-26 00:00
10786,67,False,False,False,False,False,False,False,False,False,False,False,False,False,False,Jeudi-00-02h,NON,Jeudi,2020-03-26 00:00
10787,71,True,False,True,False,False,False,False,False,False,False,False,False,False,False,Jeudi-00-02h,OUI,Jeudi,2020-03-26 00:00
10788,280,False,False,False,False,False,True,False,False,False,False,False,False,False,False,Jeudi-00-02h,OUI,Jeudi,2020-03-26 00:00
10789,283,True,True,False,False,False,False,False,False,False,False,False,False,False,False,Jeudi-00-02h,OUI,Jeudi,2020-03-26 00:00
10790,154,False,False,False,False,True,True,False,False,False,False,False,True,False,False,Jeudi-00-02h,OUI,Jeudi,2020-03-26 00:00
10791,171,False,False,False,False,False,False,False,False,False,False,False,True,False,False,Jeudi-00-02h,OUI,Jeudi,2020-03-26 00:00
10792,131,False,False,True,False,False,False,False,False,False,False,False,False,False,False,Jeudi-00-02h,NON,Jeudi,2020-03-26 00:00
10793,237,True,False,False,False,False,True,True,False,False,False,False,False,True,False,Jeudi-00-02h,OUI,Jeudi,2020-03-26 00:00
10794,75,False,False,False,False,True,True,False,False,False,False,False,False,False,False,Jeudi-00-02h,NON,Jeudi,2020-03-26 00:00
10795,235,True,False,False,False,True,False,False,False,False,False,False,False,False,False,Jeudi-00-02h,NON,Jeudi,2020-03-26 00:00
10796,180,False,False,False,False,True,True,False,False,False,False,False,False,False,False,Jeudi-00-02h,OUI,Jeudi,2020-03-26 00:00
10797,219,False,False,False,False,False,True,False,False,False,False,False,False,False,False,Jeudi-00-02h,NON,Jeudi,2020-03-26 00:00
10798,250,False,False,False,False,False,False,False,False,True,False,False,False,False,False,Jeudi-00-02h,NON,Jeudi,2020-03-26 00:00
10799,267,True,True,False,False,False,False,False,False,False,False,False,False,False,False,Jeudi-00-02h,NON,Jeudi,2020-03-26 00:00
10800,160,False,True,False,False,False,True,False,False,False,False,False,False,False,False,Jeudi-00-02h,NON,Jeudi,2020-03-26 00:00
10801,182,False,True,False,False,True,True,True,False,False,False,False,False,False,False,Jeudi-00-02h,OUI,Jeudi,2020-03-26 00:00
10802,143,False,False,False,False,False,False,False,True,False,False,True,False,False,False,Jeudi-00-02h,NON,Jeudi,2020-03-26 00:00
10803,223,True,True,False,False,False,False,False,False,False,False,False,False,False,False,Jeudi-00-02h,NON,Jeudi,2020-03-26 00:00
10804,192,True,False,True,False,False,False,False,False,False,False,False,False,False,False,Jeudi-00-02h,NON,Jeudi,2020-03-26 00:00
10805,30,False,False,True,False,False,False,False,True,False,False,False,False,False,False,Jeudi-00-02h,NON,Jeudi,2020-03-26 00:00
10806,125,True,False,False,False,True,False,False,True,False,False,False,False,False,False,Jeudi-00-02h,NON,Jeudi,2020-03-26 00:00
10807,39,False,False,True,False,True,False,False,True,False,False,False,False,False,False,Jeudi-00-02h,NON,Jeudi,2020-03-26 00:00
10808,113,True,False,True,False,False,False,False,False,False,False,False,False,False,False,Jeudi-00-02h,OUI,Jeudi,2020-03-26 00:00
10809,121,True,False,True,False,False,False,False,True,False,False,False,False,False,False,Jeudi-00-02h,OUI,Jeudi,2020-03-26 00:00
10810,228,False,False,False,False,False,False,False,False,False,False,True,False,False,False,Jeudi-00-02h,OUI,Jeudi,2020-03-26 00:00
10811,290,False,False,False,False,False,False,False,False,True,False,False,False,False,False,Jeudi-00-02h,NON,Jeudi,2020-03-26 00:00
10812,197,False,False,True,False,True,False,False,False,False,False,False,False,False,False,Jeudi-00-02h,NON,Jeudi,2020-03-26 00:00
10813,31,True,True,True,False,False,True,False,False,False,False,False,False,False,False,Jeudi-00-02h,OUI,Jeudi,2020-03-26 00:00
10814,173,True,False,False,False,True,True,False,True,False,False,False,False,False,False,Jeudi-00-02h,NON,Jeudi,2020-03-26 00:00
10815,74,True,False,False,True,False,False,False,True,False,False,True,False,False,False,Jeudi-00-02h,OUI,Jeudi,2020-03-26 00:00
10816,15,False,False,True,False,False,False,False,False,False,False,False,False,False,False,Jeudi-00-02h,NON,Jeudi,2020-03-26 00:00
10817,45,True,False,False,False,True,True,False,True,False,False,False,False,False,False,Jeudi-00-02h,OUI,Jeudi,2020-03-26 00:00
10818,63,False,False,True,False,False,False,False,False,False,False,False,False,False,False,Jeudi-00-02h,OUI,Jeudi,2020-03-26 00:00
10819,3,False,False,False,False,False,True,False,False,False,False,False,True,False,False,Jeudi-00-02h,OUI,Jeudi,2020-03-26 00:00
10820,21,True,False,True,False,False,False,False,False,False,False,False,False,False,False,Jeudi-00-02h,OUI,Jeudi,2020-03-26 00:00
10821,78,False,True,True,False,True,True,False,True,False,False,False,False,False,False,Jeudi-00-02h,OUI,Jeudi,2020-03-26 00:00
10822,47,False,True,False,False,False,False,False,False,False,False,False,False,False,False,Jeudi-00-02h,NON,Jeudi,2020-03-26 00:00
10823,151,True,True,False,False,True,False,False,True,False,False,False,False,False,False,Jeudi-00-02h,NON,Jeudi,2020-03-26 00:00
10824,6,True,False,True,False,False,False,False,False,False,False,False,False,False,False,Jeudi-00-02h,OUI,Jeudi,2020-03-26 00:00
10825,135,True,False,True,False,False,False,False,False,False,False,False,False,True,False,Jeudi-00-02h,OUI,Jeudi,2020-03-26 00:00
10826,221,False,False,False,False,True,True,False,False,False,False,False,False,False,False,Jeudi-00-02h,NON,Jeudi,2020-03-26 00:00
10827,170,False,False,True,False,False,False,False,False,False,False,True,False,False,True,Jeudi-00-02h,OUI,Jeudi,2020-03-26 00:00
10828,129,False,True,False,False,False,False,False,False,False,False,False,False,False,False,Jeudi-00-02h,OUI,Jeudi,2020-03-26 00:00
10829,132,True,True,True,False,False,True,False,False,False,False,False,False,False,False,Jeudi-00-02h,OUI,Jeudi,2020-03-26 00:00
10830,110,False,True,False,False,False,False,False,False,False,False,False,False,False,False,Jeudi-00-02h,OUI,Jeudi,2020-03-26 00:00
10831,191,False,False,False,False,False,True,False,False,False,False,False,False,False,False,Jeudi-00-02h,OUI,Jeudi,2020-03-26 00:00
10832,94,True,True,True,False,False,True,False,False,False,False,True,False,True,False,Jeudi-00-02h,NON,Jeudi,2020-03-26 00:00
10833,108,False,False,False,False,False,True,True,False,False,False,False,False,False,False,Jeudi-00-02h,OUI,Jeudi,2020-03-26 00:00
10834,236,False,False,False,False,True,True,False,False,False,False,False,False,False,False,Jeudi-00-02h,OUI,Jeudi,2020-03-26 00:00
10835,42,True,False,True,False,True,False,False,False,False,False,False,False,False,False,Jeudi-00-02h,NON,Jeudi,2020-03-26 00:00
10836,155,True,False,False,False,True,False,False,False,False,False,False,False,False,False,Jeudi-00-02h,NON,Jeudi,2020-03-26 00:00
10837,1,False,False,False,False,False,False,False,False,False,False,False,False,False,False,Jeudi-00-02h,NON,Jeudi,2020-03-26 00:00
10838,58,False,True,True,False,False,True,False,False,False,False,True,False,False,False,Jeudi-00-02h,OUI,Jeudi,2020-03-26 00:00
10839,0,False,True,False,False,False,False,False,False,False,False,False,False,False,False,Jeudi-00-02h,OUI,Jeudi,2020-03-26 00:00
10840,269,False,False,False,False,False,False,False,False,False,False,False,False,False,False,Jeudi-00-02h,NON,Jeudi,2020-03-26 00:00
10841,2,True,False,True,False,False,False,False,False,False,False,False,False,False,False,Jeudi-00-02h,NON,Jeudi,2020-03-26 00:00
10842,103,False,False,False,False,True,False,False,False,False,False,False,False,False,False,Jeudi-00-02h,NON,Jeudi,2020-03-26 00:00
10843,12,False,True,False,False,True,False,False,False,False,False,False,False,False,False,Jeudi-00-02h,OUI,Jeudi,2020-03-26 00:00
10844,245,True,False,False,False,True,True,False,True,False,False,False,False,False,False,Jeudi-00-02h,NON,Jeudi,2020-03-26 00:00
10845,161,False,False,True,False,False,False,False,False,False,False,True,False,False,False,Jeudi-00-02h,NON,Jeudi,2020-03-26 00:00
10846,38,False,False,False,False,False,False,False,False,True,False,False,False,False,False,Jeudi-00-02h,NON,Jeudi,2020-03-26 00:00
10847,122,False,False,False,False,False,False,False,False,False,False,False,False,False,False,Jeudi-00-02h,NON,Jeudi,2020-03-26 00:00
10848,248,False,False,True,False,False,False,False,False,False,False,False,False,True,False,Jeudi-00-02h,NON,Jeudi,2020-03-26 00:00
10849,271,False,True,True,False,False,True,False,False,False,False,False,False,False,False,Jeudi-00-02h,OUI,Jeudi,2020-03-26 00:00
10850,116,False,False,True,False,False,False,False,False,False,False,False,False,False,False,Jeudi-00-02h,OUI,Jeudi,2020-03-26 00:00
10851,117,True,True,True,True,False,True,False,False,False,False,False,False,False,False,Jeudi-00-02h,NON,Jeudi,2020-03-26 00:00
10852,213,False,False,False,False,True,True,False,True,False,False,False,False,False,False,Jeudi-00-02h,NON,Jeudi,2020-03-26 00:00
10853,220,False,True,True,False,False,True,False,False,False,False,False,False,False,False,Jeudi-00-02h,OUI,Jeudi,2020-03-26 00:00
10854,176,False,False,True,False,False,False,False,False,False,False,False,False,False,False,Jeudi-00-02h,NON,Jeudi,2020-03-26 00:00
10855,96,False,False,False,False,True,True,False,False,False,True,False,False,False,False,Jeudi-00-02h,NON,Jeudi,2020-03-26 00:00
10856,214,False,False,False,False,True,True,False,False,False,True,False,False,False,False,Jeudi-00-02h,OUI,Jeudi,2020-03-26 00:00
10857,11,True,False,False,True,False,False,False,False,False,False,True,False,False,False,Jeudi-00-02h,NON,Jeudi,2020-03-26 00:00
10858,255,True,False,True,False,False,False,False,True,False,False,False,False,False,False,Jeudi-00-02h,OUI,Jeudi,2020-03-26 00:00
10859,86,False,False,True,False,False,False,False,False,False,False,False,False,False,False,Jeudi-00-02h,OUI,Jeudi,2020-03-26 00:00
10860,209,True,False,False,False,True,True,False,True,False,False,False,False,False,False,Jeudi-00-02h,OUI,Jeudi,2020-03-26 00:00
10861,291,False,False,False,False,False,True,False,False,True,False,False,False,False,False,Jeudi-00-02h,OUI,Jeudi,2020-03-26 00:00
10862,287,False,False,False,False,False,False,False,False,False,False,False,True,False,False,Jeudi-00-02h,NON,Jeudi,2020-03-26 00:00
10863,104,False,False,False,False,True,True,False,False,False,False,False,False,False,False,Jeudi-00-02h,NON,Jeudi,2020-03-26 00:00
10864,18,False,False,False,False,True,False,False,False,False,False,False,False,False,False,Jeudi-00-02h,OUI,Jeudi,2020-03-26 00:00
10865,123,False,True,False,False,True,True,False,False,False,False,False,False,False,False,Jeudi-00-02h,NON,Jeudi,2020-03-26 00:00
10866,136,False,False,False,False,True,False,False,False,False,False,False,False,False,False,Jeudi-00-02h,NON,Jeudi,2020-03-26 00:00
10867,276,True,False,True,False,False,False,False,False,False,False,False,False,False,False,Jeudi-00-02h,NON,Jeudi,2020-03-26 00:00
10868,53,False,False,False,False,True,True,False,False,False,False,False,False,False,False,Jeudi-00-02h,OUI,Jeudi,2020-03-26 00:00
10869,179,True,False,True,False,False,False,False,False,False,False,False,False,False,False,Jeudi-00-02h,OUI,Jeudi,2020-03-26 00:00
10870,200,False,False,False,False,False,False,False,False,False,False,False,False,False,False,Jeudi-00-02h,NON,Jeudi,2020-03-26 00:00
10871,73,False,False,False,False,False,False,False,False,False,False,False,False,False,False,Jeudi-00-02h,NON,Jeudi,2020-03-26 00:00
10872,156,False,False,False,False,True,True,False,False,False,False,False,False,False,False,Jeudi-00-02h,NON,Jeudi,2020-03-26 00:00
10873,128,True,True,True,False,False,True,False,False,False,False,False,False,False,False,Jeudi-00-02h,OUI,Jeudi,2020-03-26 00:00
10874,118,False,False,False,False,False,False,False,False,False,False,False,False,False,False,Jeudi-00-02h,NON,Jeudi,2020-03-26 00:00
10875,112,True,False,True,False,False,False,False,False,False,False,False,False,False,False,Jeudi-00-02h,NON,Jeudi,2020-03-26 00:00
10876,35,False,False,False,False,True,True,False,False,False,False,False,False,False,False,Jeudi-00-02h,NON,Jeudi,2020-03-26 00:00
10877,32,False,False,False,False,False,False,False,False,False,False,False,True,False,False,Jeudi-00-02h,NON,Jeudi,2020-03-26 00:00
10878,199,True,False,True,False,False,False,False,False,False,False,False,False,False,False,Jeudi-00-02h,OUI,Jeudi,2020-03-26 00:00
10879,153,True,False,False,False,True,True,False,False,False,False,False,False,False,False,Jeudi-00-02h,NON,Jeudi,2020-03-26 00:00
10880,82,False,False,True,False,False,False,False,False,False,False,False,False,False,False,Jeudi-00-02h,NON,Jeudi,2020-03-26 00:00
10881,292,False,True,False,False,False,False,False,False,False,False,False,False,False,False,Jeudi-00-02h,OUI,Jeudi,2020-03-26 00:00
10882,169,False,False,False,True,False,False,False,False,False,False,False,False,False,False,Jeudi-00-02h,NON,Jeudi,2020-03-26 00:00
10883,16,False,False,False,False,True,True,False,False,False,False,False,False,False,False,Jeudi-00-02h,OUI,Jeudi,2020-03-26 00:00
10884,46,True,True,True,False,False,True,True,False,False,False,False,False,False,False,Jeudi-00-02h,OUI,Jeudi,2020-03-26 00:00
10885,216,False,True,False,False,False,True,False,False,False,False,False,False,False,False,Jeudi-00-02h,OUI,Jeudi,2020-03-26 00:00
10886,174,False,True,True,False,False,True,False,False,False,False,True,False,False,False,Jeudi-00-02h,OUI,Jeudi,2020-03-26 00:00
10887,43,False,False,False,False,True,False,False,False,False,False,False,False,False,False,Jeudi-00-02h,NON,Jeudi,2020-03-26 00:00
10888,165,False,False,False,False,True,True,False,False,False,False,False,False,False,False,Jeudi-00-02h,NON,Jeudi,2020-03-26 00:00
10889,126,False,True,False,False,False,True,False,False,False,False,False,False,False,False,Jeudi-00-02h,OUI,Jeudi,2020-03-26 00:00
10890,41,False,False,False,False,False,True,False,False,True,False,False,False,False,False,Jeudi-00-02h,NON,Jeudi,2020-03-26 00:00
10891,157,False,False,True,False,False,False,False,False,False,False,False,False,False,False,Jeudi-00-02h,NON,Jeudi,2020-03-26 00:00
10892,272,False,True,True,False,False,False,True,False,False,False,True,False,True,True,Jeudi-00-02h,OUI,Jeudi,2020-03-26 00:00
10893,115,True,False,True,False,False,False,False,False,False,False,False,False,False,False,Jeudi-00-02h,NON,Jeudi,2020-03-26 00:00
10894,84,False,False,False,False,False,False,False,False,False,False,False,True,False,False,Jeudi-00-02h,NON,Jeudi,2020-03-26 00:00
10895,183,True,True,True,True,False,False,False,False,False,False,False,False,False,False,Jeudi-00-02h,NON,Jeudi,2020-03-26 00:00
10896,65,True,True,False,False,False,True,False,False,False,False,False,False,False,False,Jeudi-00-02h,OUI,Jeudi,2020-03-26 00:00
10897,105,True,False,False,False,False,False,False,False,False,False,False,False,False,False,Jeudi-00-02h,OUI,Jeudi,2020-03-26 00:00
10898,187,True,False,False,False,False,True,False,False,False,False,False,False,False,False,Jeudi-00-02h,NON,Jeudi,2020-03-26 00:00
10899,139,True,False,True,False,False,False,False,False,False,False,False,False,False,False,Jeudi-00-02h,NON,Jeudi,2020-03-26 00:00
10900,259,False,False,False,False,True,True,False,False,False,False,False,False,False,False,Jeudi-00-02h,OUI,Jeudi,2020-03-26 00:00
10901,124,True,False,True,False,False,False,False,False,False,False,True,False,False,False,Jeudi-00-02h,OUI,Jeudi,2020-03-26 00:00
10902,98,False,False,False,False,False,True,False,False,False,False,False,True,False,False,Jeudi-00-02h,OUI,Jeudi,2020-03-26 00:00
10903,284,False,True,True,False,False,True,False,False,False,False,False,False,True,False,Jeudi-00-02h,OUI,Jeudi,2020-03-26 00:00
10904,148,True,False,True,False,True,False,False,True,False,False,False,False,False,False,Jeudi-00-02h,NON,Jeudi,2020-03-26 00:00
10905,258,True,False,True,False,False,False,False,False,False,False,False,False,False,False,Jeudi-00-02h,OUI,Jeudi,2020-03-26 00:00
10906,175,False,False,False,False,False,True,False,False,False,False,False,False,False,False,Jeudi-00-02h,NON,Jeudi,2020-03-26 00:00
10907,119,False,False,False,False,False,False,False,False,False,False,True,False,False,False,Jeudi-00-02h,NON,Jeudi,2020-03-26 00:00
10908,229,True,False,True,False,False,False,False,True,False,False,False,False,False,False,Jeudi-00-02h,OUI,Jeudi,2020-03-26 00:00
10909,230,False,False,False,False,False,True,True,False,False,False,False,False,False,False,Jeudi-00-02h,NON,Jeudi,2020-03-26 00:00
10910,17,True,False,False,False,False,True,True,False,False,False,False,False,False,False,Jeudi-00-02h,NON,Jeudi,2020-03-26 00:00
10911,177,False,False,False,False,False,False,False,False,False,False,False,False,False,False,Jeudi-00-02h,NON,Jeudi,2020-03-26 00:00
10912,7,False,False,False,False,False,False,False,False,False,False,False,False,False,False,Jeudi-00-02h,NON,Jeudi,2020-03-26 00:00
10913,241,False,False,True,False,False,False,False,False,False,False,False,False,False,False,Jeudi-00-02h,NON,Jeudi,2020-03-26 00:00
10914,8,True,False,False,False,True,True,False,True,False,False,False,False,False,False,Jeudi-00-02h,NON,Jeudi,2020-03-26 00:00
10915,268,False,True,False,False,False,True,False,False,False,False,False,False,False,False,Jeudi-00-02h,OUI,Jeudi,2020-03-26 00:00
10916,294,False,False,True,False,True,False,False,False,False,False,False,False,False,False,Jeudi-00-02h,OUI,Jeudi,2020-03-26 00:00
10917,242,True,False,False,False,True,True,False,False,False,False,False,False,False,False,Jeudi-00-02h,NON,Jeudi,2020-03-26 00:00
10918,194,False,False,False,False,False,True,False,False,False,False,False,False,False,False,Jeudi-00-02h,NON,Jeudi,2020-03-26 00:00
10919,243,False,False,False,False,True,True,False,False,False,False,False,False,False,False,Jeudi-00-02h,OUI,Jeudi,2020-03-26 00:00
10920,212,True,True,True,False,False,True,False,False,False,False,False,False,False,False,Jeudi-00-02h,OUI,Jeudi,2020-03-26 00:00
10921,19,False,False,False,False,False,True,False,False,False,False,False,False,False,False,Jeudi-00-02h,OUI,Jeudi,2020-03-26 00:00
10922,114,False,False,False,False,True,False,False,False,False,False,False,False,False,False,Jeudi-00-02h,OUI,Jeudi,2020-03-26 00:00
10923,190,False,False,False,False,False,True,False,False,True,False,False,False,False,False,Jeudi-00-02h,NON,Jeudi,2020-03-26 00:00
10924,64,False,False,True,False,False,False,False,False,False,False,False,False,False,False,Jeudi-00-02h,NON,Jeudi,2020-03-26 00:00
10925,227,False,False,False,False,False,False,False,False,False,False,False,False,False,False,Jeudi-00-02h,NON,Jeudi,2020-03-26 00:00
10926,232,False,False,False,False,False,True,False,False,False,False,False,False,False,False,Jeudi-00-02h,OUI,Jeudi,2020-03-26 00:00
10927,246,False,True,False,False,False,True,True,False,False,False,False,False,False,False,Jeudi-00-02h,NON,Jeudi,2020-03-26 00:00
10928,100,False,False,False,False,False,True,False,False,False,False,False,False,False,False,Jeudi-00-02h,NON,Jeudi,2020-03-26 00:00
10929,13,False,False,False,False,True,False,False,False,False,False,False,False,False,False,Jeudi-00-02h,NON,Jeudi,2020-03-26 00:00
10930,262,True,True,True,False,False,False,False,False,False,False,False,False,False,False,Jeudi-00-02h,NON,Jeudi,2020-03-26 00:00
10931,76,True,True,True,False,False,True,False,False,False,False,True,False,False,False,Jeudi-00-02h,NON,Jeudi,2020-03-26 00:00
10932,261,False,True,False,False,True,False,False,False,False,False,False,False,False,False,Jeudi-00-02h,NON,Jeudi,2020-03-26 00:00
10933,150,False,True,False,False,False,False,False,False,False,False,False,False,False,False,Jeudi-00-02h,OUI,Jeudi,2020-03-26 00:00
10934,205,False,False,False,False,False,False,False,False,False,False,False,False,False,False,Jeudi-00-02h,NON,Jeudi,2020-03-26 00:00
10935,56,False,False,False,False,True,True,False,False,False,False,False,False,False,False,Jeudi-00-02h,OUI,Jeudi,2020-03-26 00:00
10936,186,False,False,False,False,True,False,False,False,False,False,False,False,False,False,Jeudi-00-02h,OUI,Jeudi,2020-03-26 00:00
10937,162,True,False,False,False,True,True,False,False,False,False,False,False,False,False,Jeudi-00-02h,NON,Jeudi,2020-03-26 00:00
10938,68,False,True,False,False,True,True,False,False,False,False,False,False,False,False,Jeudi-00-02h,OUI,Jeudi,2020-03-26 00:00
10939,146,False,False,False,False,False,True,False,False,False,False,False,True,False,False,Jeudi-00-02h,OUI,Jeudi,2020-03-26 00:00
10940,49,False,False,False,False,False,False,False,False,False,False,False,False,True,False,Jeudi-00-02h,NON,Jeudi,2020-03-26 00:00
10941,91,True,False,True,True,False,False,False,False,False,False,False,False,False,False,Jeudi-00-02h,OUI,Jeudi,2020-03-26 00:00
10942,22,False,False,False,False,False,False,False,False,False,True,False,False,False,False,Jeudi-00-02h,NON,Jeudi,2020-03-26 00:00
10943,151,False,False,False,False,True,False,False,False,False,False,False,False,False,False,Jeudi-00-02h,NON,Jeudi,2020-03-26 00:00
10944,193,False,False,False,False,True,True,False,False,False,False,False,False,False,False,Jeudi-00-02h,OUI,Jeudi,2020-03-26 00:00
10945,9,True,True,False,False,False,False,False,False,False,False,False,False,False,False,Jeudi-00-02h,NON,Jeudi,2020-03-26 00:00
10946,99,True,False,True,False,False,False,False,False,False,False,False,False,False,False,Jeudi-00-02h,NON,Jeudi,2020-03-26 00:00
10947,181,False,False,False,False,True,True,False,False,False,False,False,False,False,False,Jeudi-00-02h,OUI,Jeudi,2020-03-26 00:00
10948,111,False,False,False,False,False,True,False,True,False,False,False,False,False,False,Jeudi-00-02h,OUI,Jeudi,2020-03-26 00:00
10949,44,False,True,False,False,False,True,False,False,False,False,False,False,False,False,Jeudi-00-02h,NON,Jeudi,2020-03-26 00:00
10950,24,False,False,False,False,True,False,False,True,False,False,False,False,False,False,Jeudi-00-02h,OUI,Jeudi,2020-03-26 00:00
10951,102,False,False,False,False,True,True,False,True,False,False,False,False,False,False,Jeudi-00-02h,OUI,Jeudi,2020-03-26 00:00
10952,203,True,True,False,False,False,False,False,True,False,False,False,False,False,False,Jeudi-00-02h,NON,Jeudi,2020-03-26 00:00
10953,140,False,False,False,False,True,True,False,True,False,False,False,False,False,False,Jeudi-00-02h,NON,Jeudi,2020-03-26 00:00
10954,188,False,False,False,False,False,True,False,False,True,False,False,False,False,False,Jeudi-00-02h,NON,Jeudi,2020-03-26 00:00
10955,206,False,False,False,True,False,False,False,False,False,False,True,False,False,False,Jeudi-00-02h,NON,Jeudi,2020-03-26 00:00
10956,273,False,False,False,False,False,False,False,False,False,False,False,True,False,False,Jeudi-00-02h,NON,Jeudi,2020-03-26 00:00
10957,69,True,False,True,False,False,False,False,False,False,False,False,False,False,False,Jeudi-00-02h,NON,Jeudi,2020-03-26 00:00
10958,87,True,False,False,True,False,False,False,False,False,False,True,False,False,False,Jeudi-00-02h,OUI,Jeudi,2020-03-26 00:00
10959,83,True,False,True,False,False,False,False,False,False,False,False,False,False,False,Jeudi-00-02h,NON,Jeudi,2020-03-26 00:00
10960,149,True,False,True,True,False,False,False,False,False,False,False,False,False,False,Jeudi-00-02h,OUI,Jeudi,2020-03-26 00:00
10961,274,False,False,False,False,False,True,False,False,False,False,False,False,False,False,Jeudi-00-02h,NON,Jeudi,2020-03-26 00:00
10962,282,True,False,True,True,False,False,False,False,False,False,False,False,False,False,Jeudi-00-02h,OUI,Jeudi,2020-03-26 00:00
10963,147,False,False,False,False,False,False,False,False,False,False,False,False,False,False,Jeudi-00-02h,NON,Jeudi,2020-03-26 00:00
10964,238,False,False,False,False,False,False,False,False,False,False,False,True,False,False,Jeudi-00-02h,NON,Jeudi,2020-03-26 00:00
10965,201,False,False,False,False,False,False,False,False,False,False,False,False,False,False,Jeudi-00-02h,NON,Jeudi,2020-03-26 00:00
10966,152,False,True,False,False,False,False,False,False,False,False,False,False,False,False,Jeudi-00-02h,NON,Jeudi,2020-03-26 00:00
10967,222,False,False,False,False,False,True,False,False,True,True,False,False,False,False,Jeudi-00-02h,NON,Jeudi,2020-03-26 00:00
10968,106,False,False,False,False,False,True,False,False,False,False,False,True,False,False,Jeudi-00-02h,NON,Jeudi,2020-03-26 00:00
10969,133,False,False,True,False,True,False,False,False,False,False,False,False,False,False,Jeudi-00-02h,NON,Jeudi,2020-03-26 00:00
10970,163,False,False,False,False,True,False,False,False,False,False,False,False,False,False,Jeudi-00-02h,NON,Jeudi,2020-03-26 00:00
10971,231,False,False,False,False,False,False,False,False,False,False,False,False,False,False,Jeudi-00-02h,NON,Jeudi,2020-03-26 00:00
10972,25,False,False,False,False,True,False,False,False,False,False,False,False,False,False,Jeudi-00-02h,NON,Jeudi,2020-03-26 00:00
10973,196,False,False,True,False,True,False,False,True,False,False,False,False,False,False,Jeudi-00-02h,OUI,Jeudi,2020-03-26 00:00
10974,5,False,False,False,False,True,True,False,False,False,False,False,False,False,False,Jeudi-00-02h,NON,Jeudi,2020-03-26 00:00
10975,90,False,True,False,False,False,False,False,False,False,False,False,False,False,False,Jeudi-00-02h,NON,Jeudi,2020-03-26 00:00
10976,244,True,False,True,False,False,False,False,False,False,False,False,False,False,False,Jeudi-00-02h,NON,Jeudi,2020-03-26 00:00
10977,107,False,True,False,False,False,True,False,False,False,False,False,False,False,False,Jeudi-00-02h,OUI,Jeudi,2020-03-26 00:00
10978,218,False,True,False,False,True,True,False,False,False,False,False,False,False,False,Jeudi-00-02h,OUI,Jeudi,2020-03-26 00:00
10979,62,False,True,True,False,True,True,False,False,False,False,False,False,False,False,Jeudi-00-02h,NON,Jeudi,2020-03-26 00:00
10980,79,False,True,False,False,False,False,False,False,False,False,False,False,False,False,Jeudi-00-02h,OUI,Jeudi,2020-03-26 00:00
10981,208,False,False,False,False,False,True,False,False,False,False,False,False,False,False,Jeudi-00-02h,NON,Jeudi,2020-03-26 00:00
10982,270,False,False,False,False,False,False,False,False,True,False,False,False,False,False,Jeudi-00-02h,NON,Jeudi,2020-03-26 00:00
10983,166,True,False,False,False,True,True,False,False,False,False,False,False,False,False,Jeudi-00-02h,OUI,Jeudi,2020-03-26 00:00
10984,77,False,False,True,False,True,False,False,False,False,False,False,False,False,False,Jeudi-00-02h,NON,Jeudi,2020-03-26 00:00
10985,29,False,False,False,False,False,True,False,False,False,False,False,True,False,False,Jeudi-00-02h,OUI,Jeudi,2020-03-26 00:00
10986,240,False,False,False,False,False,True,False,False,False,False,False,False,False,False,Jeudi-00-02h,NON,Jeudi,2020-03-26 00:00
10987,184,False,True,False,False,False,False,False,False,False,False,False,False,False,False,Jeudi-00-02h,OUI,Jeudi,2020-03-26 00:00
10988,277,False,True,True,False,False,True,False,False,False,False,False,False,False,False,Jeudi-00-02h,NON,Jeudi,2020-03-26 00:00
10989,80,True,False,False,False,False,True,False,False,False,True,False,False,False,False,Jeudi-00-02h,NON,Jeudi,2020-03-26 00:00
10990,185,True,True,True,False,False,True,False,False,False,False,True,False,True,False,Jeudi-00-02h,NON,Jeudi,2020-03-26 00:00
10991,204,False,False,False,False,True,True,False,False,False,False,False,True,False,False,Jeudi-00-02h,OUI,Jeudi,2020-03-26 00:00
10992,252,True,True,True,False,False,True,False,False,False,False,False,False,False,False,Jeudi-00-02h,NON,Jeudi,2020-03-26 00:00
10993,26,False,False,False,False,True,False,False,False,False,False,False,False,False,False,Jeudi-00-02h,NON,Jeudi,2020-03-26 00:00
10994,70,False,False,False,False,True,False,False,False,False,False,False,True,False,False,Jeudi-00-02h,OUI,Jeudi,2020-03-26 00:00
10995,233,False,False,False,False,True,False,False,False,False,False,False,False,False,False,Jeudi-00-02h,NON,Jeudi,2020-03-26 00:00
10996,37,True,True,True,False,True,True,False,False,False,False,False,False,False,False,Jeudi-00-02h,NON,Jeudi,2020-03-26 00:00
10997,185,False,False,True,False,False,False,False,False,False,False,False,False,False,False,Jeudi-00-02h,OUI,Jeudi,2020-03-26 00:00
10998,138,True,False,False,False,True,True,False,False,False,False,False,False,False,False,Jeudi-00-02h,NON,Jeudi,2020-03-26 00:00
10999,224,True,False,True,False,False,False,False,False,False,False,False,False,False,False,Jeudi-00-02h,NON,Jeudi,2020-03-26 00:00
11000,66,False,False,False,False,True,True,False,False,False,False,False,False,True,False,Jeudi-00-02h,OUI,Jeudi,2020-03-26 00:00
11001,211,False,False,True,False,False,False,False,False,False,False,False,False,True,False,Jeudi-00-02h,NON,Jeudi,2020-03-26 00:00
11002,14,False,False,False,False,True,True,False,False,False,False,False,False,False,False,Jeudi-00-02h,NON,Jeudi,2020-03-26 00:00
11003,145,False,False,False,False,True,False,False,False,False,False,False,False,False,False,Jeudi-00-02h,NON,Jeudi,2020-03-26 00:00
11004,36,False,False,False,False,False,False,False,False,False,False,False,True,False,False,Jeudi-00-02h,OUI,Jeudi,2020-03-26 00:00
11005,60,True,True,True,False,False,True,False,False,False,False,False,False,False,False,Jeudi-00-02h,NON,Jeudi,2020-03-26 00:00
11006,137,True,True,True,False,False,True,False,False,False,False,True,False,False,False,Jeudi-00-02h,OUI,Jeudi,2020-03-26 00:00
11007,285,False,True,False,False,True,True,False,False,False,False,False,False,False,False,Jeudi-00-02h,NON,Jeudi,2020-03-26 00:00
11008,40,False,True,True,False,True,True,False,False,False,False,False,False,False,False,Jeudi-00-02h,OUI,Jeudi,2020-03-26 00:00
11009,97,False,False,False,False,False,True,False,False,False,False,False,False,False,False,Jeudi-00-02h,OUI,Jeudi,2020-03-26 00:00
11010,109,True,False,True,True,False,False,False,False,False,False,False,False,False,False,Jeudi-00-02h,NON,Jeudi,2020-03-26 00:00
11011,10,False,False,False,False,False,False,False,False,False,False,False,False,False,False,Jeudi-00-02h,NON,Jeudi,2020-03-26 00:00
11012,256,False,False,False,False,False,False,False,False,False,False,False,True,False,False,Jeudi-00-02h,NON,Jeudi,2020-03-26 00:00
11013,141,True,True,True,False,False,False,False,False,False,False,True,False,False,False,Jeudi-00-02h,NON,Jeudi,2020-03-26 00:00
11014,28,False,False,False,False,False,False,False,False,False,False,False,False,False,False,Jeudi-00-02h,NON,Jeudi,2020-03-26 00:00
11015,101,True,True,True,True,True,True,False,False,False,False,False,False,False,False,Jeudi-00-02h,OUI,Jeudi,2020-03-26 00:00
11016,48,True,False,True,False,True,False,False,False,False,False,False,False,True,False,Jeudi-00-02h,OUI,Jeudi,2020-03-26 00:00
11017,27,False,False,False,False,False,True,False,False,False,False,False,False,False,False,Jeudi-00-02h,OUI,Jeudi,2020-03-26 00:00
11018,142,True,False,True,False,False,False,False,False,False,False,True,False,True,False,Jeudi-00-02h,NON,Jeudi,2020-03-26 00:00
11019,234,False,False,True,False,False,False,False,False,False,False,True,False,False,False,Jeudi-00-02h,OUI,Jeudi,2020-03-26 00:00
11020,23,False,False,False,False,True,False,False,False,False,False,False,False,False,False,Jeudi-00-02h,NON,Jeudi,2020-03-26 00:00
11021,195,False,False,False,False,True,False,False,False,True,False,False,False,False,False,Jeudi-00-02h,NON,Jeudi,2020-03-26 00:00
11022,275,False,False,False,False,False,False,False,False,False,False,False,True,False,False,Jeudi-00-02h,NON,Jeudi,2020-03-26 00:00
11023,226,False,False,False,False,True,True,False,False,False,False,False,False,False,False,Jeudi-00-02h,NON,Jeudi,2020-03-26 00:00
11024,207,False,False,True,False,False,False,False,False,False,False,False,False,False,False,Jeudi-00-02h,NON,Jeudi,2020-03-26 00:00
11025,57,False,False,False,False,False,False,False,False,False,False,False,False,False,False,Jeudi-00-02h,NON,Jeudi,2020-03-26 00:00
11026,4,False,True,False,False,False,True,False,False,False,False,False,False,False,False,Jeudi-00-02h,NON,Jeudi,2020-03-26 00:00
11027,265,False,False,False,False,False,True,False,False,False,False,False,False,False,False,Jeudi-00-02h,NON,Jeudi,2020-03-26 00:00
11028,88,False,True,False,False,False,False,False,False,False,False,False,False,False,False,Jeudi-00-02h,NON,Jeudi,2020-03-26 00:00
11029,198,False,False,False,False,False,False,False,False,False,False,True,False,False,False,Jeudi-00-02h,NON,Jeudi,2020-03-26 00:00
11030,249,True,True,True,False,False,False,False,False,False,False,False,False,False,False,Jeudi-00-02h,NON,Jeudi,2020-03-26 00:00
11031,263,False,False,False,False,True,True,False,False,False,False,False,False,False,False,Jeudi-00-02h,NON,Jeudi,2020-03-26 00:00
11032,217,True,False,True,False,False,False,False,False,False,False,False,False,True,False,Jeudi-00-02h,NON,Jeudi,2020-03-26 00:00
11033,278,False,False,False,False,True,True,False,False,False,False,False,False,False,False,Jeudi-00-02h,NON,Jeudi,2020-03-26 00:00
11034,189,False,True,False,False,False,False,False,False,False,False,False,False,False,False,Jeudi-00-02h,NON,Jeudi,2020-03-26 00:00
11035,61,True,False,True,False,False,False,False,False,False,False,False,False,False,False,Jeudi-00-02h,NON,Jeudi,2020-03-26 00:00
11036,251,False,False,False,False,False,False,False,False,False,False,False,False,True,False,Jeudi-00-02h,NON,Jeudi,2020-03-26 00:00
11037,281,False,True,False,False,False,False,False,False,False,False,False,False,False,False,Jeudi-00-02h,NON,Jeudi,2020-03-26 00:00
11038,134,False,True,False,False,False,False,False,False,False,False,False,False,False,False,Jeudi-00-02h,NON,Jeudi,2020-03-26 00:00
11039,293,False,True,False,False,False,True,False,False,False,False,False,False,False,False,Jeudi-00-02h,NON,Jeudi,2020-03-26 00:00
11040,279,True,True,True,True,False,True,False,False,False,False,False,False,False,False,Jeudi-00-02h,OUI,Jeudi,2020-03-26 00:00
11041,81,True,False,True,True,False,False,False,True,False,False,False,False,False,False,Jeudi-00-02h,NON,Jeudi,2020-03-26 00:00
11042,92,True,False,False,True,False,False,False,False,False,False,True,False,False,False,Jeudi-00-02h,NON,Jeudi,2020-03-26 00:00
11043,147,False,False,False,False,False,False,False,False,False,False,False,False,False,False,Jeudi-00-02h,NON,Jeudi,2020-03-26 00:00
11044,33,False,True,False,False,True,False,False,False,False,False,False,False,False,False,Jeudi-00-02h,NON,Jeudi,2020-03-26 00:00
11045,266,False,False,False,False,False,False,False,False,False,False,False,False,False,False,Jeudi-00-02h,NON,Jeudi,2020-03-26 00:00
11046,225,True,False,False,False,False,True,False,False,False,False,False,False,False,False,Jeudi-00-02h,NON,Jeudi,2020-03-26 00:00
11047,83,True,False,True,False,False,False,False,False,False,False,False,False,False,False,Jeudi-00-02h,NON,Jeudi,2020-03-26 00:00
11048,95,False,False,False,False,True,True,False,True,False,False,False,False,False,False,Jeudi-00-02h,NON,Jeudi,2020-03-26 00:00
11049,127,False,False,False,False,True,False,False,False,False,False,False,False,False,False,Jeudi-00-02h,NON,Jeudi,2020-03-26 00:00
11050,20,False,False,False,False,False,False,False,False,False,False,False,False,False,False,Jeudi-00-02h,NON,Jeudi,2020-03-26 00:00
11051,89,False,False,False,False,False,False,False,False,True,False,False,False,False,False,Jeudi-00-02h,OUI,Jeudi,2020-03-26 00:00
11052,120,False,True,True,False,True,True,False,True,False,False,True,False,False,False,Jeudi-00-02h,NON,Jeudi,2020-03-26 00:00
11053,253,False,False,False,False,True,True,False,False,False,False,False,True,False,False,Jeudi-00-02h,NON,Jeudi,2020-03-26 00:00
11054,52,False,False,True,False,False,False,False,False,False,False,False,False,False,False,Jeudi-00-02h,OUI,Jeudi,2020-03-26 00:00
11055,168,True,False,True,False,False,False,False,True,False,False,False,False,False,False,Jeudi-00-02h,NON,Jeudi,2020-03-26 00:00
11056,202,False,True,False,False,False,False,False,False,False,False,False,False,False,False,Jeudi-00-02h,NON,Jeudi,2020-03-26 00:00
11057,172,False,False,False,False,True,False,False,False,False,False,False,False,False,False,Jeudi-00-02h,NON,Jeudi,2020-03-26 00:00
11058,239,False,False,False,False,True,True,False,False,False,False,False,False,False,False,Jeudi-00-02h,NON,Jeudi,2020-03-26 00:00
11059,85,False,False,False,False,True,False,False,False,False,False,False,False,False,False,Jeudi-00-02h,NON,Jeudi,2020-03-26 00:00
11060,215,False,False,False,False,False,False,False,False,True,False,False,False,False,False,Jeudi-00-02h,NON,Jeudi,2020-03-26 00:00
11061,260,True,False,True,False,False,False,False,False,False,False,False,False,False,False,Jeudi-00-02h,NON,Jeudi,2020-03-26 00:00
11062,286,True,True,False,False,True,False,False,False,False,False,False,False,False,False,Jeudi-00-02h,NON,Jeudi,2020-03-26 00:00
11063,72,False,True,False,False,False,False,False,False,False,False,False,False,False,False,Jeudi-02-04h,NON,Jeudi,2020-03-26 02:00
11064,167,True,True,True,True,True,True,False,False,False,False,False,False,False,False,Jeudi-02-04h,OUI,Jeudi,2020-03-26 02:00
11065,130,True,False,True,False,False,False,False,True,False,False,False,False,True,True,Jeudi-02-04h,NON,Jeudi,2020-03-26 02:00
11066,288,True,True,True,False,True,False,False,False,False,False,False,False,False,False,Jeudi-02-04h,OUI,Jeudi,2020-03-26 02:00
11067,59,False,False,False,False,False,True,False,False,False,False,False,False,False,False,Jeudi-02-04h,NON,Jeudi,2020-03-26 02:00
11068,178,True,False,False,False,False,False,False,False,False,False,True,False,False,False,Jeudi-02-04h,OUI,Jeudi,2020-03-26 02:00
11069,254,False,False,False,False,False,False,False,False,False,False,False,True,False,False,Jeudi-02-04h,NON,Jeudi,2020-03-26 02:00
11070,34,False,False,False,False,False,False,False,False,False,False,False,False,False,False,Jeudi-02-04h,NON,Jeudi,2020-03-26 02:00
11071,264,False,False,False,False,True,True,True,False,False,False,False,False,False,False,Jeudi-02-04h,NON,Jeudi,2020-03-26 02:00
11072,158,True,False,False,False,True,False,False,False,False,True,False,False,False,False,Jeudi-02-04h,NON,Jeudi,2020-03-26 02:00
11073,210,False,True,False,False,True,True,False,False,False,False,False,False,False,False,Jeudi-02-04h,NON,Jeudi,2020-03-26 02:00
11074,93,False,False,False,False,True,False,False,False,False,False,False,False,True,False,Jeudi-02-04h,OUI,Jeudi,2020-03-26 02:00
11075,144,True,False,True,False,True,False,False,False,False,False,False,False,False,False,Jeudi-02-04h,OUI,Jeudi,2020-03-26 02:00
11076,164,False,True,False,False,True,True,False,False,False,False,False,False,False,False,Jeudi-02-04h,OUI,Jeudi,2020-03-26 02:00
11077,289,False,False,False,False,True,True,False,False,False,False,False,False,False,False,Jeudi-02-04h,NON,Jeudi,2020-03-26 02:00
11078,50,False,False,False,False,False,False,False,False,False,False,False,False,False,False,Jeudi-02-04h,NON,Jeudi,2020-03-26 02:00
11079,51,True,True,False,False,True,False,False,False,False,False,False,False,False,False,Jeudi-02-04h,OUI,Jeudi,2020-03-26 02:00
11080,247,False,False,True,False,False,False,False,False,False,False,False,False,False,False,Jeudi-02-04h,NON,Jeudi,2020-03-26 02:00
11081,159,False,False,False,False,False,False,False,True,False,False,False,False,False,False,Jeudi-02-04h,NON,Jeudi,2020-03-26 02:00
11082,54,False,False,False,False,False,True,False,False,False,False,False,False,False,False,Jeudi-02-04h,NON,Jeudi,2020-03-26 02:00
11083,55,True,False,False,False,True,True,False,True,False,False,False,False,False,False,Jeudi-02-04h,OUI,Jeudi,2020-03-26 02:00
11084,257,False,False,False,False,True,False,False,False,False,False,False,False,False,False,Jeudi-02-04h,NON,Jeudi,2020-03-26 02:00
11085,67,False,False,False,False,False,False,False,False,False,False,False,False,False,False,Jeudi-02-04h,NON,Jeudi,2020-03-26 02:00
11086,71,True,False,True,False,False,False,False,False,False,False,False,False,False,False,Jeudi-02-04h,OUI,Jeudi,2020-03-26 02:00
11087,280,False,False,False,False,False,True,False,False,False,False,False,False,False,False,Jeudi-02-04h,OUI,Jeudi,2020-03-26 02:00
11088,283,True,True,False,False,False,False,False,False,False,False,False,False,False,False,Jeudi-02-04h,OUI,Jeudi,2020-03-26 02:00
11089,154,False,False,False,False,True,True,False,False,False,False,False,True,False,False,Jeudi-02-04h,OUI,Jeudi,2020-03-26 02:00
11090,171,False,False,False,False,False,False,False,False,False,False,False,True,False,False,Jeudi-02-04h,NON,Jeudi,2020-03-26 02:00
11091,131,False,False,True,False,False,False,False,False,False,False,False,False,False,False,Jeudi-02-04h,NON,Jeudi,2020-03-26 02:00
11092,237,True,False,False,False,False,True,True,False,False,False,False,False,True,False,Jeudi-02-04h,OUI,Jeudi,2020-03-26 02:00
11093,75,False,False,False,False,True,True,False,False,False,False,False,False,False,False,Jeudi-02-04h,NON,Jeudi,2020-03-26 02:00
11094,235,True,False,False,False,True,False,False,False,False,False,False,False,False,False,Jeudi-02-04h,NON,Jeudi,2020-03-26 02:00
11095,180,False,False,False,False,True,True,False,False,False,False,False,False,False,False,Jeudi-02-04h,OUI,Jeudi,2020-03-26 02:00
11096,219,False,False,False,False,False,True,False,False,False,False,False,False,False,False,Jeudi-02-04h,NON,Jeudi,2020-03-26 02:00
11097,250,False,False,False,False,False,False,False,False,True,False,False,False,False,False,Jeudi-02-04h,NON,Jeudi,2020-03-26 02:00
11098,267,True,True,False,False,False,False,False,False,False,False,False,False,False,False,Jeudi-02-04h,NON,Jeudi,2020-03-26 02:00
11099,160,False,True,False,False,False,True,False,False,False,False,False,False,False,False,Jeudi-02-04h,NON,Jeudi,2020-03-26 02:00
11100,182,False,True,False,False,True,True,True,False,False,False,False,False,False,False,Jeudi-02-04h,NON,Jeudi,2020-03-26 02:00
11101,143,False,False,False,False,False,False,False,True,False,False,True,False,False,False,Jeudi-02-04h,NON,Jeudi,2020-03-26 02:00
11102,223,True,True,False,False,False,False,False,False,False,False,False,False,False,False,Jeudi-02-04h,NON,Jeudi,2020-03-26 02:00
11103,192,True,False,True,False,False,False,False,False,False,False,False,False,False,False,Jeudi-02-04h,NON,Jeudi,2020-03-26 02:00
11104,30,False,False,True,False,False,False,False,True,False,False,False,False,False,False,Jeudi-02-04h,NON,Jeudi,2020-03-26 02:00
11105,125,True,False,False,False,True,False,False,True,False,False,False,False,False,False,Jeudi-02-04h,NON,Jeudi,2020-03-26 02:00
11106,39,False,False,True,False,True,False,False,True,False,False,False,False,False,False,Jeudi-02-04h,NON,Jeudi,2020-03-26 02:00
11107,113,True,False,True,False,False,False,False,False,False,False,False,False,False,False,Jeudi-02-04h,NON,Jeudi,2020-03-26 02:00
11108,121,True,False,True,False,False,False,False,True,False,False,False,False,False,False,Jeudi-02-04h,OUI,Jeudi,2020-03-26 02:00
11109,228,False,False,False,False,False,False,False,False,False,False,True,False,False,False,Jeudi-02-04h,OUI,Jeudi,2020-03-26 02:00
11110,290,False,False,False,False,False,False,False,False,True,False,False,False,False,False,Jeudi-02-04h,NON,Jeudi,2020-03-26 02:00
11111,197,False,False,True,False,True,False,False,False,False,False,False,False,False,False,Jeudi-02-04h,NON,Jeudi,2020-03-26 02:00
11112,31,True,True,True,False,False,True,False,False,False,False,False,False,False,False,Jeudi-02-04h,OUI,Jeudi,2020-03-26 02:00
11113,173,True,False,False,False,True,True,False,True,False,False,False,False,False,False,Jeudi-02-04h,NON,Jeudi,2020-03-26 02:00
11114,74,True,False,False,True,False,False,False,True,False,False,True,False,False,False,Jeudi-02-04h,NON,Jeudi,2020-03-26 02:00
11115,15,False,False,True,False,False,False,False,False,False,False,False,False,False,False,Jeudi-02-04h,NON,Jeudi,2020-03-26 02:00
11116,45,True,False,False,False,True,True,False,True,False,False,False,False,False,False,Jeudi-02-04h,OUI,Jeudi,2020-03-26 02:00
11117,63,False,False,True,False,False,False,False,False,False,False,False,False,False,False,Jeudi-02-04h,NON,Jeudi,2020-03-26 02:00
11118,3,False,False,False,False,False,True,False,False,False,False,False,True,False,False,Jeudi-02-04h,OUI,Jeudi,2020-03-26 02:00
11119,21,True,False,True,False,False,False,False,False,False,False,False,False,False,False,Jeudi-02-04h,NON,Jeudi,2020-03-26 02:00
11120,78,False,True,True,False,True,True,False,True,False,False,False,False,False,False,Jeudi-02-04h,OUI,Jeudi,2020-03-26 02:00
11121,47,False,True,False,False,False,False,False,False,False,False,False,False,False,False,Jeudi-02-04h,NON,Jeudi,2020-03-26 02:00
11122,151,True,True,False,False,True,False,False,True,False,False,False,False,False,False,Jeudi-02-04h,NON,Jeudi,2020-03-26 02:00
11123,6,True,False,True,False,False,False,False,False,False,False,False,False,False,False,Jeudi-02-04h,OUI,Jeudi,2020-03-26 02:00
11124,135,True,False,True,False,False,False,False,False,False,False,False,False,True,False,Jeudi-02-04h,OUI,Jeudi,2020-03-26 02:00
11125,221,False,False,False,False,True,True,False,False,False,False,False,False,False,False,Jeudi-02-04h,NON,Jeudi,2020-03-26 02:00
11126,170,False,False,True,False,False,False,False,False,False,False,True,False,False,True,Jeudi-02-04h,NON,Jeudi,2020-03-26 02:00
11127,129,False,True,False,False,False,False,False,False,False,False,False,False,False,False,Jeudi-02-04h,OUI,Jeudi,2020-03-26 02:00
11128,132,True,True,True,False,False,True,False,False,False,False,False,False,False,False,Jeudi-02-04h,OUI,Jeudi,2020-03-26 02:00
11129,110,False,True,False,False,False,False,False,False,False,False,False,False,False,False,Jeudi-02-04h,OUI,Jeudi,2020-03-26 02:00
11130,191,False,False,False,False,False,True,False,False,False,False,False,False,False,False,Jeudi-02-04h,OUI,Jeudi,2020-03-26 02:00
11131,94,True,True,True,False,False,True,False,False,False,False,True,False,True,False,Jeudi-02-04h,NON,Jeudi,2020-03-26 02:00
11132,108,False,False,False,False,False,True,True,False,False,False,False,False,False,False,Jeudi-02-04h,OUI,Jeudi,2020-03-26 02:00
11133,236,False,False,False,False,True,True,False,False,False,False,False,False,False,False,Jeudi-02-04h,OUI,Jeudi,2020-03-26 02:00
11134,42,True,False,True,False,True,False,False,False,False,False,False,False,False,False,Jeudi-02-04h,NON,Jeudi,2020-03-26 02:00
11135,155,True,False,False,False,True,False,False,False,False,False,False,False,False,False,Jeudi-02-04h,NON,Jeudi,2020-03-26 02:00
11136,1,False,False,False,False,False,False,False,False,False,False,False,False,False,False,Jeudi-02-04h,NON,Jeudi,2020-03-26 02:00
11137,58,False,True,True,False,False,True,False,False,False,False,True,False,False,False,Jeudi-02-04h,OUI,Jeudi,2020-03-26 02:00
11138,0,False,True,False,False,False,False,False,False,False,False,False,False,False,False,Jeudi-02-04h,OUI,Jeudi,2020-03-26 02:00
11139,269,False,False,False,False,False,False,False,False,False,False,False,False,False,False,Jeudi-02-04h,NON,Jeudi,2020-03-26 02:00
11140,2,True,False,True,False,False,False,False,False,False,False,False,False,False,False,Jeudi-02-04h,NON,Jeudi,2020-03-26 02:00
11141,103,False,False,False,False,True,False,False,False,False,False,False,False,False,False,Jeudi-02-04h,NON,Jeudi,2020-03-26 02:00
11142,12,False,True,False,False,True,False,False,False,False,False,False,False,False,False,Jeudi-02-04h,OUI,Jeudi,2020-03-26 02:00
11143,245,True,False,False,False,True,True,False,True,False,False,False,False,False,False,Jeudi-02-04h,NON,Jeudi,2020-03-26 02:00
11144,161,False,False,True,False,False,False,False,False,False,False,True,False,False,False,Jeudi-02-04h,NON,Jeudi,2020-03-26 02:00
11145,38,False,False,False,False,False,False,False,False,True,False,False,False,False,False,Jeudi-02-04h,NON,Jeudi,2020-03-26 02:00
11146,122,False,False,False,False,False,False,False,False,False,False,False,False,False,False,Jeudi-02-04h,NON,Jeudi,2020-03-26 02:00
11147,248,False,False,True,False,False,False,False,False,False,False,False,False,True,False,Jeudi-02-04h,NON,Jeudi,2020-03-26 02:00
11148,271,False,True,True,False,False,True,False,False,False,False,False,False,False,False,Jeudi-02-04h,OUI,Jeudi,2020-03-26 02:00
11149,116,False,False,True,False,False,False,False,False,False,False,False,False,False,False,Jeudi-02-04h,OUI,Jeudi,2020-03-26 02:00
11150,117,True,True,True,True,False,True,False,False,False,False,False,False,False,False,Jeudi-02-04h,NON,Jeudi,2020-03-26 02:00
11151,213,False,False,False,False,True,True,False,True,False,False,False,False,False,False,Jeudi-02-04h,NON,Jeudi,2020-03-26 02:00
11152,220,False,True,True,False,False,True,False,False,False,False,False,False,False,False,Jeudi-02-04h,OUI,Jeudi,2020-03-26 02:00
11153,176,False,False,True,False,False,False,False,False,False,False,False,False,False,False,Jeudi-02-04h,NON,Jeudi,2020-03-26 02:00
11154,96,False,False,False,False,True,True,False,False,False,True,False,False,False,False,Jeudi-02-04h,NON,Jeudi,2020-03-26 02:00
11155,214,False,False,False,False,True,True,False,False,False,True,False,False,False,False,Jeudi-02-04h,OUI,Jeudi,2020-03-26 02:00
11156,11,True,False,False,True,False,False,False,False,False,False,True,False,False,False,Jeudi-02-04h,NON,Jeudi,2020-03-26 02:00
11157,255,True,False,True,False,False,False,False,True,False,False,False,False,False,False,Jeudi-02-04h,OUI,Jeudi,2020-03-26 02:00
11158,86,False,False,True,False,False,False,False,False,False,False,False,False,False,False,Jeudi-02-04h,OUI,Jeudi,2020-03-26 02:00
11159,209,True,False,False,False,True,True,False,True,False,False,False,False,False,False,Jeudi-02-04h,OUI,Jeudi,2020-03-26 02:00
11160,291,False,False,False,False,False,True,False,False,True,False,False,False,False,False,Jeudi-02-04h,OUI,Jeudi,2020-03-26 02:00
11161,287,False,False,False,False,False,False,False,False,False,False,False,True,False,False,Jeudi-02-04h,NON,Jeudi,2020-03-26 02:00
11162,104,False,False,False,False,True,True,False,False,False,False,False,False,False,False,Jeudi-02-04h,NON,Jeudi,2020-03-26 02:00
11163,18,False,False,False,False,True,False,False,False,False,False,False,False,False,False,Jeudi-02-04h,OUI,Jeudi,2020-03-26 02:00
11164,123,False,True,False,False,True,True,False,False,False,False,False,False,False,False,Jeudi-02-04h,NON,Jeudi,2020-03-26 02:00
11165,136,False,False,False,False,True,False,False,False,False,False,False,False,False,False,Jeudi-02-04h,NON,Jeudi,2020-03-26 02:00
11166,276,True,False,True,False,False,False,False,False,False,False,False,False,False,False,Jeudi-02-04h,NON,Jeudi,2020-03-26 02:00
11167,53,False,False,False,False,True,True,False,False,False,False,False,False,False,False,Jeudi-02-04h,OUI,Jeudi,2020-03-26 02:00
11168,179,True,False,True,False,False,False,False,False,False,False,False,False,False,False,Jeudi-02-04h,OUI,Jeudi,2020-03-26 02:00
11169,200,False,False,False,False,False,False,False,False,False,False,False,False,False,False,Jeudi-02-04h,NON,Jeudi,2020-03-26 02:00
11170,73,False,False,False,False,False,False,False,False,False,False,False,False,False,False,Jeudi-02-04h,NON,Jeudi,2020-03-26 02:00
11171,156,False,False,False,False,True,True,False,False,False,False,False,False,False,False,Jeudi-02-04h,NON,Jeudi,2020-03-26 02:00
11172,128,True,True,True,False,False,True,False,False,False,False,False,False,False,False,Jeudi-02-04h,NON,Jeudi,2020-03-26 02:00
11173,118,False,False,False,False,False,False,False,False,False,False,False,False,False,False,Jeudi-02-04h,NON,Jeudi,2020-03-26 02:00
11174,112,True,False,True,False,False,False,False,False,False,False,False,False,False,False,Jeudi-02-04h,NON,Jeudi,2020-03-26 02:00
11175,35,False,False,False,False,True,True,False,False,False,False,False,False,False,False,Jeudi-02-04h,NON,Jeudi,2020-03-26 02:00
11176,32,False,False,False,False,False,False,False,False,False,False,False,True,False,False,Jeudi-02-04h,NON,Jeudi,2020-03-26 02:00
11177,199,True,False,True,False,False,False,False,False,False,False,False,False,False,False,Jeudi-02-04h,NON,Jeudi,2020-03-26 02:00
11178,153,True,False,False,False,True,True,False,False,False,False,False,False,False,False,Jeudi-02-04h,NON,Jeudi,2020-03-26 02:00
11179,82,False,False,True,False,False,False,False,False,False,False,False,False,False,False,Jeudi-02-04h,NON,Jeudi,2020-03-26 02:00
11180,292,False,True,False,False,False,False,False,False,False,False,False,False,False,False,Jeudi-02-04h,OUI,Jeudi,2020-03-26 02:00
11181,169,False,False,False,True,False,False,False,False,False,False,False,False,False,False,Jeudi-02-04h,NON,Jeudi,2020-03-26 02:00
11182,16,False,False,False,False,True,True,False,False,False,False,False,False,False,False,Jeudi-02-04h,OUI,Jeudi,2020-03-26 02:00
11183,46,True,True,True,False,False,True,True,False,False,False,False,False,False,False,Jeudi-02-04h,OUI,Jeudi,2020-03-26 02:00
11184,216,False,True,False,False,False,True,False,False,False,False,False,False,False,False,Jeudi-02-04h,OUI,Jeudi,2020-03-26 02:00
11185,174,False,True,True,False,False,True,False,False,False,False,True,False,False,False,Jeudi-02-04h,NON,Jeudi,2020-03-26 02:00
11186,43,False,False,False,False,True,False,False,False,False,False,False,False,False,False,Jeudi-02-04h,NON,Jeudi,2020-03-26 02:00
11187,165,False,False,False,False,True,True,False,False,False,False,False,False,False,False,Jeudi-02-04h,NON,Jeudi,2020-03-26 02:00
11188,126,False,True,False,False,False,True,False,False,False,False,False,False,False,False,Jeudi-02-04h,OUI,Jeudi,2020-03-26 02:00
11189,41,False,False,False,False,False,True,False,False,True,False,False,False,False,False,Jeudi-02-04h,NON,Jeudi,2020-03-26 02:00
11190,157,False,False,True,False,False,False,False,False,False,False,False,False,False,False,Jeudi-02-04h,NON,Jeudi,2020-03-26 02:00
11191,272,False,True,True,False,False,False,True,False,False,False,True,False,True,True,Jeudi-02-04h,OUI,Jeudi,2020-03-26 02:00
11192,115,True,False,True,False,False,False,False,False,False,False,False,False,False,False,Jeudi-02-04h,NON,Jeudi,2020-03-26 02:00
11193,84,False,False,False,False,False,False,False,False,False,False,False,True,False,False,Jeudi-02-04h,NON,Jeudi,2020-03-26 02:00
11194,183,True,True,True,True,False,False,False,False,False,False,False,False,False,False,Jeudi-02-04h,NON,Jeudi,2020-03-26 02:00
11195,65,True,True,False,False,False,True,False,False,False,False,False,False,False,False,Jeudi-02-04h,OUI,Jeudi,2020-03-26 02:00
11196,105,True,False,False,False,False,False,False,False,False,False,False,False,False,False,Jeudi-02-04h,OUI,Jeudi,2020-03-26 02:00
11197,187,True,False,False,False,False,True,False,False,False,False,False,False,False,False,Jeudi-02-04h,NON,Jeudi,2020-03-26 02:00
11198,139,True,False,True,False,False,False,False,False,False,False,False,False,False,False,Jeudi-02-04h,NON,Jeudi,2020-03-26 02:00
11199,259,False,False,False,False,True,True,False,False,False,False,False,False,False,False,Jeudi-02-04h,OUI,Jeudi,2020-03-26 02:00
11200,124,True,False,True,False,False,False,False,False,False,False,True,False,False,False,Jeudi-02-04h,OUI,Jeudi,2020-03-26 02:00
11201,98,False,False,False,False,False,True,False,False,False,False,False,True,False,False,Jeudi-02-04h,OUI,Jeudi,2020-03-26 02:00
11202,284,False,True,True,False,False,True,False,False,False,False,False,False,True,False,Jeudi-02-04h,OUI,Jeudi,2020-03-26 02:00
11203,148,True,False,True,False,True,False,False,True,False,False,False,False,False,False,Jeudi-02-04h,NON,Jeudi,2020-03-26 02:00
11204,258,True,False,True,False,False,False,False,False,False,False,False,False,False,False,Jeudi-02-04h,OUI,Jeudi,2020-03-26 02:00
11205,175,False,False,False,False,False,True,False,False,False,False,False,False,False,False,Jeudi-02-04h,NON,Jeudi,2020-03-26 02:00
11206,119,False,False,False,False,False,False,False,False,False,False,True,False,False,False,Jeudi-02-04h,NON,Jeudi,2020-03-26 02:00
11207,229,True,False,True,False,False,False,False,True,False,False,False,False,False,False,Jeudi-02-04h,OUI,Jeudi,2020-03-26 02:00
11208,230,False,False,False,False,False,True,True,False,False,False,False,False,False,False,Jeudi-02-04h,NON,Jeudi,2020-03-26 02:00
11209,17,True,False,False,False,False,True,True,False,False,False,False,False,False,False,Jeudi-02-04h,NON,Jeudi,2020-03-26 02:00
11210,177,False,False,False,False,False,False,False,False,False,False,False,False,False,False,Jeudi-02-04h,NON,Jeudi,2020-03-26 02:00
11211,7,False,False,False,False,False,False,False,False,False,False,False,False,False,False,Jeudi-02-04h,NON,Jeudi,2020-03-26 02:00
11212,241,False,False,True,False,False,False,False,False,False,False,False,False,False,False,Jeudi-02-04h,NON,Jeudi,2020-03-26 02:00
11213,8,True,False,False,False,True,True,False,True,False,False,False,False,False,False,Jeudi-02-04h,NON,Jeudi,2020-03-26 02:00
11214,268,False,True,False,False,False,True,False,False,False,False,False,False,False,False,Jeudi-02-04h,OUI,Jeudi,2020-03-26 02:00
11215,294,False,False,True,False,True,False,False,False,False,False,False,False,False,False,Jeudi-02-04h,OUI,Jeudi,2020-03-26 02:00
11216,242,True,False,False,False,True,True,False,False,False,False,False,False,False,False,Jeudi-02-04h,NON,Jeudi,2020-03-26 02:00
11217,194,False,False,False,False,False,True,False,False,False,False,False,False,False,False,Jeudi-02-04h,NON,Jeudi,2020-03-26 02:00
11218,243,False,False,False,False,True,True,False,False,False,False,False,False,False,False,Jeudi-02-04h,OUI,Jeudi,2020-03-26 02:00
11219,212,True,True,True,False,False,True,False,False,False,False,False,False,False,False,Jeudi-02-04h,OUI,Jeudi,2020-03-26 02:00
11220,19,False,False,False,False,False,True,False,False,False,False,False,False,False,False,Jeudi-02-04h,OUI,Jeudi,2020-03-26 02:00
11221,114,False,False,False,False,True,False,False,False,False,False,False,False,False,False,Jeudi-02-04h,OUI,Jeudi,2020-03-26 02:00
11222,190,False,False,False,False,False,True,False,False,True,False,False,False,False,False,Jeudi-02-04h,NON,Jeudi,2020-03-26 02:00
11223,64,False,False,True,False,False,False,False,False,False,False,False,False,False,False,Jeudi-02-04h,NON,Jeudi,2020-03-26 02:00
11224,227,False,False,False,False,False,False,False,False,False,False,False,False,False,False,Jeudi-02-04h,NON,Jeudi,2020-03-26 02:00
11225,232,False,False,False,False,False,True,False,False,False,False,False,False,False,False,Jeudi-02-04h,OUI,Jeudi,2020-03-26 02:00
11226,246,False,True,False,False,False,True,True,False,False,False,False,False,False,False,Jeudi-02-04h,NON,Jeudi,2020-03-26 02:00
11227,100,False,False,False,False,False,True,False,False,False,False,False,False,False,False,Jeudi-02-04h,NON,Jeudi,2020-03-26 02:00
11228,13,False,False,False,False,True,False,False,False,False,False,False,False,False,False,Jeudi-02-04h,NON,Jeudi,2020-03-26 02:00
11229,262,True,True,True,False,False,False,False,False,False,False,False,False,False,False,Jeudi-02-04h,NON,Jeudi,2020-03-26 02:00
11230,76,True,True,True,False,False,True,False,False,False,False,True,False,False,False,Jeudi-02-04h,NON,Jeudi,2020-03-26 02:00
11231,261,False,True,False,False,True,False,False,False,False,False,False,False,False,False,Jeudi-02-04h,NON,Jeudi,2020-03-26 02:00
11232,150,False,True,False,False,False,False,False,False,False,False,False,False,False,False,Jeudi-02-04h,NON,Jeudi,2020-03-26 02:00
11233,205,False,False,False,False,False,False,False,False,False,False,False,False,False,False,Jeudi-02-04h,NON,Jeudi,2020-03-26 02:00
11234,56,False,False,False,False,True,True,False,False,False,False,False,False,False,False,Jeudi-02-04h,OUI,Jeudi,2020-03-26 02:00
11235,186,False,False,False,False,True,False,False,False,False,False,False,False,False,False,Jeudi-02-04h,OUI,Jeudi,2020-03-26 02:00
11236,162,True,False,False,False,True,True,False,False,False,False,False,False,False,False,Jeudi-02-04h,NON,Jeudi,2020-03-26 02:00
11237,68,False,True,False,False,True,True,False,False,False,False,False,False,False,False,Jeudi-02-04h,NON,Jeudi,2020-03-26 02:00
11238,146,False,False,False,False,False,True,False,False,False,False,False,True,False,False,Jeudi-02-04h,OUI,Jeudi,2020-03-26 02:00
11239,49,False,False,False,False,False,False,False,False,False,False,False,False,True,False,Jeudi-02-04h,NON,Jeudi,2020-03-26 02:00
11240,91,True,False,True,True,False,False,False,False,False,False,False,False,False,False,Jeudi-02-04h,OUI,Jeudi,2020-03-26 02:00
11241,22,False,False,False,False,False,False,False,False,False,True,False,False,False,False,Jeudi-02-04h,NON,Jeudi,2020-03-26 02:00
11242,151,False,False,False,False,True,False,False,False,False,False,False,False,False,False,Jeudi-02-04h,NON,Jeudi,2020-03-26 02:00
11243,193,False,False,False,False,True,True,False,False,False,False,False,False,False,False,Jeudi-02-04h,OUI,Jeudi,2020-03-26 02:00
11244,9,True,True,False,False,False,False,False,False,False,False,False,False,False,False,Jeudi-02-04h,NON,Jeudi,2020-03-26 02:00
11245,99,True,False,True,False,False,False,False,False,False,False,False,False,False,False,Jeudi-02-04h,NON,Jeudi,2020-03-26 02:00
11246,181,False,False,False,False,True,True,False,False,False,False,False,False,False,False,Jeudi-02-04h,OUI,Jeudi,2020-03-26 02:00
11247,111,False,False,False,False,False,True,False,True,False,False,False,False,False,False,Jeudi-02-04h,OUI,Jeudi,2020-03-26 02:00
11248,44,False,True,False,False,False,True,False,False,False,False,False,False,False,False,Jeudi-02-04h,NON,Jeudi,2020-03-26 02:00
11249,24,False,False,False,False,True,False,False,True,False,False,False,False,False,False,Jeudi-02-04h,OUI,Jeudi,2020-03-26 02:00
11250,102,False,False,False,False,True,True,False,True,False,False,False,False,False,False,Jeudi-02-04h,OUI,Jeudi,2020-03-26 02:00
11251,203,True,True,False,False,False,False,False,True,False,False,False,False,False,False,Jeudi-02-04h,NON,Jeudi,2020-03-26 02:00
11252,140,False,False,False,False,True,True,False,True,False,False,False,False,False,False,Jeudi-02-04h,NON,Jeudi,2020-03-26 02:00
11253,188,False,False,False,False,False,True,False,False,True,False,False,False,False,False,Jeudi-02-04h,NON,Jeudi,2020-03-26 02:00
11254,206,False,False,False,True,False,False,False,False,False,False,True,False,False,False,Jeudi-02-04h,NON,Jeudi,2020-03-26 02:00
11255,273,False,False,False,False,False,False,False,False,False,False,False,True,False,False,Jeudi-02-04h,NON,Jeudi,2020-03-26 02:00
11256,69,True,False,True,False,False,False,False,False,False,False,False,False,False,False,Jeudi-02-04h,NON,Jeudi,2020-03-26 02:00
11257,87,True,False,False,True,False,False,False,False,False,False,True,False,False,False,Jeudi-02-04h,OUI,Jeudi,2020-03-26 02:00
11258,83,True,False,True,False,False,False,False,False,False,False,False,False,False,False,Jeudi-02-04h,NON,Jeudi,2020-03-26 02:00
11259,149,True,False,True,True,False,False,False,False,False,False,False,False,False,False,Jeudi-02-04h,NON,Jeudi,2020-03-26 02:00
11260,274,False,False,False,False,False,True,False,False,False,False,False,False,False,False,Jeudi-02-04h,NON,Jeudi,2020-03-26 02:00
11261,282,True,False,True,True,False,False,False,False,False,False,False,False,False,False,Jeudi-02-04h,OUI,Jeudi,2020-03-26 02:00
11262,147,False,False,False,False,False,False,False,False,False,False,False,False,False,False,Jeudi-02-04h,NON,Jeudi,2020-03-26 02:00
11263,238,False,False,False,False,False,False,False,False,False,False,False,True,False,False,Jeudi-02-04h,NON,Jeudi,2020-03-26 02:00
11264,201,False,False,False,False,False,False,False,False,False,False,False,False,False,False,Jeudi-02-04h,NON,Jeudi,2020-03-26 02:00
11265,152,False,True,False,False,False,False,False,False,False,False,False,False,False,False,Jeudi-02-04h,NON,Jeudi,2020-03-26 02:00
11266,222,False,False,False,False,False,True,False,False,True,True,False,False,False,False,Jeudi-02-04h,NON,Jeudi,2020-03-26 02:00
11267,106,False,False,False,False,False,True,False,False,False,False,False,True,False,False,Jeudi-02-04h,NON,Jeudi,2020-03-26 02:00
11268,133,False,False,True,False,True,False,False,False,False,False,False,False,False,False,Jeudi-02-04h,NON,Jeudi,2020-03-26 02:00
11269,163,False,False,False,False,True,False,False,False,False,False,False,False,False,False,Jeudi-02-04h,NON,Jeudi,2020-03-26 02:00
11270,231,False,False,False,False,False,False,False,False,False,False,False,False,False,False,Jeudi-02-04h,NON,Jeudi,2020-03-26 02:00
11271,25,False,False,False,False,True,False,False,False,False,False,False,False,False,False,Jeudi-02-04h,NON,Jeudi,2020-03-26 02:00
11272,196,False,False,True,False,True,False,False,True,False,False,False,False,False,False,Jeudi-02-04h,OUI,Jeudi,2020-03-26 02:00
11273,5,False,False,False,False,True,True,False,False,False,False,False,False,False,False,Jeudi-02-04h,NON,Jeudi,2020-03-26 02:00
11274,90,False,True,False,False,False,False,False,False,False,False,False,False,False,False,Jeudi-02-04h,NON,Jeudi,2020-03-26 02:00
11275,244,True,False,True,False,False,False,False,False,False,False,False,False,False,False,Jeudi-02-04h,NON,Jeudi,2020-03-26 02:00
11276,107,False,True,False,False,False,True,False,False,False,False,False,False,False,False,Jeudi-02-04h,OUI,Jeudi,2020-03-26 02:00
11277,218,False,True,False,False,True,True,False,False,False,False,False,False,False,False,Jeudi-02-04h,OUI,Jeudi,2020-03-26 02:00
11278,62,False,True,True,False,True,True,False,False,False,False,False,False,False,False,Jeudi-02-04h,NON,Jeudi,2020-03-26 02:00
11279,79,False,True,False,False,False,False,False,False,False,False,False,False,False,False,Jeudi-02-04h,OUI,Jeudi,2020-03-26 02:00
11280,208,False,False,False,False,False,True,False,False,False,False,False,False,False,False,Jeudi-02-04h,NON,Jeudi,2020-03-26 02:00
11281,270,False,False,False,False,False,False,False,False,True,False,False,False,False,False,Jeudi-02-04h,NON,Jeudi,2020-03-26 02:00
11282,166,True,False,False,False,True,True,False,False,False,False,False,False,False,False,Jeudi-02-04h,OUI,Jeudi,2020-03-26 02:00
11283,77,False,False,True,False,True,False,False,False,False,False,False,False,False,False,Jeudi-02-04h,NON,Jeudi,2020-03-26 02:00
11284,29,False,False,False,False,False,True,False,False,False,False,False,True,False,False,Jeudi-02-04h,OUI,Jeudi,2020-03-26 02:00
11285,240,False,False,False,False,False,True,False,False,False,False,False,False,False,False,Jeudi-02-04h,NON,Jeudi,2020-03-26 02:00
11286,184,False,True,False,False,False,False,False,False,False,False,False,False,False,False,Jeudi-02-04h,OUI,Jeudi,2020-03-26 02:00
11287,277,False,True,True,False,False,True,False,False,False,False,False,False,False,False,Jeudi-02-04h,NON,Jeudi,2020-03-26 02:00
11288,80,True,False,False,False,False,True,False,False,False,True,False,False,False,False,Jeudi-02-04h,NON,Jeudi,2020-03-26 02:00
11289,185,True,True,True,False,False,True,False,False,False,False,True,False,True,False,Jeudi-02-04h,NON,Jeudi,2020-03-26 02:00
11290,204,False,False,False,False,True,True,False,False,False,False,False,True,False,False,Jeudi-02-04h,OUI,Jeudi,2020-03-26 02:00
11291,252,True,True,True,False,False,True,False,False,False,False,False,False,False,False,Jeudi-02-04h,NON,Jeudi,2020-03-26 02:00
11292,26,False,False,False,False,True,False,False,False,False,False,False,False,False,False,Jeudi-02-04h,NON,Jeudi,2020-03-26 02:00
11293,70,False,False,False,False,True,False,False,False,False,False,False,True,False,False,Jeudi-02-04h,OUI,Jeudi,2020-03-26 02:00
11294,233,False,False,False,False,True,False,False,False,False,False,False,False,False,False,Jeudi-02-04h,NON,Jeudi,2020-03-26 02:00
11295,37,True,True,True,False,True,True,False,False,False,False,False,False,False,False,Jeudi-02-04h,NON,Jeudi,2020-03-26 02:00
11296,185,False,False,True,False,False,False,False,False,False,False,False,False,False,False,Jeudi-02-04h,OUI,Jeudi,2020-03-26 02:00
11297,138,True,False,False,False,True,True,False,False,False,False,False,False,False,False,Jeudi-02-04h,NON,Jeudi,2020-03-26 02:00
11298,224,True,False,True,False,False,False,False,False,False,False,False,False,False,False,Jeudi-02-04h,NON,Jeudi,2020-03-26 02:00
11299,66,False,False,False,False,True,True,False,False,False,False,False,False,True,False,Jeudi-02-04h,OUI,Jeudi,2020-03-26 02:00
11300,211,False,False,True,False,False,False,False,False,False,False,False,False,True,False,Jeudi-02-04h,NON,Jeudi,2020-03-26 02:00
11301,14,False,False,False,False,True,True,False,False,False,False,False,False,False,False,Jeudi-02-04h,NON,Jeudi,2020-03-26 02:00
11302,145,False,False,False,False,True,False,False,False,False,False,False,False,False,False,Jeudi-02-04h,NON,Jeudi,2020-03-26 02:00
11303,36,False,False,False,False,False,False,False,False,False,False,False,True,False,False,Jeudi-02-04h,OUI,Jeudi,2020-03-26 02:00
11304,60,True,True,True,False,False,True,False,False,False,False,False,False,False,False,Jeudi-02-04h,NON,Jeudi,2020-03-26 02:00
11305,137,True,True,True,False,False,True,False,False,False,False,True,False,False,False,Jeudi-02-04h,OUI,Jeudi,2020-03-26 02:00
11306,285,False,True,False,False,True,True,False,False,False,False,False,False,False,False,Jeudi-02-04h,NON,Jeudi,2020-03-26 02:00
11307,40,False,True,True,False,True,True,False,False,False,False,False,False,False,False,Jeudi-02-04h,OUI,Jeudi,2020-03-26 02:00
11308,97,False,False,False,False,False,True,False,False,False,False,False,False,False,False,Jeudi-02-04h,OUI,Jeudi,2020-03-26 02:00
11309,109,True,False,True,True,False,False,False,False,False,False,False,False,False,False,Jeudi-02-04h,NON,Jeudi,2020-03-26 02:00
11310,10,False,False,False,False,False,False,False,False,False,False,False,False,False,False,Jeudi-02-04h,NON,Jeudi,2020-03-26 02:00
11311,256,False,False,False,False,False,False,False,False,False,False,False,True,False,False,Jeudi-02-04h,NON,Jeudi,2020-03-26 02:00
11312,141,True,True,True,False,False,False,False,False,False,False,True,False,False,False,Jeudi-02-04h,NON,Jeudi,2020-03-26 02:00
11313,28,False,False,False,False,False,False,False,False,False,False,False,False,False,False,Jeudi-02-04h,NON,Jeudi,2020-03-26 02:00
11314,101,True,True,True,True,True,True,False,False,False,False,False,False,False,False,Jeudi-02-04h,OUI,Jeudi,2020-03-26 02:00
11315,48,True,False,True,False,True,False,False,False,False,False,False,False,True,False,Jeudi-02-04h,OUI,Jeudi,2020-03-26 02:00
11316,27,False,False,False,False,False,True,False,False,False,False,False,False,False,False,Jeudi-02-04h,OUI,Jeudi,2020-03-26 02:00
11317,142,True,False,True,False,False,False,False,False,False,False,True,False,True,False,Jeudi-02-04h,NON,Jeudi,2020-03-26 02:00
11318,234,False,False,True,False,False,False,False,False,False,False,True,False,False,False,Jeudi-02-04h,NON,Jeudi,2020-03-26 02:00
11319,23,False,False,False,False,True,False,False,False,False,False,False,False,False,False,Jeudi-02-04h,NON,Jeudi,2020-03-26 02:00
11320,195,False,False,False,False,True,False,False,False,True,False,False,False,False,False,Jeudi-02-04h,NON,Jeudi,2020-03-26 02:00
11321,275,False,False,False,False,False,False,False,False,False,False,False,True,False,False,Jeudi-02-04h,NON,Jeudi,2020-03-26 02:00
11322,226,False,False,False,False,True,True,False,False,False,False,False,False,False,False,Jeudi-02-04h,NON,Jeudi,2020-03-26 02:00
11323,207,False,False,True,False,False,False,False,False,False,False,False,False,False,False,Jeudi-02-04h,NON,Jeudi,2020-03-26 02:00
11324,57,False,False,False,False,False,False,False,False,False,False,False,False,False,False,Jeudi-02-04h,NON,Jeudi,2020-03-26 02:00
11325,4,False,True,False,False,False,True,False,False,False,False,False,False,False,False,Jeudi-02-04h,NON,Jeudi,2020-03-26 02:00
11326,265,False,False,False,False,False,True,False,False,False,False,False,False,False,False,Jeudi-02-04h,NON,Jeudi,2020-03-26 02:00
11327,88,False,True,False,False,False,False,False,False,False,False,False,False,False,False,Jeudi-02-04h,NON,Jeudi,2020-03-26 02:00
11328,198,False,False,False,False,False,False,False,False,False,False,True,False,False,False,Jeudi-02-04h,NON,Jeudi,2020-03-26 02:00
11329,249,True,True,True,False,False,False,False,False,False,False,False,False,False,False,Jeudi-02-04h,NON,Jeudi,2020-03-26 02:00
11330,263,False,False,False,False,True,True,False,False,False,False,False,False,False,False,Jeudi-02-04h,NON,Jeudi,2020-03-26 02:00
11331,217,True,False,True,False,False,False,False,False,False,False,False,False,True,False,Jeudi-02-04h,NON,Jeudi,2020-03-26 02:00
11332,278,False,False,False,False,True,True,False,False,False,False,False,False,False,False,Jeudi-02-04h,NON,Jeudi,2020-03-26 02:00
11333,189,False,True,False,False,False,False,False,False,False,False,False,False,False,False,Jeudi-02-04h,NON,Jeudi,2020-03-26 02:00
11334,61,True,False,True,False,False,False,False,False,False,False,False,False,False,False,Jeudi-02-04h,NON,Jeudi,2020-03-26 02:00
11335,251,False,False,False,False,False,False,False,False,False,False,False,False,True,False,Jeudi-02-04h,NON,Jeudi,2020-03-26 02:00
11336,281,False,True,False,False,False,False,False,False,False,False,False,False,False,False,Jeudi-02-04h,NON,Jeudi,2020-03-26 02:00
11337,134,False,True,False,False,False,False,False,False,False,False,False,False,False,False,Jeudi-02-04h,NON,Jeudi,2020-03-26 02:00
11338,293,False,True,False,False,False,True,False,False,False,False,False,False,False,False,Jeudi-02-04h,NON,Jeudi,2020-03-26 02:00
11339,279,True,True,True,True,False,True,False,False,False,False,False,False,False,False,Jeudi-02-04h,OUI,Jeudi,2020-03-26 02:00
11340,81,True,False,True,True,False,False,False,True,False,False,False,False,False,False,Jeudi-02-04h,NON,Jeudi,2020-03-26 02:00
11341,92,True,False,False,True,False,False,False,False,False,False,True,False,False,False,Jeudi-02-04h,NON,Jeudi,2020-03-26 02:00
11342,147,False,False,False,False,False,False,False,False,False,False,False,False,False,False,Jeudi-02-04h,NON,Jeudi,2020-03-26 02:00
11343,33,False,True,False,False,True,False,False,False,False,False,False,False,False,False,Jeudi-02-04h,NON,Jeudi,2020-03-26 02:00
11344,266,False,False,False,False,False,False,False,False,False,False,False,False,False,False,Jeudi-02-04h,NON,Jeudi,2020-03-26 02:00
11345,225,True,False,False,False,False,True,False,False,False,False,False,False,False,False,Jeudi-02-04h,NON,Jeudi,2020-03-26 02:00
11346,83,True,False,True,False,False,False,False,False,False,False,False,False,False,False,Jeudi-02-04h,NON,Jeudi,2020-03-26 02:00
11347,95,False,False,False,False,True,True,False,True,False,False,False,False,False,False,Jeudi-02-04h,NON,Jeudi,2020-03-26 02:00
11348,127,False,False,False,False,True,False,False,False,False,False,False,False,False,False,Jeudi-02-04h,NON,Jeudi,2020-03-26 02:00
11349,20,False,False,False,False,False,False,False,False,False,False,False,False,False,False,Jeudi-02-04h,NON,Jeudi,2020-03-26 02:00
11350,89,False,False,False,False,False,False,False,False,True,False,False,False,False,False,Jeudi-02-04h,OUI,Jeudi,2020-03-26 02:00
11351,120,False,True,True,False,True,True,False,True,False,False,True,False,False,False,Jeudi-02-04h,NON,Jeudi,2020-03-26 02:00
11352,253,False,False,False,False,True,True,False,False,False,False,False,True,False,False,Jeudi-02-04h,NON,Jeudi,2020-03-26 02:00
11353,52,False,False,True,False,False,False,False,False,False,False,False,False,False,False,Jeudi-02-04h,OUI,Jeudi,2020-03-26 02:00
11354,168,True,False,True,False,False,False,False,True,False,False,False,False,False,False,Jeudi-02-04h,NON,Jeudi,2020-03-26 02:00
11355,202,False,True,False,False,False,False,False,False,False,False,False,False,False,False,Jeudi-02-04h,NON,Jeudi,2020-03-26 02:00
11356,172,False,False,False,False,True,False,False,False,False,False,False,False,False,False,Jeudi-02-04h,NON,Jeudi,2020-03-26 02:00
11357,239,False,False,False,False,True,True,False,False,False,False,False,False,False,False,Jeudi-02-04h,NON,Jeudi,2020-03-26 02:00
11358,85,False,False,False,False,True,False,False,False,False,False,False,False,False,False,Jeudi-02-04h,NON,Jeudi,2020-03-26 02:00
11359,215,False,False,False,False,False,False,False,False,True,False,False,False,False,False,Jeudi-02-04h,NON,Jeudi,2020-03-26 02:00
11360,260,True,False,True,False,False,False,False,False,False,False,False,False,False,False,Jeudi-02-04h,NON,Jeudi,2020-03-26 02:00
11361,286,True,True,False,False,True,False,False,False,False,False,False,False,False,False,Jeudi-02-04h,NON,Jeudi,2020-03-26 02:00
11362,72,False,True,False,False,False,False,False,False,False,False,False,False,False,False,Jeudi-04-06h,NON,Jeudi,2020-03-26 04:00
11363,167,True,True,True,True,True,True,False,False,False,False,False,False,False,False,Jeudi-04-06h,OUI,Jeudi,2020-03-26 04:00
11364,130,True,False,True,False,False,False,False,True,False,False,False,False,True,True,Jeudi-04-06h,NON,Jeudi,2020-03-26 04:00
11365,288,True,True,True,False,True,False,False,False,False,False,False,False,False,False,Jeudi-04-06h,OUI,Jeudi,2020-03-26 04:00
11366,59,False,False,False,False,False,True,False,False,False,False,False,False,False,False,Jeudi-04-06h,NON,Jeudi,2020-03-26 04:00
11367,178,True,False,False,False,False,False,False,False,False,False,True,False,False,False,Jeudi-04-06h,OUI,Jeudi,2020-03-26 04:00
11368,254,False,False,False,False,False,False,False,False,False,False,False,True,False,False,Jeudi-04-06h,NON,Jeudi,2020-03-26 04:00
11369,34,False,False,False,False,False,False,False,False,False,False,False,False,False,False,Jeudi-04-06h,NON,Jeudi,2020-03-26 04:00
11370,264,False,False,False,False,True,True,True,False,False,False,False,False,False,False,Jeudi-04-06h,NON,Jeudi,2020-03-26 04:00
11371,158,True,False,False,False,True,False,False,False,False,True,False,False,False,False,Jeudi-04-06h,NON,Jeudi,2020-03-26 04:00
11372,210,False,True,False,False,True,True,False,False,False,False,False,False,False,False,Jeudi-04-06h,NON,Jeudi,2020-03-26 04:00
11373,93,False,False,False,False,True,False,False,False,False,False,False,False,True,False,Jeudi-04-06h,OUI,Jeudi,2020-03-26 04:00
11374,144,True,False,True,False,True,False,False,False,False,False,False,False,False,False,Jeudi-04-06h,OUI,Jeudi,2020-03-26 04:00
11375,164,False,True,False,False,True,True,False,False,False,False,False,False,False,False,Jeudi-04-06h,OUI,Jeudi,2020-03-26 04:00
11376,289,False,False,False,False,True,True,False,False,False,False,False,False,False,False,Jeudi-04-06h,NON,Jeudi,2020-03-26 04:00
11377,50,False,False,False,False,False,False,False,False,False,False,False,False,False,False,Jeudi-04-06h,NON,Jeudi,2020-03-26 04:00
11378,51,True,True,False,False,True,False,False,False,False,False,False,False,False,False,Jeudi-04-06h,OUI,Jeudi,2020-03-26 04:00
11379,247,False,False,True,False,False,False,False,False,False,False,False,False,False,False,Jeudi-04-06h,NON,Jeudi,2020-03-26 04:00
11380,159,False,False,False,False,False,False,False,True,False,False,False,False,False,False,Jeudi-04-06h,NON,Jeudi,2020-03-26 04:00
11381,54,False,False,False,False,False,True,False,False,False,False,False,False,False,False,Jeudi-04-06h,NON,Jeudi,2020-03-26 04:00
11382,55,True,False,False,False,True,True,False,True,False,False,False,False,False,False,Jeudi-04-06h,OUI,Jeudi,2020-03-26 04:00
11383,257,False,False,False,False,True,False,False,False,False,False,False,False,False,False,Jeudi-04-06h,NON,Jeudi,2020-03-26 04:00
11384,67,False,False,False,False,False,False,False,False,False,False,False,False,False,False,Jeudi-04-06h,NON,Jeudi,2020-03-26 04:00
11385,71,True,False,True,False,False,False,False,False,False,False,False,False,False,False,Jeudi-04-06h,OUI,Jeudi,2020-03-26 04:00
11386,280,False,False,False,False,False,True,False,False,False,False,False,False,False,False,Jeudi-04-06h,OUI,Jeudi,2020-03-26 04:00
11387,283,True,True,False,False,False,False,False,False,False,False,False,False,False,False,Jeudi-04-06h,OUI,Jeudi,2020-03-26 04:00
11388,154,False,False,False,False,True,True,False,False,False,False,False,True,False,False,Jeudi-04-06h,OUI,Jeudi,2020-03-26 04:00
11389,171,False,False,False,False,False,False,False,False,False,False,False,True,False,False,Jeudi-04-06h,NON,Jeudi,2020-03-26 04:00
11390,131,False,False,True,False,False,False,False,False,False,False,False,False,False,False,Jeudi-04-06h,NON,Jeudi,2020-03-26 04:00
11391,237,True,False,False,False,False,True,True,False,False,False,False,False,True,False,Jeudi-04-06h,OUI,Jeudi,2020-03-26 04:00
11392,75,False,False,False,False,True,True,False,False,False,False,False,False,False,False,Jeudi-04-06h,NON,Jeudi,2020-03-26 04:00
11393,235,True,False,False,False,True,False,False,False,False,False,False,False,False,False,Jeudi-04-06h,NON,Jeudi,2020-03-26 04:00
11394,180,False,False,False,False,True,True,False,False,False,False,False,False,False,False,Jeudi-04-06h,OUI,Jeudi,2020-03-26 04:00
11395,219,False,False,False,False,False,True,False,False,False,False,False,False,False,False,Jeudi-04-06h,NON,Jeudi,2020-03-26 04:00
11396,250,False,False,False,False,False,False,False,False,True,False,False,False,False,False,Jeudi-04-06h,NON,Jeudi,2020-03-26 04:00
11397,267,True,True,False,False,False,False,False,False,False,False,False,False,False,False,Jeudi-04-06h,NON,Jeudi,2020-03-26 04:00
11398,160,False,True,False,False,False,True,False,False,False,False,False,False,False,False,Jeudi-04-06h,NON,Jeudi,2020-03-26 04:00
11399,182,False,True,False,False,True,True,True,False,False,False,False,False,False,False,Jeudi-04-06h,NON,Jeudi,2020-03-26 04:00
11400,143,False,False,False,False,False,False,False,True,False,False,True,False,False,False,Jeudi-04-06h,OUI,Jeudi,2020-03-26 04:00
11401,223,True,True,False,False,False,False,False,False,False,False,False,False,False,False,Jeudi-04-06h,NON,Jeudi,2020-03-26 04:00
11402,192,True,False,True,False,False,False,False,False,False,False,False,False,False,False,Jeudi-04-06h,NON,Jeudi,2020-03-26 04:00
11403,30,False,False,True,False,False,False,False,True,False,False,False,False,False,False,Jeudi-04-06h,NON,Jeudi,2020-03-26 04:00
11404,125,True,False,False,False,True,False,False,True,False,False,False,False,False,False,Jeudi-04-06h,NON,Jeudi,2020-03-26 04:00
11405,39,False,False,True,False,True,False,False,True,False,False,False,False,False,False,Jeudi-04-06h,NON,Jeudi,2020-03-26 04:00
11406,113,True,False,True,False,False,False,False,False,False,False,False,False,False,False,Jeudi-04-06h,NON,Jeudi,2020-03-26 04:00
11407,121,True,False,True,False,False,False,False,True,False,False,False,False,False,False,Jeudi-04-06h,OUI,Jeudi,2020-03-26 04:00
11408,228,False,False,False,False,False,False,False,False,False,False,True,False,False,False,Jeudi-04-06h,OUI,Jeudi,2020-03-26 04:00
11409,290,False,False,False,False,False,False,False,False,True,False,False,False,False,False,Jeudi-04-06h,NON,Jeudi,2020-03-26 04:00
11410,197,False,False,True,False,True,False,False,False,False,False,False,False,False,False,Jeudi-04-06h,NON,Jeudi,2020-03-26 04:00
11411,31,True,True,True,False,False,True,False,False,False,False,False,False,False,False,Jeudi-04-06h,OUI,Jeudi,2020-03-26 04:00
11412,173,True,False,False,False,True,True,False,True,False,False,False,False,False,False,Jeudi-04-06h,NON,Jeudi,2020-03-26 04:00
11413,74,True,False,False,True,False,False,False,True,False,False,True,False,False,False,Jeudi-04-06h,NON,Jeudi,2020-03-26 04:00
11414,15,False,False,True,False,False,False,False,False,False,False,False,False,False,False,Jeudi-04-06h,NON,Jeudi,2020-03-26 04:00
11415,45,True,False,False,False,True,True,False,True,False,False,False,False,False,False,Jeudi-04-06h,OUI,Jeudi,2020-03-26 04:00
11416,63,False,False,True,False,False,False,False,False,False,False,False,False,False,False,Jeudi-04-06h,NON,Jeudi,2020-03-26 04:00
11417,3,False,False,False,False,False,True,False,False,False,False,False,True,False,False,Jeudi-04-06h,OUI,Jeudi,2020-03-26 04:00
11418,21,True,False,True,False,False,False,False,False,False,False,False,False,False,False,Jeudi-04-06h,NON,Jeudi,2020-03-26 04:00
11419,78,False,True,True,False,True,True,False,True,False,False,False,False,False,False,Jeudi-04-06h,NON,Jeudi,2020-03-26 04:00
11420,47,False,True,False,False,False,False,False,False,False,False,False,False,False,False,Jeudi-04-06h,NON,Jeudi,2020-03-26 04:00
11421,151,True,True,False,False,True,False,False,True,False,False,False,False,False,False,Jeudi-04-06h,NON,Jeudi,2020-03-26 04:00
11422,6,True,False,True,False,False,False,False,False,False,False,False,False,False,False,Jeudi-04-06h,OUI,Jeudi,2020-03-26 04:00
11423,135,True,False,True,False,False,False,False,False,False,False,False,False,True,False,Jeudi-04-06h,OUI,Jeudi,2020-03-26 04:00
11424,221,False,False,False,False,True,True,False,False,False,False,False,False,False,False,Jeudi-04-06h,NON,Jeudi,2020-03-26 04:00
11425,170,False,False,True,False,False,False,False,False,False,False,True,False,False,True,Jeudi-04-06h,NON,Jeudi,2020-03-26 04:00
11426,129,False,True,False,False,False,False,False,False,False,False,False,False,False,False,Jeudi-04-06h,OUI,Jeudi,2020-03-26 04:00
11427,132,True,True,True,False,False,True,False,False,False,False,False,False,False,False,Jeudi-04-06h,OUI,Jeudi,2020-03-26 04:00
11428,110,False,True,False,False,False,False,False,False,False,False,False,False,False,False,Jeudi-04-06h,OUI,Jeudi,2020-03-26 04:00
11429,191,False,False,False,False,False,True,False,False,False,False,False,False,False,False,Jeudi-04-06h,OUI,Jeudi,2020-03-26 04:00
11430,94,True,True,True,False,False,True,False,False,False,False,True,False,True,False,Jeudi-04-06h,NON,Jeudi,2020-03-26 04:00
11431,108,False,False,False,False,False,True,True,False,False,False,False,False,False,False,Jeudi-04-06h,OUI,Jeudi,2020-03-26 04:00
11432,236,False,False,False,False,True,True,False,False,False,False,False,False,False,False,Jeudi-04-06h,OUI,Jeudi,2020-03-26 04:00
11433,42,True,False,True,False,True,False,False,False,False,False,False,False,False,False,Jeudi-04-06h,NON,Jeudi,2020-03-26 04:00
11434,155,True,False,False,False,True,False,False,False,False,False,False,False,False,False,Jeudi-04-06h,NON,Jeudi,2020-03-26 04:00
11435,1,False,False,False,False,False,False,False,False,False,False,False,False,False,False,Jeudi-04-06h,NON,Jeudi,2020-03-26 04:00
11436,58,False,True,True,False,False,True,False,False,False,False,True,False,False,False,Jeudi-04-06h,OUI,Jeudi,2020-03-26 04:00
11437,0,False,True,False,False,False,False,False,False,False,False,False,False,False,False,Jeudi-04-06h,OUI,Jeudi,2020-03-26 04:00
11438,269,False,False,False,False,False,False,False,False,False,False,False,False,False,False,Jeudi-04-06h,NON,Jeudi,2020-03-26 04:00
11439,2,True,False,True,False,False,False,False,False,False,False,False,False,False,False,Jeudi-04-06h,NON,Jeudi,2020-03-26 04:00
11440,103,False,False,False,False,True,False,False,False,False,False,False,False,False,False,Jeudi-04-06h,NON,Jeudi,2020-03-26 04:00
11441,12,False,True,False,False,True,False,False,False,False,False,False,False,False,False,Jeudi-04-06h,OUI,Jeudi,2020-03-26 04:00
11442,245,True,False,False,False,True,True,False,True,False,False,False,False,False,False,Jeudi-04-06h,NON,Jeudi,2020-03-26 04:00
11443,161,False,False,True,False,False,False,False,False,False,False,True,False,False,False,Jeudi-04-06h,NON,Jeudi,2020-03-26 04:00
11444,38,False,False,False,False,False,False,False,False,True,False,False,False,False,False,Jeudi-04-06h,NON,Jeudi,2020-03-26 04:00
11445,122,False,False,False,False,False,False,False,False,False,False,False,False,False,False,Jeudi-04-06h,NON,Jeudi,2020-03-26 04:00
11446,248,False,False,True,False,False,False,False,False,False,False,False,False,True,False,Jeudi-04-06h,NON,Jeudi,2020-03-26 04:00
11447,271,False,True,True,False,False,True,False,False,False,False,False,False,False,False,Jeudi-04-06h,OUI,Jeudi,2020-03-26 04:00
11448,116,False,False,True,False,False,False,False,False,False,False,False,False,False,False,Jeudi-04-06h,OUI,Jeudi,2020-03-26 04:00
11449,117,True,True,True,True,False,True,False,False,False,False,False,False,False,False,Jeudi-04-06h,NON,Jeudi,2020-03-26 04:00
11450,213,False,False,False,False,True,True,False,True,False,False,False,False,False,False,Jeudi-04-06h,NON,Jeudi,2020-03-26 04:00
11451,220,False,True,True,False,False,True,False,False,False,False,False,False,False,False,Jeudi-04-06h,OUI,Jeudi,2020-03-26 04:00
11452,176,False,False,True,False,False,False,False,False,False,False,False,False,False,False,Jeudi-04-06h,NON,Jeudi,2020-03-26 04:00
11453,96,False,False,False,False,True,True,False,False,False,True,False,False,False,False,Jeudi-04-06h,NON,Jeudi,2020-03-26 04:00
11454,214,False,False,False,False,True,True,False,False,False,True,False,False,False,False,Jeudi-04-06h,OUI,Jeudi,2020-03-26 04:00
11455,11,True,False,False,True,False,False,False,False,False,False,True,False,False,False,Jeudi-04-06h,NON,Jeudi,2020-03-26 04:00
11456,255,True,False,True,False,False,False,False,True,False,False,False,False,False,False,Jeudi-04-06h,OUI,Jeudi,2020-03-26 04:00
11457,86,False,False,True,False,False,False,False,False,False,False,False,False,False,False,Jeudi-04-06h,OUI,Jeudi,2020-03-26 04:00
11458,209,True,False,False,False,True,True,False,True,False,False,False,False,False,False,Jeudi-04-06h,OUI,Jeudi,2020-03-26 04:00
11459,291,False,False,False,False,False,True,False,False,True,False,False,False,False,False,Jeudi-04-06h,OUI,Jeudi,2020-03-26 04:00
11460,287,False,False,False,False,False,False,False,False,False,False,False,True,False,False,Jeudi-04-06h,NON,Jeudi,2020-03-26 04:00
11461,104,False,False,False,False,True,True,False,False,False,False,False,False,False,False,Jeudi-04-06h,NON,Jeudi,2020-03-26 04:00
11462,18,False,False,False,False,True,False,False,False,False,False,False,False,False,False,Jeudi-04-06h,OUI,Jeudi,2020-03-26 04:00
11463,123,False,True,False,False,True,True,False,False,False,False,False,False,False,False,Jeudi-04-06h,NON,Jeudi,2020-03-26 04:00
11464,136,False,False,False,False,True,False,False,False,False,False,False,False,False,False,Jeudi-04-06h,NON,Jeudi,2020-03-26 04:00
11465,276,True,False,True,False,False,False,False,False,False,False,False,False,False,False,Jeudi-04-06h,NON,Jeudi,2020-03-26 04:00
11466,53,False,False,False,False,True,True,False,False,False,False,False,False,False,False,Jeudi-04-06h,OUI,Jeudi,2020-03-26 04:00
11467,179,True,False,True,False,False,False,False,False,False,False,False,False,False,False,Jeudi-04-06h,OUI,Jeudi,2020-03-26 04:00
11468,200,False,False,False,False,False,False,False,False,False,False,False,False,False,False,Jeudi-04-06h,NON,Jeudi,2020-03-26 04:00
11469,73,False,False,False,False,False,False,False,False,False,False,False,False,False,False,Jeudi-04-06h,NON,Jeudi,2020-03-26 04:00
11470,156,False,False,False,False,True,True,False,False,False,False,False,False,False,False,Jeudi-04-06h,NON,Jeudi,2020-03-26 04:00
11471,128,True,True,True,False,False,True,False,False,False,False,False,False,False,False,Jeudi-04-06h,NON,Jeudi,2020-03-26 04:00
11472,118,False,False,False,False,False,False,False,False,False,False,False,False,False,False,Jeudi-04-06h,NON,Jeudi,2020-03-26 04:00
11473,112,True,False,True,False,False,False,False,False,False,False,False,False,False,False,Jeudi-04-06h,NON,Jeudi,2020-03-26 04:00
11474,35,False,False,False,False,True,True,False,False,False,False,False,False,False,False,Jeudi-04-06h,NON,Jeudi,2020-03-26 04:00
11475,32,False,False,False,False,False,False,False,False,False,False,False,True,False,False,Jeudi-04-06h,NON,Jeudi,2020-03-26 04:00
11476,199,True,False,True,False,False,False,False,False,False,False,False,False,False,False,Jeudi-04-06h,NON,Jeudi,2020-03-26 04:00
11477,153,True,False,False,False,True,True,False,False,False,False,False,False,False,False,Jeudi-04-06h,NON,Jeudi,2020-03-26 04:00
11478,82,False,False,True,False,False,False,False,False,False,False,False,False,False,False,Jeudi-04-06h,NON,Jeudi,2020-03-26 04:00
11479,292,False,True,False,False,False,False,False,False,False,False,False,False,False,False,Jeudi-04-06h,OUI,Jeudi,2020-03-26 04:00
11480,169,False,False,False,True,False,False,False,False,False,False,False,False,False,False,Jeudi-04-06h,NON,Jeudi,2020-03-26 04:00
11481,16,False,False,False,False,True,True,False,False,False,False,False,False,False,False,Jeudi-04-06h,OUI,Jeudi,2020-03-26 04:00
11482,46,True,True,True,False,False,True,True,False,False,False,False,False,False,False,Jeudi-04-06h,OUI,Jeudi,2020-03-26 04:00
11483,216,False,True,False,False,False,True,False,False,False,False,False,False,False,False,Jeudi-04-06h,OUI,Jeudi,2020-03-26 04:00
11484,174,False,True,True,False,False,True,False,False,False,False,True,False,False,False,Jeudi-04-06h,NON,Jeudi,2020-03-26 04:00
11485,43,False,False,False,False,True,False,False,False,False,False,False,False,False,False,Jeudi-04-06h,NON,Jeudi,2020-03-26 04:00
11486,165,False,False,False,False,True,True,False,False,False,False,False,False,False,False,Jeudi-04-06h,NON,Jeudi,2020-03-26 04:00
11487,126,False,True,False,False,False,True,False,False,False,False,False,False,False,False,Jeudi-04-06h,OUI,Jeudi,2020-03-26 04:00
11488,41,False,False,False,False,False,True,False,False,True,False,False,False,False,False,Jeudi-04-06h,NON,Jeudi,2020-03-26 04:00
11489,157,False,False,True,False,False,False,False,False,False,False,False,False,False,False,Jeudi-04-06h,NON,Jeudi,2020-03-26 04:00
11490,272,False,True,True,False,False,False,True,False,False,False,True,False,True,True,Jeudi-04-06h,OUI,Jeudi,2020-03-26 04:00
11491,115,True,False,True,False,False,False,False,False,False,False,False,False,False,False,Jeudi-04-06h,NON,Jeudi,2020-03-26 04:00
11492,84,False,False,False,False,False,False,False,False,False,False,False,True,False,False,Jeudi-04-06h,NON,Jeudi,2020-03-26 04:00
11493,183,True,True,True,True,False,False,False,False,False,False,False,False,False,False,Jeudi-04-06h,NON,Jeudi,2020-03-26 04:00
11494,65,True,True,False,False,False,True,False,False,False,False,False,False,False,False,Jeudi-04-06h,OUI,Jeudi,2020-03-26 04:00
11495,105,True,False,False,False,False,False,False,False,False,False,False,False,False,False,Jeudi-04-06h,OUI,Jeudi,2020-03-26 04:00
11496,187,True,False,False,False,False,True,False,False,False,False,False,False,False,False,Jeudi-04-06h,NON,Jeudi,2020-03-26 04:00
11497,139,True,False,True,False,False,False,False,False,False,False,False,False,False,False,Jeudi-04-06h,NON,Jeudi,2020-03-26 04:00
11498,259,False,False,False,False,True,True,False,False,False,False,False,False,False,False,Jeudi-04-06h,OUI,Jeudi,2020-03-26 04:00
11499,124,True,False,True,False,False,False,False,False,False,False,True,False,False,False,Jeudi-04-06h,OUI,Jeudi,2020-03-26 04:00
11500,98,False,False,False,False,False,True,False,False,False,False,False,True,False,False,Jeudi-04-06h,OUI,Jeudi,2020-03-26 04:00
11501,284,False,True,True,False,False,True,False,False,False,False,False,False,True,False,Jeudi-04-06h,OUI,Jeudi,2020-03-26 04:00
11502,148,True,False,True,False,True,False,False,True,False,False,False,False,False,False,Jeudi-04-06h,NON,Jeudi,2020-03-26 04:00
11503,258,True,False,True,False,False,False,False,False,False,False,False,False,False,False,Jeudi-04-06h,OUI,Jeudi,2020-03-26 04:00
11504,175,False,False,False,False,False,True,False,False,False,False,False,False,False,False,Jeudi-04-06h,NON,Jeudi,2020-03-26 04:00
11505,119,False,False,False,False,False,False,False,False,False,False,True,False,False,False,Jeudi-04-06h,NON,Jeudi,2020-03-26 04:00
11506,229,True,False,True,False,False,False,False,True,False,False,False,False,False,False,Jeudi-04-06h,OUI,Jeudi,2020-03-26 04:00
11507,230,False,False,False,False,False,True,True,False,False,False,False,False,False,False,Jeudi-04-06h,NON,Jeudi,2020-03-26 04:00
11508,17,True,False,False,False,False,True,True,False,False,False,False,False,False,False,Jeudi-04-06h,NON,Jeudi,2020-03-26 04:00
11509,177,False,False,False,False,False,False,False,False,False,False,False,False,False,False,Jeudi-04-06h,NON,Jeudi,2020-03-26 04:00
11510,7,False,False,False,False,False,False,False,False,False,False,False,False,False,False,Jeudi-04-06h,NON,Jeudi,2020-03-26 04:00
11511,241,False,False,True,False,False,False,False,False,False,False,False,False,False,False,Jeudi-04-06h,NON,Jeudi,2020-03-26 04:00
11512,8,True,False,False,False,True,True,False,True,False,False,False,False,False,False,Jeudi-04-06h,NON,Jeudi,2020-03-26 04:00
11513,268,False,True,False,False,False,True,False,False,False,False,False,False,False,False,Jeudi-04-06h,OUI,Jeudi,2020-03-26 04:00
11514,294,False,False,True,False,True,False,False,False,False,False,False,False,False,False,Jeudi-04-06h,OUI,Jeudi,2020-03-26 04:00
11515,242,True,False,False,False,True,True,False,False,False,False,False,False,False,False,Jeudi-04-06h,NON,Jeudi,2020-03-26 04:00
11516,194,False,False,False,False,False,True,False,False,False,False,False,False,False,False,Jeudi-04-06h,NON,Jeudi,2020-03-26 04:00
11517,243,False,False,False,False,True,True,False,False,False,False,False,False,False,False,Jeudi-04-06h,OUI,Jeudi,2020-03-26 04:00
11518,212,True,True,True,False,False,True,False,False,False,False,False,False,False,False,Jeudi-04-06h,OUI,Jeudi,2020-03-26 04:00
11519,19,False,False,False,False,False,True,False,False,False,False,False,False,False,False,Jeudi-04-06h,OUI,Jeudi,2020-03-26 04:00
11520,114,False,False,False,False,True,False,False,False,False,False,False,False,False,False,Jeudi-04-06h,OUI,Jeudi,2020-03-26 04:00
11521,190,False,False,False,False,False,True,False,False,True,False,False,False,False,False,Jeudi-04-06h,NON,Jeudi,2020-03-26 04:00
11522,64,False,False,True,False,False,False,False,False,False,False,False,False,False,False,Jeudi-04-06h,NON,Jeudi,2020-03-26 04:00
11523,227,False,False,False,False,False,False,False,False,False,False,False,False,False,False,Jeudi-04-06h,NON,Jeudi,2020-03-26 04:00
11524,232,False,False,False,False,False,True,False,False,False,False,False,False,False,False,Jeudi-04-06h,OUI,Jeudi,2020-03-26 04:00
11525,246,False,True,False,False,False,True,True,False,False,False,False,False,False,False,Jeudi-04-06h,NON,Jeudi,2020-03-26 04:00
11526,100,False,False,False,False,False,True,False,False,False,False,False,False,False,False,Jeudi-04-06h,NON,Jeudi,2020-03-26 04:00
11527,13,False,False,False,False,True,False,False,False,False,False,False,False,False,False,Jeudi-04-06h,NON,Jeudi,2020-03-26 04:00
11528,262,True,True,True,False,False,False,False,False,False,False,False,False,False,False,Jeudi-04-06h,NON,Jeudi,2020-03-26 04:00
11529,76,True,True,True,False,False,True,False,False,False,False,True,False,False,False,Jeudi-04-06h,NON,Jeudi,2020-03-26 04:00
11530,261,False,True,False,False,True,False,False,False,False,False,False,False,False,False,Jeudi-04-06h,NON,Jeudi,2020-03-26 04:00
11531,150,False,True,False,False,False,False,False,False,False,False,False,False,False,False,Jeudi-04-06h,OUI,Jeudi,2020-03-26 04:00
11532,205,False,False,False,False,False,False,False,False,False,False,False,False,False,False,Jeudi-04-06h,NON,Jeudi,2020-03-26 04:00
11533,56,False,False,False,False,True,True,False,False,False,False,False,False,False,False,Jeudi-04-06h,OUI,Jeudi,2020-03-26 04:00
11534,186,False,False,False,False,True,False,False,False,False,False,False,False,False,False,Jeudi-04-06h,OUI,Jeudi,2020-03-26 04:00
11535,162,True,False,False,False,True,True,False,False,False,False,False,False,False,False,Jeudi-04-06h,NON,Jeudi,2020-03-26 04:00
11536,68,False,True,False,False,True,True,False,False,False,False,False,False,False,False,Jeudi-04-06h,OUI,Jeudi,2020-03-26 04:00
11537,146,False,False,False,False,False,True,False,False,False,False,False,True,False,False,Jeudi-04-06h,OUI,Jeudi,2020-03-26 04:00
11538,49,False,False,False,False,False,False,False,False,False,False,False,False,True,False,Jeudi-04-06h,NON,Jeudi,2020-03-26 04:00
11539,91,True,False,True,True,False,False,False,False,False,False,False,False,False,False,Jeudi-04-06h,OUI,Jeudi,2020-03-26 04:00
11540,22,False,False,False,False,False,False,False,False,False,True,False,False,False,False,Jeudi-04-06h,NON,Jeudi,2020-03-26 04:00
11541,151,False,False,False,False,True,False,False,False,False,False,False,False,False,False,Jeudi-04-06h,NON,Jeudi,2020-03-26 04:00
11542,193,False,False,False,False,True,True,False,False,False,False,False,False,False,False,Jeudi-04-06h,OUI,Jeudi,2020-03-26 04:00
11543,9,True,True,False,False,False,False,False,False,False,False,False,False,False,False,Jeudi-04-06h,NON,Jeudi,2020-03-26 04:00
11544,99,True,False,True,False,False,False,False,False,False,False,False,False,False,False,Jeudi-04-06h,NON,Jeudi,2020-03-26 04:00
11545,181,False,False,False,False,True,True,False,False,False,False,False,False,False,False,Jeudi-04-06h,OUI,Jeudi,2020-03-26 04:00
11546,111,False,False,False,False,False,True,False,True,False,False,False,False,False,False,Jeudi-04-06h,OUI,Jeudi,2020-03-26 04:00
11547,44,False,True,False,False,False,True,False,False,False,False,False,False,False,False,Jeudi-04-06h,NON,Jeudi,2020-03-26 04:00
11548,24,False,False,False,False,True,False,False,True,False,False,False,False,False,False,Jeudi-04-06h,OUI,Jeudi,2020-03-26 04:00
11549,102,False,False,False,False,True,True,False,True,False,False,False,False,False,False,Jeudi-04-06h,OUI,Jeudi,2020-03-26 04:00
11550,203,True,True,False,False,False,False,False,True,False,False,False,False,False,False,Jeudi-04-06h,NON,Jeudi,2020-03-26 04:00
11551,140,False,False,False,False,True,True,False,True,False,False,False,False,False,False,Jeudi-04-06h,NON,Jeudi,2020-03-26 04:00
11552,188,False,False,False,False,False,True,False,False,True,False,False,False,False,False,Jeudi-04-06h,NON,Jeudi,2020-03-26 04:00
11553,206,False,False,False,True,False,False,False,False,False,False,True,False,False,False,Jeudi-04-06h,NON,Jeudi,2020-03-26 04:00
11554,273,False,False,False,False,False,False,False,False,False,False,False,True,False,False,Jeudi-04-06h,NON,Jeudi,2020-03-26 04:00
11555,69,True,False,True,False,False,False,False,False,False,False,False,False,False,False,Jeudi-04-06h,NON,Jeudi,2020-03-26 04:00
11556,87,True,False,False,True,False,False,False,False,False,False,True,False,False,False,Jeudi-04-06h,OUI,Jeudi,2020-03-26 04:00
11557,83,True,False,True,False,False,False,False,False,False,False,False,False,False,False,Jeudi-04-06h,NON,Jeudi,2020-03-26 04:00
11558,149,True,False,True,True,False,False,False,False,False,False,False,False,False,False,Jeudi-04-06h,NON,Jeudi,2020-03-26 04:00
11559,274,False,False,False,False,False,True,False,False,False,False,False,False,False,False,Jeudi-04-06h,NON,Jeudi,2020-03-26 04:00
11560,282,True,False,True,True,False,False,False,False,False,False,False,False,False,False,Jeudi-04-06h,OUI,Jeudi,2020-03-26 04:00
11561,147,False,False,False,False,False,False,False,False,False,False,False,False,False,False,Jeudi-04-06h,NON,Jeudi,2020-03-26 04:00
11562,238,False,False,False,False,False,False,False,False,False,False,False,True,False,False,Jeudi-04-06h,NON,Jeudi,2020-03-26 04:00
11563,201,False,False,False,False,False,False,False,False,False,False,False,False,False,False,Jeudi-04-06h,NON,Jeudi,2020-03-26 04:00
11564,152,False,True,False,False,False,False,False,False,False,False,False,False,False,False,Jeudi-04-06h,NON,Jeudi,2020-03-26 04:00
11565,222,False,False,False,False,False,True,False,False,True,True,False,False,False,False,Jeudi-04-06h,NON,Jeudi,2020-03-26 04:00
11566,106,False,False,False,False,False,True,False,False,False,False,False,True,False,False,Jeudi-04-06h,NON,Jeudi,2020-03-26 04:00
11567,133,False,False,True,False,True,False,False,False,False,False,False,False,False,False,Jeudi-04-06h,NON,Jeudi,2020-03-26 04:00
11568,163,False,False,False,False,True,False,False,False,False,False,False,False,False,False,Jeudi-04-06h,NON,Jeudi,2020-03-26 04:00
11569,231,False,False,False,False,False,False,False,False,False,False,False,False,False,False,Jeudi-04-06h,NON,Jeudi,2020-03-26 04:00
11570,25,False,False,False,False,True,False,False,False,False,False,False,False,False,False,Jeudi-04-06h,NON,Jeudi,2020-03-26 04:00
11571,196,False,False,True,False,True,False,False,True,False,False,False,False,False,False,Jeudi-04-06h,OUI,Jeudi,2020-03-26 04:00
11572,5,False,False,False,False,True,True,False,False,False,False,False,False,False,False,Jeudi-04-06h,NON,Jeudi,2020-03-26 04:00
11573,90,False,True,False,False,False,False,False,False,False,False,False,False,False,False,Jeudi-04-06h,NON,Jeudi,2020-03-26 04:00
11574,244,True,False,True,False,False,False,False,False,False,False,False,False,False,False,Jeudi-04-06h,NON,Jeudi,2020-03-26 04:00
11575,107,False,True,False,False,False,True,False,False,False,False,False,False,False,False,Jeudi-04-06h,OUI,Jeudi,2020-03-26 04:00
11576,218,False,True,False,False,True,True,False,False,False,False,False,False,False,False,Jeudi-04-06h,OUI,Jeudi,2020-03-26 04:00
11577,62,False,True,True,False,True,True,False,False,False,False,False,False,False,False,Jeudi-04-06h,NON,Jeudi,2020-03-26 04:00
11578,79,False,True,False,False,False,False,False,False,False,False,False,False,False,False,Jeudi-04-06h,OUI,Jeudi,2020-03-26 04:00
11579,208,False,False,False,False,False,True,False,False,False,False,False,False,False,False,Jeudi-04-06h,NON,Jeudi,2020-03-26 04:00
11580,270,False,False,False,False,False,False,False,False,True,False,False,False,False,False,Jeudi-04-06h,NON,Jeudi,2020-03-26 04:00
11581,166,True,False,False,False,True,True,False,False,False,False,False,False,False,False,Jeudi-04-06h,OUI,Jeudi,2020-03-26 04:00
11582,77,False,False,True,False,True,False,False,False,False,False,False,False,False,False,Jeudi-04-06h,NON,Jeudi,2020-03-26 04:00
11583,29,False,False,False,False,False,True,False,False,False,False,False,True,False,False,Jeudi-04-06h,OUI,Jeudi,2020-03-26 04:00
11584,240,False,False,False,False,False,True,False,False,False,False,False,False,False,False,Jeudi-04-06h,NON,Jeudi,2020-03-26 04:00
11585,184,False,True,False,False,False,False,False,False,False,False,False,False,False,False,Jeudi-04-06h,OUI,Jeudi,2020-03-26 04:00
11586,277,False,True,True,False,False,True,False,False,False,False,False,False,False,False,Jeudi-04-06h,NON,Jeudi,2020-03-26 04:00
11587,80,True,False,False,False,False,True,False,False,False,True,False,False,False,False,Jeudi-04-06h,NON,Jeudi,2020-03-26 04:00
11588,185,True,True,True,False,False,True,False,False,False,False,True,False,True,False,Jeudi-04-06h,NON,Jeudi,2020-03-26 04:00
11589,204,False,False,False,False,True,True,False,False,False,False,False,True,False,False,Jeudi-04-06h,OUI,Jeudi,2020-03-26 04:00
11590,252,True,True,True,False,False,True,False,False,False,False,False,False,False,False,Jeudi-04-06h,NON,Jeudi,2020-03-26 04:00
11591,26,False,False,False,False,True,False,False,False,False,False,False,False,False,False,Jeudi-04-06h,NON,Jeudi,2020-03-26 04:00
11592,70,False,False,False,False,True,False,False,False,False,False,False,True,False,False,Jeudi-04-06h,OUI,Jeudi,2020-03-26 04:00
11593,233,False,False,False,False,True,False,False,False,False,False,False,False,False,False,Jeudi-04-06h,NON,Jeudi,2020-03-26 04:00
11594,37,True,True,True,False,True,True,False,False,False,False,False,False,False,False,Jeudi-04-06h,NON,Jeudi,2020-03-26 04:00
11595,185,False,False,True,False,False,False,False,False,False,False,False,False,False,False,Jeudi-04-06h,OUI,Jeudi,2020-03-26 04:00
11596,138,True,False,False,False,True,True,False,False,False,False,False,False,False,False,Jeudi-04-06h,NON,Jeudi,2020-03-26 04:00
11597,224,True,False,True,False,False,False,False,False,False,False,False,False,False,False,Jeudi-04-06h,NON,Jeudi,2020-03-26 04:00
11598,66,False,False,False,False,True,True,False,False,False,False,False,False,True,False,Jeudi-04-06h,OUI,Jeudi,2020-03-26 04:00
11599,211,False,False,True,False,False,False,False,False,False,False,False,False,True,False,Jeudi-04-06h,NON,Jeudi,2020-03-26 04:00
11600,14,False,False,False,False,True,True,False,False,False,False,False,False,False,False,Jeudi-04-06h,NON,Jeudi,2020-03-26 04:00
11601,145,False,False,False,False,True,False,False,False,False,False,False,False,False,False,Jeudi-04-06h,NON,Jeudi,2020-03-26 04:00
11602,36,False,False,False,False,False,False,False,False,False,False,False,True,False,False,Jeudi-04-06h,OUI,Jeudi,2020-03-26 04:00
11603,60,True,True,True,False,False,True,False,False,False,False,False,False,False,False,Jeudi-04-06h,NON,Jeudi,2020-03-26 04:00
11604,137,True,True,True,False,False,True,False,False,False,False,True,False,False,False,Jeudi-04-06h,OUI,Jeudi,2020-03-26 04:00
11605,285,False,True,False,False,True,True,False,False,False,False,False,False,False,False,Jeudi-04-06h,NON,Jeudi,2020-03-26 04:00
11606,40,False,True,True,False,True,True,False,False,False,False,False,False,False,False,Jeudi-04-06h,OUI,Jeudi,2020-03-26 04:00
11607,97,False,False,False,False,False,True,False,False,False,False,False,False,False,False,Jeudi-04-06h,OUI,Jeudi,2020-03-26 04:00
11608,109,True,False,True,True,False,False,False,False,False,False,False,False,False,False,Jeudi-04-06h,NON,Jeudi,2020-03-26 04:00
11609,10,False,False,False,False,False,False,False,False,False,False,False,False,False,False,Jeudi-04-06h,NON,Jeudi,2020-03-26 04:00
11610,256,False,False,False,False,False,False,False,False,False,False,False,True,False,False,Jeudi-04-06h,NON,Jeudi,2020-03-26 04:00
11611,141,True,True,True,False,False,False,False,False,False,False,True,False,False,False,Jeudi-04-06h,NON,Jeudi,2020-03-26 04:00
11612,28,False,False,False,False,False,False,False,False,False,False,False,False,False,False,Jeudi-04-06h,NON,Jeudi,2020-03-26 04:00
11613,101,True,True,True,True,True,True,False,False,False,False,False,False,False,False,Jeudi-04-06h,OUI,Jeudi,2020-03-26 04:00
11614,48,True,False,True,False,True,False,False,False,False,False,False,False,True,False,Jeudi-04-06h,OUI,Jeudi,2020-03-26 04:00
11615,27,False,False,False,False,False,True,False,False,False,False,False,False,False,False,Jeudi-04-06h,OUI,Jeudi,2020-03-26 04:00
11616,142,True,False,True,False,False,False,False,False,False,False,True,False,True,False,Jeudi-04-06h,NON,Jeudi,2020-03-26 04:00
11617,234,False,False,True,False,False,False,False,False,False,False,True,False,False,False,Jeudi-04-06h,NON,Jeudi,2020-03-26 04:00
11618,23,False,False,False,False,True,False,False,False,False,False,False,False,False,False,Jeudi-04-06h,NON,Jeudi,2020-03-26 04:00
11619,195,False,False,False,False,True,False,False,False,True,False,False,False,False,False,Jeudi-04-06h,NON,Jeudi,2020-03-26 04:00
11620,275,False,False,False,False,False,False,False,False,False,False,False,True,False,False,Jeudi-04-06h,NON,Jeudi,2020-03-26 04:00
11621,226,False,False,False,False,True,True,False,False,False,False,False,False,False,False,Jeudi-04-06h,NON,Jeudi,2020-03-26 04:00
11622,207,False,False,True,False,False,False,False,False,False,False,False,False,False,False,Jeudi-04-06h,NON,Jeudi,2020-03-26 04:00
11623,57,False,False,False,False,False,False,False,False,False,False,False,False,False,False,Jeudi-04-06h,NON,Jeudi,2020-03-26 04:00
11624,4,False,True,False,False,False,True,False,False,False,False,False,False,False,False,Jeudi-04-06h,NON,Jeudi,2020-03-26 04:00
11625,265,False,False,False,False,False,True,False,False,False,False,False,False,False,False,Jeudi-04-06h,NON,Jeudi,2020-03-26 04:00
11626,88,False,True,False,False,False,False,False,False,False,False,False,False,False,False,Jeudi-04-06h,NON,Jeudi,2020-03-26 04:00
11627,198,False,False,False,False,False,False,False,False,False,False,True,False,False,False,Jeudi-04-06h,NON,Jeudi,2020-03-26 04:00
11628,249,True,True,True,False,False,False,False,False,False,False,False,False,False,False,Jeudi-04-06h,NON,Jeudi,2020-03-26 04:00
11629,263,False,False,False,False,True,True,False,False,False,False,False,False,False,False,Jeudi-04-06h,NON,Jeudi,2020-03-26 04:00
11630,217,True,False,True,False,False,False,False,False,False,False,False,False,True,False,Jeudi-04-06h,NON,Jeudi,2020-03-26 04:00
11631,278,False,False,False,False,True,True,False,False,False,False,False,False,False,False,Jeudi-04-06h,NON,Jeudi,2020-03-26 04:00
11632,189,False,True,False,False,False,False,False,False,False,False,False,False,False,False,Jeudi-04-06h,NON,Jeudi,2020-03-26 04:00
11633,61,True,False,True,False,False,False,False,False,False,False,False,False,False,False,Jeudi-04-06h,NON,Jeudi,2020-03-26 04:00
11634,251,False,False,False,False,False,False,False,False,False,False,False,False,True,False,Jeudi-04-06h,NON,Jeudi,2020-03-26 04:00
11635,281,False,True,False,False,False,False,False,False,False,False,False,False,False,False,Jeudi-04-06h,NON,Jeudi,2020-03-26 04:00
11636,134,False,True,False,False,False,False,False,False,False,False,False,False,False,False,Jeudi-04-06h,NON,Jeudi,2020-03-26 04:00
11637,293,False,True,False,False,False,True,False,False,False,False,False,False,False,False,Jeudi-04-06h,NON,Jeudi,2020-03-26 04:00
11638,279,True,True,True,True,False,True,False,False,False,False,False,False,False,False,Jeudi-04-06h,OUI,Jeudi,2020-03-26 04:00
11639,81,True,False,True,True,False,False,False,True,False,False,False,False,False,False,Jeudi-04-06h,NON,Jeudi,2020-03-26 04:00
11640,92,True,False,False,True,False,False,False,False,False,False,True,False,False,False,Jeudi-04-06h,NON,Jeudi,2020-03-26 04:00
11641,147,False,False,False,False,False,False,False,False,False,False,False,False,False,False,Jeudi-04-06h,NON,Jeudi,2020-03-26 04:00
11642,33,False,True,False,False,True,False,False,False,False,False,False,False,False,False,Jeudi-04-06h,NON,Jeudi,2020-03-26 04:00
11643,266,False,False,False,False,False,False,False,False,False,False,False,False,False,False,Jeudi-04-06h,NON,Jeudi,2020-03-26 04:00
11644,225,True,False,False,False,False,True,False,False,False,False,False,False,False,False,Jeudi-04-06h,NON,Jeudi,2020-03-26 04:00
11645,83,True,False,True,False,False,False,False,False,False,False,False,False,False,False,Jeudi-04-06h,NON,Jeudi,2020-03-26 04:00
11646,95,False,False,False,False,True,True,False,True,False,False,False,False,False,False,Jeudi-04-06h,NON,Jeudi,2020-03-26 04:00
11647,127,False,False,False,False,True,False,False,False,False,False,False,False,False,False,Jeudi-04-06h,NON,Jeudi,2020-03-26 04:00
11648,20,False,False,False,False,False,False,False,False,False,False,False,False,False,False,Jeudi-04-06h,NON,Jeudi,2020-03-26 04:00
11649,89,False,False,False,False,False,False,False,False,True,False,False,False,False,False,Jeudi-04-06h,OUI,Jeudi,2020-03-26 04:00
11650,120,False,True,True,False,True,True,False,True,False,False,True,False,False,False,Jeudi-04-06h,NON,Jeudi,2020-03-26 04:00
11651,253,False,False,False,False,True,True,False,False,False,False,False,True,False,False,Jeudi-04-06h,NON,Jeudi,2020-03-26 04:00
11652,52,False,False,True,False,False,False,False,False,False,False,False,False,False,False,Jeudi-04-06h,OUI,Jeudi,2020-03-26 04:00
11653,168,True,False,True,False,False,False,False,True,False,False,False,False,False,False,Jeudi-04-06h,NON,Jeudi,2020-03-26 04:00
11654,202,False,True,False,False,False,False,False,False,False,False,False,False,False,False,Jeudi-04-06h,NON,Jeudi,2020-03-26 04:00
11655,172,False,False,False,False,True,False,False,False,False,False,False,False,False,False,Jeudi-04-06h,NON,Jeudi,2020-03-26 04:00
11656,239,False,False,False,False,True,True,False,False,False,False,False,False,False,False,Jeudi-04-06h,NON,Jeudi,2020-03-26 04:00
11657,85,False,False,False,False,True,False,False,False,False,False,False,False,False,False,Jeudi-04-06h,NON,Jeudi,2020-03-26 04:00
11658,215,False,False,False,False,False,False,False,False,True,False,False,False,False,False,Jeudi-04-06h,NON,Jeudi,2020-03-26 04:00
11659,260,True,False,True,False,False,False,False,False,False,False,False,False,False,False,Jeudi-04-06h,NON,Jeudi,2020-03-26 04:00
11660,286,True,True,False,False,True,False,False,False,False,False,False,False,False,False,Jeudi-04-06h,NON,Jeudi,2020-03-26 04:00
11661,72,False,True,False,False,False,False,False,False,False,False,False,False,False,False,Jeudi-06-08h,NON,Jeudi,2020-03-26 06:00
11662,167,True,True,True,True,True,True,False,False,False,False,False,False,False,False,Jeudi-06-08h,OUI,Jeudi,2020-03-26 06:00
11663,130,True,False,True,False,False,False,False,True,False,False,False,False,True,True,Jeudi-06-08h,NON,Jeudi,2020-03-26 06:00
11664,288,True,True,True,False,True,False,False,False,False,False,False,False,False,False,Jeudi-06-08h,OUI,Jeudi,2020-03-26 06:00
11665,59,False,False,False,False,False,True,False,False,False,False,False,False,False,False,Jeudi-06-08h,NON,Jeudi,2020-03-26 06:00
11666,178,True,False,False,False,False,False,False,False,False,False,True,False,False,False,Jeudi-06-08h,OUI,Jeudi,2020-03-26 06:00
11667,254,False,False,False,False,False,False,False,False,False,False,False,True,False,False,Jeudi-06-08h,NON,Jeudi,2020-03-26 06:00
11668,34,False,False,False,False,False,False,False,False,False,False,False,False,False,False,Jeudi-06-08h,NON,Jeudi,2020-03-26 06:00
11669,264,False,False,False,False,True,True,True,False,False,False,False,False,False,False,Jeudi-06-08h,NON,Jeudi,2020-03-26 06:00
11670,158,True,False,False,False,True,False,False,False,False,True,False,False,False,False,Jeudi-06-08h,NON,Jeudi,2020-03-26 06:00
11671,210,False,True,False,False,True,True,False,False,False,False,False,False,False,False,Jeudi-06-08h,NON,Jeudi,2020-03-26 06:00
11672,93,False,False,False,False,True,False,False,False,False,False,False,False,True,False,Jeudi-06-08h,OUI,Jeudi,2020-03-26 06:00
11673,144,True,False,True,False,True,False,False,False,False,False,False,False,False,False,Jeudi-06-08h,OUI,Jeudi,2020-03-26 06:00
11674,164,False,True,False,False,True,True,False,False,False,False,False,False,False,False,Jeudi-06-08h,OUI,Jeudi,2020-03-26 06:00
11675,289,False,False,False,False,True,True,False,False,False,False,False,False,False,False,Jeudi-06-08h,NON,Jeudi,2020-03-26 06:00
11676,50,False,False,False,False,False,False,False,False,False,False,False,False,False,False,Jeudi-06-08h,NON,Jeudi,2020-03-26 06:00
11677,51,True,True,False,False,True,False,False,False,False,False,False,False,False,False,Jeudi-06-08h,OUI,Jeudi,2020-03-26 06:00
11678,247,False,False,True,False,False,False,False,False,False,False,False,False,False,False,Jeudi-06-08h,NON,Jeudi,2020-03-26 06:00
11679,159,False,False,False,False,False,False,False,True,False,False,False,False,False,False,Jeudi-06-08h,NON,Jeudi,2020-03-26 06:00
11680,54,False,False,False,False,False,True,False,False,False,False,False,False,False,False,Jeudi-06-08h,NON,Jeudi,2020-03-26 06:00
11681,55,True,False,False,False,True,True,False,True,False,False,False,False,False,False,Jeudi-06-08h,OUI,Jeudi,2020-03-26 06:00
11682,257,False,False,False,False,True,False,False,False,False,False,False,False,False,False,Jeudi-06-08h,NON,Jeudi,2020-03-26 06:00
11683,67,False,False,False,False,False,False,False,False,False,False,False,False,False,False,Jeudi-06-08h,NON,Jeudi,2020-03-26 06:00
11684,71,True,False,True,False,False,False,False,False,False,False,False,False,False,False,Jeudi-06-08h,OUI,Jeudi,2020-03-26 06:00
11685,280,False,False,False,False,False,True,False,False,False,False,False,False,False,False,Jeudi-06-08h,OUI,Jeudi,2020-03-26 06:00
11686,283,True,True,False,False,False,False,False,False,False,False,False,False,False,False,Jeudi-06-08h,OUI,Jeudi,2020-03-26 06:00
11687,154,False,False,False,False,True,True,False,False,False,False,False,True,False,False,Jeudi-06-08h,OUI,Jeudi,2020-03-26 06:00
11688,171,False,False,False,False,False,False,False,False,False,False,False,True,False,False,Jeudi-06-08h,NON,Jeudi,2020-03-26 06:00
11689,131,False,False,True,False,False,False,False,False,False,False,False,False,False,False,Jeudi-06-08h,NON,Jeudi,2020-03-26 06:00
11690,237,True,False,False,False,False,True,True,False,False,False,False,False,True,False,Jeudi-06-08h,OUI,Jeudi,2020-03-26 06:00
11691,75,False,False,False,False,True,True,False,False,False,False,False,False,False,False,Jeudi-06-08h,NON,Jeudi,2020-03-26 06:00
11692,235,True,False,False,False,True,False,False,False,False,False,False,False,False,False,Jeudi-06-08h,NON,Jeudi,2020-03-26 06:00
11693,180,False,False,False,False,True,True,False,False,False,False,False,False,False,False,Jeudi-06-08h,OUI,Jeudi,2020-03-26 06:00
11694,219,False,False,False,False,False,True,False,False,False,False,False,False,False,False,Jeudi-06-08h,OUI,Jeudi,2020-03-26 06:00
11695,250,False,False,False,False,False,False,False,False,True,False,False,False,False,False,Jeudi-06-08h,NON,Jeudi,2020-03-26 06:00
11696,267,True,True,False,False,False,False,False,False,False,False,False,False,False,False,Jeudi-06-08h,NON,Jeudi,2020-03-26 06:00
11697,160,False,True,False,False,False,True,False,False,False,False,False,False,False,False,Jeudi-06-08h,NON,Jeudi,2020-03-26 06:00
11698,182,False,True,False,False,True,True,True,False,False,False,False,False,False,False,Jeudi-06-08h,NON,Jeudi,2020-03-26 06:00
11699,143,False,False,False,False,False,False,False,True,False,False,True,False,False,False,Jeudi-06-08h,OUI,Jeudi,2020-03-26 06:00
11700,223,True,True,False,False,False,False,False,False,False,False,False,False,False,False,Jeudi-06-08h,NON,Jeudi,2020-03-26 06:00
11701,192,True,False,True,False,False,False,False,False,False,False,False,False,False,False,Jeudi-06-08h,NON,Jeudi,2020-03-26 06:00
11702,30,False,False,True,False,False,False,False,True,False,False,False,False,False,False,Jeudi-06-08h,NON,Jeudi,2020-03-26 06:00
11703,125,True,False,False,False,True,False,False,True,False,False,False,False,False,False,Jeudi-06-08h,NON,Jeudi,2020-03-26 06:00
11704,39,False,False,True,False,True,False,False,True,False,False,False,False,False,False,Jeudi-06-08h,NON,Jeudi,2020-03-26 06:00
11705,113,True,False,True,False,False,False,False,False,False,False,False,False,False,False,Jeudi-06-08h,NON,Jeudi,2020-03-26 06:00
11706,121,True,False,True,False,False,False,False,True,False,False,False,False,False,False,Jeudi-06-08h,OUI,Jeudi,2020-03-26 06:00
11707,228,False,False,False,False,False,False,False,False,False,False,True,False,False,False,Jeudi-06-08h,OUI,Jeudi,2020-03-26 06:00
11708,290,False,False,False,False,False,False,False,False,True,False,False,False,False,False,Jeudi-06-08h,NON,Jeudi,2020-03-26 06:00
11709,197,False,False,True,False,True,False,False,False,False,False,False,False,False,False,Jeudi-06-08h,NON,Jeudi,2020-03-26 06:00
11710,31,True,True,True,False,False,True,False,False,False,False,False,False,False,False,Jeudi-06-08h,OUI,Jeudi,2020-03-26 06:00
11711,173,True,False,False,False,True,True,False,True,False,False,False,False,False,False,Jeudi-06-08h,OUI,Jeudi,2020-03-26 06:00
11712,74,True,False,False,True,False,False,False,True,False,False,True,False,False,False,Jeudi-06-08h,NON,Jeudi,2020-03-26 06:00
11713,15,False,False,True,False,False,False,False,False,False,False,False,False,False,False,Jeudi-06-08h,NON,Jeudi,2020-03-26 06:00
11714,45,True,False,False,False,True,True,False,True,False,False,False,False,False,False,Jeudi-06-08h,OUI,Jeudi,2020-03-26 06:00
11715,63,False,False,True,False,False,False,False,False,False,False,False,False,False,False,Jeudi-06-08h,NON,Jeudi,2020-03-26 06:00
11716,3,False,False,False,False,False,True,False,False,False,False,False,True,False,False,Jeudi-06-08h,OUI,Jeudi,2020-03-26 06:00
11717,21,True,False,True,False,False,False,False,False,False,False,False,False,False,False,Jeudi-06-08h,NON,Jeudi,2020-03-26 06:00
11718,78,False,True,True,False,True,True,False,True,False,False,False,False,False,False,Jeudi-06-08h,NON,Jeudi,2020-03-26 06:00
11719,47,False,True,False,False,False,False,False,False,False,False,False,False,False,False,Jeudi-06-08h,NON,Jeudi,2020-03-26 06:00
11720,151,True,True,False,False,True,False,False,True,False,False,False,False,False,False,Jeudi-06-08h,NON,Jeudi,2020-03-26 06:00
11721,6,True,False,True,False,False,False,False,False,False,False,False,False,False,False,Jeudi-06-08h,OUI,Jeudi,2020-03-26 06:00
11722,135,True,False,True,False,False,False,False,False,False,False,False,False,True,False,Jeudi-06-08h,OUI,Jeudi,2020-03-26 06:00
11723,221,False,False,False,False,True,True,False,False,False,False,False,False,False,False,Jeudi-06-08h,NON,Jeudi,2020-03-26 06:00
11724,170,False,False,True,False,False,False,False,False,False,False,True,False,False,True,Jeudi-06-08h,NON,Jeudi,2020-03-26 06:00
11725,129,False,True,False,False,False,False,False,False,False,False,False,False,False,False,Jeudi-06-08h,NON,Jeudi,2020-03-26 06:00
11726,132,True,True,True,False,False,True,False,False,False,False,False,False,False,False,Jeudi-06-08h,OUI,Jeudi,2020-03-26 06:00
11727,110,False,True,False,False,False,False,False,False,False,False,False,False,False,False,Jeudi-06-08h,OUI,Jeudi,2020-03-26 06:00
11728,191,False,False,False,False,False,True,False,False,False,False,False,False,False,False,Jeudi-06-08h,OUI,Jeudi,2020-03-26 06:00
11729,94,True,True,True,False,False,True,False,False,False,False,True,False,True,False,Jeudi-06-08h,NON,Jeudi,2020-03-26 06:00
11730,108,False,False,False,False,False,True,True,False,False,False,False,False,False,False,Jeudi-06-08h,OUI,Jeudi,2020-03-26 06:00
11731,236,False,False,False,False,True,True,False,False,False,False,False,False,False,False,Jeudi-06-08h,OUI,Jeudi,2020-03-26 06:00
11732,42,True,False,True,False,True,False,False,False,False,False,False,False,False,False,Jeudi-06-08h,NON,Jeudi,2020-03-26 06:00
11733,155,True,False,False,False,True,False,False,False,False,False,False,False,False,False,Jeudi-06-08h,NON,Jeudi,2020-03-26 06:00
11734,1,False,False,False,False,False,False,False,False,False,False,False,False,False,False,Jeudi-06-08h,NON,Jeudi,2020-03-26 06:00
11735,58,False,True,True,False,False,True,False,False,False,False,True,False,False,False,Jeudi-06-08h,OUI,Jeudi,2020-03-26 06:00
11736,0,False,True,False,False,False,False,False,False,False,False,False,False,False,False,Jeudi-06-08h,NON,Jeudi,2020-03-26 06:00
11737,269,False,False,False,False,False,False,False,False,False,False,False,False,False,False,Jeudi-06-08h,NON,Jeudi,2020-03-26 06:00
11738,2,True,False,True,False,False,False,False,False,False,False,False,False,False,False,Jeudi-06-08h,NON,Jeudi,2020-03-26 06:00
11739,103,False,False,False,False,True,False,False,False,False,False,False,False,False,False,Jeudi-06-08h,OUI,Jeudi,2020-03-26 06:00
11740,12,False,True,False,False,True,False,False,False,False,False,False,False,False,False,Jeudi-06-08h,NON,Jeudi,2020-03-26 06:00
11741,245,True,False,False,False,True,True,False,True,False,False,False,False,False,False,Jeudi-06-08h,NON,Jeudi,2020-03-26 06:00
11742,161,False,False,True,False,False,False,False,False,False,False,True,False,False,False,Jeudi-06-08h,NON,Jeudi,2020-03-26 06:00
11743,38,False,False,False,False,False,False,False,False,True,False,False,False,False,False,Jeudi-06-08h,NON,Jeudi,2020-03-26 06:00
11744,122,False,False,False,False,False,False,False,False,False,False,False,False,False,False,Jeudi-06-08h,NON,Jeudi,2020-03-26 06:00
11745,248,False,False,True,False,False,False,False,False,False,False,False,False,True,False,Jeudi-06-08h,NON,Jeudi,2020-03-26 06:00
11746,271,False,True,True,False,False,True,False,False,False,False,False,False,False,False,Jeudi-06-08h,OUI,Jeudi,2020-03-26 06:00
11747,116,False,False,True,False,False,False,False,False,False,False,False,False,False,False,Jeudi-06-08h,OUI,Jeudi,2020-03-26 06:00
11748,117,True,True,True,True,False,True,False,False,False,False,False,False,False,False,Jeudi-06-08h,NON,Jeudi,2020-03-26 06:00
11749,213,False,False,False,False,True,True,False,True,False,False,False,False,False,False,Jeudi-06-08h,NON,Jeudi,2020-03-26 06:00
11750,220,False,True,True,False,False,True,False,False,False,False,False,False,False,False,Jeudi-06-08h,OUI,Jeudi,2020-03-26 06:00
11751,176,False,False,True,False,False,False,False,False,False,False,False,False,False,False,Jeudi-06-08h,NON,Jeudi,2020-03-26 06:00
11752,96,False,False,False,False,True,True,False,False,False,True,False,False,False,False,Jeudi-06-08h,NON,Jeudi,2020-03-26 06:00
11753,214,False,False,False,False,True,True,False,False,False,True,False,False,False,False,Jeudi-06-08h,OUI,Jeudi,2020-03-26 06:00
11754,11,True,False,False,True,False,False,False,False,False,False,True,False,False,False,Jeudi-06-08h,NON,Jeudi,2020-03-26 06:00
11755,255,True,False,True,False,False,False,False,True,False,False,False,False,False,False,Jeudi-06-08h,OUI,Jeudi,2020-03-26 06:00
11756,86,False,False,True,False,False,False,False,False,False,False,False,False,False,False,Jeudi-06-08h,OUI,Jeudi,2020-03-26 06:00
11757,209,True,False,False,False,True,True,False,True,False,False,False,False,False,False,Jeudi-06-08h,OUI,Jeudi,2020-03-26 06:00
11758,291,False,False,False,False,False,True,False,False,True,False,False,False,False,False,Jeudi-06-08h,OUI,Jeudi,2020-03-26 06:00
11759,287,False,False,False,False,False,False,False,False,False,False,False,True,False,False,Jeudi-06-08h,NON,Jeudi,2020-03-26 06:00
11760,104,False,False,False,False,True,True,False,False,False,False,False,False,False,False,Jeudi-06-08h,NON,Jeudi,2020-03-26 06:00
11761,18,False,False,False,False,True,False,False,False,False,False,False,False,False,False,Jeudi-06-08h,OUI,Jeudi,2020-03-26 06:00
11762,123,False,True,False,False,True,True,False,False,False,False,False,False,False,False,Jeudi-06-08h,NON,Jeudi,2020-03-26 06:00
11763,136,False,False,False,False,True,False,False,False,False,False,False,False,False,False,Jeudi-06-08h,NON,Jeudi,2020-03-26 06:00
11764,276,True,False,True,False,False,False,False,False,False,False,False,False,False,False,Jeudi-06-08h,NON,Jeudi,2020-03-26 06:00
11765,53,False,False,False,False,True,True,False,False,False,False,False,False,False,False,Jeudi-06-08h,OUI,Jeudi,2020-03-26 06:00
11766,179,True,False,True,False,False,False,False,False,False,False,False,False,False,False,Jeudi-06-08h,OUI,Jeudi,2020-03-26 06:00
11767,200,False,False,False,False,False,False,False,False,False,False,False,False,False,False,Jeudi-06-08h,NON,Jeudi,2020-03-26 06:00
11768,73,False,False,False,False,False,False,False,False,False,False,False,False,False,False,Jeudi-06-08h,NON,Jeudi,2020-03-26 06:00
11769,156,False,False,False,False,True,True,False,False,False,False,False,False,False,False,Jeudi-06-08h,NON,Jeudi,2020-03-26 06:00
11770,128,True,True,True,False,False,True,False,False,False,False,False,False,False,False,Jeudi-06-08h,NON,Jeudi,2020-03-26 06:00
11771,118,False,False,False,False,False,False,False,False,False,False,False,False,False,False,Jeudi-06-08h,NON,Jeudi,2020-03-26 06:00
11772,112,True,False,True,False,False,False,False,False,False,False,False,False,False,False,Jeudi-06-08h,NON,Jeudi,2020-03-26 06:00
11773,35,False,False,False,False,True,True,False,False,False,False,False,False,False,False,Jeudi-06-08h,NON,Jeudi,2020-03-26 06:00
11774,32,False,False,False,False,False,False,False,False,False,False,False,True,False,False,Jeudi-06-08h,NON,Jeudi,2020-03-26 06:00
11775,199,True,False,True,False,False,False,False,False,False,False,False,False,False,False,Jeudi-06-08h,NON,Jeudi,2020-03-26 06:00
11776,153,True,False,False,False,True,True,False,False,False,False,False,False,False,False,Jeudi-06-08h,NON,Jeudi,2020-03-26 06:00
11777,82,False,False,True,False,False,False,False,False,False,False,False,False,False,False,Jeudi-06-08h,NON,Jeudi,2020-03-26 06:00
11778,292,False,True,False,False,False,False,False,False,False,False,False,False,False,False,Jeudi-06-08h,OUI,Jeudi,2020-03-26 06:00
11779,169,False,False,False,True,False,False,False,False,False,False,False,False,False,False,Jeudi-06-08h,NON,Jeudi,2020-03-26 06:00
11780,16,False,False,False,False,True,True,False,False,False,False,False,False,False,False,Jeudi-06-08h,OUI,Jeudi,2020-03-26 06:00
11781,46,True,True,True,False,False,True,True,False,False,False,False,False,False,False,Jeudi-06-08h,OUI,Jeudi,2020-03-26 06:00
11782,216,False,True,False,False,False,True,False,False,False,False,False,False,False,False,Jeudi-06-08h,OUI,Jeudi,2020-03-26 06:00
11783,174,False,True,True,False,False,True,False,False,False,False,True,False,False,False,Jeudi-06-08h,NON,Jeudi,2020-03-26 06:00
11784,43,False,False,False,False,True,False,False,False,False,False,False,False,False,False,Jeudi-06-08h,NON,Jeudi,2020-03-26 06:00
11785,165,False,False,False,False,True,True,False,False,False,False,False,False,False,False,Jeudi-06-08h,NON,Jeudi,2020-03-26 06:00
11786,126,False,True,False,False,False,True,False,False,False,False,False,False,False,False,Jeudi-06-08h,OUI,Jeudi,2020-03-26 06:00
11787,41,False,False,False,False,False,True,False,False,True,False,False,False,False,False,Jeudi-06-08h,NON,Jeudi,2020-03-26 06:00
11788,157,False,False,True,False,False,False,False,False,False,False,False,False,False,False,Jeudi-06-08h,NON,Jeudi,2020-03-26 06:00
11789,272,False,True,True,False,False,False,True,False,False,False,True,False,True,True,Jeudi-06-08h,OUI,Jeudi,2020-03-26 06:00
11790,115,True,False,True,False,False,False,False,False,False,False,False,False,False,False,Jeudi-06-08h,NON,Jeudi,2020-03-26 06:00
11791,84,False,False,False,False,False,False,False,False,False,False,False,True,False,False,Jeudi-06-08h,NON,Jeudi,2020-03-26 06:00
11792,183,True,True,True,True,False,False,False,False,False,False,False,False,False,False,Jeudi-06-08h,NON,Jeudi,2020-03-26 06:00
11793,65,True,True,False,False,False,True,False,False,False,False,False,False,False,False,Jeudi-06-08h,OUI,Jeudi,2020-03-26 06:00
11794,105,True,False,False,False,False,False,False,False,False,False,False,False,False,False,Jeudi-06-08h,OUI,Jeudi,2020-03-26 06:00
11795,187,True,False,False,False,False,True,False,False,False,False,False,False,False,False,Jeudi-06-08h,NON,Jeudi,2020-03-26 06:00
11796,139,True,False,True,False,False,False,False,False,False,False,False,False,False,False,Jeudi-06-08h,NON,Jeudi,2020-03-26 06:00
11797,259,False,False,False,False,True,True,False,False,False,False,False,False,False,False,Jeudi-06-08h,OUI,Jeudi,2020-03-26 06:00
11798,124,True,False,True,False,False,False,False,False,False,False,True,False,False,False,Jeudi-06-08h,OUI,Jeudi,2020-03-26 06:00
11799,98,False,False,False,False,False,True,False,False,False,False,False,True,False,False,Jeudi-06-08h,OUI,Jeudi,2020-03-26 06:00
11800,284,False,True,True,False,False,True,False,False,False,False,False,False,True,False,Jeudi-06-08h,OUI,Jeudi,2020-03-26 06:00
11801,148,True,False,True,False,True,False,False,True,False,False,False,False,False,False,Jeudi-06-08h,NON,Jeudi,2020-03-26 06:00
11802,258,True,False,True,False,False,False,False,False,False,False,False,False,False,False,Jeudi-06-08h,OUI,Jeudi,2020-03-26 06:00
11803,175,False,False,False,False,False,True,False,False,False,False,False,False,False,False,Jeudi-06-08h,NON,Jeudi,2020-03-26 06:00
11804,119,False,False,False,False,False,False,False,False,False,False,True,False,False,False,Jeudi-06-08h,NON,Jeudi,2020-03-26 06:00
11805,229,True,False,True,False,False,False,False,True,False,False,False,False,False,False,Jeudi-06-08h,OUI,Jeudi,2020-03-26 06:00
11806,230,False,False,False,False,False,True,True,False,False,False,False,False,False,False,Jeudi-06-08h,NON,Jeudi,2020-03-26 06:00
11807,17,True,False,False,False,False,True,True,False,False,False,False,False,False,False,Jeudi-06-08h,NON,Jeudi,2020-03-26 06:00
11808,177,False,False,False,False,False,False,False,False,False,False,False,False,False,False,Jeudi-06-08h,NON,Jeudi,2020-03-26 06:00
11809,7,False,False,False,False,False,False,False,False,False,False,False,False,False,False,Jeudi-06-08h,NON,Jeudi,2020-03-26 06:00
11810,241,False,False,True,False,False,False,False,False,False,False,False,False,False,False,Jeudi-06-08h,NON,Jeudi,2020-03-26 06:00
11811,8,True,False,False,False,True,True,False,True,False,False,False,False,False,False,Jeudi-06-08h,NON,Jeudi,2020-03-26 06:00
11812,268,False,True,False,False,False,True,False,False,False,False,False,False,False,False,Jeudi-06-08h,OUI,Jeudi,2020-03-26 06:00
11813,294,False,False,True,False,True,False,False,False,False,False,False,False,False,False,Jeudi-06-08h,OUI,Jeudi,2020-03-26 06:00
11814,242,True,False,False,False,True,True,False,False,False,False,False,False,False,False,Jeudi-06-08h,NON,Jeudi,2020-03-26 06:00
11815,194,False,False,False,False,False,True,False,False,False,False,False,False,False,False,Jeudi-06-08h,NON,Jeudi,2020-03-26 06:00
11816,243,False,False,False,False,True,True,False,False,False,False,False,False,False,False,Jeudi-06-08h,NON,Jeudi,2020-03-26 06:00
11817,212,True,True,True,False,False,True,False,False,False,False,False,False,False,False,Jeudi-06-08h,OUI,Jeudi,2020-03-26 06:00
11818,19,False,False,False,False,False,True,False,False,False,False,False,False,False,False,Jeudi-06-08h,OUI,Jeudi,2020-03-26 06:00
11819,114,False,False,False,False,True,False,False,False,False,False,False,False,False,False,Jeudi-06-08h,OUI,Jeudi,2020-03-26 06:00
11820,190,False,False,False,False,False,True,False,False,True,False,False,False,False,False,Jeudi-06-08h,NON,Jeudi,2020-03-26 06:00
11821,64,False,False,True,False,False,False,False,False,False,False,False,False,False,False,Jeudi-06-08h,NON,Jeudi,2020-03-26 06:00
11822,227,False,False,False,False,False,False,False,False,False,False,False,False,False,False,Jeudi-06-08h,NON,Jeudi,2020-03-26 06:00
11823,232,False,False,False,False,False,True,False,False,False,False,False,False,False,False,Jeudi-06-08h,OUI,Jeudi,2020-03-26 06:00
11824,246,False,True,False,False,False,True,True,False,False,False,False,False,False,False,Jeudi-06-08h,NON,Jeudi,2020-03-26 06:00
11825,100,False,False,False,False,False,True,False,False,False,False,False,False,False,False,Jeudi-06-08h,NON,Jeudi,2020-03-26 06:00
11826,13,False,False,False,False,True,False,False,False,False,False,False,False,False,False,Jeudi-06-08h,NON,Jeudi,2020-03-26 06:00
11827,262,True,True,True,False,False,False,False,False,False,False,False,False,False,False,Jeudi-06-08h,NON,Jeudi,2020-03-26 06:00
11828,76,True,True,True,False,False,True,False,False,False,False,True,False,False,False,Jeudi-06-08h,NON,Jeudi,2020-03-26 06:00
11829,261,False,True,False,False,True,False,False,False,False,False,False,False,False,False,Jeudi-06-08h,NON,Jeudi,2020-03-26 06:00
11830,150,False,True,False,False,False,False,False,False,False,False,False,False,False,False,Jeudi-06-08h,OUI,Jeudi,2020-03-26 06:00
11831,205,False,False,False,False,False,False,False,False,False,False,False,False,False,False,Jeudi-06-08h,NON,Jeudi,2020-03-26 06:00
11832,56,False,False,False,False,True,True,False,False,False,False,False,False,False,False,Jeudi-06-08h,OUI,Jeudi,2020-03-26 06:00
11833,186,False,False,False,False,True,False,False,False,False,False,False,False,False,False,Jeudi-06-08h,OUI,Jeudi,2020-03-26 06:00
11834,162,True,False,False,False,True,True,False,False,False,False,False,False,False,False,Jeudi-06-08h,NON,Jeudi,2020-03-26 06:00
11835,68,False,True,False,False,True,True,False,False,False,False,False,False,False,False,Jeudi-06-08h,OUI,Jeudi,2020-03-26 06:00
11836,146,False,False,False,False,False,True,False,False,False,False,False,True,False,False,Jeudi-06-08h,OUI,Jeudi,2020-03-26 06:00
11837,49,False,False,False,False,False,False,False,False,False,False,False,False,True,False,Jeudi-06-08h,NON,Jeudi,2020-03-26 06:00
11838,91,True,False,True,True,False,False,False,False,False,False,False,False,False,False,Jeudi-06-08h,OUI,Jeudi,2020-03-26 06:00
11839,22,False,False,False,False,False,False,False,False,False,True,False,False,False,False,Jeudi-06-08h,NON,Jeudi,2020-03-26 06:00
11840,151,False,False,False,False,True,False,False,False,False,False,False,False,False,False,Jeudi-06-08h,NON,Jeudi,2020-03-26 06:00
11841,193,False,False,False,False,True,True,False,False,False,False,False,False,False,False,Jeudi-06-08h,OUI,Jeudi,2020-03-26 06:00
11842,9,True,True,False,False,False,False,False,False,False,False,False,False,False,False,Jeudi-06-08h,NON,Jeudi,2020-03-26 06:00
11843,99,True,False,True,False,False,False,False,False,False,False,False,False,False,False,Jeudi-06-08h,NON,Jeudi,2020-03-26 06:00
11844,181,False,False,False,False,True,True,False,False,False,False,False,False,False,False,Jeudi-06-08h,OUI,Jeudi,2020-03-26 06:00
11845,111,False,False,False,False,False,True,False,True,False,False,False,False,False,False,Jeudi-06-08h,OUI,Jeudi,2020-03-26 06:00
11846,44,False,True,False,False,False,True,False,False,False,False,False,False,False,False,Jeudi-06-08h,NON,Jeudi,2020-03-26 06:00
11847,24,False,False,False,False,True,False,False,True,False,False,False,False,False,False,Jeudi-06-08h,OUI,Jeudi,2020-03-26 06:00
11848,102,False,False,False,False,True,True,False,True,False,False,False,False,False,False,Jeudi-06-08h,NON,Jeudi,2020-03-26 06:00
11849,203,True,True,False,False,False,False,False,True,False,False,False,False,False,False,Jeudi-06-08h,NON,Jeudi,2020-03-26 06:00
11850,140,False,False,False,False,True,True,False,True,False,False,False,False,False,False,Jeudi-06-08h,NON,Jeudi,2020-03-26 06:00
11851,188,False,False,False,False,False,True,False,False,True,False,False,False,False,False,Jeudi-06-08h,NON,Jeudi,2020-03-26 06:00
11852,206,False,False,False,True,False,False,False,False,False,False,True,False,False,False,Jeudi-06-08h,OUI,Jeudi,2020-03-26 06:00
11853,273,False,False,False,False,False,False,False,False,False,False,False,True,False,False,Jeudi-06-08h,NON,Jeudi,2020-03-26 06:00
11854,69,True,False,True,False,False,False,False,False,False,False,False,False,False,False,Jeudi-06-08h,NON,Jeudi,2020-03-26 06:00
11855,87,True,False,False,True,False,False,False,False,False,False,True,False,False,False,Jeudi-06-08h,OUI,Jeudi,2020-03-26 06:00
11856,83,True,False,True,False,False,False,False,False,False,False,False,False,False,False,Jeudi-06-08h,NON,Jeudi,2020-03-26 06:00
11857,149,True,False,True,True,False,False,False,False,False,False,False,False,False,False,Jeudi-06-08h,NON,Jeudi,2020-03-26 06:00
11858,274,False,False,False,False,False,True,False,False,False,False,False,False,False,False,Jeudi-06-08h,NON,Jeudi,2020-03-26 06:00
11859,282,True,False,True,True,False,False,False,False,False,False,False,False,False,False,Jeudi-06-08h,OUI,Jeudi,2020-03-26 06:00
11860,147,False,False,False,False,False,False,False,False,False,False,False,False,False,False,Jeudi-06-08h,NON,Jeudi,2020-03-26 06:00
11861,238,False,False,False,False,False,False,False,False,False,False,False,True,False,False,Jeudi-06-08h,NON,Jeudi,2020-03-26 06:00
11862,201,False,False,False,False,False,False,False,False,False,False,False,False,False,False,Jeudi-06-08h,NON,Jeudi,2020-03-26 06:00
11863,152,False,True,False,False,False,False,False,False,False,False,False,False,False,False,Jeudi-06-08h,NON,Jeudi,2020-03-26 06:00
11864,222,False,False,False,False,False,True,False,False,True,True,False,False,False,False,Jeudi-06-08h,OUI,Jeudi,2020-03-26 06:00
11865,106,False,False,False,False,False,True,False,False,False,False,False,True,False,False,Jeudi-06-08h,NON,Jeudi,2020-03-26 06:00
11866,133,False,False,True,False,True,False,False,False,False,False,False,False,False,False,Jeudi-06-08h,NON,Jeudi,2020-03-26 06:00
11867,163,False,False,False,False,True,False,False,False,False,False,False,False,False,False,Jeudi-06-08h,NON,Jeudi,2020-03-26 06:00
11868,231,False,False,False,False,False,False,False,False,False,False,False,False,False,False,Jeudi-06-08h,NON,Jeudi,2020-03-26 06:00
11869,25,False,False,False,False,True,False,False,False,False,False,False,False,False,False,Jeudi-06-08h,NON,Jeudi,2020-03-26 06:00
11870,196,False,False,True,False,True,False,False,True,False,False,False,False,False,False,Jeudi-06-08h,OUI,Jeudi,2020-03-26 06:00
11871,5,False,False,False,False,True,True,False,False,False,False,False,False,False,False,Jeudi-06-08h,NON,Jeudi,2020-03-26 06:00
11872,90,False,True,False,False,False,False,False,False,False,False,False,False,False,False,Jeudi-06-08h,NON,Jeudi,2020-03-26 06:00
11873,244,True,False,True,False,False,False,False,False,False,False,False,False,False,False,Jeudi-06-08h,NON,Jeudi,2020-03-26 06:00
11874,107,False,True,False,False,False,True,False,False,False,False,False,False,False,False,Jeudi-06-08h,OUI,Jeudi,2020-03-26 06:00
11875,218,False,True,False,False,True,True,False,False,False,False,False,False,False,False,Jeudi-06-08h,OUI,Jeudi,2020-03-26 06:00
11876,62,False,True,True,False,True,True,False,False,False,False,False,False,False,False,Jeudi-06-08h,NON,Jeudi,2020-03-26 06:00
11877,79,False,True,False,False,False,False,False,False,False,False,False,False,False,False,Jeudi-06-08h,OUI,Jeudi,2020-03-26 06:00
11878,208,False,False,False,False,False,True,False,False,False,False,False,False,False,False,Jeudi-06-08h,NON,Jeudi,2020-03-26 06:00
11879,270,False,False,False,False,False,False,False,False,True,False,False,False,False,False,Jeudi-06-08h,NON,Jeudi,2020-03-26 06:00
11880,166,True,False,False,False,True,True,False,False,False,False,False,False,False,False,Jeudi-06-08h,OUI,Jeudi,2020-03-26 06:00
11881,77,False,False,True,False,True,False,False,False,False,False,False,False,False,False,Jeudi-06-08h,NON,Jeudi,2020-03-26 06:00
11882,29,False,False,False,False,False,True,False,False,False,False,False,True,False,False,Jeudi-06-08h,OUI,Jeudi,2020-03-26 06:00
11883,240,False,False,False,False,False,True,False,False,False,False,False,False,False,False,Jeudi-06-08h,NON,Jeudi,2020-03-26 06:00
11884,184,False,True,False,False,False,False,False,False,False,False,False,False,False,False,Jeudi-06-08h,OUI,Jeudi,2020-03-26 06:00
11885,277,False,True,True,False,False,True,False,False,False,False,False,False,False,False,Jeudi-06-08h,NON,Jeudi,2020-03-26 06:00
11886,80,True,False,False,False,False,True,False,False,False,True,False,False,False,False,Jeudi-06-08h,NON,Jeudi,2020-03-26 06:00
11887,185,True,True,True,False,False,True,False,False,False,False,True,False,True,False,Jeudi-06-08h,NON,Jeudi,2020-03-26 06:00
11888,204,False,False,False,False,True,True,False,False,False,False,False,True,False,False,Jeudi-06-08h,OUI,Jeudi,2020-03-26 06:00
11889,252,True,True,True,False,False,True,False,False,False,False,False,False,False,False,Jeudi-06-08h,OUI,Jeudi,2020-03-26 06:00
11890,26,False,False,False,False,True,False,False,False,False,False,False,False,False,False,Jeudi-06-08h,NON,Jeudi,2020-03-26 06:00
11891,70,False,False,False,False,True,False,False,False,False,False,False,True,False,False,Jeudi-06-08h,OUI,Jeudi,2020-03-26 06:00
11892,233,False,False,False,False,True,False,False,False,False,False,False,False,False,False,Jeudi-06-08h,OUI,Jeudi,2020-03-26 06:00
11893,37,True,True,True,False,True,True,False,False,False,False,False,False,False,False,Jeudi-06-08h,OUI,Jeudi,2020-03-26 06:00
11894,185,False,False,True,False,False,False,False,False,False,False,False,False,False,False,Jeudi-06-08h,OUI,Jeudi,2020-03-26 06:00
11895,138,True,False,False,False,True,True,False,False,False,False,False,False,False,False,Jeudi-06-08h,NON,Jeudi,2020-03-26 06:00
11896,224,True,False,True,False,False,False,False,False,False,False,False,False,False,False,Jeudi-06-08h,NON,Jeudi,2020-03-26 06:00
11897,66,False,False,False,False,True,True,False,False,False,False,False,False,True,False,Jeudi-06-08h,OUI,Jeudi,2020-03-26 06:00
11898,211,False,False,True,False,False,False,False,False,False,False,False,False,True,False,Jeudi-06-08h,NON,Jeudi,2020-03-26 06:00
11899,14,False,False,False,False,True,True,False,False,False,False,False,False,False,False,Jeudi-06-08h,NON,Jeudi,2020-03-26 06:00
11900,145,False,False,False,False,True,False,False,False,False,False,False,False,False,False,Jeudi-06-08h,NON,Jeudi,2020-03-26 06:00
11901,36,False,False,False,False,False,False,False,False,False,False,False,True,False,False,Jeudi-06-08h,OUI,Jeudi,2020-03-26 06:00
11902,60,True,True,True,False,False,True,False,False,False,False,False,False,False,False,Jeudi-06-08h,NON,Jeudi,2020-03-26 06:00
11903,137,True,True,True,False,False,True,False,False,False,False,True,False,False,False,Jeudi-06-08h,OUI,Jeudi,2020-03-26 06:00
11904,285,False,True,False,False,True,True,False,False,False,False,False,False,False,False,Jeudi-06-08h,NON,Jeudi,2020-03-26 06:00
11905,40,False,True,True,False,True,True,False,False,False,False,False,False,False,False,Jeudi-06-08h,OUI,Jeudi,2020-03-26 06:00
11906,97,False,False,False,False,False,True,False,False,False,False,False,False,False,False,Jeudi-06-08h,NON,Jeudi,2020-03-26 06:00
11907,109,True,False,True,True,False,False,False,False,False,False,False,False,False,False,Jeudi-06-08h,NON,Jeudi,2020-03-26 06:00
11908,10,False,False,False,False,False,False,False,False,False,False,False,False,False,False,Jeudi-06-08h,NON,Jeudi,2020-03-26 06:00
11909,256,False,False,False,False,False,False,False,False,False,False,False,True,False,False,Jeudi-06-08h,NON,Jeudi,2020-03-26 06:00
11910,141,True,True,True,False,False,False,False,False,False,False,True,False,False,False,Jeudi-06-08h,NON,Jeudi,2020-03-26 06:00
11911,28,False,False,False,False,False,False,False,False,False,False,False,False,False,False,Jeudi-06-08h,NON,Jeudi,2020-03-26 06:00
11912,101,True,True,True,True,True,True,False,False,False,False,False,False,False,False,Jeudi-06-08h,OUI,Jeudi,2020-03-26 06:00
11913,48,True,False,True,False,True,False,False,False,False,False,False,False,True,False,Jeudi-06-08h,OUI,Jeudi,2020-03-26 06:00
11914,27,False,False,False,False,False,True,False,False,False,False,False,False,False,False,Jeudi-06-08h,OUI,Jeudi,2020-03-26 06:00
11915,142,True,False,True,False,False,False,False,False,False,False,True,False,True,False,Jeudi-06-08h,NON,Jeudi,2020-03-26 06:00
11916,234,False,False,True,False,False,False,False,False,False,False,True,False,False,False,Jeudi-06-08h,NON,Jeudi,2020-03-26 06:00
11917,23,False,False,False,False,True,False,False,False,False,False,False,False,False,False,Jeudi-06-08h,NON,Jeudi,2020-03-26 06:00
11918,195,False,False,False,False,True,False,False,False,True,False,False,False,False,False,Jeudi-06-08h,NON,Jeudi,2020-03-26 06:00
11919,275,False,False,False,False,False,False,False,False,False,False,False,True,False,False,Jeudi-06-08h,NON,Jeudi,2020-03-26 06:00
11920,226,False,False,False,False,True,True,False,False,False,False,False,False,False,False,Jeudi-06-08h,NON,Jeudi,2020-03-26 06:00
11921,207,False,False,True,False,False,False,False,False,False,False,False,False,False,False,Jeudi-06-08h,OUI,Jeudi,2020-03-26 06:00
11922,57,False,False,False,False,False,False,False,False,False,False,False,False,False,False,Jeudi-06-08h,NON,Jeudi,2020-03-26 06:00
11923,4,False,True,False,False,False,True,False,False,False,False,False,False,False,False,Jeudi-06-08h,NON,Jeudi,2020-03-26 06:00
11924,265,False,False,False,False,False,True,False,False,False,False,False,False,False,False,Jeudi-06-08h,NON,Jeudi,2020-03-26 06:00
11925,88,False,True,False,False,False,False,False,False,False,False,False,False,False,False,Jeudi-06-08h,NON,Jeudi,2020-03-26 06:00
11926,198,False,False,False,False,False,False,False,False,False,False,True,False,False,False,Jeudi-06-08h,NON,Jeudi,2020-03-26 06:00
11927,249,True,True,True,False,False,False,False,False,False,False,False,False,False,False,Jeudi-06-08h,NON,Jeudi,2020-03-26 06:00
11928,263,False,False,False,False,True,True,False,False,False,False,False,False,False,False,Jeudi-06-08h,NON,Jeudi,2020-03-26 06:00
11929,217,True,False,True,False,False,False,False,False,False,False,False,False,True,False,Jeudi-06-08h,OUI,Jeudi,2020-03-26 06:00
11930,278,False,False,False,False,True,True,False,False,False,False,False,False,False,False,Jeudi-06-08h,NON,Jeudi,2020-03-26 06:00
11931,189,False,True,False,False,False,False,False,False,False,False,False,False,False,False,Jeudi-06-08h,NON,Jeudi,2020-03-26 06:00
11932,61,True,False,True,False,False,False,False,False,False,False,False,False,False,False,Jeudi-06-08h,NON,Jeudi,2020-03-26 06:00
11933,251,False,False,False,False,False,False,False,False,False,False,False,False,True,False,Jeudi-06-08h,NON,Jeudi,2020-03-26 06:00
11934,281,False,True,False,False,False,False,False,False,False,False,False,False,False,False,Jeudi-06-08h,NON,Jeudi,2020-03-26 06:00
11935,134,False,True,False,False,False,False,False,False,False,False,False,False,False,False,Jeudi-06-08h,NON,Jeudi,2020-03-26 06:00
11936,293,False,True,False,False,False,True,False,False,False,False,False,False,False,False,Jeudi-06-08h,NON,Jeudi,2020-03-26 06:00
11937,279,True,True,True,True,False,True,False,False,False,False,False,False,False,False,Jeudi-06-08h,OUI,Jeudi,2020-03-26 06:00
11938,81,True,False,True,True,False,False,False,True,False,False,False,False,False,False,Jeudi-06-08h,NON,Jeudi,2020-03-26 06:00
11939,92,True,False,False,True,False,False,False,False,False,False,True,False,False,False,Jeudi-06-08h,NON,Jeudi,2020-03-26 06:00
11940,147,False,False,False,False,False,False,False,False,False,False,False,False,False,False,Jeudi-06-08h,NON,Jeudi,2020-03-26 06:00
11941,33,False,True,False,False,True,False,False,False,False,False,False,False,False,False,Jeudi-06-08h,NON,Jeudi,2020-03-26 06:00
11942,266,False,False,False,False,False,False,False,False,False,False,False,False,False,False,Jeudi-06-08h,NON,Jeudi,2020-03-26 06:00
11943,225,True,False,False,False,False,True,False,False,False,False,False,False,False,False,Jeudi-06-08h,NON,Jeudi,2020-03-26 06:00
11944,83,True,False,True,False,False,False,False,False,False,False,False,False,False,False,Jeudi-06-08h,NON,Jeudi,2020-03-26 06:00
11945,95,False,False,False,False,True,True,False,True,False,False,False,False,False,False,Jeudi-06-08h,NON,Jeudi,2020-03-26 06:00
11946,127,False,False,False,False,True,False,False,False,False,False,False,False,False,False,Jeudi-06-08h,NON,Jeudi,2020-03-26 06:00
11947,20,False,False,False,False,False,False,False,False,False,False,False,False,False,False,Jeudi-06-08h,NON,Jeudi,2020-03-26 06:00
11948,89,False,False,False,False,False,False,False,False,True,False,False,False,False,False,Jeudi-06-08h,OUI,Jeudi,2020-03-26 06:00
11949,120,False,True,True,False,True,True,False,True,False,False,True,False,False,False,Jeudi-06-08h,NON,Jeudi,2020-03-26 06:00
11950,253,False,False,False,False,True,True,False,False,False,False,False,True,False,False,Jeudi-06-08h,NON,Jeudi,2020-03-26 06:00
11951,52,False,False,True,False,False,False,False,False,False,False,False,False,False,False,Jeudi-06-08h,OUI,Jeudi,2020-03-26 06:00
11952,168,True,False,True,False,False,False,False,True,False,False,False,False,False,False,Jeudi-06-08h,NON,Jeudi,2020-03-26 06:00
11953,202,False,True,False,False,False,False,False,False,False,False,False,False,False,False,Jeudi-06-08h,NON,Jeudi,2020-03-26 06:00
11954,172,False,False,False,False,True,False,False,False,False,False,False,False,False,False,Jeudi-06-08h,NON,Jeudi,2020-03-26 06:00
11955,239,False,False,False,False,True,True,False,False,False,False,False,False,False,False,Jeudi-06-08h,NON,Jeudi,2020-03-26 06:00
11956,85,False,False,False,False,True,False,False,False,False,False,False,False,False,False,Jeudi-06-08h,NON,Jeudi,2020-03-26 06:00
11957,215,False,False,False,False,False,False,False,False,True,False,False,False,False,False,Jeudi-06-08h,NON,Jeudi,2020-03-26 06:00
11958,260,True,False,True,False,False,False,False,False,False,False,False,False,False,False,Jeudi-06-08h,NON,Jeudi,2020-03-26 06:00
11959,286,True,True,False,False,True,False,False,False,False,False,False,False,False,False,Jeudi-06-08h,NON,Jeudi,2020-03-26 06:00
11960,72,False,True,False,False,False,False,False,False,False,False,False,False,False,False,Jeudi-08-10h,OUI,Jeudi,2020-03-26 08:00
11961,167,True,True,True,True,True,True,False,False,False,False,False,False,False,False,Jeudi-08-10h,OUI,Jeudi,2020-03-26 08:00
11962,130,True,False,True,False,False,False,False,True,False,False,False,False,True,True,Jeudi-08-10h,NON,Jeudi,2020-03-26 08:00
11963,288,True,True,True,False,True,False,False,False,False,False,False,False,False,False,Jeudi-08-10h,NON,Jeudi,2020-03-26 08:00
11964,59,False,False,False,False,False,True,False,False,False,False,False,False,False,False,Jeudi-08-10h,OUI,Jeudi,2020-03-26 08:00
11965,178,True,False,False,False,False,False,False,False,False,False,True,False,False,False,Jeudi-08-10h,OUI,Jeudi,2020-03-26 08:00
11966,254,False,False,False,False,False,False,False,False,False,False,False,True,False,False,Jeudi-08-10h,NON,Jeudi,2020-03-26 08:00
11967,34,False,False,False,False,False,False,False,False,False,False,False,False,False,False,Jeudi-08-10h,NON,Jeudi,2020-03-26 08:00
11968,264,False,False,False,False,True,True,True,False,False,False,False,False,False,False,Jeudi-08-10h,NON,Jeudi,2020-03-26 08:00
11969,158,True,False,False,False,True,False,False,False,False,True,False,False,False,False,Jeudi-08-10h,NON,Jeudi,2020-03-26 08:00
11970,210,False,True,False,False,True,True,False,False,False,False,False,False,False,False,Jeudi-08-10h,OUI,Jeudi,2020-03-26 08:00
11971,93,False,False,False,False,True,False,False,False,False,False,False,False,True,False,Jeudi-08-10h,OUI,Jeudi,2020-03-26 08:00
11972,144,True,False,True,False,True,False,False,False,False,False,False,False,False,False,Jeudi-08-10h,OUI,Jeudi,2020-03-26 08:00
11973,164,False,True,False,False,True,True,False,False,False,False,False,False,False,False,Jeudi-08-10h,OUI,Jeudi,2020-03-26 08:00
11974,289,False,False,False,False,True,True,False,False,False,False,False,False,False,False,Jeudi-08-10h,NON,Jeudi,2020-03-26 08:00
11975,50,False,False,False,False,False,False,False,False,False,False,False,False,False,False,Jeudi-08-10h,NON,Jeudi,2020-03-26 08:00
11976,51,True,True,False,False,True,False,False,False,False,False,False,False,False,False,Jeudi-08-10h,OUI,Jeudi,2020-03-26 08:00
11977,247,False,False,True,False,False,False,False,False,False,False,False,False,False,False,Jeudi-08-10h,NON,Jeudi,2020-03-26 08:00
11978,159,False,False,False,False,False,False,False,True,False,False,False,False,False,False,Jeudi-08-10h,NON,Jeudi,2020-03-26 08:00
11979,54,False,False,False,False,False,True,False,False,False,False,False,False,False,False,Jeudi-08-10h,NON,Jeudi,2020-03-26 08:00
11980,55,True,False,False,False,True,True,False,True,False,False,False,False,False,False,Jeudi-08-10h,NON,Jeudi,2020-03-26 08:00
11981,257,False,False,False,False,True,False,False,False,False,False,False,False,False,False,Jeudi-08-10h,NON,Jeudi,2020-03-26 08:00
11982,67,False,False,False,False,False,False,False,False,False,False,False,False,False,False,Jeudi-08-10h,NON,Jeudi,2020-03-26 08:00
11983,71,True,False,True,False,False,False,False,False,False,False,False,False,False,False,Jeudi-08-10h,OUI,Jeudi,2020-03-26 08:00
11984,280,False,False,False,False,False,True,False,False,False,False,False,False,False,False,Jeudi-08-10h,OUI,Jeudi,2020-03-26 08:00
11985,283,True,True,False,False,False,False,False,False,False,False,False,False,False,False,Jeudi-08-10h,OUI,Jeudi,2020-03-26 08:00
11986,154,False,False,False,False,True,True,False,False,False,False,False,True,False,False,Jeudi-08-10h,OUI,Jeudi,2020-03-26 08:00
11987,171,False,False,False,False,False,False,False,False,False,False,False,True,False,False,Jeudi-08-10h,NON,Jeudi,2020-03-26 08:00
11988,131,False,False,True,False,False,False,False,False,False,False,False,False,False,False,Jeudi-08-10h,NON,Jeudi,2020-03-26 08:00
11989,237,True,False,False,False,False,True,True,False,False,False,False,False,True,False,Jeudi-08-10h,NON,Jeudi,2020-03-26 08:00
11990,75,False,False,False,False,True,True,False,False,False,False,False,False,False,False,Jeudi-08-10h,NON,Jeudi,2020-03-26 08:00
11991,235,True,False,False,False,True,False,False,False,False,False,False,False,False,False,Jeudi-08-10h,NON,Jeudi,2020-03-26 08:00
11992,180,False,False,False,False,True,True,False,False,False,False,False,False,False,False,Jeudi-08-10h,OUI,Jeudi,2020-03-26 08:00
11993,219,False,False,False,False,False,True,False,False,False,False,False,False,False,False,Jeudi-08-10h,OUI,Jeudi,2020-03-26 08:00
11994,250,False,False,False,False,False,False,False,False,True,False,False,False,False,False,Jeudi-08-10h,NON,Jeudi,2020-03-26 08:00
11995,267,True,True,False,False,False,False,False,False,False,False,False,False,False,False,Jeudi-08-10h,NON,Jeudi,2020-03-26 08:00
11996,160,False,True,False,False,False,True,False,False,False,False,False,False,False,False,Jeudi-08-10h,NON,Jeudi,2020-03-26 08:00
11997,182,False,True,False,False,True,True,True,False,False,False,False,False,False,False,Jeudi-08-10h,OUI,Jeudi,2020-03-26 08:00
11998,143,False,False,False,False,False,False,False,True,False,False,True,False,False,False,Jeudi-08-10h,OUI,Jeudi,2020-03-26 08:00
11999,223,True,True,False,False,False,False,False,False,False,False,False,False,False,False,Jeudi-08-10h,NON,Jeudi,2020-03-26 08:00
12000,192,True,False,True,False,False,False,False,False,False,False,False,False,False,False,Jeudi-08-10h,NON,Jeudi,2020-03-26 08:00
12001,30,False,False,True,False,False,False,False,True,False,False,False,False,False,False,Jeudi-08-10h,NON,Jeudi,2020-03-26 08:00
12002,125,True,False,False,False,True,False,False,True,False,False,False,False,False,False,Jeudi-08-10h,NON,Jeudi,2020-03-26 08:00
12003,39,False,False,True,False,True,False,False,True,False,False,False,False,False,False,Jeudi-08-10h,OUI,Jeudi,2020-03-26 08:00
12004,113,True,False,True,False,False,False,False,False,False,False,False,False,False,False,Jeudi-08-10h,NON,Jeudi,2020-03-26 08:00
12005,121,True,False,True,False,False,False,False,True,False,False,False,False,False,False,Jeudi-08-10h,OUI,Jeudi,2020-03-26 08:00
12006,228,False,False,False,False,False,False,False,False,False,False,True,False,False,False,Jeudi-08-10h,OUI,Jeudi,2020-03-26 08:00
12007,290,False,False,False,False,False,False,False,False,True,False,False,False,False,False,Jeudi-08-10h,NON,Jeudi,2020-03-26 08:00
12008,197,False,False,True,False,True,False,False,False,False,False,False,False,False,False,Jeudi-08-10h,NON,Jeudi,2020-03-26 08:00
12009,31,True,True,True,False,False,True,False,False,False,False,False,False,False,False,Jeudi-08-10h,OUI,Jeudi,2020-03-26 08:00
12010,173,True,False,False,False,True,True,False,True,False,False,False,False,False,False,Jeudi-08-10h,OUI,Jeudi,2020-03-26 08:00
12011,74,True,False,False,True,False,False,False,True,False,False,True,False,False,False,Jeudi-08-10h,NON,Jeudi,2020-03-26 08:00
12012,15,False,False,True,False,False,False,False,False,False,False,False,False,False,False,Jeudi-08-10h,NON,Jeudi,2020-03-26 08:00
12013,45,True,False,False,False,True,True,False,True,False,False,False,False,False,False,Jeudi-08-10h,OUI,Jeudi,2020-03-26 08:00
12014,63,False,False,True,False,False,False,False,False,False,False,False,False,False,False,Jeudi-08-10h,NON,Jeudi,2020-03-26 08:00
12015,3,False,False,False,False,False,True,False,False,False,False,False,True,False,False,Jeudi-08-10h,OUI,Jeudi,2020-03-26 08:00
12016,21,True,False,True,False,False,False,False,False,False,False,False,False,False,False,Jeudi-08-10h,NON,Jeudi,2020-03-26 08:00
12017,78,False,True,True,False,True,True,False,True,False,False,False,False,False,False,Jeudi-08-10h,NON,Jeudi,2020-03-26 08:00
12018,47,False,True,False,False,False,False,False,False,False,False,False,False,False,False,Jeudi-08-10h,NON,Jeudi,2020-03-26 08:00
12019,151,True,True,False,False,True,False,False,True,False,False,False,False,False,False,Jeudi-08-10h,NON,Jeudi,2020-03-26 08:00
12020,6,True,False,True,False,False,False,False,False,False,False,False,False,False,False,Jeudi-08-10h,OUI,Jeudi,2020-03-26 08:00
12021,135,True,False,True,False,False,False,False,False,False,False,False,False,True,False,Jeudi-08-10h,OUI,Jeudi,2020-03-26 08:00
12022,221,False,False,False,False,True,True,False,False,False,False,False,False,False,False,Jeudi-08-10h,OUI,Jeudi,2020-03-26 08:00
12023,170,False,False,True,False,False,False,False,False,False,False,True,False,False,True,Jeudi-08-10h,NON,Jeudi,2020-03-26 08:00
12024,129,False,True,False,False,False,False,False,False,False,False,False,False,False,False,Jeudi-08-10h,NON,Jeudi,2020-03-26 08:00
12025,132,True,True,True,False,False,True,False,False,False,False,False,False,False,False,Jeudi-08-10h,OUI,Jeudi,2020-03-26 08:00
12026,110,False,True,False,False,False,False,False,False,False,False,False,False,False,False,Jeudi-08-10h,NON,Jeudi,2020-03-26 08:00
12027,191,False,False,False,False,False,True,False,False,False,False,False,False,False,False,Jeudi-08-10h,NON,Jeudi,2020-03-26 08:00
12028,94,True,True,True,False,False,True,False,False,False,False,True,False,True,False,Jeudi-08-10h,OUI,Jeudi,2020-03-26 08:00
12029,108,False,False,False,False,False,True,True,False,False,False,False,False,False,False,Jeudi-08-10h,OUI,Jeudi,2020-03-26 08:00
12030,236,False,False,False,False,True,True,False,False,False,False,False,False,False,False,Jeudi-08-10h,OUI,Jeudi,2020-03-26 08:00
12031,42,True,False,True,False,True,False,False,False,False,False,False,False,False,False,Jeudi-08-10h,NON,Jeudi,2020-03-26 08:00
12032,155,True,False,False,False,True,False,False,False,False,False,False,False,False,False,Jeudi-08-10h,NON,Jeudi,2020-03-26 08:00
12033,1,False,False,False,False,False,False,False,False,False,False,False,False,False,False,Jeudi-08-10h,NON,Jeudi,2020-03-26 08:00
12034,58,False,True,True,False,False,True,False,False,False,False,True,False,False,False,Jeudi-08-10h,OUI,Jeudi,2020-03-26 08:00
12035,0,False,True,False,False,False,False,False,False,False,False,False,False,False,False,Jeudi-08-10h,NON,Jeudi,2020-03-26 08:00
12036,269,False,False,False,False,False,False,False,False,False,False,False,False,False,False,Jeudi-08-10h,NON,Jeudi,2020-03-26 08:00
12037,2,True,False,True,False,False,False,False,False,False,False,False,False,False,False,Jeudi-08-10h,NON,Jeudi,2020-03-26 08:00
12038,103,False,False,False,False,True,False,False,False,False,False,False,False,False,False,Jeudi-08-10h,OUI,Jeudi,2020-03-26 08:00
12039,12,False,True,False,False,True,False,False,False,False,False,False,False,False,False,Jeudi-08-10h,NON,Jeudi,2020-03-26 08:00
12040,245,True,False,False,False,True,True,False,True,False,False,False,False,False,False,Jeudi-08-10h,OUI,Jeudi,2020-03-26 08:00
12041,161,False,False,True,False,False,False,False,False,False,False,True,False,False,False,Jeudi-08-10h,NON,Jeudi,2020-03-26 08:00
12042,38,False,False,False,False,False,False,False,False,True,False,False,False,False,False,Jeudi-08-10h,NON,Jeudi,2020-03-26 08:00
12043,122,False,False,False,False,False,False,False,False,False,False,False,False,False,False,Jeudi-08-10h,NON,Jeudi,2020-03-26 08:00
12044,248,False,False,True,False,False,False,False,False,False,False,False,False,True,False,Jeudi-08-10h,NON,Jeudi,2020-03-26 08:00
12045,271,False,True,True,False,False,True,False,False,False,False,False,False,False,False,Jeudi-08-10h,OUI,Jeudi,2020-03-26 08:00
12046,116,False,False,True,False,False,False,False,False,False,False,False,False,False,False,Jeudi-08-10h,OUI,Jeudi,2020-03-26 08:00
12047,117,True,True,True,True,False,True,False,False,False,False,False,False,False,False,Jeudi-08-10h,NON,Jeudi,2020-03-26 08:00
12048,213,False,False,False,False,True,True,False,True,False,False,False,False,False,False,Jeudi-08-10h,NON,Jeudi,2020-03-26 08:00
12049,220,False,True,True,False,False,True,False,False,False,False,False,False,False,False,Jeudi-08-10h,OUI,Jeudi,2020-03-26 08:00
12050,176,False,False,True,False,False,False,False,False,False,False,False,False,False,False,Jeudi-08-10h,OUI,Jeudi,2020-03-26 08:00
12051,96,False,False,False,False,True,True,False,False,False,True,False,False,False,False,Jeudi-08-10h,NON,Jeudi,2020-03-26 08:00
12052,214,False,False,False,False,True,True,False,False,False,True,False,False,False,False,Jeudi-08-10h,OUI,Jeudi,2020-03-26 08:00
12053,11,True,False,False,True,False,False,False,False,False,False,True,False,False,False,Jeudi-08-10h,NON,Jeudi,2020-03-26 08:00
12054,255,True,False,True,False,False,False,False,True,False,False,False,False,False,False,Jeudi-08-10h,OUI,Jeudi,2020-03-26 08:00
12055,86,False,False,True,False,False,False,False,False,False,False,False,False,False,False,Jeudi-08-10h,OUI,Jeudi,2020-03-26 08:00
12056,209,True,False,False,False,True,True,False,True,False,False,False,False,False,False,Jeudi-08-10h,OUI,Jeudi,2020-03-26 08:00
12057,291,False,False,False,False,False,True,False,False,True,False,False,False,False,False,Jeudi-08-10h,NON,Jeudi,2020-03-26 08:00
12058,287,False,False,False,False,False,False,False,False,False,False,False,True,False,False,Jeudi-08-10h,NON,Jeudi,2020-03-26 08:00
12059,104,False,False,False,False,True,True,False,False,False,False,False,False,False,False,Jeudi-08-10h,OUI,Jeudi,2020-03-26 08:00
12060,18,False,False,False,False,True,False,False,False,False,False,False,False,False,False,Jeudi-08-10h,OUI,Jeudi,2020-03-26 08:00
12061,123,False,True,False,False,True,True,False,False,False,False,False,False,False,False,Jeudi-08-10h,NON,Jeudi,2020-03-26 08:00
12062,136,False,False,False,False,True,False,False,False,False,False,False,False,False,False,Jeudi-08-10h,NON,Jeudi,2020-03-26 08:00
12063,276,True,False,True,False,False,False,False,False,False,False,False,False,False,False,Jeudi-08-10h,NON,Jeudi,2020-03-26 08:00
12064,53,False,False,False,False,True,True,False,False,False,False,False,False,False,False,Jeudi-08-10h,OUI,Jeudi,2020-03-26 08:00
12065,179,True,False,True,False,False,False,False,False,False,False,False,False,False,False,Jeudi-08-10h,OUI,Jeudi,2020-03-26 08:00
12066,200,False,False,False,False,False,False,False,False,False,False,False,False,False,False,Jeudi-08-10h,NON,Jeudi,2020-03-26 08:00
12067,73,False,False,False,False,False,False,False,False,False,False,False,False,False,False,Jeudi-08-10h,NON,Jeudi,2020-03-26 08:00
12068,156,False,False,False,False,True,True,False,False,False,False,False,False,False,False,Jeudi-08-10h,NON,Jeudi,2020-03-26 08:00
12069,128,True,True,True,False,False,True,False,False,False,False,False,False,False,False,Jeudi-08-10h,NON,Jeudi,2020-03-26 08:00
12070,118,False,False,False,False,False,False,False,False,False,False,False,False,False,False,Jeudi-08-10h,NON,Jeudi,2020-03-26 08:00
12071,112,True,False,True,False,False,False,False,False,False,False,False,False,False,False,Jeudi-08-10h,NON,Jeudi,2020-03-26 08:00
12072,35,False,False,False,False,True,True,False,False,False,False,False,False,False,False,Jeudi-08-10h,NON,Jeudi,2020-03-26 08:00
12073,32,False,False,False,False,False,False,False,False,False,False,False,True,False,False,Jeudi-08-10h,NON,Jeudi,2020-03-26 08:00
12074,199,True,False,True,False,False,False,False,False,False,False,False,False,False,False,Jeudi-08-10h,NON,Jeudi,2020-03-26 08:00
12075,153,True,False,False,False,True,True,False,False,False,False,False,False,False,False,Jeudi-08-10h,NON,Jeudi,2020-03-26 08:00
12076,82,False,False,True,False,False,False,False,False,False,False,False,False,False,False,Jeudi-08-10h,NON,Jeudi,2020-03-26 08:00
12077,292,False,True,False,False,False,False,False,False,False,False,False,False,False,False,Jeudi-08-10h,OUI,Jeudi,2020-03-26 08:00
12078,169,False,False,False,True,False,False,False,False,False,False,False,False,False,False,Jeudi-08-10h,NON,Jeudi,2020-03-26 08:00
12079,16,False,False,False,False,True,True,False,False,False,False,False,False,False,False,Jeudi-08-10h,OUI,Jeudi,2020-03-26 08:00
12080,46,True,True,True,False,False,True,True,False,False,False,False,False,False,False,Jeudi-08-10h,OUI,Jeudi,2020-03-26 08:00
12081,216,False,True,False,False,False,True,False,False,False,False,False,False,False,False,Jeudi-08-10h,NON,Jeudi,2020-03-26 08:00
12082,174,False,True,True,False,False,True,False,False,False,False,True,False,False,False,Jeudi-08-10h,NON,Jeudi,2020-03-26 08:00
12083,43,False,False,False,False,True,False,False,False,False,False,False,False,False,False,Jeudi-08-10h,NON,Jeudi,2020-03-26 08:00
12084,165,False,False,False,False,True,True,False,False,False,False,False,False,False,False,Jeudi-08-10h,NON,Jeudi,2020-03-26 08:00
12085,126,False,True,False,False,False,True,False,False,False,False,False,False,False,False,Jeudi-08-10h,OUI,Jeudi,2020-03-26 08:00
12086,41,False,False,False,False,False,True,False,False,True,False,False,False,False,False,Jeudi-08-10h,NON,Jeudi,2020-03-26 08:00
12087,157,False,False,True,False,False,False,False,False,False,False,False,False,False,False,Jeudi-08-10h,NON,Jeudi,2020-03-26 08:00
12088,272,False,True,True,False,False,False,True,False,False,False,True,False,True,True,Jeudi-08-10h,OUI,Jeudi,2020-03-26 08:00
12089,115,True,False,True,False,False,False,False,False,False,False,False,False,False,False,Jeudi-08-10h,NON,Jeudi,2020-03-26 08:00
12090,84,False,False,False,False,False,False,False,False,False,False,False,True,False,False,Jeudi-08-10h,NON,Jeudi,2020-03-26 08:00
12091,183,True,True,True,True,False,False,False,False,False,False,False,False,False,False,Jeudi-08-10h,OUI,Jeudi,2020-03-26 08:00
12092,65,True,True,False,False,False,True,False,False,False,False,False,False,False,False,Jeudi-08-10h,NON,Jeudi,2020-03-26 08:00
12093,105,True,False,False,False,False,False,False,False,False,False,False,False,False,False,Jeudi-08-10h,OUI,Jeudi,2020-03-26 08:00
12094,187,True,False,False,False,False,True,False,False,False,False,False,False,False,False,Jeudi-08-10h,NON,Jeudi,2020-03-26 08:00
12095,139,True,False,True,False,False,False,False,False,False,False,False,False,False,False,Jeudi-08-10h,NON,Jeudi,2020-03-26 08:00
12096,259,False,False,False,False,True,True,False,False,False,False,False,False,False,False,Jeudi-08-10h,OUI,Jeudi,2020-03-26 08:00
12097,124,True,False,True,False,False,False,False,False,False,False,True,False,False,False,Jeudi-08-10h,OUI,Jeudi,2020-03-26 08:00
12098,98,False,False,False,False,False,True,False,False,False,False,False,True,False,False,Jeudi-08-10h,NON,Jeudi,2020-03-26 08:00
12099,284,False,True,True,False,False,True,False,False,False,False,False,False,True,False,Jeudi-08-10h,OUI,Jeudi,2020-03-26 08:00
12100,148,True,False,True,False,True,False,False,True,False,False,False,False,False,False,Jeudi-08-10h,OUI,Jeudi,2020-03-26 08:00
12101,258,True,False,True,False,False,False,False,False,False,False,False,False,False,False,Jeudi-08-10h,OUI,Jeudi,2020-03-26 08:00
12102,175,False,False,False,False,False,True,False,False,False,False,False,False,False,False,Jeudi-08-10h,NON,Jeudi,2020-03-26 08:00
12103,119,False,False,False,False,False,False,False,False,False,False,True,False,False,False,Jeudi-08-10h,NON,Jeudi,2020-03-26 08:00
12104,229,True,False,True,False,False,False,False,True,False,False,False,False,False,False,Jeudi-08-10h,OUI,Jeudi,2020-03-26 08:00
12105,230,False,False,False,False,False,True,True,False,False,False,False,False,False,False,Jeudi-08-10h,NON,Jeudi,2020-03-26 08:00
12106,17,True,False,False,False,False,True,True,False,False,False,False,False,False,False,Jeudi-08-10h,OUI,Jeudi,2020-03-26 08:00
12107,177,False,False,False,False,False,False,False,False,False,False,False,False,False,False,Jeudi-08-10h,NON,Jeudi,2020-03-26 08:00
12108,7,False,False,False,False,False,False,False,False,False,False,False,False,False,False,Jeudi-08-10h,NON,Jeudi,2020-03-26 08:00
12109,241,False,False,True,False,False,False,False,False,False,False,False,False,False,False,Jeudi-08-10h,NON,Jeudi,2020-03-26 08:00
12110,8,True,False,False,False,True,True,False,True,False,False,False,False,False,False,Jeudi-08-10h,NON,Jeudi,2020-03-26 08:00
12111,268,False,True,False,False,False,True,False,False,False,False,False,False,False,False,Jeudi-08-10h,OUI,Jeudi,2020-03-26 08:00
12112,294,False,False,True,False,True,False,False,False,False,False,False,False,False,False,Jeudi-08-10h,OUI,Jeudi,2020-03-26 08:00
12113,242,True,False,False,False,True,True,False,False,False,False,False,False,False,False,Jeudi-08-10h,NON,Jeudi,2020-03-26 08:00
12114,194,False,False,False,False,False,True,False,False,False,False,False,False,False,False,Jeudi-08-10h,NON,Jeudi,2020-03-26 08:00
12115,243,False,False,False,False,True,True,False,False,False,False,False,False,False,False,Jeudi-08-10h,NON,Jeudi,2020-03-26 08:00
12116,212,True,True,True,False,False,True,False,False,False,False,False,False,False,False,Jeudi-08-10h,OUI,Jeudi,2020-03-26 08:00
12117,19,False,False,False,False,False,True,False,False,False,False,False,False,False,False,Jeudi-08-10h,OUI,Jeudi,2020-03-26 08:00
12118,114,False,False,False,False,True,False,False,False,False,False,False,False,False,False,Jeudi-08-10h,OUI,Jeudi,2020-03-26 08:00
12119,190,False,False,False,False,False,True,False,False,True,False,False,False,False,False,Jeudi-08-10h,NON,Jeudi,2020-03-26 08:00
12120,64,False,False,True,False,False,False,False,False,False,False,False,False,False,False,Jeudi-08-10h,OUI,Jeudi,2020-03-26 08:00
12121,227,False,False,False,False,False,False,False,False,False,False,False,False,False,False,Jeudi-08-10h,NON,Jeudi,2020-03-26 08:00
12122,232,False,False,False,False,False,True,False,False,False,False,False,False,False,False,Jeudi-08-10h,OUI,Jeudi,2020-03-26 08:00
12123,246,False,True,False,False,False,True,True,False,False,False,False,False,False,False,Jeudi-08-10h,NON,Jeudi,2020-03-26 08:00
12124,100,False,False,False,False,False,True,False,False,False,False,False,False,False,False,Jeudi-08-10h,NON,Jeudi,2020-03-26 08:00
12125,13,False,False,False,False,True,False,False,False,False,False,False,False,False,False,Jeudi-08-10h,NON,Jeudi,2020-03-26 08:00
12126,262,True,True,True,False,False,False,False,False,False,False,False,False,False,False,Jeudi-08-10h,NON,Jeudi,2020-03-26 08:00
12127,76,True,True,True,False,False,True,False,False,False,False,True,False,False,False,Jeudi-08-10h,NON,Jeudi,2020-03-26 08:00
12128,261,False,True,False,False,True,False,False,False,False,False,False,False,False,False,Jeudi-08-10h,NON,Jeudi,2020-03-26 08:00
12129,150,False,True,False,False,False,False,False,False,False,False,False,False,False,False,Jeudi-08-10h,OUI,Jeudi,2020-03-26 08:00
12130,205,False,False,False,False,False,False,False,False,False,False,False,False,False,False,Jeudi-08-10h,NON,Jeudi,2020-03-26 08:00
12131,56,False,False,False,False,True,True,False,False,False,False,False,False,False,False,Jeudi-08-10h,OUI,Jeudi,2020-03-26 08:00
12132,186,False,False,False,False,True,False,False,False,False,False,False,False,False,False,Jeudi-08-10h,OUI,Jeudi,2020-03-26 08:00
12133,162,True,False,False,False,True,True,False,False,False,False,False,False,False,False,Jeudi-08-10h,NON,Jeudi,2020-03-26 08:00
12134,68,False,True,False,False,True,True,False,False,False,False,False,False,False,False,Jeudi-08-10h,OUI,Jeudi,2020-03-26 08:00
12135,146,False,False,False,False,False,True,False,False,False,False,False,True,False,False,Jeudi-08-10h,OUI,Jeudi,2020-03-26 08:00
12136,49,False,False,False,False,False,False,False,False,False,False,False,False,True,False,Jeudi-08-10h,NON,Jeudi,2020-03-26 08:00
12137,91,True,False,True,True,False,False,False,False,False,False,False,False,False,False,Jeudi-08-10h,OUI,Jeudi,2020-03-26 08:00
12138,22,False,False,False,False,False,False,False,False,False,True,False,False,False,False,Jeudi-08-10h,NON,Jeudi,2020-03-26 08:00
12139,151,False,False,False,False,True,False,False,False,False,False,False,False,False,False,Jeudi-08-10h,NON,Jeudi,2020-03-26 08:00
12140,193,False,False,False,False,True,True,False,False,False,False,False,False,False,False,Jeudi-08-10h,OUI,Jeudi,2020-03-26 08:00
12141,9,True,True,False,False,False,False,False,False,False,False,False,False,False,False,Jeudi-08-10h,NON,Jeudi,2020-03-26 08:00
12142,99,True,False,True,False,False,False,False,False,False,False,False,False,False,False,Jeudi-08-10h,NON,Jeudi,2020-03-26 08:00
12143,181,False,False,False,False,True,True,False,False,False,False,False,False,False,False,Jeudi-08-10h,OUI,Jeudi,2020-03-26 08:00
12144,111,False,False,False,False,False,True,False,True,False,False,False,False,False,False,Jeudi-08-10h,OUI,Jeudi,2020-03-26 08:00
12145,44,False,True,False,False,False,True,False,False,False,False,False,False,False,False,Jeudi-08-10h,NON,Jeudi,2020-03-26 08:00
12146,24,False,False,False,False,True,False,False,True,False,False,False,False,False,False,Jeudi-08-10h,OUI,Jeudi,2020-03-26 08:00
12147,102,False,False,False,False,True,True,False,True,False,False,False,False,False,False,Jeudi-08-10h,NON,Jeudi,2020-03-26 08:00
12148,203,True,True,False,False,False,False,False,True,False,False,False,False,False,False,Jeudi-08-10h,NON,Jeudi,2020-03-26 08:00
12149,140,False,False,False,False,True,True,False,True,False,False,False,False,False,False,Jeudi-08-10h,NON,Jeudi,2020-03-26 08:00
12150,188,False,False,False,False,False,True,False,False,True,False,False,False,False,False,Jeudi-08-10h,NON,Jeudi,2020-03-26 08:00
12151,206,False,False,False,True,False,False,False,False,False,False,True,False,False,False,Jeudi-08-10h,OUI,Jeudi,2020-03-26 08:00
12152,273,False,False,False,False,False,False,False,False,False,False,False,True,False,False,Jeudi-08-10h,OUI,Jeudi,2020-03-26 08:00
12153,69,True,False,True,False,False,False,False,False,False,False,False,False,False,False,Jeudi-08-10h,NON,Jeudi,2020-03-26 08:00
12154,87,True,False,False,True,False,False,False,False,False,False,True,False,False,False,Jeudi-08-10h,NON,Jeudi,2020-03-26 08:00
12155,83,True,False,True,False,False,False,False,False,False,False,False,False,False,False,Jeudi-08-10h,NON,Jeudi,2020-03-26 08:00
12156,149,True,False,True,True,False,False,False,False,False,False,False,False,False,False,Jeudi-08-10h,NON,Jeudi,2020-03-26 08:00
12157,274,False,False,False,False,False,True,False,False,False,False,False,False,False,False,Jeudi-08-10h,NON,Jeudi,2020-03-26 08:00
12158,282,True,False,True,True,False,False,False,False,False,False,False,False,False,False,Jeudi-08-10h,OUI,Jeudi,2020-03-26 08:00
12159,147,False,False,False,False,False,False,False,False,False,False,False,False,False,False,Jeudi-08-10h,NON,Jeudi,2020-03-26 08:00
12160,238,False,False,False,False,False,False,False,False,False,False,False,True,False,False,Jeudi-08-10h,NON,Jeudi,2020-03-26 08:00
12161,201,False,False,False,False,False,False,False,False,False,False,False,False,False,False,Jeudi-08-10h,NON,Jeudi,2020-03-26 08:00
12162,152,False,True,False,False,False,False,False,False,False,False,False,False,False,False,Jeudi-08-10h,NON,Jeudi,2020-03-26 08:00
12163,222,False,False,False,False,False,True,False,False,True,True,False,False,False,False,Jeudi-08-10h,OUI,Jeudi,2020-03-26 08:00
12164,106,False,False,False,False,False,True,False,False,False,False,False,True,False,False,Jeudi-08-10h,NON,Jeudi,2020-03-26 08:00
12165,133,False,False,True,False,True,False,False,False,False,False,False,False,False,False,Jeudi-08-10h,OUI,Jeudi,2020-03-26 08:00
12166,163,False,False,False,False,True,False,False,False,False,False,False,False,False,False,Jeudi-08-10h,NON,Jeudi,2020-03-26 08:00
12167,231,False,False,False,False,False,False,False,False,False,False,False,False,False,False,Jeudi-08-10h,NON,Jeudi,2020-03-26 08:00
12168,25,False,False,False,False,True,False,False,False,False,False,False,False,False,False,Jeudi-08-10h,NON,Jeudi,2020-03-26 08:00
12169,196,False,False,True,False,True,False,False,True,False,False,False,False,False,False,Jeudi-08-10h,OUI,Jeudi,2020-03-26 08:00
12170,5,False,False,False,False,True,True,False,False,False,False,False,False,False,False,Jeudi-08-10h,NON,Jeudi,2020-03-26 08:00
12171,90,False,True,False,False,False,False,False,False,False,False,False,False,False,False,Jeudi-08-10h,NON,Jeudi,2020-03-26 08:00
12172,244,True,False,True,False,False,False,False,False,False,False,False,False,False,False,Jeudi-08-10h,NON,Jeudi,2020-03-26 08:00
12173,107,False,True,False,False,False,True,False,False,False,False,False,False,False,False,Jeudi-08-10h,OUI,Jeudi,2020-03-26 08:00
12174,218,False,True,False,False,True,True,False,False,False,False,False,False,False,False,Jeudi-08-10h,NON,Jeudi,2020-03-26 08:00
12175,62,False,True,True,False,True,True,False,False,False,False,False,False,False,False,Jeudi-08-10h,NON,Jeudi,2020-03-26 08:00
12176,79,False,True,False,False,False,False,False,False,False,False,False,False,False,False,Jeudi-08-10h,OUI,Jeudi,2020-03-26 08:00
12177,208,False,False,False,False,False,True,False,False,False,False,False,False,False,False,Jeudi-08-10h,NON,Jeudi,2020-03-26 08:00
12178,270,False,False,False,False,False,False,False,False,True,False,False,False,False,False,Jeudi-08-10h,NON,Jeudi,2020-03-26 08:00
12179,166,True,False,False,False,True,True,False,False,False,False,False,False,False,False,Jeudi-08-10h,OUI,Jeudi,2020-03-26 08:00
12180,77,False,False,True,False,True,False,False,False,False,False,False,False,False,False,Jeudi-08-10h,NON,Jeudi,2020-03-26 08:00
12181,29,False,False,False,False,False,True,False,False,False,False,False,True,False,False,Jeudi-08-10h,OUI,Jeudi,2020-03-26 08:00
12182,240,False,False,False,False,False,True,False,False,False,False,False,False,False,False,Jeudi-08-10h,NON,Jeudi,2020-03-26 08:00
12183,184,False,True,False,False,False,False,False,False,False,False,False,False,False,False,Jeudi-08-10h,OUI,Jeudi,2020-03-26 08:00
12184,277,False,True,True,False,False,True,False,False,False,False,False,False,False,False,Jeudi-08-10h,NON,Jeudi,2020-03-26 08:00
12185,80,True,False,False,False,False,True,False,False,False,True,False,False,False,False,Jeudi-08-10h,NON,Jeudi,2020-03-26 08:00
12186,185,True,True,True,False,False,True,False,False,False,False,True,False,True,False,Jeudi-08-10h,NON,Jeudi,2020-03-26 08:00
12187,204,False,False,False,False,True,True,False,False,False,False,False,True,False,False,Jeudi-08-10h,OUI,Jeudi,2020-03-26 08:00
12188,252,True,True,True,False,False,True,False,False,False,False,False,False,False,False,Jeudi-08-10h,OUI,Jeudi,2020-03-26 08:00
12189,26,False,False,False,False,True,False,False,False,False,False,False,False,False,False,Jeudi-08-10h,NON,Jeudi,2020-03-26 08:00
12190,70,False,False,False,False,True,False,False,False,False,False,False,True,False,False,Jeudi-08-10h,OUI,Jeudi,2020-03-26 08:00
12191,233,False,False,False,False,True,False,False,False,False,False,False,False,False,False,Jeudi-08-10h,OUI,Jeudi,2020-03-26 08:00
12192,37,True,True,True,False,True,True,False,False,False,False,False,False,False,False,Jeudi-08-10h,OUI,Jeudi,2020-03-26 08:00
12193,185,False,False,True,False,False,False,False,False,False,False,False,False,False,False,Jeudi-08-10h,OUI,Jeudi,2020-03-26 08:00
12194,138,True,False,False,False,True,True,False,False,False,False,False,False,False,False,Jeudi-08-10h,NON,Jeudi,2020-03-26 08:00
12195,224,True,False,True,False,False,False,False,False,False,False,False,False,False,False,Jeudi-08-10h,NON,Jeudi,2020-03-26 08:00
12196,66,False,False,False,False,True,True,False,False,False,False,False,False,True,False,Jeudi-08-10h,OUI,Jeudi,2020-03-26 08:00
12197,211,False,False,True,False,False,False,False,False,False,False,False,False,True,False,Jeudi-08-10h,NON,Jeudi,2020-03-26 08:00
12198,14,False,False,False,False,True,True,False,False,False,False,False,False,False,False,Jeudi-08-10h,NON,Jeudi,2020-03-26 08:00
12199,145,False,False,False,False,True,False,False,False,False,False,False,False,False,False,Jeudi-08-10h,NON,Jeudi,2020-03-26 08:00
12200,36,False,False,False,False,False,False,False,False,False,False,False,True,False,False,Jeudi-08-10h,OUI,Jeudi,2020-03-26 08:00
12201,60,True,True,True,False,False,True,False,False,False,False,False,False,False,False,Jeudi-08-10h,NON,Jeudi,2020-03-26 08:00
12202,137,True,True,True,False,False,True,False,False,False,False,True,False,False,False,Jeudi-08-10h,OUI,Jeudi,2020-03-26 08:00
12203,285,False,True,False,False,True,True,False,False,False,False,False,False,False,False,Jeudi-08-10h,OUI,Jeudi,2020-03-26 08:00
12204,40,False,True,True,False,True,True,False,False,False,False,False,False,False,False,Jeudi-08-10h,OUI,Jeudi,2020-03-26 08:00
12205,97,False,False,False,False,False,True,False,False,False,False,False,False,False,False,Jeudi-08-10h,NON,Jeudi,2020-03-26 08:00
12206,109,True,False,True,True,False,False,False,False,False,False,False,False,False,False,Jeudi-08-10h,NON,Jeudi,2020-03-26 08:00
12207,10,False,False,False,False,False,False,False,False,False,False,False,False,False,False,Jeudi-08-10h,NON,Jeudi,2020-03-26 08:00
12208,256,False,False,False,False,False,False,False,False,False,False,False,True,False,False,Jeudi-08-10h,NON,Jeudi,2020-03-26 08:00
12209,141,True,True,True,False,False,False,False,False,False,False,True,False,False,False,Jeudi-08-10h,NON,Jeudi,2020-03-26 08:00
12210,28,False,False,False,False,False,False,False,False,False,False,False,False,False,False,Jeudi-08-10h,NON,Jeudi,2020-03-26 08:00
12211,101,True,True,True,True,True,True,False,False,False,False,False,False,False,False,Jeudi-08-10h,OUI,Jeudi,2020-03-26 08:00
12212,48,True,False,True,False,True,False,False,False,False,False,False,False,True,False,Jeudi-08-10h,OUI,Jeudi,2020-03-26 08:00
12213,27,False,False,False,False,False,True,False,False,False,False,False,False,False,False,Jeudi-08-10h,OUI,Jeudi,2020-03-26 08:00
12214,142,True,False,True,False,False,False,False,False,False,False,True,False,True,False,Jeudi-08-10h,NON,Jeudi,2020-03-26 08:00
12215,234,False,False,True,False,False,False,False,False,False,False,True,False,False,False,Jeudi-08-10h,NON,Jeudi,2020-03-26 08:00
12216,23,False,False,False,False,True,False,False,False,False,False,False,False,False,False,Jeudi-08-10h,NON,Jeudi,2020-03-26 08:00
12217,195,False,False,False,False,True,False,False,False,True,False,False,False,False,False,Jeudi-08-10h,NON,Jeudi,2020-03-26 08:00
12218,275,False,False,False,False,False,False,False,False,False,False,False,True,False,False,Jeudi-08-10h,NON,Jeudi,2020-03-26 08:00
12219,226,False,False,False,False,True,True,False,False,False,False,False,False,False,False,Jeudi-08-10h,NON,Jeudi,2020-03-26 08:00
12220,207,False,False,True,False,False,False,False,False,False,False,False,False,False,False,Jeudi-08-10h,OUI,Jeudi,2020-03-26 08:00
12221,57,False,False,False,False,False,False,False,False,False,False,False,False,False,False,Jeudi-08-10h,NON,Jeudi,2020-03-26 08:00
12222,4,False,True,False,False,False,True,False,False,False,False,False,False,False,False,Jeudi-08-10h,NON,Jeudi,2020-03-26 08:00
12223,265,False,False,False,False,False,True,False,False,False,False,False,False,False,False,Jeudi-08-10h,OUI,Jeudi,2020-03-26 08:00
12224,88,False,True,False,False,False,False,False,False,False,False,False,False,False,False,Jeudi-08-10h,NON,Jeudi,2020-03-26 08:00
12225,198,False,False,False,False,False,False,False,False,False,False,True,False,False,False,Jeudi-08-10h,NON,Jeudi,2020-03-26 08:00
12226,249,True,True,True,False,False,False,False,False,False,False,False,False,False,False,Jeudi-08-10h,NON,Jeudi,2020-03-26 08:00
12227,263,False,False,False,False,True,True,False,False,False,False,False,False,False,False,Jeudi-08-10h,NON,Jeudi,2020-03-26 08:00
12228,217,True,False,True,False,False,False,False,False,False,False,False,False,True,False,Jeudi-08-10h,OUI,Jeudi,2020-03-26 08:00
12229,278,False,False,False,False,True,True,False,False,False,False,False,False,False,False,Jeudi-08-10h,NON,Jeudi,2020-03-26 08:00
12230,189,False,True,False,False,False,False,False,False,False,False,False,False,False,False,Jeudi-08-10h,NON,Jeudi,2020-03-26 08:00
12231,61,True,False,True,False,False,False,False,False,False,False,False,False,False,False,Jeudi-08-10h,NON,Jeudi,2020-03-26 08:00
12232,251,False,False,False,False,False,False,False,False,False,False,False,False,True,False,Jeudi-08-10h,NON,Jeudi,2020-03-26 08:00
12233,281,False,True,False,False,False,False,False,False,False,False,False,False,False,False,Jeudi-08-10h,NON,Jeudi,2020-03-26 08:00
12234,134,False,True,False,False,False,False,False,False,False,False,False,False,False,False,Jeudi-08-10h,NON,Jeudi,2020-03-26 08:00
12235,293,False,True,False,False,False,True,False,False,False,False,False,False,False,False,Jeudi-08-10h,OUI,Jeudi,2020-03-26 08:00
12236,279,True,True,True,True,False,True,False,False,False,False,False,False,False,False,Jeudi-08-10h,OUI,Jeudi,2020-03-26 08:00
12237,81,True,False,True,True,False,False,False,True,False,False,False,False,False,False,Jeudi-08-10h,NON,Jeudi,2020-03-26 08:00
12238,92,True,False,False,True,False,False,False,False,False,False,True,False,False,False,Jeudi-08-10h,NON,Jeudi,2020-03-26 08:00
12239,147,False,False,False,False,False,False,False,False,False,False,False,False,False,False,Jeudi-08-10h,NON,Jeudi,2020-03-26 08:00
12240,33,False,True,False,False,True,False,False,False,False,False,False,False,False,False,Jeudi-08-10h,NON,Jeudi,2020-03-26 08:00
12241,266,False,False,False,False,False,False,False,False,False,False,False,False,False,False,Jeudi-08-10h,NON,Jeudi,2020-03-26 08:00
12242,225,True,False,False,False,False,True,False,False,False,False,False,False,False,False,Jeudi-08-10h,NON,Jeudi,2020-03-26 08:00
12243,83,True,False,True,False,False,False,False,False,False,False,False,False,False,False,Jeudi-08-10h,NON,Jeudi,2020-03-26 08:00
12244,95,False,False,False,False,True,True,False,True,False,False,False,False,False,False,Jeudi-08-10h,NON,Jeudi,2020-03-26 08:00
12245,127,False,False,False,False,True,False,False,False,False,False,False,False,False,False,Jeudi-08-10h,NON,Jeudi,2020-03-26 08:00
12246,20,False,False,False,False,False,False,False,False,False,False,False,False,False,False,Jeudi-08-10h,NON,Jeudi,2020-03-26 08:00
12247,89,False,False,False,False,False,False,False,False,True,False,False,False,False,False,Jeudi-08-10h,OUI,Jeudi,2020-03-26 08:00
12248,120,False,True,True,False,True,True,False,True,False,False,True,False,False,False,Jeudi-08-10h,NON,Jeudi,2020-03-26 08:00
12249,253,False,False,False,False,True,True,False,False,False,False,False,True,False,False,Jeudi-08-10h,NON,Jeudi,2020-03-26 08:00
12250,52,False,False,True,False,False,False,False,False,False,False,False,False,False,False,Jeudi-08-10h,OUI,Jeudi,2020-03-26 08:00
12251,168,True,False,True,False,False,False,False,True,False,False,False,False,False,False,Jeudi-08-10h,NON,Jeudi,2020-03-26 08:00
12252,202,False,True,False,False,False,False,False,False,False,False,False,False,False,False,Jeudi-08-10h,NON,Jeudi,2020-03-26 08:00
12253,172,False,False,False,False,True,False,False,False,False,False,False,False,False,False,Jeudi-08-10h,NON,Jeudi,2020-03-26 08:00
12254,239,False,False,False,False,True,True,False,False,False,False,False,False,False,False,Jeudi-08-10h,NON,Jeudi,2020-03-26 08:00
12255,85,False,False,False,False,True,False,False,False,False,False,False,False,False,False,Jeudi-08-10h,NON,Jeudi,2020-03-26 08:00
12256,215,False,False,False,False,False,False,False,False,True,False,False,False,False,False,Jeudi-08-10h,NON,Jeudi,2020-03-26 08:00
12257,260,True,False,True,False,False,False,False,False,False,False,False,False,False,False,Jeudi-08-10h,NON,Jeudi,2020-03-26 08:00
12258,286,True,True,False,False,True,False,False,False,False,False,False,False,False,False,Jeudi-08-10h,NON,Jeudi,2020-03-26 08:00
12259,72,False,True,False,False,False,False,False,False,False,False,False,False,False,False,Jeudi-10-12h,OUI,Jeudi,2020-03-26 10:00
12260,167,True,True,True,True,True,True,False,False,False,False,False,False,False,False,Jeudi-10-12h,OUI,Jeudi,2020-03-26 10:00
12261,130,True,False,True,False,False,False,False,True,False,False,False,False,True,True,Jeudi-10-12h,NON,Jeudi,2020-03-26 10:00
12262,288,True,True,True,False,True,False,False,False,False,False,False,False,False,False,Jeudi-10-12h,NON,Jeudi,2020-03-26 10:00
12263,59,False,False,False,False,False,True,False,False,False,False,False,False,False,False,Jeudi-10-12h,NON,Jeudi,2020-03-26 10:00
12264,178,True,False,False,False,False,False,False,False,False,False,True,False,False,False,Jeudi-10-12h,OUI,Jeudi,2020-03-26 10:00
12265,254,False,False,False,False,False,False,False,False,False,False,False,True,False,False,Jeudi-10-12h,NON,Jeudi,2020-03-26 10:00
12266,34,False,False,False,False,False,False,False,False,False,False,False,False,False,False,Jeudi-10-12h,NON,Jeudi,2020-03-26 10:00
12267,264,False,False,False,False,True,True,True,False,False,False,False,False,False,False,Jeudi-10-12h,OUI,Jeudi,2020-03-26 10:00
12268,158,True,False,False,False,True,False,False,False,False,True,False,False,False,False,Jeudi-10-12h,OUI,Jeudi,2020-03-26 10:00
12269,210,False,True,False,False,True,True,False,False,False,False,False,False,False,False,Jeudi-10-12h,OUI,Jeudi,2020-03-26 10:00
12270,93,False,False,False,False,True,False,False,False,False,False,False,False,True,False,Jeudi-10-12h,OUI,Jeudi,2020-03-26 10:00
12271,144,True,False,True,False,True,False,False,False,False,False,False,False,False,False,Jeudi-10-12h,OUI,Jeudi,2020-03-26 10:00
12272,164,False,True,False,False,True,True,False,False,False,False,False,False,False,False,Jeudi-10-12h,NON,Jeudi,2020-03-26 10:00
12273,289,False,False,False,False,True,True,False,False,False,False,False,False,False,False,Jeudi-10-12h,NON,Jeudi,2020-03-26 10:00
12274,50,False,False,False,False,False,False,False,False,False,False,False,False,False,False,Jeudi-10-12h,NON,Jeudi,2020-03-26 10:00
12275,51,True,True,False,False,True,False,False,False,False,False,False,False,False,False,Jeudi-10-12h,OUI,Jeudi,2020-03-26 10:00
12276,247,False,False,True,False,False,False,False,False,False,False,False,False,False,False,Jeudi-10-12h,NON,Jeudi,2020-03-26 10:00
12277,159,False,False,False,False,False,False,False,True,False,False,False,False,False,False,Jeudi-10-12h,NON,Jeudi,2020-03-26 10:00
12278,54,False,False,False,False,False,True,False,False,False,False,False,False,False,False,Jeudi-10-12h,NON,Jeudi,2020-03-26 10:00
12279,55,True,False,False,False,True,True,False,True,False,False,False,False,False,False,Jeudi-10-12h,NON,Jeudi,2020-03-26 10:00
12280,257,False,False,False,False,True,False,False,False,False,False,False,False,False,False,Jeudi-10-12h,NON,Jeudi,2020-03-26 10:00
12281,67,False,False,False,False,False,False,False,False,False,False,False,False,False,False,Jeudi-10-12h,NON,Jeudi,2020-03-26 10:00
12282,71,True,False,True,False,False,False,False,False,False,False,False,False,False,False,Jeudi-10-12h,OUI,Jeudi,2020-03-26 10:00
12283,280,False,False,False,False,False,True,False,False,False,False,False,False,False,False,Jeudi-10-12h,OUI,Jeudi,2020-03-26 10:00
12284,283,True,True,False,False,False,False,False,False,False,False,False,False,False,False,Jeudi-10-12h,OUI,Jeudi,2020-03-26 10:00
12285,154,False,False,False,False,True,True,False,False,False,False,False,True,False,False,Jeudi-10-12h,OUI,Jeudi,2020-03-26 10:00
12286,171,False,False,False,False,False,False,False,False,False,False,False,True,False,False,Jeudi-10-12h,OUI,Jeudi,2020-03-26 10:00
12287,131,False,False,True,False,False,False,False,False,False,False,False,False,False,False,Jeudi-10-12h,NON,Jeudi,2020-03-26 10:00
12288,237,True,False,False,False,False,True,True,False,False,False,False,False,True,False,Jeudi-10-12h,NON,Jeudi,2020-03-26 10:00
12289,75,False,False,False,False,True,True,False,False,False,False,False,False,False,False,Jeudi-10-12h,NON,Jeudi,2020-03-26 10:00
12290,235,True,False,False,False,True,False,False,False,False,False,False,False,False,False,Jeudi-10-12h,NON,Jeudi,2020-03-26 10:00
12291,180,False,False,False,False,True,True,False,False,False,False,False,False,False,False,Jeudi-10-12h,OUI,Jeudi,2020-03-26 10:00
12292,219,False,False,False,False,False,True,False,False,False,False,False,False,False,False,Jeudi-10-12h,OUI,Jeudi,2020-03-26 10:00
12293,250,False,False,False,False,False,False,False,False,True,False,False,False,False,False,Jeudi-10-12h,NON,Jeudi,2020-03-26 10:00
12294,267,True,True,False,False,False,False,False,False,False,False,False,False,False,False,Jeudi-10-12h,NON,Jeudi,2020-03-26 10:00
12295,160,False,True,False,False,False,True,False,False,False,False,False,False,False,False,Jeudi-10-12h,NON,Jeudi,2020-03-26 10:00
12296,182,False,True,False,False,True,True,True,False,False,False,False,False,False,False,Jeudi-10-12h,OUI,Jeudi,2020-03-26 10:00
12297,143,False,False,False,False,False,False,False,True,False,False,True,False,False,False,Jeudi-10-12h,OUI,Jeudi,2020-03-26 10:00
12298,223,True,True,False,False,False,False,False,False,False,False,False,False,False,False,Jeudi-10-12h,NON,Jeudi,2020-03-26 10:00
12299,192,True,False,True,False,False,False,False,False,False,False,False,False,False,False,Jeudi-10-12h,NON,Jeudi,2020-03-26 10:00
12300,30,False,False,True,False,False,False,False,True,False,False,False,False,False,False,Jeudi-10-12h,NON,Jeudi,2020-03-26 10:00
12301,125,True,False,False,False,True,False,False,True,False,False,False,False,False,False,Jeudi-10-12h,NON,Jeudi,2020-03-26 10:00
12302,39,False,False,True,False,True,False,False,True,False,False,False,False,False,False,Jeudi-10-12h,OUI,Jeudi,2020-03-26 10:00
12303,113,True,False,True,False,False,False,False,False,False,False,False,False,False,False,Jeudi-10-12h,NON,Jeudi,2020-03-26 10:00
12304,121,True,False,True,False,False,False,False,True,False,False,False,False,False,False,Jeudi-10-12h,OUI,Jeudi,2020-03-26 10:00
12305,228,False,False,False,False,False,False,False,False,False,False,True,False,False,False,Jeudi-10-12h,OUI,Jeudi,2020-03-26 10:00
12306,290,False,False,False,False,False,False,False,False,True,False,False,False,False,False,Jeudi-10-12h,NON,Jeudi,2020-03-26 10:00
12307,197,False,False,True,False,True,False,False,False,False,False,False,False,False,False,Jeudi-10-12h,NON,Jeudi,2020-03-26 10:00
12308,31,True,True,True,False,False,True,False,False,False,False,False,False,False,False,Jeudi-10-12h,OUI,Jeudi,2020-03-26 10:00
12309,173,True,False,False,False,True,True,False,True,False,False,False,False,False,False,Jeudi-10-12h,OUI,Jeudi,2020-03-26 10:00
12310,74,True,False,False,True,False,False,False,True,False,False,True,False,False,False,Jeudi-10-12h,NON,Jeudi,2020-03-26 10:00
12311,15,False,False,True,False,False,False,False,False,False,False,False,False,False,False,Jeudi-10-12h,NON,Jeudi,2020-03-26 10:00
12312,45,True,False,False,False,True,True,False,True,False,False,False,False,False,False,Jeudi-10-12h,OUI,Jeudi,2020-03-26 10:00
12313,63,False,False,True,False,False,False,False,False,False,False,False,False,False,False,Jeudi-10-12h,NON,Jeudi,2020-03-26 10:00
12314,3,False,False,False,False,False,True,False,False,False,False,False,True,False,False,Jeudi-10-12h,OUI,Jeudi,2020-03-26 10:00
12315,21,True,False,True,False,False,False,False,False,False,False,False,False,False,False,Jeudi-10-12h,NON,Jeudi,2020-03-26 10:00
12316,78,False,True,True,False,True,True,False,True,False,False,False,False,False,False,Jeudi-10-12h,NON,Jeudi,2020-03-26 10:00
12317,47,False,True,False,False,False,False,False,False,False,False,False,False,False,False,Jeudi-10-12h,NON,Jeudi,2020-03-26 10:00
12318,151,True,True,False,False,True,False,False,True,False,False,False,False,False,False,Jeudi-10-12h,NON,Jeudi,2020-03-26 10:00
12319,6,True,False,True,False,False,False,False,False,False,False,False,False,False,False,Jeudi-10-12h,OUI,Jeudi,2020-03-26 10:00
12320,135,True,False,True,False,False,False,False,False,False,False,False,False,True,False,Jeudi-10-12h,OUI,Jeudi,2020-03-26 10:00
12321,221,False,False,False,False,True,True,False,False,False,False,False,False,False,False,Jeudi-10-12h,NON,Jeudi,2020-03-26 10:00
12322,170,False,False,True,False,False,False,False,False,False,False,True,False,False,True,Jeudi-10-12h,NON,Jeudi,2020-03-26 10:00
12323,129,False,True,False,False,False,False,False,False,False,False,False,False,False,False,Jeudi-10-12h,NON,Jeudi,2020-03-26 10:00
12324,132,True,True,True,False,False,True,False,False,False,False,False,False,False,False,Jeudi-10-12h,OUI,Jeudi,2020-03-26 10:00
12325,110,False,True,False,False,False,False,False,False,False,False,False,False,False,False,Jeudi-10-12h,NON,Jeudi,2020-03-26 10:00
12326,191,False,False,False,False,False,True,False,False,False,False,False,False,False,False,Jeudi-10-12h,NON,Jeudi,2020-03-26 10:00
12327,94,True,True,True,False,False,True,False,False,False,False,True,False,True,False,Jeudi-10-12h,OUI,Jeudi,2020-03-26 10:00
12328,108,False,False,False,False,False,True,True,False,False,False,False,False,False,False,Jeudi-10-12h,OUI,Jeudi,2020-03-26 10:00
12329,236,False,False,False,False,True,True,False,False,False,False,False,False,False,False,Jeudi-10-12h,OUI,Jeudi,2020-03-26 10:00
12330,42,True,False,True,False,True,False,False,False,False,False,False,False,False,False,Jeudi-10-12h,OUI,Jeudi,2020-03-26 10:00
12331,155,True,False,False,False,True,False,False,False,False,False,False,False,False,False,Jeudi-10-12h,NON,Jeudi,2020-03-26 10:00
12332,1,False,False,False,False,False,False,False,False,False,False,False,False,False,False,Jeudi-10-12h,NON,Jeudi,2020-03-26 10:00
12333,58,False,True,True,False,False,True,False,False,False,False,True,False,False,False,Jeudi-10-12h,OUI,Jeudi,2020-03-26 10:00
12334,0,False,True,False,False,False,False,False,False,False,False,False,False,False,False,Jeudi-10-12h,NON,Jeudi,2020-03-26 10:00
12335,269,False,False,False,False,False,False,False,False,False,False,False,False,False,False,Jeudi-10-12h,NON,Jeudi,2020-03-26 10:00
12336,2,True,False,True,False,False,False,False,False,False,False,False,False,False,False,Jeudi-10-12h,NON,Jeudi,2020-03-26 10:00
12337,103,False,False,False,False,True,False,False,False,False,False,False,False,False,False,Jeudi-10-12h,NON,Jeudi,2020-03-26 10:00
12338,12,False,True,False,False,True,False,False,False,False,False,False,False,False,False,Jeudi-10-12h,NON,Jeudi,2020-03-26 10:00
12339,245,True,False,False,False,True,True,False,True,False,False,False,False,False,False,Jeudi-10-12h,OUI,Jeudi,2020-03-26 10:00
12340,161,False,False,True,False,False,False,False,False,False,False,True,False,False,False,Jeudi-10-12h,NON,Jeudi,2020-03-26 10:00
12341,38,False,False,False,False,False,False,False,False,True,False,False,False,False,False,Jeudi-10-12h,NON,Jeudi,2020-03-26 10:00
12342,122,False,False,False,False,False,False,False,False,False,False,False,False,False,False,Jeudi-10-12h,NON,Jeudi,2020-03-26 10:00
12343,248,False,False,True,False,False,False,False,False,False,False,False,False,True,False,Jeudi-10-12h,NON,Jeudi,2020-03-26 10:00
12344,271,False,True,True,False,False,True,False,False,False,False,False,False,False,False,Jeudi-10-12h,OUI,Jeudi,2020-03-26 10:00
12345,116,False,False,True,False,False,False,False,False,False,False,False,False,False,False,Jeudi-10-12h,OUI,Jeudi,2020-03-26 10:00
12346,117,True,True,True,True,False,True,False,False,False,False,False,False,False,False,Jeudi-10-12h,NON,Jeudi,2020-03-26 10:00
12347,213,False,False,False,False,True,True,False,True,False,False,False,False,False,False,Jeudi-10-12h,NON,Jeudi,2020-03-26 10:00
12348,220,False,True,True,False,False,True,False,False,False,False,False,False,False,False,Jeudi-10-12h,OUI,Jeudi,2020-03-26 10:00
12349,176,False,False,True,False,False,False,False,False,False,False,False,False,False,False,Jeudi-10-12h,OUI,Jeudi,2020-03-26 10:00
12350,96,False,False,False,False,True,True,False,False,False,True,False,False,False,False,Jeudi-10-12h,NON,Jeudi,2020-03-26 10:00
12351,214,False,False,False,False,True,True,False,False,False,True,False,False,False,False,Jeudi-10-12h,OUI,Jeudi,2020-03-26 10:00
12352,11,True,False,False,True,False,False,False,False,False,False,True,False,False,False,Jeudi-10-12h,NON,Jeudi,2020-03-26 10:00
12353,255,True,False,True,False,False,False,False,True,False,False,False,False,False,False,Jeudi-10-12h,OUI,Jeudi,2020-03-26 10:00
12354,86,False,False,True,False,False,False,False,False,False,False,False,False,False,False,Jeudi-10-12h,OUI,Jeudi,2020-03-26 10:00
12355,209,True,False,False,False,True,True,False,True,False,False,False,False,False,False,Jeudi-10-12h,OUI,Jeudi,2020-03-26 10:00
12356,291,False,False,False,False,False,True,False,False,True,False,False,False,False,False,Jeudi-10-12h,NON,Jeudi,2020-03-26 10:00
12357,287,False,False,False,False,False,False,False,False,False,False,False,True,False,False,Jeudi-10-12h,NON,Jeudi,2020-03-26 10:00
12358,104,False,False,False,False,True,True,False,False,False,False,False,False,False,False,Jeudi-10-12h,OUI,Jeudi,2020-03-26 10:00
12359,18,False,False,False,False,True,False,False,False,False,False,False,False,False,False,Jeudi-10-12h,OUI,Jeudi,2020-03-26 10:00
12360,123,False,True,False,False,True,True,False,False,False,False,False,False,False,False,Jeudi-10-12h,OUI,Jeudi,2020-03-26 10:00
12361,136,False,False,False,False,True,False,False,False,False,False,False,False,False,False,Jeudi-10-12h,NON,Jeudi,2020-03-26 10:00
12362,276,True,False,True,False,False,False,False,False,False,False,False,False,False,False,Jeudi-10-12h,NON,Jeudi,2020-03-26 10:00
12363,53,False,False,False,False,True,True,False,False,False,False,False,False,False,False,Jeudi-10-12h,OUI,Jeudi,2020-03-26 10:00
12364,179,True,False,True,False,False,False,False,False,False,False,False,False,False,False,Jeudi-10-12h,OUI,Jeudi,2020-03-26 10:00
12365,200,False,False,False,False,False,False,False,False,False,False,False,False,False,False,Jeudi-10-12h,NON,Jeudi,2020-03-26 10:00
12366,73,False,False,False,False,False,False,False,False,False,False,False,False,False,False,Jeudi-10-12h,NON,Jeudi,2020-03-26 10:00
12367,156,False,False,False,False,True,True,False,False,False,False,False,False,False,False,Jeudi-10-12h,NON,Jeudi,2020-03-26 10:00
12368,128,True,True,True,False,False,True,False,False,False,False,False,False,False,False,Jeudi-10-12h,NON,Jeudi,2020-03-26 10:00
12369,118,False,False,False,False,False,False,False,False,False,False,False,False,False,False,Jeudi-10-12h,NON,Jeudi,2020-03-26 10:00
12370,112,True,False,True,False,False,False,False,False,False,False,False,False,False,False,Jeudi-10-12h,NON,Jeudi,2020-03-26 10:00
12371,35,False,False,False,False,True,True,False,False,False,False,False,False,False,False,Jeudi-10-12h,NON,Jeudi,2020-03-26 10:00
12372,32,False,False,False,False,False,False,False,False,False,False,False,True,False,False,Jeudi-10-12h,NON,Jeudi,2020-03-26 10:00
12373,199,True,False,True,False,False,False,False,False,False,False,False,False,False,False,Jeudi-10-12h,NON,Jeudi,2020-03-26 10:00
12374,153,True,False,False,False,True,True,False,False,False,False,False,False,False,False,Jeudi-10-12h,NON,Jeudi,2020-03-26 10:00
12375,82,False,False,True,False,False,False,False,False,False,False,False,False,False,False,Jeudi-10-12h,NON,Jeudi,2020-03-26 10:00
12376,292,False,True,False,False,False,False,False,False,False,False,False,False,False,False,Jeudi-10-12h,OUI,Jeudi,2020-03-26 10:00
12377,169,False,False,False,True,False,False,False,False,False,False,False,False,False,False,Jeudi-10-12h,NON,Jeudi,2020-03-26 10:00
12378,16,False,False,False,False,True,True,False,False,False,False,False,False,False,False,Jeudi-10-12h,OUI,Jeudi,2020-03-26 10:00
12379,46,True,True,True,False,False,True,True,False,False,False,False,False,False,False,Jeudi-10-12h,OUI,Jeudi,2020-03-26 10:00
12380,216,False,True,False,False,False,True,False,False,False,False,False,False,False,False,Jeudi-10-12h,NON,Jeudi,2020-03-26 10:00
12381,174,False,True,True,False,False,True,False,False,False,False,True,False,False,False,Jeudi-10-12h,NON,Jeudi,2020-03-26 10:00
12382,43,False,False,False,False,True,False,False,False,False,False,False,False,False,False,Jeudi-10-12h,NON,Jeudi,2020-03-26 10:00
12383,165,False,False,False,False,True,True,False,False,False,False,False,False,False,False,Jeudi-10-12h,NON,Jeudi,2020-03-26 10:00
12384,126,False,True,False,False,False,True,False,False,False,False,False,False,False,False,Jeudi-10-12h,OUI,Jeudi,2020-03-26 10:00
12385,41,False,False,False,False,False,True,False,False,True,False,False,False,False,False,Jeudi-10-12h,NON,Jeudi,2020-03-26 10:00
12386,157,False,False,True,False,False,False,False,False,False,False,False,False,False,False,Jeudi-10-12h,NON,Jeudi,2020-03-26 10:00
12387,272,False,True,True,False,False,False,True,False,False,False,True,False,True,True,Jeudi-10-12h,OUI,Jeudi,2020-03-26 10:00
12388,115,True,False,True,False,False,False,False,False,False,False,False,False,False,False,Jeudi-10-12h,NON,Jeudi,2020-03-26 10:00
12389,84,False,False,False,False,False,False,False,False,False,False,False,True,False,False,Jeudi-10-12h,NON,Jeudi,2020-03-26 10:00
12390,183,True,True,True,True,False,False,False,False,False,False,False,False,False,False,Jeudi-10-12h,OUI,Jeudi,2020-03-26 10:00
12391,65,True,True,False,False,False,True,False,False,False,False,False,False,False,False,Jeudi-10-12h,NON,Jeudi,2020-03-26 10:00
12392,105,True,False,False,False,False,False,False,False,False,False,False,False,False,False,Jeudi-10-12h,OUI,Jeudi,2020-03-26 10:00
12393,187,True,False,False,False,False,True,False,False,False,False,False,False,False,False,Jeudi-10-12h,NON,Jeudi,2020-03-26 10:00
12394,139,True,False,True,False,False,False,False,False,False,False,False,False,False,False,Jeudi-10-12h,NON,Jeudi,2020-03-26 10:00
12395,259,False,False,False,False,True,True,False,False,False,False,False,False,False,False,Jeudi-10-12h,OUI,Jeudi,2020-03-26 10:00
12396,124,True,False,True,False,False,False,False,False,False,False,True,False,False,False,Jeudi-10-12h,OUI,Jeudi,2020-03-26 10:00
12397,98,False,False,False,False,False,True,False,False,False,False,False,True,False,False,Jeudi-10-12h,NON,Jeudi,2020-03-26 10:00
12398,284,False,True,True,False,False,True,False,False,False,False,False,False,True,False,Jeudi-10-12h,OUI,Jeudi,2020-03-26 10:00
12399,148,True,False,True,False,True,False,False,True,False,False,False,False,False,False,Jeudi-10-12h,OUI,Jeudi,2020-03-26 10:00
12400,258,True,False,True,False,False,False,False,False,False,False,False,False,False,False,Jeudi-10-12h,OUI,Jeudi,2020-03-26 10:00
12401,175,False,False,False,False,False,True,False,False,False,False,False,False,False,False,Jeudi-10-12h,OUI,Jeudi,2020-03-26 10:00
12402,119,False,False,False,False,False,False,False,False,False,False,True,False,False,False,Jeudi-10-12h,NON,Jeudi,2020-03-26 10:00
12403,229,True,False,True,False,False,False,False,True,False,False,False,False,False,False,Jeudi-10-12h,OUI,Jeudi,2020-03-26 10:00
12404,230,False,False,False,False,False,True,True,False,False,False,False,False,False,False,Jeudi-10-12h,NON,Jeudi,2020-03-26 10:00
12405,17,True,False,False,False,False,True,True,False,False,False,False,False,False,False,Jeudi-10-12h,OUI,Jeudi,2020-03-26 10:00
12406,177,False,False,False,False,False,False,False,False,False,False,False,False,False,False,Jeudi-10-12h,NON,Jeudi,2020-03-26 10:00
12407,7,False,False,False,False,False,False,False,False,False,False,False,False,False,False,Jeudi-10-12h,NON,Jeudi,2020-03-26 10:00
12408,241,False,False,True,False,False,False,False,False,False,False,False,False,False,False,Jeudi-10-12h,NON,Jeudi,2020-03-26 10:00
12409,8,True,False,False,False,True,True,False,True,False,False,False,False,False,False,Jeudi-10-12h,NON,Jeudi,2020-03-26 10:00
12410,268,False,True,False,False,False,True,False,False,False,False,False,False,False,False,Jeudi-10-12h,OUI,Jeudi,2020-03-26 10:00
12411,294,False,False,True,False,True,False,False,False,False,False,False,False,False,False,Jeudi-10-12h,OUI,Jeudi,2020-03-26 10:00
12412,242,True,False,False,False,True,True,False,False,False,False,False,False,False,False,Jeudi-10-12h,NON,Jeudi,2020-03-26 10:00
12413,194,False,False,False,False,False,True,False,False,False,False,False,False,False,False,Jeudi-10-12h,NON,Jeudi,2020-03-26 10:00
12414,243,False,False,False,False,True,True,False,False,False,False,False,False,False,False,Jeudi-10-12h,NON,Jeudi,2020-03-26 10:00
12415,212,True,True,True,False,False,True,False,False,False,False,False,False,False,False,Jeudi-10-12h,OUI,Jeudi,2020-03-26 10:00
12416,19,False,False,False,False,False,True,False,False,False,False,False,False,False,False,Jeudi-10-12h,OUI,Jeudi,2020-03-26 10:00
12417,114,False,False,False,False,True,False,False,False,False,False,False,False,False,False,Jeudi-10-12h,OUI,Jeudi,2020-03-26 10:00
12418,190,False,False,False,False,False,True,False,False,True,False,False,False,False,False,Jeudi-10-12h,NON,Jeudi,2020-03-26 10:00
12419,64,False,False,True,False,False,False,False,False,False,False,False,False,False,False,Jeudi-10-12h,OUI,Jeudi,2020-03-26 10:00
12420,227,False,False,False,False,False,False,False,False,False,False,False,False,False,False,Jeudi-10-12h,NON,Jeudi,2020-03-26 10:00
12421,232,False,False,False,False,False,True,False,False,False,False,False,False,False,False,Jeudi-10-12h,OUI,Jeudi,2020-03-26 10:00
12422,246,False,True,False,False,False,True,True,False,False,False,False,False,False,False,Jeudi-10-12h,NON,Jeudi,2020-03-26 10:00
12423,100,False,False,False,False,False,True,False,False,False,False,False,False,False,False,Jeudi-10-12h,NON,Jeudi,2020-03-26 10:00
12424,13,False,False,False,False,True,False,False,False,False,False,False,False,False,False,Jeudi-10-12h,NON,Jeudi,2020-03-26 10:00
12425,262,True,True,True,False,False,False,False,False,False,False,False,False,False,False,Jeudi-10-12h,NON,Jeudi,2020-03-26 10:00
12426,76,True,True,True,False,False,True,False,False,False,False,True,False,False,False,Jeudi-10-12h,NON,Jeudi,2020-03-26 10:00
12427,261,False,True,False,False,True,False,False,False,False,False,False,False,False,False,Jeudi-10-12h,OUI,Jeudi,2020-03-26 10:00
12428,150,False,True,False,False,False,False,False,False,False,False,False,False,False,False,Jeudi-10-12h,OUI,Jeudi,2020-03-26 10:00
12429,205,False,False,False,False,False,False,False,False,False,False,False,False,False,False,Jeudi-10-12h,NON,Jeudi,2020-03-26 10:00
12430,56,False,False,False,False,True,True,False,False,False,False,False,False,False,False,Jeudi-10-12h,OUI,Jeudi,2020-03-26 10:00
12431,186,False,False,False,False,True,False,False,False,False,False,False,False,False,False,Jeudi-10-12h,OUI,Jeudi,2020-03-26 10:00
12432,162,True,False,False,False,True,True,False,False,False,False,False,False,False,False,Jeudi-10-12h,NON,Jeudi,2020-03-26 10:00
12433,68,False,True,False,False,True,True,False,False,False,False,False,False,False,False,Jeudi-10-12h,OUI,Jeudi,2020-03-26 10:00
12434,146,False,False,False,False,False,True,False,False,False,False,False,True,False,False,Jeudi-10-12h,OUI,Jeudi,2020-03-26 10:00
12435,49,False,False,False,False,False,False,False,False,False,False,False,False,True,False,Jeudi-10-12h,NON,Jeudi,2020-03-26 10:00
12436,91,True,False,True,True,False,False,False,False,False,False,False,False,False,False,Jeudi-10-12h,OUI,Jeudi,2020-03-26 10:00
12437,22,False,False,False,False,False,False,False,False,False,True,False,False,False,False,Jeudi-10-12h,NON,Jeudi,2020-03-26 10:00
12438,151,False,False,False,False,True,False,False,False,False,False,False,False,False,False,Jeudi-10-12h,NON,Jeudi,2020-03-26 10:00
12439,193,False,False,False,False,True,True,False,False,False,False,False,False,False,False,Jeudi-10-12h,OUI,Jeudi,2020-03-26 10:00
12440,9,True,True,False,False,False,False,False,False,False,False,False,False,False,False,Jeudi-10-12h,NON,Jeudi,2020-03-26 10:00
12441,99,True,False,True,False,False,False,False,False,False,False,False,False,False,False,Jeudi-10-12h,NON,Jeudi,2020-03-26 10:00
12442,181,False,False,False,False,True,True,False,False,False,False,False,False,False,False,Jeudi-10-12h,OUI,Jeudi,2020-03-26 10:00
12443,111,False,False,False,False,False,True,False,True,False,False,False,False,False,False,Jeudi-10-12h,OUI,Jeudi,2020-03-26 10:00
12444,44,False,True,False,False,False,True,False,False,False,False,False,False,False,False,Jeudi-10-12h,NON,Jeudi,2020-03-26 10:00
12445,24,False,False,False,False,True,False,False,True,False,False,False,False,False,False,Jeudi-10-12h,OUI,Jeudi,2020-03-26 10:00
12446,102,False,False,False,False,True,True,False,True,False,False,False,False,False,False,Jeudi-10-12h,NON,Jeudi,2020-03-26 10:00
12447,203,True,True,False,False,False,False,False,True,False,False,False,False,False,False,Jeudi-10-12h,NON,Jeudi,2020-03-26 10:00
12448,140,False,False,False,False,True,True,False,True,False,False,False,False,False,False,Jeudi-10-12h,NON,Jeudi,2020-03-26 10:00
12449,188,False,False,False,False,False,True,False,False,True,False,False,False,False,False,Jeudi-10-12h,NON,Jeudi,2020-03-26 10:00
12450,206,False,False,False,True,False,False,False,False,False,False,True,False,False,False,Jeudi-10-12h,OUI,Jeudi,2020-03-26 10:00
12451,273,False,False,False,False,False,False,False,False,False,False,False,True,False,False,Jeudi-10-12h,OUI,Jeudi,2020-03-26 10:00
12452,69,True,False,True,False,False,False,False,False,False,False,False,False,False,False,Jeudi-10-12h,OUI,Jeudi,2020-03-26 10:00
12453,87,True,False,False,True,False,False,False,False,False,False,True,False,False,False,Jeudi-10-12h,NON,Jeudi,2020-03-26 10:00
12454,83,True,False,True,False,False,False,False,False,False,False,False,False,False,False,Jeudi-10-12h,OUI,Jeudi,2020-03-26 10:00
12455,149,True,False,True,True,False,False,False,False,False,False,False,False,False,False,Jeudi-10-12h,NON,Jeudi,2020-03-26 10:00
12456,274,False,False,False,False,False,True,False,False,False,False,False,False,False,False,Jeudi-10-12h,NON,Jeudi,2020-03-26 10:00
12457,282,True,False,True,True,False,False,False,False,False,False,False,False,False,False,Jeudi-10-12h,OUI,Jeudi,2020-03-26 10:00
12458,147,False,False,False,False,False,False,False,False,False,False,False,False,False,False,Jeudi-10-12h,NON,Jeudi,2020-03-26 10:00
12459,238,False,False,False,False,False,False,False,False,False,False,False,True,False,False,Jeudi-10-12h,NON,Jeudi,2020-03-26 10:00
12460,201,False,False,False,False,False,False,False,False,False,False,False,False,False,False,Jeudi-10-12h,NON,Jeudi,2020-03-26 10:00
12461,152,False,True,False,False,False,False,False,False,False,False,False,False,False,False,Jeudi-10-12h,NON,Jeudi,2020-03-26 10:00
12462,222,False,False,False,False,False,True,False,False,True,True,False,False,False,False,Jeudi-10-12h,OUI,Jeudi,2020-03-26 10:00
12463,106,False,False,False,False,False,True,False,False,False,False,False,True,False,False,Jeudi-10-12h,NON,Jeudi,2020-03-26 10:00
12464,133,False,False,True,False,True,False,False,False,False,False,False,False,False,False,Jeudi-10-12h,OUI,Jeudi,2020-03-26 10:00
12465,163,False,False,False,False,True,False,False,False,False,False,False,False,False,False,Jeudi-10-12h,NON,Jeudi,2020-03-26 10:00
12466,231,False,False,False,False,False,False,False,False,False,False,False,False,False,False,Jeudi-10-12h,NON,Jeudi,2020-03-26 10:00
12467,25,False,False,False,False,True,False,False,False,False,False,False,False,False,False,Jeudi-10-12h,NON,Jeudi,2020-03-26 10:00
12468,196,False,False,True,False,True,False,False,True,False,False,False,False,False,False,Jeudi-10-12h,OUI,Jeudi,2020-03-26 10:00
12469,5,False,False,False,False,True,True,False,False,False,False,False,False,False,False,Jeudi-10-12h,OUI,Jeudi,2020-03-26 10:00
12470,90,False,True,False,False,False,False,False,False,False,False,False,False,False,False,Jeudi-10-12h,NON,Jeudi,2020-03-26 10:00
12471,244,True,False,True,False,False,False,False,False,False,False,False,False,False,False,Jeudi-10-12h,NON,Jeudi,2020-03-26 10:00
12472,107,False,True,False,False,False,True,False,False,False,False,False,False,False,False,Jeudi-10-12h,OUI,Jeudi,2020-03-26 10:00
12473,218,False,True,False,False,True,True,False,False,False,False,False,False,False,False,Jeudi-10-12h,NON,Jeudi,2020-03-26 10:00
12474,62,False,True,True,False,True,True,False,False,False,False,False,False,False,False,Jeudi-10-12h,NON,Jeudi,2020-03-26 10:00
12475,79,False,True,False,False,False,False,False,False,False,False,False,False,False,False,Jeudi-10-12h,OUI,Jeudi,2020-03-26 10:00
12476,208,False,False,False,False,False,True,False,False,False,False,False,False,False,False,Jeudi-10-12h,NON,Jeudi,2020-03-26 10:00
12477,270,False,False,False,False,False,False,False,False,True,False,False,False,False,False,Jeudi-10-12h,NON,Jeudi,2020-03-26 10:00
12478,166,True,False,False,False,True,True,False,False,False,False,False,False,False,False,Jeudi-10-12h,OUI,Jeudi,2020-03-26 10:00
12479,77,False,False,True,False,True,False,False,False,False,False,False,False,False,False,Jeudi-10-12h,NON,Jeudi,2020-03-26 10:00
12480,29,False,False,False,False,False,True,False,False,False,False,False,True,False,False,Jeudi-10-12h,OUI,Jeudi,2020-03-26 10:00
12481,240,False,False,False,False,False,True,False,False,False,False,False,False,False,False,Jeudi-10-12h,NON,Jeudi,2020-03-26 10:00
12482,184,False,True,False,False,False,False,False,False,False,False,False,False,False,False,Jeudi-10-12h,OUI,Jeudi,2020-03-26 10:00
12483,277,False,True,True,False,False,True,False,False,False,False,False,False,False,False,Jeudi-10-12h,NON,Jeudi,2020-03-26 10:00
12484,80,True,False,False,False,False,True,False,False,False,True,False,False,False,False,Jeudi-10-12h,NON,Jeudi,2020-03-26 10:00
12485,185,True,True,True,False,False,True,False,False,False,False,True,False,True,False,Jeudi-10-12h,NON,Jeudi,2020-03-26 10:00
12486,204,False,False,False,False,True,True,False,False,False,False,False,True,False,False,Jeudi-10-12h,NON,Jeudi,2020-03-26 10:00
12487,252,True,True,True,False,False,True,False,False,False,False,False,False,False,False,Jeudi-10-12h,OUI,Jeudi,2020-03-26 10:00
12488,26,False,False,False,False,True,False,False,False,False,False,False,False,False,False,Jeudi-10-12h,NON,Jeudi,2020-03-26 10:00
12489,70,False,False,False,False,True,False,False,False,False,False,False,True,False,False,Jeudi-10-12h,NON,Jeudi,2020-03-26 10:00
12490,233,False,False,False,False,True,False,False,False,False,False,False,False,False,False,Jeudi-10-12h,OUI,Jeudi,2020-03-26 10:00
12491,37,True,True,True,False,True,True,False,False,False,False,False,False,False,False,Jeudi-10-12h,OUI,Jeudi,2020-03-26 10:00
12492,185,False,False,True,False,False,False,False,False,False,False,False,False,False,False,Jeudi-10-12h,OUI,Jeudi,2020-03-26 10:00
12493,138,True,False,False,False,True,True,False,False,False,False,False,False,False,False,Jeudi-10-12h,NON,Jeudi,2020-03-26 10:00
12494,224,True,False,True,False,False,False,False,False,False,False,False,False,False,False,Jeudi-10-12h,NON,Jeudi,2020-03-26 10:00
12495,66,False,False,False,False,True,True,False,False,False,False,False,False,True,False,Jeudi-10-12h,OUI,Jeudi,2020-03-26 10:00
12496,211,False,False,True,False,False,False,False,False,False,False,False,False,True,False,Jeudi-10-12h,NON,Jeudi,2020-03-26 10:00
12497,14,False,False,False,False,True,True,False,False,False,False,False,False,False,False,Jeudi-10-12h,NON,Jeudi,2020-03-26 10:00
12498,145,False,False,False,False,True,False,False,False,False,False,False,False,False,False,Jeudi-10-12h,NON,Jeudi,2020-03-26 10:00
12499,36,False,False,False,False,False,False,False,False,False,False,False,True,False,False,Jeudi-10-12h,OUI,Jeudi,2020-03-26 10:00
12500,60,True,True,True,False,False,True,False,False,False,False,False,False,False,False,Jeudi-10-12h,NON,Jeudi,2020-03-26 10:00
12501,137,True,True,True,False,False,True,False,False,False,False,True,False,False,False,Jeudi-10-12h,OUI,Jeudi,2020-03-26 10:00
12502,285,False,True,False,False,True,True,False,False,False,False,False,False,False,False,Jeudi-10-12h,OUI,Jeudi,2020-03-26 10:00
12503,40,False,True,True,False,True,True,False,False,False,False,False,False,False,False,Jeudi-10-12h,OUI,Jeudi,2020-03-26 10:00
12504,97,False,False,False,False,False,True,False,False,False,False,False,False,False,False,Jeudi-10-12h,NON,Jeudi,2020-03-26 10:00
12505,109,True,False,True,True,False,False,False,False,False,False,False,False,False,False,Jeudi-10-12h,NON,Jeudi,2020-03-26 10:00
12506,10,False,False,False,False,False,False,False,False,False,False,False,False,False,False,Jeudi-10-12h,NON,Jeudi,2020-03-26 10:00
12507,256,False,False,False,False,False,False,False,False,False,False,False,True,False,False,Jeudi-10-12h,NON,Jeudi,2020-03-26 10:00
12508,141,True,True,True,False,False,False,False,False,False,False,True,False,False,False,Jeudi-10-12h,NON,Jeudi,2020-03-26 10:00
12509,28,False,False,False,False,False,False,False,False,False,False,False,False,False,False,Jeudi-10-12h,NON,Jeudi,2020-03-26 10:00
12510,101,True,True,True,True,True,True,False,False,False,False,False,False,False,False,Jeudi-10-12h,OUI,Jeudi,2020-03-26 10:00
12511,48,True,False,True,False,True,False,False,False,False,False,False,False,True,False,Jeudi-10-12h,OUI,Jeudi,2020-03-26 10:00
12512,27,False,False,False,False,False,True,False,False,False,False,False,False,False,False,Jeudi-10-12h,OUI,Jeudi,2020-03-26 10:00
12513,142,True,False,True,False,False,False,False,False,False,False,True,False,True,False,Jeudi-10-12h,NON,Jeudi,2020-03-26 10:00
12514,234,False,False,True,False,False,False,False,False,False,False,True,False,False,False,Jeudi-10-12h,NON,Jeudi,2020-03-26 10:00
12515,23,False,False,False,False,True,False,False,False,False,False,False,False,False,False,Jeudi-10-12h,NON,Jeudi,2020-03-26 10:00
12516,195,False,False,False,False,True,False,False,False,True,False,False,False,False,False,Jeudi-10-12h,NON,Jeudi,2020-03-26 10:00
12517,275,False,False,False,False,False,False,False,False,False,False,False,True,False,False,Jeudi-10-12h,NON,Jeudi,2020-03-26 10:00
12518,226,False,False,False,False,True,True,False,False,False,False,False,False,False,False,Jeudi-10-12h,NON,Jeudi,2020-03-26 10:00
12519,207,False,False,True,False,False,False,False,False,False,False,False,False,False,False,Jeudi-10-12h,OUI,Jeudi,2020-03-26 10:00
12520,57,False,False,False,False,False,False,False,False,False,False,False,False,False,False,Jeudi-10-12h,NON,Jeudi,2020-03-26 10:00
12521,4,False,True,False,False,False,True,False,False,False,False,False,False,False,False,Jeudi-10-12h,NON,Jeudi,2020-03-26 10:00
12522,265,False,False,False,False,False,True,False,False,False,False,False,False,False,False,Jeudi-10-12h,OUI,Jeudi,2020-03-26 10:00
12523,88,False,True,False,False,False,False,False,False,False,False,False,False,False,False,Jeudi-10-12h,NON,Jeudi,2020-03-26 10:00
12524,198,False,False,False,False,False,False,False,False,False,False,True,False,False,False,Jeudi-10-12h,NON,Jeudi,2020-03-26 10:00
12525,249,True,True,True,False,False,False,False,False,False,False,False,False,False,False,Jeudi-10-12h,NON,Jeudi,2020-03-26 10:00
12526,263,False,False,False,False,True,True,False,False,False,False,False,False,False,False,Jeudi-10-12h,NON,Jeudi,2020-03-26 10:00
12527,217,True,False,True,False,False,False,False,False,False,False,False,False,True,False,Jeudi-10-12h,OUI,Jeudi,2020-03-26 10:00
12528,278,False,False,False,False,True,True,False,False,False,False,False,False,False,False,Jeudi-10-12h,NON,Jeudi,2020-03-26 10:00
12529,189,False,True,False,False,False,False,False,False,False,False,False,False,False,False,Jeudi-10-12h,NON,Jeudi,2020-03-26 10:00
12530,61,True,False,True,False,False,False,False,False,False,False,False,False,False,False,Jeudi-10-12h,NON,Jeudi,2020-03-26 10:00
12531,251,False,False,False,False,False,False,False,False,False,False,False,False,True,False,Jeudi-10-12h,NON,Jeudi,2020-03-26 10:00
12532,281,False,True,False,False,False,False,False,False,False,False,False,False,False,False,Jeudi-10-12h,NON,Jeudi,2020-03-26 10:00
12533,134,False,True,False,False,False,False,False,False,False,False,False,False,False,False,Jeudi-10-12h,NON,Jeudi,2020-03-26 10:00
12534,293,False,True,False,False,False,True,False,False,False,False,False,False,False,False,Jeudi-10-12h,OUI,Jeudi,2020-03-26 10:00
12535,279,True,True,True,True,False,True,False,False,False,False,False,False,False,False,Jeudi-10-12h,OUI,Jeudi,2020-03-26 10:00
12536,81,True,False,True,True,False,False,False,True,False,False,False,False,False,False,Jeudi-10-12h,NON,Jeudi,2020-03-26 10:00
12537,92,True,False,False,True,False,False,False,False,False,False,True,False,False,False,Jeudi-10-12h,NON,Jeudi,2020-03-26 10:00
12538,147,False,False,False,False,False,False,False,False,False,False,False,False,False,False,Jeudi-10-12h,NON,Jeudi,2020-03-26 10:00
12539,33,False,True,False,False,True,False,False,False,False,False,False,False,False,False,Jeudi-10-12h,NON,Jeudi,2020-03-26 10:00
12540,266,False,False,False,False,False,False,False,False,False,False,False,False,False,False,Jeudi-10-12h,NON,Jeudi,2020-03-26 10:00
12541,225,True,False,False,False,False,True,False,False,False,False,False,False,False,False,Jeudi-10-12h,NON,Jeudi,2020-03-26 10:00
12542,83,True,False,True,False,False,False,False,False,False,False,False,False,False,False,Jeudi-10-12h,OUI,Jeudi,2020-03-26 10:00
12543,95,False,False,False,False,True,True,False,True,False,False,False,False,False,False,Jeudi-10-12h,NON,Jeudi,2020-03-26 10:00
12544,127,False,False,False,False,True,False,False,False,False,False,False,False,False,False,Jeudi-10-12h,OUI,Jeudi,2020-03-26 10:00
12545,20,False,False,False,False,False,False,False,False,False,False,False,False,False,False,Jeudi-10-12h,NON,Jeudi,2020-03-26 10:00
12546,89,False,False,False,False,False,False,False,False,True,False,False,False,False,False,Jeudi-10-12h,OUI,Jeudi,2020-03-26 10:00
12547,120,False,True,True,False,True,True,False,True,False,False,True,False,False,False,Jeudi-10-12h,NON,Jeudi,2020-03-26 10:00
12548,253,False,False,False,False,True,True,False,False,False,False,False,True,False,False,Jeudi-10-12h,NON,Jeudi,2020-03-26 10:00
12549,52,False,False,True,False,False,False,False,False,False,False,False,False,False,False,Jeudi-10-12h,OUI,Jeudi,2020-03-26 10:00
12550,168,True,False,True,False,False,False,False,True,False,False,False,False,False,False,Jeudi-10-12h,NON,Jeudi,2020-03-26 10:00
12551,202,False,True,False,False,False,False,False,False,False,False,False,False,False,False,Jeudi-10-12h,NON,Jeudi,2020-03-26 10:00
12552,172,False,False,False,False,True,False,False,False,False,False,False,False,False,False,Jeudi-10-12h,NON,Jeudi,2020-03-26 10:00
12553,239,False,False,False,False,True,True,False,False,False,False,False,False,False,False,Jeudi-10-12h,NON,Jeudi,2020-03-26 10:00
12554,85,False,False,False,False,True,False,False,False,False,False,False,False,False,False,Jeudi-10-12h,NON,Jeudi,2020-03-26 10:00
12555,215,False,False,False,False,False,False,False,False,True,False,False,False,False,False,Jeudi-10-12h,NON,Jeudi,2020-03-26 10:00
12556,260,True,False,True,False,False,False,False,False,False,False,False,False,False,False,Jeudi-10-12h,NON,Jeudi,2020-03-26 10:00
12557,286,True,True,False,False,True,False,False,False,False,False,False,False,False,False,Jeudi-10-12h,NON,Jeudi,2020-03-26 10:00
12558,72,False,True,False,False,False,False,False,False,False,False,False,False,False,False,Jeudi-12-14h,OUI,Jeudi,2020-03-26 12:00
12559,167,True,True,True,True,True,True,False,False,False,False,False,False,False,False,Jeudi-12-14h,OUI,Jeudi,2020-03-26 12:00
12560,130,True,False,True,False,False,False,False,True,False,False,False,False,True,True,Jeudi-12-14h,NON,Jeudi,2020-03-26 12:00
12561,288,True,True,True,False,True,False,False,False,False,False,False,False,False,False,Jeudi-12-14h,NON,Jeudi,2020-03-26 12:00
12562,59,False,False,False,False,False,True,False,False,False,False,False,False,False,False,Jeudi-12-14h,NON,Jeudi,2020-03-26 12:00
12563,178,True,False,False,False,False,False,False,False,False,False,True,False,False,False,Jeudi-12-14h,OUI,Jeudi,2020-03-26 12:00
12564,254,False,False,False,False,False,False,False,False,False,False,False,True,False,False,Jeudi-12-14h,NON,Jeudi,2020-03-26 12:00
12565,34,False,False,False,False,False,False,False,False,False,False,False,False,False,False,Jeudi-12-14h,NON,Jeudi,2020-03-26 12:00
12566,264,False,False,False,False,True,True,True,False,False,False,False,False,False,False,Jeudi-12-14h,OUI,Jeudi,2020-03-26 12:00
12567,158,True,False,False,False,True,False,False,False,False,True,False,False,False,False,Jeudi-12-14h,OUI,Jeudi,2020-03-26 12:00
12568,210,False,True,False,False,True,True,False,False,False,False,False,False,False,False,Jeudi-12-14h,OUI,Jeudi,2020-03-26 12:00
12569,93,False,False,False,False,True,False,False,False,False,False,False,False,True,False,Jeudi-12-14h,OUI,Jeudi,2020-03-26 12:00
12570,144,True,False,True,False,True,False,False,False,False,False,False,False,False,False,Jeudi-12-14h,OUI,Jeudi,2020-03-26 12:00
12571,164,False,True,False,False,True,True,False,False,False,False,False,False,False,False,Jeudi-12-14h,OUI,Jeudi,2020-03-26 12:00
12572,289,False,False,False,False,True,True,False,False,False,False,False,False,False,False,Jeudi-12-14h,NON,Jeudi,2020-03-26 12:00
12573,50,False,False,False,False,False,False,False,False,False,False,False,False,False,False,Jeudi-12-14h,NON,Jeudi,2020-03-26 12:00
12574,51,True,True,False,False,True,False,False,False,False,False,False,False,False,False,Jeudi-12-14h,OUI,Jeudi,2020-03-26 12:00
12575,247,False,False,True,False,False,False,False,False,False,False,False,False,False,False,Jeudi-12-14h,NON,Jeudi,2020-03-26 12:00
12576,159,False,False,False,False,False,False,False,True,False,False,False,False,False,False,Jeudi-12-14h,NON,Jeudi,2020-03-26 12:00
12577,54,False,False,False,False,False,True,False,False,False,False,False,False,False,False,Jeudi-12-14h,NON,Jeudi,2020-03-26 12:00
12578,55,True,False,False,False,True,True,False,True,False,False,False,False,False,False,Jeudi-12-14h,NON,Jeudi,2020-03-26 12:00
12579,257,False,False,False,False,True,False,False,False,False,False,False,False,False,False,Jeudi-12-14h,NON,Jeudi,2020-03-26 12:00
12580,67,False,False,False,False,False,False,False,False,False,False,False,False,False,False,Jeudi-12-14h,NON,Jeudi,2020-03-26 12:00
12581,71,True,False,True,False,False,False,False,False,False,False,False,False,False,False,Jeudi-12-14h,OUI,Jeudi,2020-03-26 12:00
12582,280,False,False,False,False,False,True,False,False,False,False,False,False,False,False,Jeudi-12-14h,OUI,Jeudi,2020-03-26 12:00
12583,283,True,True,False,False,False,False,False,False,False,False,False,False,False,False,Jeudi-12-14h,OUI,Jeudi,2020-03-26 12:00
12584,154,False,False,False,False,True,True,False,False,False,False,False,True,False,False,Jeudi-12-14h,OUI,Jeudi,2020-03-26 12:00
12585,171,False,False,False,False,False,False,False,False,False,False,False,True,False,False,Jeudi-12-14h,OUI,Jeudi,2020-03-26 12:00
12586,131,False,False,True,False,False,False,False,False,False,False,False,False,False,False,Jeudi-12-14h,NON,Jeudi,2020-03-26 12:00
12587,237,True,False,False,False,False,True,True,False,False,False,False,False,True,False,Jeudi-12-14h,NON,Jeudi,2020-03-26 12:00
12588,75,False,False,False,False,True,True,False,False,False,False,False,False,False,False,Jeudi-12-14h,NON,Jeudi,2020-03-26 12:00
12589,235,True,False,False,False,True,False,False,False,False,False,False,False,False,False,Jeudi-12-14h,NON,Jeudi,2020-03-26 12:00
12590,180,False,False,False,False,True,True,False,False,False,False,False,False,False,False,Jeudi-12-14h,OUI,Jeudi,2020-03-26 12:00
12591,219,False,False,False,False,False,True,False,False,False,False,False,False,False,False,Jeudi-12-14h,OUI,Jeudi,2020-03-26 12:00
12592,250,False,False,False,False,False,False,False,False,True,False,False,False,False,False,Jeudi-12-14h,NON,Jeudi,2020-03-26 12:00
12593,267,True,True,False,False,False,False,False,False,False,False,False,False,False,False,Jeudi-12-14h,OUI,Jeudi,2020-03-26 12:00
12594,160,False,True,False,False,False,True,False,False,False,False,False,False,False,False,Jeudi-12-14h,NON,Jeudi,2020-03-26 12:00
12595,182,False,True,False,False,True,True,True,False,False,False,False,False,False,False,Jeudi-12-14h,OUI,Jeudi,2020-03-26 12:00
12596,143,False,False,False,False,False,False,False,True,False,False,True,False,False,False,Jeudi-12-14h,OUI,Jeudi,2020-03-26 12:00
12597,223,True,True,False,False,False,False,False,False,False,False,False,False,False,False,Jeudi-12-14h,NON,Jeudi,2020-03-26 12:00
12598,192,True,False,True,False,False,False,False,False,False,False,False,False,False,False,Jeudi-12-14h,NON,Jeudi,2020-03-26 12:00
12599,30,False,False,True,False,False,False,False,True,False,False,False,False,False,False,Jeudi-12-14h,OUI,Jeudi,2020-03-26 12:00
12600,125,True,False,False,False,True,False,False,True,False,False,False,False,False,False,Jeudi-12-14h,NON,Jeudi,2020-03-26 12:00
12601,39,False,False,True,False,True,False,False,True,False,False,False,False,False,False,Jeudi-12-14h,OUI,Jeudi,2020-03-26 12:00
12602,113,True,False,True,False,False,False,False,False,False,False,False,False,False,False,Jeudi-12-14h,NON,Jeudi,2020-03-26 12:00
12603,121,True,False,True,False,False,False,False,True,False,False,False,False,False,False,Jeudi-12-14h,OUI,Jeudi,2020-03-26 12:00
12604,228,False,False,False,False,False,False,False,False,False,False,True,False,False,False,Jeudi-12-14h,OUI,Jeudi,2020-03-26 12:00
12605,290,False,False,False,False,False,False,False,False,True,False,False,False,False,False,Jeudi-12-14h,NON,Jeudi,2020-03-26 12:00
12606,197,False,False,True,False,True,False,False,False,False,False,False,False,False,False,Jeudi-12-14h,NON,Jeudi,2020-03-26 12:00
12607,31,True,True,True,False,False,True,False,False,False,False,False,False,False,False,Jeudi-12-14h,NON,Jeudi,2020-03-26 12:00
12608,173,True,False,False,False,True,True,False,True,False,False,False,False,False,False,Jeudi-12-14h,OUI,Jeudi,2020-03-26 12:00
12609,74,True,False,False,True,False,False,False,True,False,False,True,False,False,False,Jeudi-12-14h,NON,Jeudi,2020-03-26 12:00
12610,15,False,False,True,False,False,False,False,False,False,False,False,False,False,False,Jeudi-12-14h,NON,Jeudi,2020-03-26 12:00
12611,45,True,False,False,False,True,True,False,True,False,False,False,False,False,False,Jeudi-12-14h,OUI,Jeudi,2020-03-26 12:00
12612,63,False,False,True,False,False,False,False,False,False,False,False,False,False,False,Jeudi-12-14h,NON,Jeudi,2020-03-26 12:00
12613,3,False,False,False,False,False,True,False,False,False,False,False,True,False,False,Jeudi-12-14h,OUI,Jeudi,2020-03-26 12:00
12614,21,True,False,True,False,False,False,False,False,False,False,False,False,False,False,Jeudi-12-14h,NON,Jeudi,2020-03-26 12:00
12615,78,False,True,True,False,True,True,False,True,False,False,False,False,False,False,Jeudi-12-14h,NON,Jeudi,2020-03-26 12:00
12616,47,False,True,False,False,False,False,False,False,False,False,False,False,False,False,Jeudi-12-14h,NON,Jeudi,2020-03-26 12:00
12617,151,True,True,False,False,True,False,False,True,False,False,False,False,False,False,Jeudi-12-14h,OUI,Jeudi,2020-03-26 12:00
12618,6,True,False,True,False,False,False,False,False,False,False,False,False,False,False,Jeudi-12-14h,OUI,Jeudi,2020-03-26 12:00
12619,135,True,False,True,False,False,False,False,False,False,False,False,False,True,False,Jeudi-12-14h,NON,Jeudi,2020-03-26 12:00
12620,221,False,False,False,False,True,True,False,False,False,False,False,False,False,False,Jeudi-12-14h,NON,Jeudi,2020-03-26 12:00
12621,170,False,False,True,False,False,False,False,False,False,False,True,False,False,True,Jeudi-12-14h,NON,Jeudi,2020-03-26 12:00
12622,129,False,True,False,False,False,False,False,False,False,False,False,False,False,False,Jeudi-12-14h,NON,Jeudi,2020-03-26 12:00
12623,132,True,True,True,False,False,True,False,False,False,False,False,False,False,False,Jeudi-12-14h,OUI,Jeudi,2020-03-26 12:00
12624,110,False,True,False,False,False,False,False,False,False,False,False,False,False,False,Jeudi-12-14h,NON,Jeudi,2020-03-26 12:00
12625,191,False,False,False,False,False,True,False,False,False,False,False,False,False,False,Jeudi-12-14h,NON,Jeudi,2020-03-26 12:00
12626,94,True,True,True,False,False,True,False,False,False,False,True,False,True,False,Jeudi-12-14h,OUI,Jeudi,2020-03-26 12:00
12627,108,False,False,False,False,False,True,True,False,False,False,False,False,False,False,Jeudi-12-14h,OUI,Jeudi,2020-03-26 12:00
12628,236,False,False,False,False,True,True,False,False,False,False,False,False,False,False,Jeudi-12-14h,OUI,Jeudi,2020-03-26 12:00
12629,42,True,False,True,False,True,False,False,False,False,False,False,False,False,False,Jeudi-12-14h,OUI,Jeudi,2020-03-26 12:00
12630,155,True,False,False,False,True,False,False,False,False,False,False,False,False,False,Jeudi-12-14h,OUI,Jeudi,2020-03-26 12:00
12631,1,False,False,False,False,False,False,False,False,False,False,False,False,False,False,Jeudi-12-14h,NON,Jeudi,2020-03-26 12:00
12632,58,False,True,True,False,False,True,False,False,False,False,True,False,False,False,Jeudi-12-14h,OUI,Jeudi,2020-03-26 12:00
12633,0,False,True,False,False,False,False,False,False,False,False,False,False,False,False,Jeudi-12-14h,NON,Jeudi,2020-03-26 12:00
12634,269,False,False,False,False,False,False,False,False,False,False,False,False,False,False,Jeudi-12-14h,NON,Jeudi,2020-03-26 12:00
12635,2,True,False,True,False,False,False,False,False,False,False,False,False,False,False,Jeudi-12-14h,NON,Jeudi,2020-03-26 12:00
12636,103,False,False,False,False,True,False,False,False,False,False,False,False,False,False,Jeudi-12-14h,NON,Jeudi,2020-03-26 12:00
12637,12,False,True,False,False,True,False,False,False,False,False,False,False,False,False,Jeudi-12-14h,NON,Jeudi,2020-03-26 12:00
12638,245,True,False,False,False,True,True,False,True,False,False,False,False,False,False,Jeudi-12-14h,OUI,Jeudi,2020-03-26 12:00
12639,161,False,False,True,False,False,False,False,False,False,False,True,False,False,False,Jeudi-12-14h,NON,Jeudi,2020-03-26 12:00
12640,38,False,False,False,False,False,False,False,False,True,False,False,False,False,False,Jeudi-12-14h,OUI,Jeudi,2020-03-26 12:00
12641,122,False,False,False,False,False,False,False,False,False,False,False,False,False,False,Jeudi-12-14h,NON,Jeudi,2020-03-26 12:00
12642,248,False,False,True,False,False,False,False,False,False,False,False,False,True,False,Jeudi-12-14h,NON,Jeudi,2020-03-26 12:00
12643,271,False,True,True,False,False,True,False,False,False,False,False,False,False,False,Jeudi-12-14h,OUI,Jeudi,2020-03-26 12:00
12644,116,False,False,True,False,False,False,False,False,False,False,False,False,False,False,Jeudi-12-14h,OUI,Jeudi,2020-03-26 12:00
12645,117,True,True,True,True,False,True,False,False,False,False,False,False,False,False,Jeudi-12-14h,NON,Jeudi,2020-03-26 12:00
12646,213,False,False,False,False,True,True,False,True,False,False,False,False,False,False,Jeudi-12-14h,NON,Jeudi,2020-03-26 12:00
12647,220,False,True,True,False,False,True,False,False,False,False,False,False,False,False,Jeudi-12-14h,OUI,Jeudi,2020-03-26 12:00
12648,176,False,False,True,False,False,False,False,False,False,False,False,False,False,False,Jeudi-12-14h,OUI,Jeudi,2020-03-26 12:00
12649,96,False,False,False,False,True,True,False,False,False,True,False,False,False,False,Jeudi-12-14h,NON,Jeudi,2020-03-26 12:00
12650,214,False,False,False,False,True,True,False,False,False,True,False,False,False,False,Jeudi-12-14h,OUI,Jeudi,2020-03-26 12:00
12651,11,True,False,False,True,False,False,False,False,False,False,True,False,False,False,Jeudi-12-14h,NON,Jeudi,2020-03-26 12:00
12652,255,True,False,True,False,False,False,False,True,False,False,False,False,False,False,Jeudi-12-14h,OUI,Jeudi,2020-03-26 12:00
12653,86,False,False,True,False,False,False,False,False,False,False,False,False,False,False,Jeudi-12-14h,OUI,Jeudi,2020-03-26 12:00
12654,209,True,False,False,False,True,True,False,True,False,False,False,False,False,False,Jeudi-12-14h,OUI,Jeudi,2020-03-26 12:00
12655,291,False,False,False,False,False,True,False,False,True,False,False,False,False,False,Jeudi-12-14h,NON,Jeudi,2020-03-26 12:00
12656,287,False,False,False,False,False,False,False,False,False,False,False,True,False,False,Jeudi-12-14h,NON,Jeudi,2020-03-26 12:00
12657,104,False,False,False,False,True,True,False,False,False,False,False,False,False,False,Jeudi-12-14h,OUI,Jeudi,2020-03-26 12:00
12658,18,False,False,False,False,True,False,False,False,False,False,False,False,False,False,Jeudi-12-14h,OUI,Jeudi,2020-03-26 12:00
12659,123,False,True,False,False,True,True,False,False,False,False,False,False,False,False,Jeudi-12-14h,OUI,Jeudi,2020-03-26 12:00
12660,136,False,False,False,False,True,False,False,False,False,False,False,False,False,False,Jeudi-12-14h,NON,Jeudi,2020-03-26 12:00
12661,276,True,False,True,False,False,False,False,False,False,False,False,False,False,False,Jeudi-12-14h,NON,Jeudi,2020-03-26 12:00
12662,53,False,False,False,False,True,True,False,False,False,False,False,False,False,False,Jeudi-12-14h,OUI,Jeudi,2020-03-26 12:00
12663,179,True,False,True,False,False,False,False,False,False,False,False,False,False,False,Jeudi-12-14h,OUI,Jeudi,2020-03-26 12:00
12664,200,False,False,False,False,False,False,False,False,False,False,False,False,False,False,Jeudi-12-14h,NON,Jeudi,2020-03-26 12:00
12665,73,False,False,False,False,False,False,False,False,False,False,False,False,False,False,Jeudi-12-14h,NON,Jeudi,2020-03-26 12:00
12666,156,False,False,False,False,True,True,False,False,False,False,False,False,False,False,Jeudi-12-14h,NON,Jeudi,2020-03-26 12:00
12667,128,True,True,True,False,False,True,False,False,False,False,False,False,False,False,Jeudi-12-14h,NON,Jeudi,2020-03-26 12:00
12668,118,False,False,False,False,False,False,False,False,False,False,False,False,False,False,Jeudi-12-14h,NON,Jeudi,2020-03-26 12:00
12669,112,True,False,True,False,False,False,False,False,False,False,False,False,False,False,Jeudi-12-14h,NON,Jeudi,2020-03-26 12:00
12670,35,False,False,False,False,True,True,False,False,False,False,False,False,False,False,Jeudi-12-14h,NON,Jeudi,2020-03-26 12:00
12671,32,False,False,False,False,False,False,False,False,False,False,False,True,False,False,Jeudi-12-14h,NON,Jeudi,2020-03-26 12:00
12672,199,True,False,True,False,False,False,False,False,False,False,False,False,False,False,Jeudi-12-14h,OUI,Jeudi,2020-03-26 12:00
12673,153,True,False,False,False,True,True,False,False,False,False,False,False,False,False,Jeudi-12-14h,NON,Jeudi,2020-03-26 12:00
12674,82,False,False,True,False,False,False,False,False,False,False,False,False,False,False,Jeudi-12-14h,NON,Jeudi,2020-03-26 12:00
12675,292,False,True,False,False,False,False,False,False,False,False,False,False,False,False,Jeudi-12-14h,OUI,Jeudi,2020-03-26 12:00
12676,169,False,False,False,True,False,False,False,False,False,False,False,False,False,False,Jeudi-12-14h,NON,Jeudi,2020-03-26 12:00
12677,16,False,False,False,False,True,True,False,False,False,False,False,False,False,False,Jeudi-12-14h,OUI,Jeudi,2020-03-26 12:00
12678,46,True,True,True,False,False,True,True,False,False,False,False,False,False,False,Jeudi-12-14h,OUI,Jeudi,2020-03-26 12:00
12679,216,False,True,False,False,False,True,False,False,False,False,False,False,False,False,Jeudi-12-14h,OUI,Jeudi,2020-03-26 12:00
12680,174,False,True,True,False,False,True,False,False,False,False,True,False,False,False,Jeudi-12-14h,NON,Jeudi,2020-03-26 12:00
12681,43,False,False,False,False,True,False,False,False,False,False,False,False,False,False,Jeudi-12-14h,NON,Jeudi,2020-03-26 12:00
12682,165,False,False,False,False,True,True,False,False,False,False,False,False,False,False,Jeudi-12-14h,NON,Jeudi,2020-03-26 12:00
12683,126,False,True,False,False,False,True,False,False,False,False,False,False,False,False,Jeudi-12-14h,OUI,Jeudi,2020-03-26 12:00
12684,41,False,False,False,False,False,True,False,False,True,False,False,False,False,False,Jeudi-12-14h,NON,Jeudi,2020-03-26 12:00
12685,157,False,False,True,False,False,False,False,False,False,False,False,False,False,False,Jeudi-12-14h,NON,Jeudi,2020-03-26 12:00
12686,272,False,True,True,False,False,False,True,False,False,False,True,False,True,True,Jeudi-12-14h,OUI,Jeudi,2020-03-26 12:00
12687,115,True,False,True,False,False,False,False,False,False,False,False,False,False,False,Jeudi-12-14h,NON,Jeudi,2020-03-26 12:00
12688,84,False,False,False,False,False,False,False,False,False,False,False,True,False,False,Jeudi-12-14h,NON,Jeudi,2020-03-26 12:00
12689,183,True,True,True,True,False,False,False,False,False,False,False,False,False,False,Jeudi-12-14h,OUI,Jeudi,2020-03-26 12:00
12690,65,True,True,False,False,False,True,False,False,False,False,False,False,False,False,Jeudi-12-14h,NON,Jeudi,2020-03-26 12:00
12691,105,True,False,False,False,False,False,False,False,False,False,False,False,False,False,Jeudi-12-14h,OUI,Jeudi,2020-03-26 12:00
12692,187,True,False,False,False,False,True,False,False,False,False,False,False,False,False,Jeudi-12-14h,NON,Jeudi,2020-03-26 12:00
12693,139,True,False,True,False,False,False,False,False,False,False,False,False,False,False,Jeudi-12-14h,NON,Jeudi,2020-03-26 12:00
12694,259,False,False,False,False,True,True,False,False,False,False,False,False,False,False,Jeudi-12-14h,OUI,Jeudi,2020-03-26 12:00
12695,124,True,False,True,False,False,False,False,False,False,False,True,False,False,False,Jeudi-12-14h,OUI,Jeudi,2020-03-26 12:00
12696,98,False,False,False,False,False,True,False,False,False,False,False,True,False,False,Jeudi-12-14h,NON,Jeudi,2020-03-26 12:00
12697,284,False,True,True,False,False,True,False,False,False,False,False,False,True,False,Jeudi-12-14h,OUI,Jeudi,2020-03-26 12:00
12698,148,True,False,True,False,True,False,False,True,False,False,False,False,False,False,Jeudi-12-14h,OUI,Jeudi,2020-03-26 12:00
12699,258,True,False,True,False,False,False,False,False,False,False,False,False,False,False,Jeudi-12-14h,OUI,Jeudi,2020-03-26 12:00
12700,175,False,False,False,False,False,True,False,False,False,False,False,False,False,False,Jeudi-12-14h,OUI,Jeudi,2020-03-26 12:00
12701,119,False,False,False,False,False,False,False,False,False,False,True,False,False,False,Jeudi-12-14h,NON,Jeudi,2020-03-26 12:00
12702,229,True,False,True,False,False,False,False,True,False,False,False,False,False,False,Jeudi-12-14h,OUI,Jeudi,2020-03-26 12:00
12703,230,False,False,False,False,False,True,True,False,False,False,False,False,False,False,Jeudi-12-14h,OUI,Jeudi,2020-03-26 12:00
12704,17,True,False,False,False,False,True,True,False,False,False,False,False,False,False,Jeudi-12-14h,OUI,Jeudi,2020-03-26 12:00
12705,177,False,False,False,False,False,False,False,False,False,False,False,False,False,False,Jeudi-12-14h,NON,Jeudi,2020-03-26 12:00
12706,7,False,False,False,False,False,False,False,False,False,False,False,False,False,False,Jeudi-12-14h,NON,Jeudi,2020-03-26 12:00
12707,241,False,False,True,False,False,False,False,False,False,False,False,False,False,False,Jeudi-12-14h,NON,Jeudi,2020-03-26 12:00
12708,8,True,False,False,False,True,True,False,True,False,False,False,False,False,False,Jeudi-12-14h,NON,Jeudi,2020-03-26 12:00
12709,268,False,True,False,False,False,True,False,False,False,False,False,False,False,False,Jeudi-12-14h,OUI,Jeudi,2020-03-26 12:00
12710,294,False,False,True,False,True,False,False,False,False,False,False,False,False,False,Jeudi-12-14h,OUI,Jeudi,2020-03-26 12:00
12711,242,True,False,False,False,True,True,False,False,False,False,False,False,False,False,Jeudi-12-14h,NON,Jeudi,2020-03-26 12:00
12712,194,False,False,False,False,False,True,False,False,False,False,False,False,False,False,Jeudi-12-14h,NON,Jeudi,2020-03-26 12:00
12713,243,False,False,False,False,True,True,False,False,False,False,False,False,False,False,Jeudi-12-14h,NON,Jeudi,2020-03-26 12:00
12714,212,True,True,True,False,False,True,False,False,False,False,False,False,False,False,Jeudi-12-14h,OUI,Jeudi,2020-03-26 12:00
12715,19,False,False,False,False,False,True,False,False,False,False,False,False,False,False,Jeudi-12-14h,OUI,Jeudi,2020-03-26 12:00
12716,114,False,False,False,False,True,False,False,False,False,False,False,False,False,False,Jeudi-12-14h,OUI,Jeudi,2020-03-26 12:00
12717,190,False,False,False,False,False,True,False,False,True,False,False,False,False,False,Jeudi-12-14h,NON,Jeudi,2020-03-26 12:00
12718,64,False,False,True,False,False,False,False,False,False,False,False,False,False,False,Jeudi-12-14h,OUI,Jeudi,2020-03-26 12:00
12719,227,False,False,False,False,False,False,False,False,False,False,False,False,False,False,Jeudi-12-14h,NON,Jeudi,2020-03-26 12:00
12720,232,False,False,False,False,False,True,False,False,False,False,False,False,False,False,Jeudi-12-14h,OUI,Jeudi,2020-03-26 12:00
12721,246,False,True,False,False,False,True,True,False,False,False,False,False,False,False,Jeudi-12-14h,NON,Jeudi,2020-03-26 12:00
12722,100,False,False,False,False,False,True,False,False,False,False,False,False,False,False,Jeudi-12-14h,NON,Jeudi,2020-03-26 12:00
12723,13,False,False,False,False,True,False,False,False,False,False,False,False,False,False,Jeudi-12-14h,NON,Jeudi,2020-03-26 12:00
12724,262,True,True,True,False,False,False,False,False,False,False,False,False,False,False,Jeudi-12-14h,NON,Jeudi,2020-03-26 12:00
12725,76,True,True,True,False,False,True,False,False,False,False,True,False,False,False,Jeudi-12-14h,NON,Jeudi,2020-03-26 12:00
12726,261,False,True,False,False,True,False,False,False,False,False,False,False,False,False,Jeudi-12-14h,OUI,Jeudi,2020-03-26 12:00
12727,150,False,True,False,False,False,False,False,False,False,False,False,False,False,False,Jeudi-12-14h,OUI,Jeudi,2020-03-26 12:00
12728,205,False,False,False,False,False,False,False,False,False,False,False,False,False,False,Jeudi-12-14h,NON,Jeudi,2020-03-26 12:00
12729,56,False,False,False,False,True,True,False,False,False,False,False,False,False,False,Jeudi-12-14h,OUI,Jeudi,2020-03-26 12:00
12730,186,False,False,False,False,True,False,False,False,False,False,False,False,False,False,Jeudi-12-14h,OUI,Jeudi,2020-03-26 12:00
12731,162,True,False,False,False,True,True,False,False,False,False,False,False,False,False,Jeudi-12-14h,OUI,Jeudi,2020-03-26 12:00
12732,68,False,True,False,False,True,True,False,False,False,False,False,False,False,False,Jeudi-12-14h,OUI,Jeudi,2020-03-26 12:00
12733,146,False,False,False,False,False,True,False,False,False,False,False,True,False,False,Jeudi-12-14h,OUI,Jeudi,2020-03-26 12:00
12734,49,False,False,False,False,False,False,False,False,False,False,False,False,True,False,Jeudi-12-14h,NON,Jeudi,2020-03-26 12:00
12735,91,True,False,True,True,False,False,False,False,False,False,False,False,False,False,Jeudi-12-14h,OUI,Jeudi,2020-03-26 12:00
12736,22,False,False,False,False,False,False,False,False,False,True,False,False,False,False,Jeudi-12-14h,NON,Jeudi,2020-03-26 12:00
12737,151,False,False,False,False,True,False,False,False,False,False,False,False,False,False,Jeudi-12-14h,NON,Jeudi,2020-03-26 12:00
12738,193,False,False,False,False,True,True,False,False,False,False,False,False,False,False,Jeudi-12-14h,OUI,Jeudi,2020-03-26 12:00
12739,9,True,True,False,False,False,False,False,False,False,False,False,False,False,False,Jeudi-12-14h,NON,Jeudi,2020-03-26 12:00
12740,99,True,False,True,False,False,False,False,False,False,False,False,False,False,False,Jeudi-12-14h,NON,Jeudi,2020-03-26 12:00
12741,181,False,False,False,False,True,True,False,False,False,False,False,False,False,False,Jeudi-12-14h,OUI,Jeudi,2020-03-26 12:00
12742,111,False,False,False,False,False,True,False,True,False,False,False,False,False,False,Jeudi-12-14h,OUI,Jeudi,2020-03-26 12:00
12743,44,False,True,False,False,False,True,False,False,False,False,False,False,False,False,Jeudi-12-14h,NON,Jeudi,2020-03-26 12:00
12744,24,False,False,False,False,True,False,False,True,False,False,False,False,False,False,Jeudi-12-14h,OUI,Jeudi,2020-03-26 12:00
12745,102,False,False,False,False,True,True,False,True,False,False,False,False,False,False,Jeudi-12-14h,NON,Jeudi,2020-03-26 12:00
12746,203,True,True,False,False,False,False,False,True,False,False,False,False,False,False,Jeudi-12-14h,NON,Jeudi,2020-03-26 12:00
12747,140,False,False,False,False,True,True,False,True,False,False,False,False,False,False,Jeudi-12-14h,NON,Jeudi,2020-03-26 12:00
12748,188,False,False,False,False,False,True,False,False,True,False,False,False,False,False,Jeudi-12-14h,NON,Jeudi,2020-03-26 12:00
12749,206,False,False,False,True,False,False,False,False,False,False,True,False,False,False,Jeudi-12-14h,OUI,Jeudi,2020-03-26 12:00
12750,273,False,False,False,False,False,False,False,False,False,False,False,True,False,False,Jeudi-12-14h,OUI,Jeudi,2020-03-26 12:00
12751,69,True,False,True,False,False,False,False,False,False,False,False,False,False,False,Jeudi-12-14h,OUI,Jeudi,2020-03-26 12:00
12752,87,True,False,False,True,False,False,False,False,False,False,True,False,False,False,Jeudi-12-14h,NON,Jeudi,2020-03-26 12:00
12753,83,True,False,True,False,False,False,False,False,False,False,False,False,False,False,Jeudi-12-14h,OUI,Jeudi,2020-03-26 12:00
12754,149,True,False,True,True,False,False,False,False,False,False,False,False,False,False,Jeudi-12-14h,NON,Jeudi,2020-03-26 12:00
12755,274,False,False,False,False,False,True,False,False,False,False,False,False,False,False,Jeudi-12-14h,NON,Jeudi,2020-03-26 12:00
12756,282,True,False,True,True,False,False,False,False,False,False,False,False,False,False,Jeudi-12-14h,OUI,Jeudi,2020-03-26 12:00
12757,147,False,False,False,False,False,False,False,False,False,False,False,False,False,False,Jeudi-12-14h,NON,Jeudi,2020-03-26 12:00
12758,238,False,False,False,False,False,False,False,False,False,False,False,True,False,False,Jeudi-12-14h,NON,Jeudi,2020-03-26 12:00
12759,201,False,False,False,False,False,False,False,False,False,False,False,False,False,False,Jeudi-12-14h,NON,Jeudi,2020-03-26 12:00
12760,152,False,True,False,False,False,False,False,False,False,False,False,False,False,False,Jeudi-12-14h,NON,Jeudi,2020-03-26 12:00
12761,222,False,False,False,False,False,True,False,False,True,True,False,False,False,False,Jeudi-12-14h,OUI,Jeudi,2020-03-26 12:00
12762,106,False,False,False,False,False,True,False,False,False,False,False,True,False,False,Jeudi-12-14h,NON,Jeudi,2020-03-26 12:00
12763,133,False,False,True,False,True,False,False,False,False,False,False,False,False,False,Jeudi-12-14h,OUI,Jeudi,2020-03-26 12:00
12764,163,False,False,False,False,True,False,False,False,False,False,False,False,False,False,Jeudi-12-14h,NON,Jeudi,2020-03-26 12:00
12765,231,False,False,False,False,False,False,False,False,False,False,False,False,False,False,Jeudi-12-14h,NON,Jeudi,2020-03-26 12:00
12766,25,False,False,False,False,True,False,False,False,False,False,False,False,False,False,Jeudi-12-14h,NON,Jeudi,2020-03-26 12:00
12767,196,False,False,True,False,True,False,False,True,False,False,False,False,False,False,Jeudi-12-14h,OUI,Jeudi,2020-03-26 12:00
12768,5,False,False,False,False,True,True,False,False,False,False,False,False,False,False,Jeudi-12-14h,OUI,Jeudi,2020-03-26 12:00
12769,90,False,True,False,False,False,False,False,False,False,False,False,False,False,False,Jeudi-12-14h,NON,Jeudi,2020-03-26 12:00
12770,244,True,False,True,False,False,False,False,False,False,False,False,False,False,False,Jeudi-12-14h,NON,Jeudi,2020-03-26 12:00
12771,107,False,True,False,False,False,True,False,False,False,False,False,False,False,False,Jeudi-12-14h,OUI,Jeudi,2020-03-26 12:00
12772,218,False,True,False,False,True,True,False,False,False,False,False,False,False,False,Jeudi-12-14h,NON,Jeudi,2020-03-26 12:00
12773,62,False,True,True,False,True,True,False,False,False,False,False,False,False,False,Jeudi-12-14h,NON,Jeudi,2020-03-26 12:00
12774,79,False,True,False,False,False,False,False,False,False,False,False,False,False,False,Jeudi-12-14h,OUI,Jeudi,2020-03-26 12:00
12775,208,False,False,False,False,False,True,False,False,False,False,False,False,False,False,Jeudi-12-14h,NON,Jeudi,2020-03-26 12:00
12776,270,False,False,False,False,False,False,False,False,True,False,False,False,False,False,Jeudi-12-14h,NON,Jeudi,2020-03-26 12:00
12777,166,True,False,False,False,True,True,False,False,False,False,False,False,False,False,Jeudi-12-14h,OUI,Jeudi,2020-03-26 12:00
12778,77,False,False,True,False,True,False,False,False,False,False,False,False,False,False,Jeudi-12-14h,NON,Jeudi,2020-03-26 12:00
12779,29,False,False,False,False,False,True,False,False,False,False,False,True,False,False,Jeudi-12-14h,OUI,Jeudi,2020-03-26 12:00
12780,240,False,False,False,False,False,True,False,False,False,False,False,False,False,False,Jeudi-12-14h,NON,Jeudi,2020-03-26 12:00
12781,184,False,True,False,False,False,False,False,False,False,False,False,False,False,False,Jeudi-12-14h,OUI,Jeudi,2020-03-26 12:00
12782,277,False,True,True,False,False,True,False,False,False,False,False,False,False,False,Jeudi-12-14h,NON,Jeudi,2020-03-26 12:00
12783,80,True,False,False,False,False,True,False,False,False,True,False,False,False,False,Jeudi-12-14h,NON,Jeudi,2020-03-26 12:00
12784,185,True,True,True,False,False,True,False,False,False,False,True,False,True,False,Jeudi-12-14h,NON,Jeudi,2020-03-26 12:00
12785,204,False,False,False,False,True,True,False,False,False,False,False,True,False,False,Jeudi-12-14h,NON,Jeudi,2020-03-26 12:00
12786,252,True,True,True,False,False,True,False,False,False,False,False,False,False,False,Jeudi-12-14h,OUI,Jeudi,2020-03-26 12:00
12787,26,False,False,False,False,True,False,False,False,False,False,False,False,False,False,Jeudi-12-14h,NON,Jeudi,2020-03-26 12:00
12788,70,False,False,False,False,True,False,False,False,False,False,False,True,False,False,Jeudi-12-14h,OUI,Jeudi,2020-03-26 12:00
12789,233,False,False,False,False,True,False,False,False,False,False,False,False,False,False,Jeudi-12-14h,OUI,Jeudi,2020-03-26 12:00
12790,37,True,True,True,False,True,True,False,False,False,False,False,False,False,False,Jeudi-12-14h,OUI,Jeudi,2020-03-26 12:00
12791,185,False,False,True,False,False,False,False,False,False,False,False,False,False,False,Jeudi-12-14h,OUI,Jeudi,2020-03-26 12:00
12792,138,True,False,False,False,True,True,False,False,False,False,False,False,False,False,Jeudi-12-14h,NON,Jeudi,2020-03-26 12:00
12793,224,True,False,True,False,False,False,False,False,False,False,False,False,False,False,Jeudi-12-14h,NON,Jeudi,2020-03-26 12:00
12794,66,False,False,False,False,True,True,False,False,False,False,False,False,True,False,Jeudi-12-14h,OUI,Jeudi,2020-03-26 12:00
12795,211,False,False,True,False,False,False,False,False,False,False,False,False,True,False,Jeudi-12-14h,NON,Jeudi,2020-03-26 12:00
12796,14,False,False,False,False,True,True,False,False,False,False,False,False,False,False,Jeudi-12-14h,NON,Jeudi,2020-03-26 12:00
12797,145,False,False,False,False,True,False,False,False,False,False,False,False,False,False,Jeudi-12-14h,NON,Jeudi,2020-03-26 12:00
12798,36,False,False,False,False,False,False,False,False,False,False,False,True,False,False,Jeudi-12-14h,OUI,Jeudi,2020-03-26 12:00
12799,60,True,True,True,False,False,True,False,False,False,False,False,False,False,False,Jeudi-12-14h,NON,Jeudi,2020-03-26 12:00
12800,137,True,True,True,False,False,True,False,False,False,False,True,False,False,False,Jeudi-12-14h,OUI,Jeudi,2020-03-26 12:00
12801,285,False,True,False,False,True,True,False,False,False,False,False,False,False,False,Jeudi-12-14h,OUI,Jeudi,2020-03-26 12:00
12802,40,False,True,True,False,True,True,False,False,False,False,False,False,False,False,Jeudi-12-14h,OUI,Jeudi,2020-03-26 12:00
12803,97,False,False,False,False,False,True,False,False,False,False,False,False,False,False,Jeudi-12-14h,NON,Jeudi,2020-03-26 12:00
12804,109,True,False,True,True,False,False,False,False,False,False,False,False,False,False,Jeudi-12-14h,NON,Jeudi,2020-03-26 12:00
12805,10,False,False,False,False,False,False,False,False,False,False,False,False,False,False,Jeudi-12-14h,NON,Jeudi,2020-03-26 12:00
12806,256,False,False,False,False,False,False,False,False,False,False,False,True,False,False,Jeudi-12-14h,NON,Jeudi,2020-03-26 12:00
12807,141,True,True,True,False,False,False,False,False,False,False,True,False,False,False,Jeudi-12-14h,NON,Jeudi,2020-03-26 12:00
12808,28,False,False,False,False,False,False,False,False,False,False,False,False,False,False,Jeudi-12-14h,NON,Jeudi,2020-03-26 12:00
12809,101,True,True,True,True,True,True,False,False,False,False,False,False,False,False,Jeudi-12-14h,OUI,Jeudi,2020-03-26 12:00
12810,48,True,False,True,False,True,False,False,False,False,False,False,False,True,False,Jeudi-12-14h,OUI,Jeudi,2020-03-26 12:00
12811,27,False,False,False,False,False,True,False,False,False,False,False,False,False,False,Jeudi-12-14h,OUI,Jeudi,2020-03-26 12:00
12812,142,True,False,True,False,False,False,False,False,False,False,True,False,True,False,Jeudi-12-14h,NON,Jeudi,2020-03-26 12:00
12813,234,False,False,True,False,False,False,False,False,False,False,True,False,False,False,Jeudi-12-14h,NON,Jeudi,2020-03-26 12:00
12814,23,False,False,False,False,True,False,False,False,False,False,False,False,False,False,Jeudi-12-14h,NON,Jeudi,2020-03-26 12:00
12815,195,False,False,False,False,True,False,False,False,True,False,False,False,False,False,Jeudi-12-14h,NON,Jeudi,2020-03-26 12:00
12816,275,False,False,False,False,False,False,False,False,False,False,False,True,False,False,Jeudi-12-14h,NON,Jeudi,2020-03-26 12:00
12817,226,False,False,False,False,True,True,False,False,False,False,False,False,False,False,Jeudi-12-14h,NON,Jeudi,2020-03-26 12:00
12818,207,False,False,True,False,False,False,False,False,False,False,False,False,False,False,Jeudi-12-14h,OUI,Jeudi,2020-03-26 12:00
12819,57,False,False,False,False,False,False,False,False,False,False,False,False,False,False,Jeudi-12-14h,NON,Jeudi,2020-03-26 12:00
12820,4,False,True,False,False,False,True,False,False,False,False,False,False,False,False,Jeudi-12-14h,NON,Jeudi,2020-03-26 12:00
12821,265,False,False,False,False,False,True,False,False,False,False,False,False,False,False,Jeudi-12-14h,OUI,Jeudi,2020-03-26 12:00
12822,88,False,True,False,False,False,False,False,False,False,False,False,False,False,False,Jeudi-12-14h,NON,Jeudi,2020-03-26 12:00
12823,198,False,False,False,False,False,False,False,False,False,False,True,False,False,False,Jeudi-12-14h,NON,Jeudi,2020-03-26 12:00
12824,249,True,True,True,False,False,False,False,False,False,False,False,False,False,False,Jeudi-12-14h,NON,Jeudi,2020-03-26 12:00
12825,263,False,False,False,False,True,True,False,False,False,False,False,False,False,False,Jeudi-12-14h,OUI,Jeudi,2020-03-26 12:00
12826,217,True,False,True,False,False,False,False,False,False,False,False,False,True,False,Jeudi-12-14h,OUI,Jeudi,2020-03-26 12:00
12827,278,False,False,False,False,True,True,False,False,False,False,False,False,False,False,Jeudi-12-14h,NON,Jeudi,2020-03-26 12:00
12828,189,False,True,False,False,False,False,False,False,False,False,False,False,False,False,Jeudi-12-14h,NON,Jeudi,2020-03-26 12:00
12829,61,True,False,True,False,False,False,False,False,False,False,False,False,False,False,Jeudi-12-14h,NON,Jeudi,2020-03-26 12:00
12830,251,False,False,False,False,False,False,False,False,False,False,False,False,True,False,Jeudi-12-14h,OUI,Jeudi,2020-03-26 12:00
12831,281,False,True,False,False,False,False,False,False,False,False,False,False,False,False,Jeudi-12-14h,NON,Jeudi,2020-03-26 12:00
12832,134,False,True,False,False,False,False,False,False,False,False,False,False,False,False,Jeudi-12-14h,NON,Jeudi,2020-03-26 12:00
12833,293,False,True,False,False,False,True,False,False,False,False,False,False,False,False,Jeudi-12-14h,OUI,Jeudi,2020-03-26 12:00
12834,279,True,True,True,True,False,True,False,False,False,False,False,False,False,False,Jeudi-12-14h,OUI,Jeudi,2020-03-26 12:00
12835,81,True,False,True,True,False,False,False,True,False,False,False,False,False,False,Jeudi-12-14h,NON,Jeudi,2020-03-26 12:00
12836,92,True,False,False,True,False,False,False,False,False,False,True,False,False,False,Jeudi-12-14h,NON,Jeudi,2020-03-26 12:00
12837,147,False,False,False,False,False,False,False,False,False,False,False,False,False,False,Jeudi-12-14h,NON,Jeudi,2020-03-26 12:00
12838,33,False,True,False,False,True,False,False,False,False,False,False,False,False,False,Jeudi-12-14h,NON,Jeudi,2020-03-26 12:00
12839,266,False,False,False,False,False,False,False,False,False,False,False,False,False,False,Jeudi-12-14h,NON,Jeudi,2020-03-26 12:00
12840,225,True,False,False,False,False,True,False,False,False,False,False,False,False,False,Jeudi-12-14h,NON,Jeudi,2020-03-26 12:00
12841,83,True,False,True,False,False,False,False,False,False,False,False,False,False,False,Jeudi-12-14h,OUI,Jeudi,2020-03-26 12:00
12842,95,False,False,False,False,True,True,False,True,False,False,False,False,False,False,Jeudi-12-14h,NON,Jeudi,2020-03-26 12:00
12843,127,False,False,False,False,True,False,False,False,False,False,False,False,False,False,Jeudi-12-14h,OUI,Jeudi,2020-03-26 12:00
12844,20,False,False,False,False,False,False,False,False,False,False,False,False,False,False,Jeudi-12-14h,NON,Jeudi,2020-03-26 12:00
12845,89,False,False,False,False,False,False,False,False,True,False,False,False,False,False,Jeudi-12-14h,OUI,Jeudi,2020-03-26 12:00
12846,120,False,True,True,False,True,True,False,True,False,False,True,False,False,False,Jeudi-12-14h,NON,Jeudi,2020-03-26 12:00
12847,253,False,False,False,False,True,True,False,False,False,False,False,True,False,False,Jeudi-12-14h,NON,Jeudi,2020-03-26 12:00
12848,52,False,False,True,False,False,False,False,False,False,False,False,False,False,False,Jeudi-12-14h,OUI,Jeudi,2020-03-26 12:00
12849,168,True,False,True,False,False,False,False,True,False,False,False,False,False,False,Jeudi-12-14h,NON,Jeudi,2020-03-26 12:00
12850,202,False,True,False,False,False,False,False,False,False,False,False,False,False,False,Jeudi-12-14h,NON,Jeudi,2020-03-26 12:00
12851,172,False,False,False,False,True,False,False,False,False,False,False,False,False,False,Jeudi-12-14h,OUI,Jeudi,2020-03-26 12:00
12852,239,False,False,False,False,True,True,False,False,False,False,False,False,False,False,Jeudi-12-14h,NON,Jeudi,2020-03-26 12:00
12853,85,False,False,False,False,True,False,False,False,False,False,False,False,False,False,Jeudi-12-14h,NON,Jeudi,2020-03-26 12:00
12854,215,False,False,False,False,False,False,False,False,True,False,False,False,False,False,Jeudi-12-14h,NON,Jeudi,2020-03-26 12:00
12855,260,True,False,True,False,False,False,False,False,False,False,False,False,False,False,Jeudi-12-14h,NON,Jeudi,2020-03-26 12:00
12856,286,True,True,False,False,True,False,False,False,False,False,False,False,False,False,Jeudi-12-14h,NON,Jeudi,2020-03-26 12:00
12857,72,False,True,False,False,False,False,False,False,False,False,False,False,False,False,Jeudi-14-16h,OUI,Jeudi,2020-03-26 14:00
12858,167,True,True,True,True,True,True,False,False,False,False,False,False,False,False,Jeudi-14-16h,OUI,Jeudi,2020-03-26 14:00
12859,130,True,False,True,False,False,False,False,True,False,False,False,False,True,True,Jeudi-14-16h,NON,Jeudi,2020-03-26 14:00
12860,288,True,True,True,False,True,False,False,False,False,False,False,False,False,False,Jeudi-14-16h,OUI,Jeudi,2020-03-26 14:00
12861,59,False,False,False,False,False,True,False,False,False,False,False,False,False,False,Jeudi-14-16h,NON,Jeudi,2020-03-26 14:00
12862,178,True,False,False,False,False,False,False,False,False,False,True,False,False,False,Jeudi-14-16h,NON,Jeudi,2020-03-26 14:00
12863,254,False,False,False,False,False,False,False,False,False,False,False,True,False,False,Jeudi-14-16h,NON,Jeudi,2020-03-26 14:00
12864,34,False,False,False,False,False,False,False,False,False,False,False,False,False,False,Jeudi-14-16h,NON,Jeudi,2020-03-26 14:00
12865,264,False,False,False,False,True,True,True,False,False,False,False,False,False,False,Jeudi-14-16h,OUI,Jeudi,2020-03-26 14:00
12866,158,True,False,False,False,True,False,False,False,False,True,False,False,False,False,Jeudi-14-16h,OUI,Jeudi,2020-03-26 14:00
12867,210,False,True,False,False,True,True,False,False,False,False,False,False,False,False,Jeudi-14-16h,OUI,Jeudi,2020-03-26 14:00
12868,93,False,False,False,False,True,False,False,False,False,False,False,False,True,False,Jeudi-14-16h,OUI,Jeudi,2020-03-26 14:00
12869,144,True,False,True,False,True,False,False,False,False,False,False,False,False,False,Jeudi-14-16h,OUI,Jeudi,2020-03-26 14:00
12870,164,False,True,False,False,True,True,False,False,False,False,False,False,False,False,Jeudi-14-16h,OUI,Jeudi,2020-03-26 14:00
12871,289,False,False,False,False,True,True,False,False,False,False,False,False,False,False,Jeudi-14-16h,NON,Jeudi,2020-03-26 14:00
12872,50,False,False,False,False,False,False,False,False,False,False,False,False,False,False,Jeudi-14-16h,NON,Jeudi,2020-03-26 14:00
12873,51,True,True,False,False,True,False,False,False,False,False,False,False,False,False,Jeudi-14-16h,OUI,Jeudi,2020-03-26 14:00
12874,247,False,False,True,False,False,False,False,False,False,False,False,False,False,False,Jeudi-14-16h,NON,Jeudi,2020-03-26 14:00
12875,159,False,False,False,False,False,False,False,True,False,False,False,False,False,False,Jeudi-14-16h,NON,Jeudi,2020-03-26 14:00
12876,54,False,False,False,False,False,True,False,False,False,False,False,False,False,False,Jeudi-14-16h,NON,Jeudi,2020-03-26 14:00
12877,55,True,False,False,False,True,True,False,True,False,False,False,False,False,False,Jeudi-14-16h,NON,Jeudi,2020-03-26 14:00
12878,257,False,False,False,False,True,False,False,False,False,False,False,False,False,False,Jeudi-14-16h,OUI,Jeudi,2020-03-26 14:00
12879,67,False,False,False,False,False,False,False,False,False,False,False,False,False,False,Jeudi-14-16h,NON,Jeudi,2020-03-26 14:00
12880,71,True,False,True,False,False,False,False,False,False,False,False,False,False,False,Jeudi-14-16h,OUI,Jeudi,2020-03-26 14:00
12881,280,False,False,False,False,False,True,False,False,False,False,False,False,False,False,Jeudi-14-16h,OUI,Jeudi,2020-03-26 14:00
12882,283,True,True,False,False,False,False,False,False,False,False,False,False,False,False,Jeudi-14-16h,OUI,Jeudi,2020-03-26 14:00
12883,154,False,False,False,False,True,True,False,False,False,False,False,True,False,False,Jeudi-14-16h,NON,Jeudi,2020-03-26 14:00
12884,171,False,False,False,False,False,False,False,False,False,False,False,True,False,False,Jeudi-14-16h,OUI,Jeudi,2020-03-26 14:00
12885,131,False,False,True,False,False,False,False,False,False,False,False,False,False,False,Jeudi-14-16h,NON,Jeudi,2020-03-26 14:00
12886,237,True,False,False,False,False,True,True,False,False,False,False,False,True,False,Jeudi-14-16h,NON,Jeudi,2020-03-26 14:00
12887,75,False,False,False,False,True,True,False,False,False,False,False,False,False,False,Jeudi-14-16h,NON,Jeudi,2020-03-26 14:00
12888,235,True,False,False,False,True,False,False,False,False,False,False,False,False,False,Jeudi-14-16h,NON,Jeudi,2020-03-26 14:00
12889,180,False,False,False,False,True,True,False,False,False,False,False,False,False,False,Jeudi-14-16h,OUI,Jeudi,2020-03-26 14:00
12890,219,False,False,False,False,False,True,False,False,False,False,False,False,False,False,Jeudi-14-16h,OUI,Jeudi,2020-03-26 14:00
12891,250,False,False,False,False,False,False,False,False,True,False,False,False,False,False,Jeudi-14-16h,NON,Jeudi,2020-03-26 14:00
12892,267,True,True,False,False,False,False,False,False,False,False,False,False,False,False,Jeudi-14-16h,OUI,Jeudi,2020-03-26 14:00
12893,160,False,True,False,False,False,True,False,False,False,False,False,False,False,False,Jeudi-14-16h,NON,Jeudi,2020-03-26 14:00
12894,182,False,True,False,False,True,True,True,False,False,False,False,False,False,False,Jeudi-14-16h,OUI,Jeudi,2020-03-26 14:00
12895,143,False,False,False,False,False,False,False,True,False,False,True,False,False,False,Jeudi-14-16h,OUI,Jeudi,2020-03-26 14:00
12896,223,True,True,False,False,False,False,False,False,False,False,False,False,False,False,Jeudi-14-16h,NON,Jeudi,2020-03-26 14:00
12897,192,True,False,True,False,False,False,False,False,False,False,False,False,False,False,Jeudi-14-16h,NON,Jeudi,2020-03-26 14:00
12898,30,False,False,True,False,False,False,False,True,False,False,False,False,False,False,Jeudi-14-16h,OUI,Jeudi,2020-03-26 14:00
12899,125,True,False,False,False,True,False,False,True,False,False,False,False,False,False,Jeudi-14-16h,NON,Jeudi,2020-03-26 14:00
12900,39,False,False,True,False,True,False,False,True,False,False,False,False,False,False,Jeudi-14-16h,OUI,Jeudi,2020-03-26 14:00
12901,113,True,False,True,False,False,False,False,False,False,False,False,False,False,False,Jeudi-14-16h,NON,Jeudi,2020-03-26 14:00
12902,121,True,False,True,False,False,False,False,True,False,False,False,False,False,False,Jeudi-14-16h,OUI,Jeudi,2020-03-26 14:00
12903,228,False,False,False,False,False,False,False,False,False,False,True,False,False,False,Jeudi-14-16h,OUI,Jeudi,2020-03-26 14:00
12904,290,False,False,False,False,False,False,False,False,True,False,False,False,False,False,Jeudi-14-16h,NON,Jeudi,2020-03-26 14:00
12905,197,False,False,True,False,True,False,False,False,False,False,False,False,False,False,Jeudi-14-16h,NON,Jeudi,2020-03-26 14:00
12906,31,True,True,True,False,False,True,False,False,False,False,False,False,False,False,Jeudi-14-16h,NON,Jeudi,2020-03-26 14:00
12907,173,True,False,False,False,True,True,False,True,False,False,False,False,False,False,Jeudi-14-16h,OUI,Jeudi,2020-03-26 14:00
12908,74,True,False,False,True,False,False,False,True,False,False,True,False,False,False,Jeudi-14-16h,NON,Jeudi,2020-03-26 14:00
12909,15,False,False,True,False,False,False,False,False,False,False,False,False,False,False,Jeudi-14-16h,NON,Jeudi,2020-03-26 14:00
12910,45,True,False,False,False,True,True,False,True,False,False,False,False,False,False,Jeudi-14-16h,OUI,Jeudi,2020-03-26 14:00
12911,63,False,False,True,False,False,False,False,False,False,False,False,False,False,False,Jeudi-14-16h,NON,Jeudi,2020-03-26 14:00
12912,3,False,False,False,False,False,True,False,False,False,False,False,True,False,False,Jeudi-14-16h,OUI,Jeudi,2020-03-26 14:00
12913,21,True,False,True,False,False,False,False,False,False,False,False,False,False,False,Jeudi-14-16h,OUI,Jeudi,2020-03-26 14:00
12914,78,False,True,True,False,True,True,False,True,False,False,False,False,False,False,Jeudi-14-16h,NON,Jeudi,2020-03-26 14:00
12915,47,False,True,False,False,False,False,False,False,False,False,False,False,False,False,Jeudi-14-16h,NON,Jeudi,2020-03-26 14:00
12916,151,True,True,False,False,True,False,False,True,False,False,False,False,False,False,Jeudi-14-16h,NON,Jeudi,2020-03-26 14:00
12917,6,True,False,True,False,False,False,False,False,False,False,False,False,False,False,Jeudi-14-16h,OUI,Jeudi,2020-03-26 14:00
12918,135,True,False,True,False,False,False,False,False,False,False,False,False,True,False,Jeudi-14-16h,NON,Jeudi,2020-03-26 14:00
12919,221,False,False,False,False,True,True,False,False,False,False,False,False,False,False,Jeudi-14-16h,NON,Jeudi,2020-03-26 14:00
12920,170,False,False,True,False,False,False,False,False,False,False,True,False,False,True,Jeudi-14-16h,NON,Jeudi,2020-03-26 14:00
12921,129,False,True,False,False,False,False,False,False,False,False,False,False,False,False,Jeudi-14-16h,NON,Jeudi,2020-03-26 14:00
12922,132,True,True,True,False,False,True,False,False,False,False,False,False,False,False,Jeudi-14-16h,OUI,Jeudi,2020-03-26 14:00
12923,110,False,True,False,False,False,False,False,False,False,False,False,False,False,False,Jeudi-14-16h,NON,Jeudi,2020-03-26 14:00
12924,191,False,False,False,False,False,True,False,False,False,False,False,False,False,False,Jeudi-14-16h,NON,Jeudi,2020-03-26 14:00
12925,94,True,True,True,False,False,True,False,False,False,False,True,False,True,False,Jeudi-14-16h,OUI,Jeudi,2020-03-26 14:00
12926,108,False,False,False,False,False,True,True,False,False,False,False,False,False,False,Jeudi-14-16h,OUI,Jeudi,2020-03-26 14:00
12927,236,False,False,False,False,True,True,False,False,False,False,False,False,False,False,Jeudi-14-16h,OUI,Jeudi,2020-03-26 14:00
12928,42,True,False,True,False,True,False,False,False,False,False,False,False,False,False,Jeudi-14-16h,OUI,Jeudi,2020-03-26 14:00
12929,155,True,False,False,False,True,False,False,False,False,False,False,False,False,False,Jeudi-14-16h,NON,Jeudi,2020-03-26 14:00
12930,1,False,False,False,False,False,False,False,False,False,False,False,False,False,False,Jeudi-14-16h,NON,Jeudi,2020-03-26 14:00
12931,58,False,True,True,False,False,True,False,False,False,False,True,False,False,False,Jeudi-14-16h,OUI,Jeudi,2020-03-26 14:00
12932,0,False,True,False,False,False,False,False,False,False,False,False,False,False,False,Jeudi-14-16h,NON,Jeudi,2020-03-26 14:00
12933,269,False,False,False,False,False,False,False,False,False,False,False,False,False,False,Jeudi-14-16h,NON,Jeudi,2020-03-26 14:00
12934,2,True,False,True,False,False,False,False,False,False,False,False,False,False,False,Jeudi-14-16h,NON,Jeudi,2020-03-26 14:00
12935,103,False,False,False,False,True,False,False,False,False,False,False,False,False,False,Jeudi-14-16h,NON,Jeudi,2020-03-26 14:00
12936,12,False,True,False,False,True,False,False,False,False,False,False,False,False,False,Jeudi-14-16h,NON,Jeudi,2020-03-26 14:00
12937,245,True,False,False,False,True,True,False,True,False,False,False,False,False,False,Jeudi-14-16h,NON,Jeudi,2020-03-26 14:00
12938,161,False,False,True,False,False,False,False,False,False,False,True,False,False,False,Jeudi-14-16h,NON,Jeudi,2020-03-26 14:00
12939,38,False,False,False,False,False,False,False,False,True,False,False,False,False,False,Jeudi-14-16h,OUI,Jeudi,2020-03-26 14:00
12940,122,False,False,False,False,False,False,False,False,False,False,False,False,False,False,Jeudi-14-16h,NON,Jeudi,2020-03-26 14:00
12941,248,False,False,True,False,False,False,False,False,False,False,False,False,True,False,Jeudi-14-16h,NON,Jeudi,2020-03-26 14:00
12942,271,False,True,True,False,False,True,False,False,False,False,False,False,False,False,Jeudi-14-16h,OUI,Jeudi,2020-03-26 14:00
12943,116,False,False,True,False,False,False,False,False,False,False,False,False,False,False,Jeudi-14-16h,OUI,Jeudi,2020-03-26 14:00
12944,117,True,True,True,True,False,True,False,False,False,False,False,False,False,False,Jeudi-14-16h,NON,Jeudi,2020-03-26 14:00
12945,213,False,False,False,False,True,True,False,True,False,False,False,False,False,False,Jeudi-14-16h,NON,Jeudi,2020-03-26 14:00
12946,220,False,True,True,False,False,True,False,False,False,False,False,False,False,False,Jeudi-14-16h,OUI,Jeudi,2020-03-26 14:00
12947,176,False,False,True,False,False,False,False,False,False,False,False,False,False,False,Jeudi-14-16h,OUI,Jeudi,2020-03-26 14:00
12948,96,False,False,False,False,True,True,False,False,False,True,False,False,False,False,Jeudi-14-16h,OUI,Jeudi,2020-03-26 14:00
12949,214,False,False,False,False,True,True,False,False,False,True,False,False,False,False,Jeudi-14-16h,OUI,Jeudi,2020-03-26 14:00
12950,11,True,False,False,True,False,False,False,False,False,False,True,False,False,False,Jeudi-14-16h,NON,Jeudi,2020-03-26 14:00
12951,255,True,False,True,False,False,False,False,True,False,False,False,False,False,False,Jeudi-14-16h,OUI,Jeudi,2020-03-26 14:00
12952,86,False,False,True,False,False,False,False,False,False,False,False,False,False,False,Jeudi-14-16h,OUI,Jeudi,2020-03-26 14:00
12953,209,True,False,False,False,True,True,False,True,False,False,False,False,False,False,Jeudi-14-16h,OUI,Jeudi,2020-03-26 14:00
12954,291,False,False,False,False,False,True,False,False,True,False,False,False,False,False,Jeudi-14-16h,NON,Jeudi,2020-03-26 14:00
12955,287,False,False,False,False,False,False,False,False,False,False,False,True,False,False,Jeudi-14-16h,NON,Jeudi,2020-03-26 14:00
12956,104,False,False,False,False,True,True,False,False,False,False,False,False,False,False,Jeudi-14-16h,OUI,Jeudi,2020-03-26 14:00
12957,18,False,False,False,False,True,False,False,False,False,False,False,False,False,False,Jeudi-14-16h,OUI,Jeudi,2020-03-26 14:00
12958,123,False,True,False,False,True,True,False,False,False,False,False,False,False,False,Jeudi-14-16h,OUI,Jeudi,2020-03-26 14:00
12959,136,False,False,False,False,True,False,False,False,False,False,False,False,False,False,Jeudi-14-16h,NON,Jeudi,2020-03-26 14:00
12960,276,True,False,True,False,False,False,False,False,False,False,False,False,False,False,Jeudi-14-16h,NON,Jeudi,2020-03-26 14:00
12961,53,False,False,False,False,True,True,False,False,False,False,False,False,False,False,Jeudi-14-16h,OUI,Jeudi,2020-03-26 14:00
12962,179,True,False,True,False,False,False,False,False,False,False,False,False,False,False,Jeudi-14-16h,OUI,Jeudi,2020-03-26 14:00
12963,200,False,False,False,False,False,False,False,False,False,False,False,False,False,False,Jeudi-14-16h,NON,Jeudi,2020-03-26 14:00
12964,73,False,False,False,False,False,False,False,False,False,False,False,False,False,False,Jeudi-14-16h,NON,Jeudi,2020-03-26 14:00
12965,156,False,False,False,False,True,True,False,False,False,False,False,False,False,False,Jeudi-14-16h,NON,Jeudi,2020-03-26 14:00
12966,128,True,True,True,False,False,True,False,False,False,False,False,False,False,False,Jeudi-14-16h,NON,Jeudi,2020-03-26 14:00
12967,118,False,False,False,False,False,False,False,False,False,False,False,False,False,False,Jeudi-14-16h,NON,Jeudi,2020-03-26 14:00
12968,112,True,False,True,False,False,False,False,False,False,False,False,False,False,False,Jeudi-14-16h,NON,Jeudi,2020-03-26 14:00
12969,35,False,False,False,False,True,True,False,False,False,False,False,False,False,False,Jeudi-14-16h,NON,Jeudi,2020-03-26 14:00
12970,32,False,False,False,False,False,False,False,False,False,False,False,True,False,False,Jeudi-14-16h,NON,Jeudi,2020-03-26 14:00
12971,199,True,False,True,False,False,False,False,False,False,False,False,False,False,False,Jeudi-14-16h,OUI,Jeudi,2020-03-26 14:00
12972,153,True,False,False,False,True,True,False,False,False,False,False,False,False,False,Jeudi-14-16h,OUI,Jeudi,2020-03-26 14:00
12973,82,False,False,True,False,False,False,False,False,False,False,False,False,False,False,Jeudi-14-16h,NON,Jeudi,2020-03-26 14:00
12974,292,False,True,False,False,False,False,False,False,False,False,False,False,False,False,Jeudi-14-16h,OUI,Jeudi,2020-03-26 14:00
12975,169,False,False,False,True,False,False,False,False,False,False,False,False,False,False,Jeudi-14-16h,NON,Jeudi,2020-03-26 14:00
12976,16,False,False,False,False,True,True,False,False,False,False,False,False,False,False,Jeudi-14-16h,OUI,Jeudi,2020-03-26 14:00
12977,46,True,True,True,False,False,True,True,False,False,False,False,False,False,False,Jeudi-14-16h,OUI,Jeudi,2020-03-26 14:00
12978,216,False,True,False,False,False,True,False,False,False,False,False,False,False,False,Jeudi-14-16h,OUI,Jeudi,2020-03-26 14:00
12979,174,False,True,True,False,False,True,False,False,False,False,True,False,False,False,Jeudi-14-16h,NON,Jeudi,2020-03-26 14:00
12980,43,False,False,False,False,True,False,False,False,False,False,False,False,False,False,Jeudi-14-16h,NON,Jeudi,2020-03-26 14:00
12981,165,False,False,False,False,True,True,False,False,False,False,False,False,False,False,Jeudi-14-16h,NON,Jeudi,2020-03-26 14:00
12982,126,False,True,False,False,False,True,False,False,False,False,False,False,False,False,Jeudi-14-16h,OUI,Jeudi,2020-03-26 14:00
12983,41,False,False,False,False,False,True,False,False,True,False,False,False,False,False,Jeudi-14-16h,NON,Jeudi,2020-03-26 14:00
12984,157,False,False,True,False,False,False,False,False,False,False,False,False,False,False,Jeudi-14-16h,NON,Jeudi,2020-03-26 14:00
12985,272,False,True,True,False,False,False,True,False,False,False,True,False,True,True,Jeudi-14-16h,OUI,Jeudi,2020-03-26 14:00
12986,115,True,False,True,False,False,False,False,False,False,False,False,False,False,False,Jeudi-14-16h,NON,Jeudi,2020-03-26 14:00
12987,84,False,False,False,False,False,False,False,False,False,False,False,True,False,False,Jeudi-14-16h,NON,Jeudi,2020-03-26 14:00
12988,183,True,True,True,True,False,False,False,False,False,False,False,False,False,False,Jeudi-14-16h,OUI,Jeudi,2020-03-26 14:00
12989,65,True,True,False,False,False,True,False,False,False,False,False,False,False,False,Jeudi-14-16h,NON,Jeudi,2020-03-26 14:00
12990,105,True,False,False,False,False,False,False,False,False,False,False,False,False,False,Jeudi-14-16h,OUI,Jeudi,2020-03-26 14:00
12991,187,True,False,False,False,False,True,False,False,False,False,False,False,False,False,Jeudi-14-16h,NON,Jeudi,2020-03-26 14:00
12992,139,True,False,True,False,False,False,False,False,False,False,False,False,False,False,Jeudi-14-16h,OUI,Jeudi,2020-03-26 14:00
12993,259,False,False,False,False,True,True,False,False,False,False,False,False,False,False,Jeudi-14-16h,OUI,Jeudi,2020-03-26 14:00
12994,124,True,False,True,False,False,False,False,False,False,False,True,False,False,False,Jeudi-14-16h,OUI,Jeudi,2020-03-26 14:00
12995,98,False,False,False,False,False,True,False,False,False,False,False,True,False,False,Jeudi-14-16h,NON,Jeudi,2020-03-26 14:00
12996,284,False,True,True,False,False,True,False,False,False,False,False,False,True,False,Jeudi-14-16h,OUI,Jeudi,2020-03-26 14:00
12997,148,True,False,True,False,True,False,False,True,False,False,False,False,False,False,Jeudi-14-16h,OUI,Jeudi,2020-03-26 14:00
12998,258,True,False,True,False,False,False,False,False,False,False,False,False,False,False,Jeudi-14-16h,OUI,Jeudi,2020-03-26 14:00
12999,175,False,False,False,False,False,True,False,False,False,False,False,False,False,False,Jeudi-14-16h,OUI,Jeudi,2020-03-26 14:00
13000,119,False,False,False,False,False,False,False,False,False,False,True,False,False,False,Jeudi-14-16h,NON,Jeudi,2020-03-26 14:00
13001,229,True,False,True,False,False,False,False,True,False,False,False,False,False,False,Jeudi-14-16h,OUI,Jeudi,2020-03-26 14:00
13002,230,False,False,False,False,False,True,True,False,False,False,False,False,False,False,Jeudi-14-16h,OUI,Jeudi,2020-03-26 14:00
13003,17,True,False,False,False,False,True,True,False,False,False,False,False,False,False,Jeudi-14-16h,OUI,Jeudi,2020-03-26 14:00
13004,177,False,False,False,False,False,False,False,False,False,False,False,False,False,False,Jeudi-14-16h,NON,Jeudi,2020-03-26 14:00
13005,7,False,False,False,False,False,False,False,False,False,False,False,False,False,False,Jeudi-14-16h,NON,Jeudi,2020-03-26 14:00
13006,241,False,False,True,False,False,False,False,False,False,False,False,False,False,False,Jeudi-14-16h,NON,Jeudi,2020-03-26 14:00
13007,8,True,False,False,False,True,True,False,True,False,False,False,False,False,False,Jeudi-14-16h,NON,Jeudi,2020-03-26 14:00
13008,268,False,True,False,False,False,True,False,False,False,False,False,False,False,False,Jeudi-14-16h,OUI,Jeudi,2020-03-26 14:00
13009,294,False,False,True,False,True,False,False,False,False,False,False,False,False,False,Jeudi-14-16h,OUI,Jeudi,2020-03-26 14:00
13010,242,True,False,False,False,True,True,False,False,False,False,False,False,False,False,Jeudi-14-16h,NON,Jeudi,2020-03-26 14:00
13011,194,False,False,False,False,False,True,False,False,False,False,False,False,False,False,Jeudi-14-16h,NON,Jeudi,2020-03-26 14:00
13012,243,False,False,False,False,True,True,False,False,False,False,False,False,False,False,Jeudi-14-16h,NON,Jeudi,2020-03-26 14:00
13013,212,True,True,True,False,False,True,False,False,False,False,False,False,False,False,Jeudi-14-16h,OUI,Jeudi,2020-03-26 14:00
13014,19,False,False,False,False,False,True,False,False,False,False,False,False,False,False,Jeudi-14-16h,OUI,Jeudi,2020-03-26 14:00
13015,114,False,False,False,False,True,False,False,False,False,False,False,False,False,False,Jeudi-14-16h,OUI,Jeudi,2020-03-26 14:00
13016,190,False,False,False,False,False,True,False,False,True,False,False,False,False,False,Jeudi-14-16h,NON,Jeudi,2020-03-26 14:00
13017,64,False,False,True,False,False,False,False,False,False,False,False,False,False,False,Jeudi-14-16h,OUI,Jeudi,2020-03-26 14:00
13018,227,False,False,False,False,False,False,False,False,False,False,False,False,False,False,Jeudi-14-16h,NON,Jeudi,2020-03-26 14:00
13019,232,False,False,False,False,False,True,False,False,False,False,False,False,False,False,Jeudi-14-16h,OUI,Jeudi,2020-03-26 14:00
13020,246,False,True,False,False,False,True,True,False,False,False,False,False,False,False,Jeudi-14-16h,NON,Jeudi,2020-03-26 14:00
13021,100,False,False,False,False,False,True,False,False,False,False,False,False,False,False,Jeudi-14-16h,NON,Jeudi,2020-03-26 14:00
13022,13,False,False,False,False,True,False,False,False,False,False,False,False,False,False,Jeudi-14-16h,NON,Jeudi,2020-03-26 14:00
13023,262,True,True,True,False,False,False,False,False,False,False,False,False,False,False,Jeudi-14-16h,NON,Jeudi,2020-03-26 14:00
13024,76,True,True,True,False,False,True,False,False,False,False,True,False,False,False,Jeudi-14-16h,NON,Jeudi,2020-03-26 14:00
13025,261,False,True,False,False,True,False,False,False,False,False,False,False,False,False,Jeudi-14-16h,OUI,Jeudi,2020-03-26 14:00
13026,150,False,True,False,False,False,False,False,False,False,False,False,False,False,False,Jeudi-14-16h,OUI,Jeudi,2020-03-26 14:00
13027,205,False,False,False,False,False,False,False,False,False,False,False,False,False,False,Jeudi-14-16h,NON,Jeudi,2020-03-26 14:00
13028,56,False,False,False,False,True,True,False,False,False,False,False,False,False,False,Jeudi-14-16h,OUI,Jeudi,2020-03-26 14:00
13029,186,False,False,False,False,True,False,False,False,False,False,False,False,False,False,Jeudi-14-16h,OUI,Jeudi,2020-03-26 14:00
13030,162,True,False,False,False,True,True,False,False,False,False,False,False,False,False,Jeudi-14-16h,OUI,Jeudi,2020-03-26 14:00
13031,68,False,True,False,False,True,True,False,False,False,False,False,False,False,False,Jeudi-14-16h,OUI,Jeudi,2020-03-26 14:00
13032,146,False,False,False,False,False,True,False,False,False,False,False,True,False,False,Jeudi-14-16h,OUI,Jeudi,2020-03-26 14:00
13033,49,False,False,False,False,False,False,False,False,False,False,False,False,True,False,Jeudi-14-16h,NON,Jeudi,2020-03-26 14:00
13034,91,True,False,True,True,False,False,False,False,False,False,False,False,False,False,Jeudi-14-16h,OUI,Jeudi,2020-03-26 14:00
13035,22,False,False,False,False,False,False,False,False,False,True,False,False,False,False,Jeudi-14-16h,NON,Jeudi,2020-03-26 14:00
13036,151,False,False,False,False,True,False,False,False,False,False,False,False,False,False,Jeudi-14-16h,NON,Jeudi,2020-03-26 14:00
13037,193,False,False,False,False,True,True,False,False,False,False,False,False,False,False,Jeudi-14-16h,OUI,Jeudi,2020-03-26 14:00
13038,9,True,True,False,False,False,False,False,False,False,False,False,False,False,False,Jeudi-14-16h,NON,Jeudi,2020-03-26 14:00
13039,99,True,False,True,False,False,False,False,False,False,False,False,False,False,False,Jeudi-14-16h,NON,Jeudi,2020-03-26 14:00
13040,181,False,False,False,False,True,True,False,False,False,False,False,False,False,False,Jeudi-14-16h,OUI,Jeudi,2020-03-26 14:00
13041,111,False,False,False,False,False,True,False,True,False,False,False,False,False,False,Jeudi-14-16h,OUI,Jeudi,2020-03-26 14:00
13042,44,False,True,False,False,False,True,False,False,False,False,False,False,False,False,Jeudi-14-16h,NON,Jeudi,2020-03-26 14:00
13043,24,False,False,False,False,True,False,False,True,False,False,False,False,False,False,Jeudi-14-16h,OUI,Jeudi,2020-03-26 14:00
13044,102,False,False,False,False,True,True,False,True,False,False,False,False,False,False,Jeudi-14-16h,NON,Jeudi,2020-03-26 14:00
13045,203,True,True,False,False,False,False,False,True,False,False,False,False,False,False,Jeudi-14-16h,NON,Jeudi,2020-03-26 14:00
13046,140,False,False,False,False,True,True,False,True,False,False,False,False,False,False,Jeudi-14-16h,NON,Jeudi,2020-03-26 14:00
13047,188,False,False,False,False,False,True,False,False,True,False,False,False,False,False,Jeudi-14-16h,NON,Jeudi,2020-03-26 14:00
13048,206,False,False,False,True,False,False,False,False,False,False,True,False,False,False,Jeudi-14-16h,OUI,Jeudi,2020-03-26 14:00
13049,273,False,False,False,False,False,False,False,False,False,False,False,True,False,False,Jeudi-14-16h,OUI,Jeudi,2020-03-26 14:00
13050,69,True,False,True,False,False,False,False,False,False,False,False,False,False,False,Jeudi-14-16h,OUI,Jeudi,2020-03-26 14:00
13051,87,True,False,False,True,False,False,False,False,False,False,True,False,False,False,Jeudi-14-16h,NON,Jeudi,2020-03-26 14:00
13052,83,True,False,True,False,False,False,False,False,False,False,False,False,False,False,Jeudi-14-16h,OUI,Jeudi,2020-03-26 14:00
13053,149,True,False,True,True,False,False,False,False,False,False,False,False,False,False,Jeudi-14-16h,NON,Jeudi,2020-03-26 14:00
13054,274,False,False,False,False,False,True,False,False,False,False,False,False,False,False,Jeudi-14-16h,NON,Jeudi,2020-03-26 14:00
13055,282,True,False,True,True,False,False,False,False,False,False,False,False,False,False,Jeudi-14-16h,OUI,Jeudi,2020-03-26 14:00
13056,147,False,False,False,False,False,False,False,False,False,False,False,False,False,False,Jeudi-14-16h,NON,Jeudi,2020-03-26 14:00
13057,238,False,False,False,False,False,False,False,False,False,False,False,True,False,False,Jeudi-14-16h,NON,Jeudi,2020-03-26 14:00
13058,201,False,False,False,False,False,False,False,False,False,False,False,False,False,False,Jeudi-14-16h,NON,Jeudi,2020-03-26 14:00
13059,152,False,True,False,False,False,False,False,False,False,False,False,False,False,False,Jeudi-14-16h,NON,Jeudi,2020-03-26 14:00
13060,222,False,False,False,False,False,True,False,False,True,True,False,False,False,False,Jeudi-14-16h,OUI,Jeudi,2020-03-26 14:00
13061,106,False,False,False,False,False,True,False,False,False,False,False,True,False,False,Jeudi-14-16h,NON,Jeudi,2020-03-26 14:00
13062,133,False,False,True,False,True,False,False,False,False,False,False,False,False,False,Jeudi-14-16h,OUI,Jeudi,2020-03-26 14:00
13063,163,False,False,False,False,True,False,False,False,False,False,False,False,False,False,Jeudi-14-16h,NON,Jeudi,2020-03-26 14:00
13064,231,False,False,False,False,False,False,False,False,False,False,False,False,False,False,Jeudi-14-16h,NON,Jeudi,2020-03-26 14:00
13065,25,False,False,False,False,True,False,False,False,False,False,False,False,False,False,Jeudi-14-16h,NON,Jeudi,2020-03-26 14:00
13066,196,False,False,True,False,True,False,False,True,False,False,False,False,False,False,Jeudi-14-16h,OUI,Jeudi,2020-03-26 14:00
13067,5,False,False,False,False,True,True,False,False,False,False,False,False,False,False,Jeudi-14-16h,OUI,Jeudi,2020-03-26 14:00
13068,90,False,True,False,False,False,False,False,False,False,False,False,False,False,False,Jeudi-14-16h,NON,Jeudi,2020-03-26 14:00
13069,244,True,False,True,False,False,False,False,False,False,False,False,False,False,False,Jeudi-14-16h,NON,Jeudi,2020-03-26 14:00
13070,107,False,True,False,False,False,True,False,False,False,False,False,False,False,False,Jeudi-14-16h,OUI,Jeudi,2020-03-26 14:00
13071,218,False,True,False,False,True,True,False,False,False,False,False,False,False,False,Jeudi-14-16h,NON,Jeudi,2020-03-26 14:00
13072,62,False,True,True,False,True,True,False,False,False,False,False,False,False,False,Jeudi-14-16h,NON,Jeudi,2020-03-26 14:00
13073,79,False,True,False,False,False,False,False,False,False,False,False,False,False,False,Jeudi-14-16h,OUI,Jeudi,2020-03-26 14:00
13074,208,False,False,False,False,False,True,False,False,False,False,False,False,False,False,Jeudi-14-16h,NON,Jeudi,2020-03-26 14:00
13075,270,False,False,False,False,False,False,False,False,True,False,False,False,False,False,Jeudi-14-16h,OUI,Jeudi,2020-03-26 14:00
13076,166,True,False,False,False,True,True,False,False,False,False,False,False,False,False,Jeudi-14-16h,OUI,Jeudi,2020-03-26 14:00
13077,77,False,False,True,False,True,False,False,False,False,False,False,False,False,False,Jeudi-14-16h,NON,Jeudi,2020-03-26 14:00
13078,29,False,False,False,False,False,True,False,False,False,False,False,True,False,False,Jeudi-14-16h,OUI,Jeudi,2020-03-26 14:00
13079,240,False,False,False,False,False,True,False,False,False,False,False,False,False,False,Jeudi-14-16h,NON,Jeudi,2020-03-26 14:00
13080,184,False,True,False,False,False,False,False,False,False,False,False,False,False,False,Jeudi-14-16h,OUI,Jeudi,2020-03-26 14:00
13081,277,False,True,True,False,False,True,False,False,False,False,False,False,False,False,Jeudi-14-16h,NON,Jeudi,2020-03-26 14:00
13082,80,True,False,False,False,False,True,False,False,False,True,False,False,False,False,Jeudi-14-16h,NON,Jeudi,2020-03-26 14:00
13083,185,True,True,True,False,False,True,False,False,False,False,True,False,True,False,Jeudi-14-16h,NON,Jeudi,2020-03-26 14:00
13084,204,False,False,False,False,True,True,False,False,False,False,False,True,False,False,Jeudi-14-16h,NON,Jeudi,2020-03-26 14:00
13085,252,True,True,True,False,False,True,False,False,False,False,False,False,False,False,Jeudi-14-16h,OUI,Jeudi,2020-03-26 14:00
13086,26,False,False,False,False,True,False,False,False,False,False,False,False,False,False,Jeudi-14-16h,NON,Jeudi,2020-03-26 14:00
13087,70,False,False,False,False,True,False,False,False,False,False,False,True,False,False,Jeudi-14-16h,OUI,Jeudi,2020-03-26 14:00
13088,233,False,False,False,False,True,False,False,False,False,False,False,False,False,False,Jeudi-14-16h,OUI,Jeudi,2020-03-26 14:00
13089,37,True,True,True,False,True,True,False,False,False,False,False,False,False,False,Jeudi-14-16h,OUI,Jeudi,2020-03-26 14:00
13090,185,False,False,True,False,False,False,False,False,False,False,False,False,False,False,Jeudi-14-16h,OUI,Jeudi,2020-03-26 14:00
13091,138,True,False,False,False,True,True,False,False,False,False,False,False,False,False,Jeudi-14-16h,NON,Jeudi,2020-03-26 14:00
13092,224,True,False,True,False,False,False,False,False,False,False,False,False,False,False,Jeudi-14-16h,NON,Jeudi,2020-03-26 14:00
13093,66,False,False,False,False,True,True,False,False,False,False,False,False,True,False,Jeudi-14-16h,NON,Jeudi,2020-03-26 14:00
13094,211,False,False,True,False,False,False,False,False,False,False,False,False,True,False,Jeudi-14-16h,NON,Jeudi,2020-03-26 14:00
13095,14,False,False,False,False,True,True,False,False,False,False,False,False,False,False,Jeudi-14-16h,NON,Jeudi,2020-03-26 14:00
13096,145,False,False,False,False,True,False,False,False,False,False,False,False,False,False,Jeudi-14-16h,NON,Jeudi,2020-03-26 14:00
13097,36,False,False,False,False,False,False,False,False,False,False,False,True,False,False,Jeudi-14-16h,OUI,Jeudi,2020-03-26 14:00
13098,60,True,True,True,False,False,True,False,False,False,False,False,False,False,False,Jeudi-14-16h,NON,Jeudi,2020-03-26 14:00
13099,137,True,True,True,False,False,True,False,False,False,False,True,False,False,False,Jeudi-14-16h,OUI,Jeudi,2020-03-26 14:00
13100,285,False,True,False,False,True,True,False,False,False,False,False,False,False,False,Jeudi-14-16h,OUI,Jeudi,2020-03-26 14:00
13101,40,False,True,True,False,True,True,False,False,False,False,False,False,False,False,Jeudi-14-16h,OUI,Jeudi,2020-03-26 14:00
13102,97,False,False,False,False,False,True,False,False,False,False,False,False,False,False,Jeudi-14-16h,NON,Jeudi,2020-03-26 14:00
13103,109,True,False,True,True,False,False,False,False,False,False,False,False,False,False,Jeudi-14-16h,NON,Jeudi,2020-03-26 14:00
13104,10,False,False,False,False,False,False,False,False,False,False,False,False,False,False,Jeudi-14-16h,NON,Jeudi,2020-03-26 14:00
13105,256,False,False,False,False,False,False,False,False,False,False,False,True,False,False,Jeudi-14-16h,NON,Jeudi,2020-03-26 14:00
13106,141,True,True,True,False,False,False,False,False,False,False,True,False,False,False,Jeudi-14-16h,NON,Jeudi,2020-03-26 14:00
13107,28,False,False,False,False,False,False,False,False,False,False,False,False,False,False,Jeudi-14-16h,NON,Jeudi,2020-03-26 14:00
13108,101,True,True,True,True,True,True,False,False,False,False,False,False,False,False,Jeudi-14-16h,OUI,Jeudi,2020-03-26 14:00
13109,48,True,False,True,False,True,False,False,False,False,False,False,False,True,False,Jeudi-14-16h,OUI,Jeudi,2020-03-26 14:00
13110,27,False,False,False,False,False,True,False,False,False,False,False,False,False,False,Jeudi-14-16h,OUI,Jeudi,2020-03-26 14:00
13111,142,True,False,True,False,False,False,False,False,False,False,True,False,True,False,Jeudi-14-16h,NON,Jeudi,2020-03-26 14:00
13112,234,False,False,True,False,False,False,False,False,False,False,True,False,False,False,Jeudi-14-16h,NON,Jeudi,2020-03-26 14:00
13113,23,False,False,False,False,True,False,False,False,False,False,False,False,False,False,Jeudi-14-16h,NON,Jeudi,2020-03-26 14:00
13114,195,False,False,False,False,True,False,False,False,True,False,False,False,False,False,Jeudi-14-16h,NON,Jeudi,2020-03-26 14:00
13115,275,False,False,False,False,False,False,False,False,False,False,False,True,False,False,Jeudi-14-16h,NON,Jeudi,2020-03-26 14:00
13116,226,False,False,False,False,True,True,False,False,False,False,False,False,False,False,Jeudi-14-16h,NON,Jeudi,2020-03-26 14:00
13117,207,False,False,True,False,False,False,False,False,False,False,False,False,False,False,Jeudi-14-16h,OUI,Jeudi,2020-03-26 14:00
13118,57,False,False,False,False,False,False,False,False,False,False,False,False,False,False,Jeudi-14-16h,NON,Jeudi,2020-03-26 14:00
13119,4,False,True,False,False,False,True,False,False,False,False,False,False,False,False,Jeudi-14-16h,NON,Jeudi,2020-03-26 14:00
13120,265,False,False,False,False,False,True,False,False,False,False,False,False,False,False,Jeudi-14-16h,OUI,Jeudi,2020-03-26 14:00
13121,88,False,True,False,False,False,False,False,False,False,False,False,False,False,False,Jeudi-14-16h,NON,Jeudi,2020-03-26 14:00
13122,198,False,False,False,False,False,False,False,False,False,False,True,False,False,False,Jeudi-14-16h,NON,Jeudi,2020-03-26 14:00
13123,249,True,True,True,False,False,False,False,False,False,False,False,False,False,False,Jeudi-14-16h,NON,Jeudi,2020-03-26 14:00
13124,263,False,False,False,False,True,True,False,False,False,False,False,False,False,False,Jeudi-14-16h,OUI,Jeudi,2020-03-26 14:00
13125,217,True,False,True,False,False,False,False,False,False,False,False,False,True,False,Jeudi-14-16h,OUI,Jeudi,2020-03-26 14:00
13126,278,False,False,False,False,True,True,False,False,False,False,False,False,False,False,Jeudi-14-16h,NON,Jeudi,2020-03-26 14:00
13127,189,False,True,False,False,False,False,False,False,False,False,False,False,False,False,Jeudi-14-16h,NON,Jeudi,2020-03-26 14:00
13128,61,True,False,True,False,False,False,False,False,False,False,False,False,False,False,Jeudi-14-16h,NON,Jeudi,2020-03-26 14:00
13129,251,False,False,False,False,False,False,False,False,False,False,False,False,True,False,Jeudi-14-16h,OUI,Jeudi,2020-03-26 14:00
13130,281,False,True,False,False,False,False,False,False,False,False,False,False,False,False,Jeudi-14-16h,NON,Jeudi,2020-03-26 14:00
13131,134,False,True,False,False,False,False,False,False,False,False,False,False,False,False,Jeudi-14-16h,NON,Jeudi,2020-03-26 14:00
13132,293,False,True,False,False,False,True,False,False,False,False,False,False,False,False,Jeudi-14-16h,OUI,Jeudi,2020-03-26 14:00
13133,279,True,True,True,True,False,True,False,False,False,False,False,False,False,False,Jeudi-14-16h,OUI,Jeudi,2020-03-26 14:00
13134,81,True,False,True,True,False,False,False,True,False,False,False,False,False,False,Jeudi-14-16h,NON,Jeudi,2020-03-26 14:00
13135,92,True,False,False,True,False,False,False,False,False,False,True,False,False,False,Jeudi-14-16h,NON,Jeudi,2020-03-26 14:00
13136,147,False,False,False,False,False,False,False,False,False,False,False,False,False,False,Jeudi-14-16h,NON,Jeudi,2020-03-26 14:00
13137,33,False,True,False,False,True,False,False,False,False,False,False,False,False,False,Jeudi-14-16h,NON,Jeudi,2020-03-26 14:00
13138,266,False,False,False,False,False,False,False,False,False,False,False,False,False,False,Jeudi-14-16h,NON,Jeudi,2020-03-26 14:00
13139,225,True,False,False,False,False,True,False,False,False,False,False,False,False,False,Jeudi-14-16h,NON,Jeudi,2020-03-26 14:00
13140,83,True,False,True,False,False,False,False,False,False,False,False,False,False,False,Jeudi-14-16h,OUI,Jeudi,2020-03-26 14:00
13141,95,False,False,False,False,True,True,False,True,False,False,False,False,False,False,Jeudi-14-16h,NON,Jeudi,2020-03-26 14:00
13142,127,False,False,False,False,True,False,False,False,False,False,False,False,False,False,Jeudi-14-16h,OUI,Jeudi,2020-03-26 14:00
13143,20,False,False,False,False,False,False,False,False,False,False,False,False,False,False,Jeudi-14-16h,NON,Jeudi,2020-03-26 14:00
13144,89,False,False,False,False,False,False,False,False,True,False,False,False,False,False,Jeudi-14-16h,OUI,Jeudi,2020-03-26 14:00
13145,120,False,True,True,False,True,True,False,True,False,False,True,False,False,False,Jeudi-14-16h,NON,Jeudi,2020-03-26 14:00
13146,253,False,False,False,False,True,True,False,False,False,False,False,True,False,False,Jeudi-14-16h,NON,Jeudi,2020-03-26 14:00
13147,52,False,False,True,False,False,False,False,False,False,False,False,False,False,False,Jeudi-14-16h,OUI,Jeudi,2020-03-26 14:00
13148,168,True,False,True,False,False,False,False,True,False,False,False,False,False,False,Jeudi-14-16h,NON,Jeudi,2020-03-26 14:00
13149,202,False,True,False,False,False,False,False,False,False,False,False,False,False,False,Jeudi-14-16h,NON,Jeudi,2020-03-26 14:00
13150,172,False,False,False,False,True,False,False,False,False,False,False,False,False,False,Jeudi-14-16h,NON,Jeudi,2020-03-26 14:00
13151,239,False,False,False,False,True,True,False,False,False,False,False,False,False,False,Jeudi-14-16h,NON,Jeudi,2020-03-26 14:00
13152,85,False,False,False,False,True,False,False,False,False,False,False,False,False,False,Jeudi-14-16h,NON,Jeudi,2020-03-26 14:00
13153,215,False,False,False,False,False,False,False,False,True,False,False,False,False,False,Jeudi-14-16h,NON,Jeudi,2020-03-26 14:00
13154,260,True,False,True,False,False,False,False,False,False,False,False,False,False,False,Jeudi-14-16h,NON,Jeudi,2020-03-26 14:00
13155,286,True,True,False,False,True,False,False,False,False,False,False,False,False,False,Jeudi-14-16h,NON,Jeudi,2020-03-26 14:00
13156,72,False,True,False,False,False,False,False,False,False,False,False,False,False,False,Jeudi-16-18h,OUI,Jeudi,2020-03-26 16:00
13157,167,True,True,True,True,True,True,False,False,False,False,False,False,False,False,Jeudi-16-18h,OUI,Jeudi,2020-03-26 16:00
13158,130,True,False,True,False,False,False,False,True,False,False,False,False,True,True,Jeudi-16-18h,NON,Jeudi,2020-03-26 16:00
13159,288,True,True,True,False,True,False,False,False,False,False,False,False,False,False,Jeudi-16-18h,OUI,Jeudi,2020-03-26 16:00
13160,59,False,False,False,False,False,True,False,False,False,False,False,False,False,False,Jeudi-16-18h,NON,Jeudi,2020-03-26 16:00
13161,178,True,False,False,False,False,False,False,False,False,False,True,False,False,False,Jeudi-16-18h,NON,Jeudi,2020-03-26 16:00
13162,254,False,False,False,False,False,False,False,False,False,False,False,True,False,False,Jeudi-16-18h,NON,Jeudi,2020-03-26 16:00
13163,34,False,False,False,False,False,False,False,False,False,False,False,False,False,False,Jeudi-16-18h,NON,Jeudi,2020-03-26 16:00
13164,264,False,False,False,False,True,True,True,False,False,False,False,False,False,False,Jeudi-16-18h,OUI,Jeudi,2020-03-26 16:00
13165,158,True,False,False,False,True,False,False,False,False,True,False,False,False,False,Jeudi-16-18h,OUI,Jeudi,2020-03-26 16:00
13166,210,False,True,False,False,True,True,False,False,False,False,False,False,False,False,Jeudi-16-18h,OUI,Jeudi,2020-03-26 16:00
13167,93,False,False,False,False,True,False,False,False,False,False,False,False,True,False,Jeudi-16-18h,OUI,Jeudi,2020-03-26 16:00
13168,144,True,False,True,False,True,False,False,False,False,False,False,False,False,False,Jeudi-16-18h,OUI,Jeudi,2020-03-26 16:00
13169,164,False,True,False,False,True,True,False,False,False,False,False,False,False,False,Jeudi-16-18h,OUI,Jeudi,2020-03-26 16:00
13170,289,False,False,False,False,True,True,False,False,False,False,False,False,False,False,Jeudi-16-18h,NON,Jeudi,2020-03-26 16:00
13171,50,False,False,False,False,False,False,False,False,False,False,False,False,False,False,Jeudi-16-18h,NON,Jeudi,2020-03-26 16:00
13172,51,True,True,False,False,True,False,False,False,False,False,False,False,False,False,Jeudi-16-18h,OUI,Jeudi,2020-03-26 16:00
13173,247,False,False,True,False,False,False,False,False,False,False,False,False,False,False,Jeudi-16-18h,NON,Jeudi,2020-03-26 16:00
13174,159,False,False,False,False,False,False,False,True,False,False,False,False,False,False,Jeudi-16-18h,NON,Jeudi,2020-03-26 16:00
13175,54,False,False,False,False,False,True,False,False,False,False,False,False,False,False,Jeudi-16-18h,NON,Jeudi,2020-03-26 16:00
13176,55,True,False,False,False,True,True,False,True,False,False,False,False,False,False,Jeudi-16-18h,NON,Jeudi,2020-03-26 16:00
13177,257,False,False,False,False,True,False,False,False,False,False,False,False,False,False,Jeudi-16-18h,OUI,Jeudi,2020-03-26 16:00
13178,67,False,False,False,False,False,False,False,False,False,False,False,False,False,False,Jeudi-16-18h,NON,Jeudi,2020-03-26 16:00
13179,71,True,False,True,False,False,False,False,False,False,False,False,False,False,False,Jeudi-16-18h,OUI,Jeudi,2020-03-26 16:00
13180,280,False,False,False,False,False,True,False,False,False,False,False,False,False,False,Jeudi-16-18h,OUI,Jeudi,2020-03-26 16:00
13181,283,True,True,False,False,False,False,False,False,False,False,False,False,False,False,Jeudi-16-18h,OUI,Jeudi,2020-03-26 16:00
13182,154,False,False,False,False,True,True,False,False,False,False,False,True,False,False,Jeudi-16-18h,NON,Jeudi,2020-03-26 16:00
13183,171,False,False,False,False,False,False,False,False,False,False,False,True,False,False,Jeudi-16-18h,OUI,Jeudi,2020-03-26 16:00
13184,131,False,False,True,False,False,False,False,False,False,False,False,False,False,False,Jeudi-16-18h,NON,Jeudi,2020-03-26 16:00
13185,237,True,False,False,False,False,True,True,False,False,False,False,False,True,False,Jeudi-16-18h,NON,Jeudi,2020-03-26 16:00
13186,75,False,False,False,False,True,True,False,False,False,False,False,False,False,False,Jeudi-16-18h,NON,Jeudi,2020-03-26 16:00
13187,235,True,False,False,False,True,False,False,False,False,False,False,False,False,False,Jeudi-16-18h,NON,Jeudi,2020-03-26 16:00
13188,180,False,False,False,False,True,True,False,False,False,False,False,False,False,False,Jeudi-16-18h,OUI,Jeudi,2020-03-26 16:00
13189,219,False,False,False,False,False,True,False,False,False,False,False,False,False,False,Jeudi-16-18h,OUI,Jeudi,2020-03-26 16:00
13190,250,False,False,False,False,False,False,False,False,True,False,False,False,False,False,Jeudi-16-18h,NON,Jeudi,2020-03-26 16:00
13191,267,True,True,False,False,False,False,False,False,False,False,False,False,False,False,Jeudi-16-18h,OUI,Jeudi,2020-03-26 16:00
13192,160,False,True,False,False,False,True,False,False,False,False,False,False,False,False,Jeudi-16-18h,NON,Jeudi,2020-03-26 16:00
13193,182,False,True,False,False,True,True,True,False,False,False,False,False,False,False,Jeudi-16-18h,OUI,Jeudi,2020-03-26 16:00
13194,143,False,False,False,False,False,False,False,True,False,False,True,False,False,False,Jeudi-16-18h,OUI,Jeudi,2020-03-26 16:00
13195,223,True,True,False,False,False,False,False,False,False,False,False,False,False,False,Jeudi-16-18h,OUI,Jeudi,2020-03-26 16:00
13196,192,True,False,True,False,False,False,False,False,False,False,False,False,False,False,Jeudi-16-18h,NON,Jeudi,2020-03-26 16:00
13197,30,False,False,True,False,False,False,False,True,False,False,False,False,False,False,Jeudi-16-18h,OUI,Jeudi,2020-03-26 16:00
13198,125,True,False,False,False,True,False,False,True,False,False,False,False,False,False,Jeudi-16-18h,NON,Jeudi,2020-03-26 16:00
13199,39,False,False,True,False,True,False,False,True,False,False,False,False,False,False,Jeudi-16-18h,OUI,Jeudi,2020-03-26 16:00
13200,113,True,False,True,False,False,False,False,False,False,False,False,False,False,False,Jeudi-16-18h,NON,Jeudi,2020-03-26 16:00
13201,121,True,False,True,False,False,False,False,True,False,False,False,False,False,False,Jeudi-16-18h,OUI,Jeudi,2020-03-26 16:00
13202,228,False,False,False,False,False,False,False,False,False,False,True,False,False,False,Jeudi-16-18h,OUI,Jeudi,2020-03-26 16:00
13203,290,False,False,False,False,False,False,False,False,True,False,False,False,False,False,Jeudi-16-18h,NON,Jeudi,2020-03-26 16:00
13204,197,False,False,True,False,True,False,False,False,False,False,False,False,False,False,Jeudi-16-18h,NON,Jeudi,2020-03-26 16:00
13205,31,True,True,True,False,False,True,False,False,False,False,False,False,False,False,Jeudi-16-18h,NON,Jeudi,2020-03-26 16:00
13206,173,True,False,False,False,True,True,False,True,False,False,False,False,False,False,Jeudi-16-18h,OUI,Jeudi,2020-03-26 16:00
13207,74,True,False,False,True,False,False,False,True,False,False,True,False,False,False,Jeudi-16-18h,NON,Jeudi,2020-03-26 16:00
13208,15,False,False,True,False,False,False,False,False,False,False,False,False,False,False,Jeudi-16-18h,NON,Jeudi,2020-03-26 16:00
13209,45,True,False,False,False,True,True,False,True,False,False,False,False,False,False,Jeudi-16-18h,OUI,Jeudi,2020-03-26 16:00
13210,63,False,False,True,False,False,False,False,False,False,False,False,False,False,False,Jeudi-16-18h,NON,Jeudi,2020-03-26 16:00
13211,3,False,False,False,False,False,True,False,False,False,False,False,True,False,False,Jeudi-16-18h,OUI,Jeudi,2020-03-26 16:00
13212,21,True,False,True,False,False,False,False,False,False,False,False,False,False,False,Jeudi-16-18h,OUI,Jeudi,2020-03-26 16:00
13213,78,False,True,True,False,True,True,False,True,False,False,False,False,False,False,Jeudi-16-18h,NON,Jeudi,2020-03-26 16:00
13214,47,False,True,False,False,False,False,False,False,False,False,False,False,False,False,Jeudi-16-18h,NON,Jeudi,2020-03-26 16:00
13215,151,True,True,False,False,True,False,False,True,False,False,False,False,False,False,Jeudi-16-18h,NON,Jeudi,2020-03-26 16:00
13216,6,True,False,True,False,False,False,False,False,False,False,False,False,False,False,Jeudi-16-18h,OUI,Jeudi,2020-03-26 16:00
13217,135,True,False,True,False,False,False,False,False,False,False,False,False,True,False,Jeudi-16-18h,NON,Jeudi,2020-03-26 16:00
13218,221,False,False,False,False,True,True,False,False,False,False,False,False,False,False,Jeudi-16-18h,NON,Jeudi,2020-03-26 16:00
13219,170,False,False,True,False,False,False,False,False,False,False,True,False,False,True,Jeudi-16-18h,NON,Jeudi,2020-03-26 16:00
13220,129,False,True,False,False,False,False,False,False,False,False,False,False,False,False,Jeudi-16-18h,NON,Jeudi,2020-03-26 16:00
13221,132,True,True,True,False,False,True,False,False,False,False,False,False,False,False,Jeudi-16-18h,OUI,Jeudi,2020-03-26 16:00
13222,110,False,True,False,False,False,False,False,False,False,False,False,False,False,False,Jeudi-16-18h,OUI,Jeudi,2020-03-26 16:00
13223,191,False,False,False,False,False,True,False,False,False,False,False,False,False,False,Jeudi-16-18h,NON,Jeudi,2020-03-26 16:00
13224,94,True,True,True,False,False,True,False,False,False,False,True,False,True,False,Jeudi-16-18h,OUI,Jeudi,2020-03-26 16:00
13225,108,False,False,False,False,False,True,True,False,False,False,False,False,False,False,Jeudi-16-18h,OUI,Jeudi,2020-03-26 16:00
13226,236,False,False,False,False,True,True,False,False,False,False,False,False,False,False,Jeudi-16-18h,OUI,Jeudi,2020-03-26 16:00
13227,42,True,False,True,False,True,False,False,False,False,False,False,False,False,False,Jeudi-16-18h,OUI,Jeudi,2020-03-26 16:00
13228,155,True,False,False,False,True,False,False,False,False,False,False,False,False,False,Jeudi-16-18h,OUI,Jeudi,2020-03-26 16:00
13229,1,False,False,False,False,False,False,False,False,False,False,False,False,False,False,Jeudi-16-18h,NON,Jeudi,2020-03-26 16:00
13230,58,False,True,True,False,False,True,False,False,False,False,True,False,False,False,Jeudi-16-18h,OUI,Jeudi,2020-03-26 16:00
13231,0,False,True,False,False,False,False,False,False,False,False,False,False,False,False,Jeudi-16-18h,NON,Jeudi,2020-03-26 16:00
13232,269,False,False,False,False,False,False,False,False,False,False,False,False,False,False,Jeudi-16-18h,NON,Jeudi,2020-03-26 16:00
13233,2,True,False,True,False,False,False,False,False,False,False,False,False,False,False,Jeudi-16-18h,NON,Jeudi,2020-03-26 16:00
13234,103,False,False,False,False,True,False,False,False,False,False,False,False,False,False,Jeudi-16-18h,OUI,Jeudi,2020-03-26 16:00
13235,12,False,True,False,False,True,False,False,False,False,False,False,False,False,False,Jeudi-16-18h,NON,Jeudi,2020-03-26 16:00
13236,245,True,False,False,False,True,True,False,True,False,False,False,False,False,False,Jeudi-16-18h,NON,Jeudi,2020-03-26 16:00
13237,161,False,False,True,False,False,False,False,False,False,False,True,False,False,False,Jeudi-16-18h,NON,Jeudi,2020-03-26 16:00
13238,38,False,False,False,False,False,False,False,False,True,False,False,False,False,False,Jeudi-16-18h,OUI,Jeudi,2020-03-26 16:00
13239,122,False,False,False,False,False,False,False,False,False,False,False,False,False,False,Jeudi-16-18h,NON,Jeudi,2020-03-26 16:00
13240,248,False,False,True,False,False,False,False,False,False,False,False,False,True,False,Jeudi-16-18h,NON,Jeudi,2020-03-26 16:00
13241,271,False,True,True,False,False,True,False,False,False,False,False,False,False,False,Jeudi-16-18h,OUI,Jeudi,2020-03-26 16:00
13242,116,False,False,True,False,False,False,False,False,False,False,False,False,False,False,Jeudi-16-18h,OUI,Jeudi,2020-03-26 16:00
13243,117,True,True,True,True,False,True,False,False,False,False,False,False,False,False,Jeudi-16-18h,NON,Jeudi,2020-03-26 16:00
13244,213,False,False,False,False,True,True,False,True,False,False,False,False,False,False,Jeudi-16-18h,NON,Jeudi,2020-03-26 16:00
13245,220,False,True,True,False,False,True,False,False,False,False,False,False,False,False,Jeudi-16-18h,OUI,Jeudi,2020-03-26 16:00
13246,176,False,False,True,False,False,False,False,False,False,False,False,False,False,False,Jeudi-16-18h,OUI,Jeudi,2020-03-26 16:00
13247,96,False,False,False,False,True,True,False,False,False,True,False,False,False,False,Jeudi-16-18h,OUI,Jeudi,2020-03-26 16:00
13248,214,False,False,False,False,True,True,False,False,False,True,False,False,False,False,Jeudi-16-18h,OUI,Jeudi,2020-03-26 16:00
13249,11,True,False,False,True,False,False,False,False,False,False,True,False,False,False,Jeudi-16-18h,NON,Jeudi,2020-03-26 16:00
13250,255,True,False,True,False,False,False,False,True,False,False,False,False,False,False,Jeudi-16-18h,OUI,Jeudi,2020-03-26 16:00
13251,86,False,False,True,False,False,False,False,False,False,False,False,False,False,False,Jeudi-16-18h,OUI,Jeudi,2020-03-26 16:00
13252,209,True,False,False,False,True,True,False,True,False,False,False,False,False,False,Jeudi-16-18h,OUI,Jeudi,2020-03-26 16:00
13253,291,False,False,False,False,False,True,False,False,True,False,False,False,False,False,Jeudi-16-18h,OUI,Jeudi,2020-03-26 16:00
13254,287,False,False,False,False,False,False,False,False,False,False,False,True,False,False,Jeudi-16-18h,NON,Jeudi,2020-03-26 16:00
13255,104,False,False,False,False,True,True,False,False,False,False,False,False,False,False,Jeudi-16-18h,OUI,Jeudi,2020-03-26 16:00
13256,18,False,False,False,False,True,False,False,False,False,False,False,False,False,False,Jeudi-16-18h,OUI,Jeudi,2020-03-26 16:00
13257,123,False,True,False,False,True,True,False,False,False,False,False,False,False,False,Jeudi-16-18h,OUI,Jeudi,2020-03-26 16:00
13258,136,False,False,False,False,True,False,False,False,False,False,False,False,False,False,Jeudi-16-18h,NON,Jeudi,2020-03-26 16:00
13259,276,True,False,True,False,False,False,False,False,False,False,False,False,False,False,Jeudi-16-18h,NON,Jeudi,2020-03-26 16:00
13260,53,False,False,False,False,True,True,False,False,False,False,False,False,False,False,Jeudi-16-18h,OUI,Jeudi,2020-03-26 16:00
13261,179,True,False,True,False,False,False,False,False,False,False,False,False,False,False,Jeudi-16-18h,OUI,Jeudi,2020-03-26 16:00
13262,200,False,False,False,False,False,False,False,False,False,False,False,False,False,False,Jeudi-16-18h,NON,Jeudi,2020-03-26 16:00
13263,73,False,False,False,False,False,False,False,False,False,False,False,False,False,False,Jeudi-16-18h,NON,Jeudi,2020-03-26 16:00
13264,156,False,False,False,False,True,True,False,False,False,False,False,False,False,False,Jeudi-16-18h,NON,Jeudi,2020-03-26 16:00
13265,128,True,True,True,False,False,True,False,False,False,False,False,False,False,False,Jeudi-16-18h,NON,Jeudi,2020-03-26 16:00
13266,118,False,False,False,False,False,False,False,False,False,False,False,False,False,False,Jeudi-16-18h,NON,Jeudi,2020-03-26 16:00
13267,112,True,False,True,False,False,False,False,False,False,False,False,False,False,False,Jeudi-16-18h,NON,Jeudi,2020-03-26 16:00
13268,35,False,False,False,False,True,True,False,False,False,False,False,False,False,False,Jeudi-16-18h,NON,Jeudi,2020-03-26 16:00
13269,32,False,False,False,False,False,False,False,False,False,False,False,True,False,False,Jeudi-16-18h,NON,Jeudi,2020-03-26 16:00
13270,199,True,False,True,False,False,False,False,False,False,False,False,False,False,False,Jeudi-16-18h,OUI,Jeudi,2020-03-26 16:00
13271,153,True,False,False,False,True,True,False,False,False,False,False,False,False,False,Jeudi-16-18h,OUI,Jeudi,2020-03-26 16:00
13272,82,False,False,True,False,False,False,False,False,False,False,False,False,False,False,Jeudi-16-18h,OUI,Jeudi,2020-03-26 16:00
13273,292,False,True,False,False,False,False,False,False,False,False,False,False,False,False,Jeudi-16-18h,OUI,Jeudi,2020-03-26 16:00
13274,169,False,False,False,True,False,False,False,False,False,False,False,False,False,False,Jeudi-16-18h,NON,Jeudi,2020-03-26 16:00
13275,16,False,False,False,False,True,True,False,False,False,False,False,False,False,False,Jeudi-16-18h,OUI,Jeudi,2020-03-26 16:00
13276,46,True,True,True,False,False,True,True,False,False,False,False,False,False,False,Jeudi-16-18h,OUI,Jeudi,2020-03-26 16:00
13277,216,False,True,False,False,False,True,False,False,False,False,False,False,False,False,Jeudi-16-18h,OUI,Jeudi,2020-03-26 16:00
13278,174,False,True,True,False,False,True,False,False,False,False,True,False,False,False,Jeudi-16-18h,OUI,Jeudi,2020-03-26 16:00
13279,43,False,False,False,False,True,False,False,False,False,False,False,False,False,False,Jeudi-16-18h,NON,Jeudi,2020-03-26 16:00
13280,165,False,False,False,False,True,True,False,False,False,False,False,False,False,False,Jeudi-16-18h,NON,Jeudi,2020-03-26 16:00
13281,126,False,True,False,False,False,True,False,False,False,False,False,False,False,False,Jeudi-16-18h,OUI,Jeudi,2020-03-26 16:00
13282,41,False,False,False,False,False,True,False,False,True,False,False,False,False,False,Jeudi-16-18h,NON,Jeudi,2020-03-26 16:00
13283,157,False,False,True,False,False,False,False,False,False,False,False,False,False,False,Jeudi-16-18h,NON,Jeudi,2020-03-26 16:00
13284,272,False,True,True,False,False,False,True,False,False,False,True,False,True,True,Jeudi-16-18h,OUI,Jeudi,2020-03-26 16:00
13285,115,True,False,True,False,False,False,False,False,False,False,False,False,False,False,Jeudi-16-18h,NON,Jeudi,2020-03-26 16:00
13286,84,False,False,False,False,False,False,False,False,False,False,False,True,False,False,Jeudi-16-18h,NON,Jeudi,2020-03-26 16:00
13287,183,True,True,True,True,False,False,False,False,False,False,False,False,False,False,Jeudi-16-18h,OUI,Jeudi,2020-03-26 16:00
13288,65,True,True,False,False,False,True,False,False,False,False,False,False,False,False,Jeudi-16-18h,NON,Jeudi,2020-03-26 16:00
13289,105,True,False,False,False,False,False,False,False,False,False,False,False,False,False,Jeudi-16-18h,OUI,Jeudi,2020-03-26 16:00
13290,187,True,False,False,False,False,True,False,False,False,False,False,False,False,False,Jeudi-16-18h,NON,Jeudi,2020-03-26 16:00
13291,139,True,False,True,False,False,False,False,False,False,False,False,False,False,False,Jeudi-16-18h,OUI,Jeudi,2020-03-26 16:00
13292,259,False,False,False,False,True,True,False,False,False,False,False,False,False,False,Jeudi-16-18h,OUI,Jeudi,2020-03-26 16:00
13293,124,True,False,True,False,False,False,False,False,False,False,True,False,False,False,Jeudi-16-18h,OUI,Jeudi,2020-03-26 16:00
13294,98,False,False,False,False,False,True,False,False,False,False,False,True,False,False,Jeudi-16-18h,NON,Jeudi,2020-03-26 16:00
13295,284,False,True,True,False,False,True,False,False,False,False,False,False,True,False,Jeudi-16-18h,OUI,Jeudi,2020-03-26 16:00
13296,148,True,False,True,False,True,False,False,True,False,False,False,False,False,False,Jeudi-16-18h,OUI,Jeudi,2020-03-26 16:00
13297,258,True,False,True,False,False,False,False,False,False,False,False,False,False,False,Jeudi-16-18h,OUI,Jeudi,2020-03-26 16:00
13298,175,False,False,False,False,False,True,False,False,False,False,False,False,False,False,Jeudi-16-18h,OUI,Jeudi,2020-03-26 16:00
13299,119,False,False,False,False,False,False,False,False,False,False,True,False,False,False,Jeudi-16-18h,NON,Jeudi,2020-03-26 16:00
13300,229,True,False,True,False,False,False,False,True,False,False,False,False,False,False,Jeudi-16-18h,OUI,Jeudi,2020-03-26 16:00
13301,230,False,False,False,False,False,True,True,False,False,False,False,False,False,False,Jeudi-16-18h,OUI,Jeudi,2020-03-26 16:00
13302,17,True,False,False,False,False,True,True,False,False,False,False,False,False,False,Jeudi-16-18h,OUI,Jeudi,2020-03-26 16:00
13303,177,False,False,False,False,False,False,False,False,False,False,False,False,False,False,Jeudi-16-18h,NON,Jeudi,2020-03-26 16:00
13304,7,False,False,False,False,False,False,False,False,False,False,False,False,False,False,Jeudi-16-18h,NON,Jeudi,2020-03-26 16:00
13305,241,False,False,True,False,False,False,False,False,False,False,False,False,False,False,Jeudi-16-18h,NON,Jeudi,2020-03-26 16:00
13306,8,True,False,False,False,True,True,False,True,False,False,False,False,False,False,Jeudi-16-18h,NON,Jeudi,2020-03-26 16:00
13307,268,False,True,False,False,False,True,False,False,False,False,False,False,False,False,Jeudi-16-18h,OUI,Jeudi,2020-03-26 16:00
13308,294,False,False,True,False,True,False,False,False,False,False,False,False,False,False,Jeudi-16-18h,OUI,Jeudi,2020-03-26 16:00
13309,242,True,False,False,False,True,True,False,False,False,False,False,False,False,False,Jeudi-16-18h,NON,Jeudi,2020-03-26 16:00
13310,194,False,False,False,False,False,True,False,False,False,False,False,False,False,False,Jeudi-16-18h,NON,Jeudi,2020-03-26 16:00
13311,243,False,False,False,False,True,True,False,False,False,False,False,False,False,False,Jeudi-16-18h,NON,Jeudi,2020-03-26 16:00
13312,212,True,True,True,False,False,True,False,False,False,False,False,False,False,False,Jeudi-16-18h,OUI,Jeudi,2020-03-26 16:00
13313,19,False,False,False,False,False,True,False,False,False,False,False,False,False,False,Jeudi-16-18h,OUI,Jeudi,2020-03-26 16:00
13314,114,False,False,False,False,True,False,False,False,False,False,False,False,False,False,Jeudi-16-18h,OUI,Jeudi,2020-03-26 16:00
13315,190,False,False,False,False,False,True,False,False,True,False,False,False,False,False,Jeudi-16-18h,NON,Jeudi,2020-03-26 16:00
13316,64,False,False,True,False,False,False,False,False,False,False,False,False,False,False,Jeudi-16-18h,OUI,Jeudi,2020-03-26 16:00
13317,227,False,False,False,False,False,False,False,False,False,False,False,False,False,False,Jeudi-16-18h,NON,Jeudi,2020-03-26 16:00
13318,232,False,False,False,False,False,True,False,False,False,False,False,False,False,False,Jeudi-16-18h,OUI,Jeudi,2020-03-26 16:00
13319,246,False,True,False,False,False,True,True,False,False,False,False,False,False,False,Jeudi-16-18h,NON,Jeudi,2020-03-26 16:00
13320,100,False,False,False,False,False,True,False,False,False,False,False,False,False,False,Jeudi-16-18h,NON,Jeudi,2020-03-26 16:00
13321,13,False,False,False,False,True,False,False,False,False,False,False,False,False,False,Jeudi-16-18h,NON,Jeudi,2020-03-26 16:00
13322,262,True,True,True,False,False,False,False,False,False,False,False,False,False,False,Jeudi-16-18h,NON,Jeudi,2020-03-26 16:00
13323,76,True,True,True,False,False,True,False,False,False,False,True,False,False,False,Jeudi-16-18h,OUI,Jeudi,2020-03-26 16:00
13324,261,False,True,False,False,True,False,False,False,False,False,False,False,False,False,Jeudi-16-18h,OUI,Jeudi,2020-03-26 16:00
13325,150,False,True,False,False,False,False,False,False,False,False,False,False,False,False,Jeudi-16-18h,OUI,Jeudi,2020-03-26 16:00
13326,205,False,False,False,False,False,False,False,False,False,False,False,False,False,False,Jeudi-16-18h,NON,Jeudi,2020-03-26 16:00
13327,56,False,False,False,False,True,True,False,False,False,False,False,False,False,False,Jeudi-16-18h,OUI,Jeudi,2020-03-26 16:00
13328,186,False,False,False,False,True,False,False,False,False,False,False,False,False,False,Jeudi-16-18h,OUI,Jeudi,2020-03-26 16:00
13329,162,True,False,False,False,True,True,False,False,False,False,False,False,False,False,Jeudi-16-18h,OUI,Jeudi,2020-03-26 16:00
13330,68,False,True,False,False,True,True,False,False,False,False,False,False,False,False,Jeudi-16-18h,OUI,Jeudi,2020-03-26 16:00
13331,146,False,False,False,False,False,True,False,False,False,False,False,True,False,False,Jeudi-16-18h,OUI,Jeudi,2020-03-26 16:00
13332,49,False,False,False,False,False,False,False,False,False,False,False,False,True,False,Jeudi-16-18h,NON,Jeudi,2020-03-26 16:00
13333,91,True,False,True,True,False,False,False,False,False,False,False,False,False,False,Jeudi-16-18h,OUI,Jeudi,2020-03-26 16:00
13334,22,False,False,False,False,False,False,False,False,False,True,False,False,False,False,Jeudi-16-18h,NON,Jeudi,2020-03-26 16:00
13335,151,False,False,False,False,True,False,False,False,False,False,False,False,False,False,Jeudi-16-18h,NON,Jeudi,2020-03-26 16:00
13336,193,False,False,False,False,True,True,False,False,False,False,False,False,False,False,Jeudi-16-18h,OUI,Jeudi,2020-03-26 16:00
13337,9,True,True,False,False,False,False,False,False,False,False,False,False,False,False,Jeudi-16-18h,NON,Jeudi,2020-03-26 16:00
13338,99,True,False,True,False,False,False,False,False,False,False,False,False,False,False,Jeudi-16-18h,NON,Jeudi,2020-03-26 16:00
13339,181,False,False,False,False,True,True,False,False,False,False,False,False,False,False,Jeudi-16-18h,OUI,Jeudi,2020-03-26 16:00
13340,111,False,False,False,False,False,True,False,True,False,False,False,False,False,False,Jeudi-16-18h,OUI,Jeudi,2020-03-26 16:00
13341,44,False,True,False,False,False,True,False,False,False,False,False,False,False,False,Jeudi-16-18h,NON,Jeudi,2020-03-26 16:00
13342,24,False,False,False,False,True,False,False,True,False,False,False,False,False,False,Jeudi-16-18h,OUI,Jeudi,2020-03-26 16:00
13343,102,False,False,False,False,True,True,False,True,False,False,False,False,False,False,Jeudi-16-18h,NON,Jeudi,2020-03-26 16:00
13344,203,True,True,False,False,False,False,False,True,False,False,False,False,False,False,Jeudi-16-18h,NON,Jeudi,2020-03-26 16:00
13345,140,False,False,False,False,True,True,False,True,False,False,False,False,False,False,Jeudi-16-18h,NON,Jeudi,2020-03-26 16:00
13346,188,False,False,False,False,False,True,False,False,True,False,False,False,False,False,Jeudi-16-18h,NON,Jeudi,2020-03-26 16:00
13347,206,False,False,False,True,False,False,False,False,False,False,True,False,False,False,Jeudi-16-18h,NON,Jeudi,2020-03-26 16:00
13348,273,False,False,False,False,False,False,False,False,False,False,False,True,False,False,Jeudi-16-18h,OUI,Jeudi,2020-03-26 16:00
13349,69,True,False,True,False,False,False,False,False,False,False,False,False,False,False,Jeudi-16-18h,OUI,Jeudi,2020-03-26 16:00
13350,87,True,False,False,True,False,False,False,False,False,False,True,False,False,False,Jeudi-16-18h,OUI,Jeudi,2020-03-26 16:00
13351,83,True,False,True,False,False,False,False,False,False,False,False,False,False,False,Jeudi-16-18h,OUI,Jeudi,2020-03-26 16:00
13352,149,True,False,True,True,False,False,False,False,False,False,False,False,False,False,Jeudi-16-18h,NON,Jeudi,2020-03-26 16:00
13353,274,False,False,False,False,False,True,False,False,False,False,False,False,False,False,Jeudi-16-18h,NON,Jeudi,2020-03-26 16:00
13354,282,True,False,True,True,False,False,False,False,False,False,False,False,False,False,Jeudi-16-18h,OUI,Jeudi,2020-03-26 16:00
13355,147,False,False,False,False,False,False,False,False,False,False,False,False,False,False,Jeudi-16-18h,NON,Jeudi,2020-03-26 16:00
13356,238,False,False,False,False,False,False,False,False,False,False,False,True,False,False,Jeudi-16-18h,NON,Jeudi,2020-03-26 16:00
13357,201,False,False,False,False,False,False,False,False,False,False,False,False,False,False,Jeudi-16-18h,NON,Jeudi,2020-03-26 16:00
13358,152,False,True,False,False,False,False,False,False,False,False,False,False,False,False,Jeudi-16-18h,NON,Jeudi,2020-03-26 16:00
13359,222,False,False,False,False,False,True,False,False,True,True,False,False,False,False,Jeudi-16-18h,OUI,Jeudi,2020-03-26 16:00
13360,106,False,False,False,False,False,True,False,False,False,False,False,True,False,False,Jeudi-16-18h,NON,Jeudi,2020-03-26 16:00
13361,133,False,False,True,False,True,False,False,False,False,False,False,False,False,False,Jeudi-16-18h,OUI,Jeudi,2020-03-26 16:00
13362,163,False,False,False,False,True,False,False,False,False,False,False,False,False,False,Jeudi-16-18h,NON,Jeudi,2020-03-26 16:00
13363,231,False,False,False,False,False,False,False,False,False,False,False,False,False,False,Jeudi-16-18h,NON,Jeudi,2020-03-26 16:00
13364,25,False,False,False,False,True,False,False,False,False,False,False,False,False,False,Jeudi-16-18h,NON,Jeudi,2020-03-26 16:00
13365,196,False,False,True,False,True,False,False,True,False,False,False,False,False,False,Jeudi-16-18h,OUI,Jeudi,2020-03-26 16:00
13366,5,False,False,False,False,True,True,False,False,False,False,False,False,False,False,Jeudi-16-18h,OUI,Jeudi,2020-03-26 16:00
13367,90,False,True,False,False,False,False,False,False,False,False,False,False,False,False,Jeudi-16-18h,NON,Jeudi,2020-03-26 16:00
13368,244,True,False,True,False,False,False,False,False,False,False,False,False,False,False,Jeudi-16-18h,OUI,Jeudi,2020-03-26 16:00
13369,107,False,True,False,False,False,True,False,False,False,False,False,False,False,False,Jeudi-16-18h,OUI,Jeudi,2020-03-26 16:00
13370,218,False,True,False,False,True,True,False,False,False,False,False,False,False,False,Jeudi-16-18h,NON,Jeudi,2020-03-26 16:00
13371,62,False,True,True,False,True,True,False,False,False,False,False,False,False,False,Jeudi-16-18h,NON,Jeudi,2020-03-26 16:00
13372,79,False,True,False,False,False,False,False,False,False,False,False,False,False,False,Jeudi-16-18h,OUI,Jeudi,2020-03-26 16:00
13373,208,False,False,False,False,False,True,False,False,False,False,False,False,False,False,Jeudi-16-18h,OUI,Jeudi,2020-03-26 16:00
13374,270,False,False,False,False,False,False,False,False,True,False,False,False,False,False,Jeudi-16-18h,OUI,Jeudi,2020-03-26 16:00
13375,166,True,False,False,False,True,True,False,False,False,False,False,False,False,False,Jeudi-16-18h,OUI,Jeudi,2020-03-26 16:00
13376,77,False,False,True,False,True,False,False,False,False,False,False,False,False,False,Jeudi-16-18h,NON,Jeudi,2020-03-26 16:00
13377,29,False,False,False,False,False,True,False,False,False,False,False,True,False,False,Jeudi-16-18h,OUI,Jeudi,2020-03-26 16:00
13378,240,False,False,False,False,False,True,False,False,False,False,False,False,False,False,Jeudi-16-18h,NON,Jeudi,2020-03-26 16:00
13379,184,False,True,False,False,False,False,False,False,False,False,False,False,False,False,Jeudi-16-18h,OUI,Jeudi,2020-03-26 16:00
13380,277,False,True,True,False,False,True,False,False,False,False,False,False,False,False,Jeudi-16-18h,NON,Jeudi,2020-03-26 16:00
13381,80,True,False,False,False,False,True,False,False,False,True,False,False,False,False,Jeudi-16-18h,NON,Jeudi,2020-03-26 16:00
13382,185,True,True,True,False,False,True,False,False,False,False,True,False,True,False,Jeudi-16-18h,NON,Jeudi,2020-03-26 16:00
13383,204,False,False,False,False,True,True,False,False,False,False,False,True,False,False,Jeudi-16-18h,OUI,Jeudi,2020-03-26 16:00
13384,252,True,True,True,False,False,True,False,False,False,False,False,False,False,False,Jeudi-16-18h,OUI,Jeudi,2020-03-26 16:00
13385,26,False,False,False,False,True,False,False,False,False,False,False,False,False,False,Jeudi-16-18h,NON,Jeudi,2020-03-26 16:00
13386,70,False,False,False,False,True,False,False,False,False,False,False,True,False,False,Jeudi-16-18h,OUI,Jeudi,2020-03-26 16:00
13387,233,False,False,False,False,True,False,False,False,False,False,False,False,False,False,Jeudi-16-18h,OUI,Jeudi,2020-03-26 16:00
13388,37,True,True,True,False,True,True,False,False,False,False,False,False,False,False,Jeudi-16-18h,OUI,Jeudi,2020-03-26 16:00
13389,185,False,False,True,False,False,False,False,False,False,False,False,False,False,False,Jeudi-16-18h,OUI,Jeudi,2020-03-26 16:00
13390,138,True,False,False,False,True,True,False,False,False,False,False,False,False,False,Jeudi-16-18h,NON,Jeudi,2020-03-26 16:00
13391,224,True,False,True,False,False,False,False,False,False,False,False,False,False,False,Jeudi-16-18h,NON,Jeudi,2020-03-26 16:00
13392,66,False,False,False,False,True,True,False,False,False,False,False,False,True,False,Jeudi-16-18h,OUI,Jeudi,2020-03-26 16:00
13393,211,False,False,True,False,False,False,False,False,False,False,False,False,True,False,Jeudi-16-18h,NON,Jeudi,2020-03-26 16:00
13394,14,False,False,False,False,True,True,False,False,False,False,False,False,False,False,Jeudi-16-18h,NON,Jeudi,2020-03-26 16:00
13395,145,False,False,False,False,True,False,False,False,False,False,False,False,False,False,Jeudi-16-18h,NON,Jeudi,2020-03-26 16:00
13396,36,False,False,False,False,False,False,False,False,False,False,False,True,False,False,Jeudi-16-18h,OUI,Jeudi,2020-03-26 16:00
13397,60,True,True,True,False,False,True,False,False,False,False,False,False,False,False,Jeudi-16-18h,NON,Jeudi,2020-03-26 16:00
13398,137,True,True,True,False,False,True,False,False,False,False,True,False,False,False,Jeudi-16-18h,OUI,Jeudi,2020-03-26 16:00
13399,285,False,True,False,False,True,True,False,False,False,False,False,False,False,False,Jeudi-16-18h,OUI,Jeudi,2020-03-26 16:00
13400,40,False,True,True,False,True,True,False,False,False,False,False,False,False,False,Jeudi-16-18h,OUI,Jeudi,2020-03-26 16:00
13401,97,False,False,False,False,False,True,False,False,False,False,False,False,False,False,Jeudi-16-18h,NON,Jeudi,2020-03-26 16:00
13402,109,True,False,True,True,False,False,False,False,False,False,False,False,False,False,Jeudi-16-18h,NON,Jeudi,2020-03-26 16:00
13403,10,False,False,False,False,False,False,False,False,False,False,False,False,False,False,Jeudi-16-18h,NON,Jeudi,2020-03-26 16:00
13404,256,False,False,False,False,False,False,False,False,False,False,False,True,False,False,Jeudi-16-18h,NON,Jeudi,2020-03-26 16:00
13405,141,True,True,True,False,False,False,False,False,False,False,True,False,False,False,Jeudi-16-18h,NON,Jeudi,2020-03-26 16:00
13406,28,False,False,False,False,False,False,False,False,False,False,False,False,False,False,Jeudi-16-18h,NON,Jeudi,2020-03-26 16:00
13407,101,True,True,True,True,True,True,False,False,False,False,False,False,False,False,Jeudi-16-18h,OUI,Jeudi,2020-03-26 16:00
13408,48,True,False,True,False,True,False,False,False,False,False,False,False,True,False,Jeudi-16-18h,OUI,Jeudi,2020-03-26 16:00
13409,27,False,False,False,False,False,True,False,False,False,False,False,False,False,False,Jeudi-16-18h,OUI,Jeudi,2020-03-26 16:00
13410,142,True,False,True,False,False,False,False,False,False,False,True,False,True,False,Jeudi-16-18h,NON,Jeudi,2020-03-26 16:00
13411,234,False,False,True,False,False,False,False,False,False,False,True,False,False,False,Jeudi-16-18h,NON,Jeudi,2020-03-26 16:00
13412,23,False,False,False,False,True,False,False,False,False,False,False,False,False,False,Jeudi-16-18h,NON,Jeudi,2020-03-26 16:00
13413,195,False,False,False,False,True,False,False,False,True,False,False,False,False,False,Jeudi-16-18h,NON,Jeudi,2020-03-26 16:00
13414,275,False,False,False,False,False,False,False,False,False,False,False,True,False,False,Jeudi-16-18h,NON,Jeudi,2020-03-26 16:00
13415,226,False,False,False,False,True,True,False,False,False,False,False,False,False,False,Jeudi-16-18h,NON,Jeudi,2020-03-26 16:00
13416,207,False,False,True,False,False,False,False,False,False,False,False,False,False,False,Jeudi-16-18h,OUI,Jeudi,2020-03-26 16:00
13417,57,False,False,False,False,False,False,False,False,False,False,False,False,False,False,Jeudi-16-18h,NON,Jeudi,2020-03-26 16:00
13418,4,False,True,False,False,False,True,False,False,False,False,False,False,False,False,Jeudi-16-18h,NON,Jeudi,2020-03-26 16:00
13419,265,False,False,False,False,False,True,False,False,False,False,False,False,False,False,Jeudi-16-18h,OUI,Jeudi,2020-03-26 16:00
13420,88,False,True,False,False,False,False,False,False,False,False,False,False,False,False,Jeudi-16-18h,NON,Jeudi,2020-03-26 16:00
13421,198,False,False,False,False,False,False,False,False,False,False,True,False,False,False,Jeudi-16-18h,NON,Jeudi,2020-03-26 16:00
13422,249,True,True,True,False,False,False,False,False,False,False,False,False,False,False,Jeudi-16-18h,NON,Jeudi,2020-03-26 16:00
13423,263,False,False,False,False,True,True,False,False,False,False,False,False,False,False,Jeudi-16-18h,OUI,Jeudi,2020-03-26 16:00
13424,217,True,False,True,False,False,False,False,False,False,False,False,False,True,False,Jeudi-16-18h,OUI,Jeudi,2020-03-26 16:00
13425,278,False,False,False,False,True,True,False,False,False,False,False,False,False,False,Jeudi-16-18h,NON,Jeudi,2020-03-26 16:00
13426,189,False,True,False,False,False,False,False,False,False,False,False,False,False,False,Jeudi-16-18h,NON,Jeudi,2020-03-26 16:00
13427,61,True,False,True,False,False,False,False,False,False,False,False,False,False,False,Jeudi-16-18h,NON,Jeudi,2020-03-26 16:00
13428,251,False,False,False,False,False,False,False,False,False,False,False,False,True,False,Jeudi-16-18h,OUI,Jeudi,2020-03-26 16:00
13429,281,False,True,False,False,False,False,False,False,False,False,False,False,False,False,Jeudi-16-18h,NON,Jeudi,2020-03-26 16:00
13430,134,False,True,False,False,False,False,False,False,False,False,False,False,False,False,Jeudi-16-18h,NON,Jeudi,2020-03-26 16:00
13431,293,False,True,False,False,False,True,False,False,False,False,False,False,False,False,Jeudi-16-18h,OUI,Jeudi,2020-03-26 16:00
13432,279,True,True,True,True,False,True,False,False,False,False,False,False,False,False,Jeudi-16-18h,OUI,Jeudi,2020-03-26 16:00
13433,81,True,False,True,True,False,False,False,True,False,False,False,False,False,False,Jeudi-16-18h,OUI,Jeudi,2020-03-26 16:00
13434,92,True,False,False,True,False,False,False,False,False,False,True,False,False,False,Jeudi-16-18h,NON,Jeudi,2020-03-26 16:00
13435,147,False,False,False,False,False,False,False,False,False,False,False,False,False,False,Jeudi-16-18h,NON,Jeudi,2020-03-26 16:00
13436,33,False,True,False,False,True,False,False,False,False,False,False,False,False,False,Jeudi-16-18h,NON,Jeudi,2020-03-26 16:00
13437,266,False,False,False,False,False,False,False,False,False,False,False,False,False,False,Jeudi-16-18h,NON,Jeudi,2020-03-26 16:00
13438,225,True,False,False,False,False,True,False,False,False,False,False,False,False,False,Jeudi-16-18h,NON,Jeudi,2020-03-26 16:00
13439,83,True,False,True,False,False,False,False,False,False,False,False,False,False,False,Jeudi-16-18h,OUI,Jeudi,2020-03-26 16:00
13440,95,False,False,False,False,True,True,False,True,False,False,False,False,False,False,Jeudi-16-18h,NON,Jeudi,2020-03-26 16:00
13441,127,False,False,False,False,True,False,False,False,False,False,False,False,False,False,Jeudi-16-18h,OUI,Jeudi,2020-03-26 16:00
13442,20,False,False,False,False,False,False,False,False,False,False,False,False,False,False,Jeudi-16-18h,NON,Jeudi,2020-03-26 16:00
13443,89,False,False,False,False,False,False,False,False,True,False,False,False,False,False,Jeudi-16-18h,OUI,Jeudi,2020-03-26 16:00
13444,120,False,True,True,False,True,True,False,True,False,False,True,False,False,False,Jeudi-16-18h,NON,Jeudi,2020-03-26 16:00
13445,253,False,False,False,False,True,True,False,False,False,False,False,True,False,False,Jeudi-16-18h,NON,Jeudi,2020-03-26 16:00
13446,52,False,False,True,False,False,False,False,False,False,False,False,False,False,False,Jeudi-16-18h,OUI,Jeudi,2020-03-26 16:00
13447,168,True,False,True,False,False,False,False,True,False,False,False,False,False,False,Jeudi-16-18h,NON,Jeudi,2020-03-26 16:00
13448,202,False,True,False,False,False,False,False,False,False,False,False,False,False,False,Jeudi-16-18h,NON,Jeudi,2020-03-26 16:00
13449,172,False,False,False,False,True,False,False,False,False,False,False,False,False,False,Jeudi-16-18h,OUI,Jeudi,2020-03-26 16:00
13450,239,False,False,False,False,True,True,False,False,False,False,False,False,False,False,Jeudi-16-18h,OUI,Jeudi,2020-03-26 16:00
13451,85,False,False,False,False,True,False,False,False,False,False,False,False,False,False,Jeudi-16-18h,NON,Jeudi,2020-03-26 16:00
13452,215,False,False,False,False,False,False,False,False,True,False,False,False,False,False,Jeudi-16-18h,OUI,Jeudi,2020-03-26 16:00
13453,260,True,False,True,False,False,False,False,False,False,False,False,False,False,False,Jeudi-16-18h,NON,Jeudi,2020-03-26 16:00
13454,286,True,True,False,False,True,False,False,False,False,False,False,False,False,False,Jeudi-16-18h,NON,Jeudi,2020-03-26 16:00
13455,72,False,True,False,False,False,False,False,False,False,False,False,False,False,False,Jeudi-18-20h,OUI,Jeudi,2020-03-26 18:00
13456,167,True,True,True,True,True,True,False,False,False,False,False,False,False,False,Jeudi-18-20h,OUI,Jeudi,2020-03-26 18:00
13457,130,True,False,True,False,False,False,False,True,False,False,False,False,True,True,Jeudi-18-20h,NON,Jeudi,2020-03-26 18:00
13458,288,True,True,True,False,True,False,False,False,False,False,False,False,False,False,Jeudi-18-20h,OUI,Jeudi,2020-03-26 18:00
13459,59,False,False,False,False,False,True,False,False,False,False,False,False,False,False,Jeudi-18-20h,OUI,Jeudi,2020-03-26 18:00
13460,178,True,False,False,False,False,False,False,False,False,False,True,False,False,False,Jeudi-18-20h,NON,Jeudi,2020-03-26 18:00
13461,254,False,False,False,False,False,False,False,False,False,False,False,True,False,False,Jeudi-18-20h,NON,Jeudi,2020-03-26 18:00
13462,34,False,False,False,False,False,False,False,False,False,False,False,False,False,False,Jeudi-18-20h,NON,Jeudi,2020-03-26 18:00
13463,264,False,False,False,False,True,True,True,False,False,False,False,False,False,False,Jeudi-18-20h,OUI,Jeudi,2020-03-26 18:00
13464,158,True,False,False,False,True,False,False,False,False,True,False,False,False,False,Jeudi-18-20h,OUI,Jeudi,2020-03-26 18:00
13465,210,False,True,False,False,True,True,False,False,False,False,False,False,False,False,Jeudi-18-20h,OUI,Jeudi,2020-03-26 18:00
13466,93,False,False,False,False,True,False,False,False,False,False,False,False,True,False,Jeudi-18-20h,OUI,Jeudi,2020-03-26 18:00
13467,144,True,False,True,False,True,False,False,False,False,False,False,False,False,False,Jeudi-18-20h,OUI,Jeudi,2020-03-26 18:00
13468,164,False,True,False,False,True,True,False,False,False,False,False,False,False,False,Jeudi-18-20h,OUI,Jeudi,2020-03-26 18:00
13469,289,False,False,False,False,True,True,False,False,False,False,False,False,False,False,Jeudi-18-20h,NON,Jeudi,2020-03-26 18:00
13470,50,False,False,False,False,False,False,False,False,False,False,False,False,False,False,Jeudi-18-20h,NON,Jeudi,2020-03-26 18:00
13471,51,True,True,False,False,True,False,False,False,False,False,False,False,False,False,Jeudi-18-20h,OUI,Jeudi,2020-03-26 18:00
13472,247,False,False,True,False,False,False,False,False,False,False,False,False,False,False,Jeudi-18-20h,NON,Jeudi,2020-03-26 18:00
13473,159,False,False,False,False,False,False,False,True,False,False,False,False,False,False,Jeudi-18-20h,NON,Jeudi,2020-03-26 18:00
13474,54,False,False,False,False,False,True,False,False,False,False,False,False,False,False,Jeudi-18-20h,NON,Jeudi,2020-03-26 18:00
13475,55,True,False,False,False,True,True,False,True,False,False,False,False,False,False,Jeudi-18-20h,OUI,Jeudi,2020-03-26 18:00
13476,257,False,False,False,False,True,False,False,False,False,False,False,False,False,False,Jeudi-18-20h,OUI,Jeudi,2020-03-26 18:00
13477,67,False,False,False,False,False,False,False,False,False,False,False,False,False,False,Jeudi-18-20h,NON,Jeudi,2020-03-26 18:00
13478,71,True,False,True,False,False,False,False,False,False,False,False,False,False,False,Jeudi-18-20h,OUI,Jeudi,2020-03-26 18:00
13479,280,False,False,False,False,False,True,False,False,False,False,False,False,False,False,Jeudi-18-20h,OUI,Jeudi,2020-03-26 18:00
13480,283,True,True,False,False,False,False,False,False,False,False,False,False,False,False,Jeudi-18-20h,OUI,Jeudi,2020-03-26 18:00
13481,154,False,False,False,False,True,True,False,False,False,False,False,True,False,False,Jeudi-18-20h,NON,Jeudi,2020-03-26 18:00
13482,171,False,False,False,False,False,False,False,False,False,False,False,True,False,False,Jeudi-18-20h,OUI,Jeudi,2020-03-26 18:00
13483,131,False,False,True,False,False,False,False,False,False,False,False,False,False,False,Jeudi-18-20h,NON,Jeudi,2020-03-26 18:00
13484,237,True,False,False,False,False,True,True,False,False,False,False,False,True,False,Jeudi-18-20h,OUI,Jeudi,2020-03-26 18:00
13485,75,False,False,False,False,True,True,False,False,False,False,False,False,False,False,Jeudi-18-20h,NON,Jeudi,2020-03-26 18:00
13486,235,True,False,False,False,True,False,False,False,False,False,False,False,False,False,Jeudi-18-20h,OUI,Jeudi,2020-03-26 18:00
13487,180,False,False,False,False,True,True,False,False,False,False,False,False,False,False,Jeudi-18-20h,OUI,Jeudi,2020-03-26 18:00
13488,219,False,False,False,False,False,True,False,False,False,False,False,False,False,False,Jeudi-18-20h,NON,Jeudi,2020-03-26 18:00
13489,250,False,False,False,False,False,False,False,False,True,False,False,False,False,False,Jeudi-18-20h,NON,Jeudi,2020-03-26 18:00
13490,267,True,True,False,False,False,False,False,False,False,False,False,False,False,False,Jeudi-18-20h,OUI,Jeudi,2020-03-26 18:00
13491,160,False,True,False,False,False,True,False,False,False,False,False,False,False,False,Jeudi-18-20h,NON,Jeudi,2020-03-26 18:00
13492,182,False,True,False,False,True,True,True,False,False,False,False,False,False,False,Jeudi-18-20h,OUI,Jeudi,2020-03-26 18:00
13493,143,False,False,False,False,False,False,False,True,False,False,True,False,False,False,Jeudi-18-20h,OUI,Jeudi,2020-03-26 18:00
13494,223,True,True,False,False,False,False,False,False,False,False,False,False,False,False,Jeudi-18-20h,OUI,Jeudi,2020-03-26 18:00
13495,192,True,False,True,False,False,False,False,False,False,False,False,False,False,False,Jeudi-18-20h,NON,Jeudi,2020-03-26 18:00
13496,30,False,False,True,False,False,False,False,True,False,False,False,False,False,False,Jeudi-18-20h,OUI,Jeudi,2020-03-26 18:00
13497,125,True,False,False,False,True,False,False,True,False,False,False,False,False,False,Jeudi-18-20h,NON,Jeudi,2020-03-26 18:00
13498,39,False,False,True,False,True,False,False,True,False,False,False,False,False,False,Jeudi-18-20h,OUI,Jeudi,2020-03-26 18:00
13499,113,True,False,True,False,False,False,False,False,False,False,False,False,False,False,Jeudi-18-20h,OUI,Jeudi,2020-03-26 18:00
13500,121,True,False,True,False,False,False,False,True,False,False,False,False,False,False,Jeudi-18-20h,OUI,Jeudi,2020-03-26 18:00
13501,228,False,False,False,False,False,False,False,False,False,False,True,False,False,False,Jeudi-18-20h,OUI,Jeudi,2020-03-26 18:00
13502,290,False,False,False,False,False,False,False,False,True,False,False,False,False,False,Jeudi-18-20h,NON,Jeudi,2020-03-26 18:00
13503,197,False,False,True,False,True,False,False,False,False,False,False,False,False,False,Jeudi-18-20h,NON,Jeudi,2020-03-26 18:00
13504,31,True,True,True,False,False,True,False,False,False,False,False,False,False,False,Jeudi-18-20h,NON,Jeudi,2020-03-26 18:00
13505,173,True,False,False,False,True,True,False,True,False,False,False,False,False,False,Jeudi-18-20h,OUI,Jeudi,2020-03-26 18:00
13506,74,True,False,False,True,False,False,False,True,False,False,True,False,False,False,Jeudi-18-20h,NON,Jeudi,2020-03-26 18:00
13507,15,False,False,True,False,False,False,False,False,False,False,False,False,False,False,Jeudi-18-20h,OUI,Jeudi,2020-03-26 18:00
13508,45,True,False,False,False,True,True,False,True,False,False,False,False,False,False,Jeudi-18-20h,OUI,Jeudi,2020-03-26 18:00
13509,63,False,False,True,False,False,False,False,False,False,False,False,False,False,False,Jeudi-18-20h,OUI,Jeudi,2020-03-26 18:00
13510,3,False,False,False,False,False,True,False,False,False,False,False,True,False,False,Jeudi-18-20h,OUI,Jeudi,2020-03-26 18:00
13511,21,True,False,True,False,False,False,False,False,False,False,False,False,False,False,Jeudi-18-20h,OUI,Jeudi,2020-03-26 18:00
13512,78,False,True,True,False,True,True,False,True,False,False,False,False,False,False,Jeudi-18-20h,NON,Jeudi,2020-03-26 18:00
13513,47,False,True,False,False,False,False,False,False,False,False,False,False,False,False,Jeudi-18-20h,OUI,Jeudi,2020-03-26 18:00
13514,151,True,True,False,False,True,False,False,True,False,False,False,False,False,False,Jeudi-18-20h,OUI,Jeudi,2020-03-26 18:00
13515,6,True,False,True,False,False,False,False,False,False,False,False,False,False,False,Jeudi-18-20h,OUI,Jeudi,2020-03-26 18:00
13516,135,True,False,True,False,False,False,False,False,False,False,False,False,True,False,Jeudi-18-20h,NON,Jeudi,2020-03-26 18:00
13517,221,False,False,False,False,True,True,False,False,False,False,False,False,False,False,Jeudi-18-20h,OUI,Jeudi,2020-03-26 18:00
13518,170,False,False,True,False,False,False,False,False,False,False,True,False,False,True,Jeudi-18-20h,NON,Jeudi,2020-03-26 18:00
13519,129,False,True,False,False,False,False,False,False,False,False,False,False,False,False,Jeudi-18-20h,OUI,Jeudi,2020-03-26 18:00
13520,132,True,True,True,False,False,True,False,False,False,False,False,False,False,False,Jeudi-18-20h,OUI,Jeudi,2020-03-26 18:00
13521,110,False,True,False,False,False,False,False,False,False,False,False,False,False,False,Jeudi-18-20h,OUI,Jeudi,2020-03-26 18:00
13522,191,False,False,False,False,False,True,False,False,False,False,False,False,False,False,Jeudi-18-20h,OUI,Jeudi,2020-03-26 18:00
13523,94,True,True,True,False,False,True,False,False,False,False,True,False,True,False,Jeudi-18-20h,OUI,Jeudi,2020-03-26 18:00
13524,108,False,False,False,False,False,True,True,False,False,False,False,False,False,False,Jeudi-18-20h,OUI,Jeudi,2020-03-26 18:00
13525,236,False,False,False,False,True,True,False,False,False,False,False,False,False,False,Jeudi-18-20h,OUI,Jeudi,2020-03-26 18:00
13526,42,True,False,True,False,True,False,False,False,False,False,False,False,False,False,Jeudi-18-20h,OUI,Jeudi,2020-03-26 18:00
13527,155,True,False,False,False,True,False,False,False,False,False,False,False,False,False,Jeudi-18-20h,OUI,Jeudi,2020-03-26 18:00
13528,1,False,False,False,False,False,False,False,False,False,False,False,False,False,False,Jeudi-18-20h,NON,Jeudi,2020-03-26 18:00
13529,58,False,True,True,False,False,True,False,False,False,False,True,False,False,False,Jeudi-18-20h,OUI,Jeudi,2020-03-26 18:00
13530,0,False,True,False,False,False,False,False,False,False,False,False,False,False,False,Jeudi-18-20h,OUI,Jeudi,2020-03-26 18:00
13531,269,False,False,False,False,False,False,False,False,False,False,False,False,False,False,Jeudi-18-20h,NON,Jeudi,2020-03-26 18:00
13532,2,True,False,True,False,False,False,False,False,False,False,False,False,False,False,Jeudi-18-20h,NON,Jeudi,2020-03-26 18:00
13533,103,False,False,False,False,True,False,False,False,False,False,False,False,False,False,Jeudi-18-20h,OUI,Jeudi,2020-03-26 18:00
13534,12,False,True,False,False,True,False,False,False,False,False,False,False,False,False,Jeudi-18-20h,OUI,Jeudi,2020-03-26 18:00
13535,245,True,False,False,False,True,True,False,True,False,False,False,False,False,False,Jeudi-18-20h,NON,Jeudi,2020-03-26 18:00
13536,161,False,False,True,False,False,False,False,False,False,False,True,False,False,False,Jeudi-18-20h,NON,Jeudi,2020-03-26 18:00
13537,38,False,False,False,False,False,False,False,False,True,False,False,False,False,False,Jeudi-18-20h,OUI,Jeudi,2020-03-26 18:00
13538,122,False,False,False,False,False,False,False,False,False,False,False,False,False,False,Jeudi-18-20h,NON,Jeudi,2020-03-26 18:00
13539,248,False,False,True,False,False,False,False,False,False,False,False,False,True,False,Jeudi-18-20h,NON,Jeudi,2020-03-26 18:00
13540,271,False,True,True,False,False,True,False,False,False,False,False,False,False,False,Jeudi-18-20h,OUI,Jeudi,2020-03-26 18:00
13541,116,False,False,True,False,False,False,False,False,False,False,False,False,False,False,Jeudi-18-20h,OUI,Jeudi,2020-03-26 18:00
13542,117,True,True,True,True,False,True,False,False,False,False,False,False,False,False,Jeudi-18-20h,OUI,Jeudi,2020-03-26 18:00
13543,213,False,False,False,False,True,True,False,True,False,False,False,False,False,False,Jeudi-18-20h,NON,Jeudi,2020-03-26 18:00
13544,220,False,True,True,False,False,True,False,False,False,False,False,False,False,False,Jeudi-18-20h,OUI,Jeudi,2020-03-26 18:00
13545,176,False,False,True,False,False,False,False,False,False,False,False,False,False,False,Jeudi-18-20h,OUI,Jeudi,2020-03-26 18:00
13546,96,False,False,False,False,True,True,False,False,False,True,False,False,False,False,Jeudi-18-20h,NON,Jeudi,2020-03-26 18:00
13547,214,False,False,False,False,True,True,False,False,False,True,False,False,False,False,Jeudi-18-20h,OUI,Jeudi,2020-03-26 18:00
13548,11,True,False,False,True,False,False,False,False,False,False,True,False,False,False,Jeudi-18-20h,OUI,Jeudi,2020-03-26 18:00
13549,255,True,False,True,False,False,False,False,True,False,False,False,False,False,False,Jeudi-18-20h,OUI,Jeudi,2020-03-26 18:00
13550,86,False,False,True,False,False,False,False,False,False,False,False,False,False,False,Jeudi-18-20h,OUI,Jeudi,2020-03-26 18:00
13551,209,True,False,False,False,True,True,False,True,False,False,False,False,False,False,Jeudi-18-20h,OUI,Jeudi,2020-03-26 18:00
13552,291,False,False,False,False,False,True,False,False,True,False,False,False,False,False,Jeudi-18-20h,OUI,Jeudi,2020-03-26 18:00
13553,287,False,False,False,False,False,False,False,False,False,False,False,True,False,False,Jeudi-18-20h,NON,Jeudi,2020-03-26 18:00
13554,104,False,False,False,False,True,True,False,False,False,False,False,False,False,False,Jeudi-18-20h,OUI,Jeudi,2020-03-26 18:00
13555,18,False,False,False,False,True,False,False,False,False,False,False,False,False,False,Jeudi-18-20h,OUI,Jeudi,2020-03-26 18:00
13556,123,False,True,False,False,True,True,False,False,False,False,False,False,False,False,Jeudi-18-20h,OUI,Jeudi,2020-03-26 18:00
13557,136,False,False,False,False,True,False,False,False,False,False,False,False,False,False,Jeudi-18-20h,OUI,Jeudi,2020-03-26 18:00
13558,276,True,False,True,False,False,False,False,False,False,False,False,False,False,False,Jeudi-18-20h,NON,Jeudi,2020-03-26 18:00
13559,53,False,False,False,False,True,True,False,False,False,False,False,False,False,False,Jeudi-18-20h,OUI,Jeudi,2020-03-26 18:00
13560,179,True,False,True,False,False,False,False,False,False,False,False,False,False,False,Jeudi-18-20h,OUI,Jeudi,2020-03-26 18:00
13561,200,False,False,False,False,False,False,False,False,False,False,False,False,False,False,Jeudi-18-20h,NON,Jeudi,2020-03-26 18:00
13562,73,False,False,False,False,False,False,False,False,False,False,False,False,False,False,Jeudi-18-20h,NON,Jeudi,2020-03-26 18:00
13563,156,False,False,False,False,True,True,False,False,False,False,False,False,False,False,Jeudi-18-20h,OUI,Jeudi,2020-03-26 18:00
13564,128,True,True,True,False,False,True,False,False,False,False,False,False,False,False,Jeudi-18-20h,OUI,Jeudi,2020-03-26 18:00
13565,118,False,False,False,False,False,False,False,False,False,False,False,False,False,False,Jeudi-18-20h,NON,Jeudi,2020-03-26 18:00
13566,112,True,False,True,False,False,False,False,False,False,False,False,False,False,False,Jeudi-18-20h,NON,Jeudi,2020-03-26 18:00
13567,35,False,False,False,False,True,True,False,False,False,False,False,False,False,False,Jeudi-18-20h,NON,Jeudi,2020-03-26 18:00
13568,32,False,False,False,False,False,False,False,False,False,False,False,True,False,False,Jeudi-18-20h,NON,Jeudi,2020-03-26 18:00
13569,199,True,False,True,False,False,False,False,False,False,False,False,False,False,False,Jeudi-18-20h,OUI,Jeudi,2020-03-26 18:00
13570,153,True,False,False,False,True,True,False,False,False,False,False,False,False,False,Jeudi-18-20h,OUI,Jeudi,2020-03-26 18:00
13571,82,False,False,True,False,False,False,False,False,False,False,False,False,False,False,Jeudi-18-20h,OUI,Jeudi,2020-03-26 18:00
13572,292,False,True,False,False,False,False,False,False,False,False,False,False,False,False,Jeudi-18-20h,OUI,Jeudi,2020-03-26 18:00
13573,169,False,False,False,True,False,False,False,False,False,False,False,False,False,False,Jeudi-18-20h,NON,Jeudi,2020-03-26 18:00
13574,16,False,False,False,False,True,True,False,False,False,False,False,False,False,False,Jeudi-18-20h,OUI,Jeudi,2020-03-26 18:00
13575,46,True,True,True,False,False,True,True,False,False,False,False,False,False,False,Jeudi-18-20h,OUI,Jeudi,2020-03-26 18:00
13576,216,False,True,False,False,False,True,False,False,False,False,False,False,False,False,Jeudi-18-20h,OUI,Jeudi,2020-03-26 18:00
13577,174,False,True,True,False,False,True,False,False,False,False,True,False,False,False,Jeudi-18-20h,OUI,Jeudi,2020-03-26 18:00
13578,43,False,False,False,False,True,False,False,False,False,False,False,False,False,False,Jeudi-18-20h,NON,Jeudi,2020-03-26 18:00
13579,165,False,False,False,False,True,True,False,False,False,False,False,False,False,False,Jeudi-18-20h,NON,Jeudi,2020-03-26 18:00
13580,126,False,True,False,False,False,True,False,False,False,False,False,False,False,False,Jeudi-18-20h,OUI,Jeudi,2020-03-26 18:00
13581,41,False,False,False,False,False,True,False,False,True,False,False,False,False,False,Jeudi-18-20h,NON,Jeudi,2020-03-26 18:00
13582,157,False,False,True,False,False,False,False,False,False,False,False,False,False,False,Jeudi-18-20h,NON,Jeudi,2020-03-26 18:00
13583,272,False,True,True,False,False,False,True,False,False,False,True,False,True,True,Jeudi-18-20h,OUI,Jeudi,2020-03-26 18:00
13584,115,True,False,True,False,False,False,False,False,False,False,False,False,False,False,Jeudi-18-20h,NON,Jeudi,2020-03-26 18:00
13585,84,False,False,False,False,False,False,False,False,False,False,False,True,False,False,Jeudi-18-20h,NON,Jeudi,2020-03-26 18:00
13586,183,True,True,True,True,False,False,False,False,False,False,False,False,False,False,Jeudi-18-20h,OUI,Jeudi,2020-03-26 18:00
13587,65,True,True,False,False,False,True,False,False,False,False,False,False,False,False,Jeudi-18-20h,OUI,Jeudi,2020-03-26 18:00
13588,105,True,False,False,False,False,False,False,False,False,False,False,False,False,False,Jeudi-18-20h,OUI,Jeudi,2020-03-26 18:00
13589,187,True,False,False,False,False,True,False,False,False,False,False,False,False,False,Jeudi-18-20h,NON,Jeudi,2020-03-26 18:00
13590,139,True,False,True,False,False,False,False,False,False,False,False,False,False,False,Jeudi-18-20h,OUI,Jeudi,2020-03-26 18:00
13591,259,False,False,False,False,True,True,False,False,False,False,False,False,False,False,Jeudi-18-20h,OUI,Jeudi,2020-03-26 18:00
13592,124,True,False,True,False,False,False,False,False,False,False,True,False,False,False,Jeudi-18-20h,OUI,Jeudi,2020-03-26 18:00
13593,98,False,False,False,False,False,True,False,False,False,False,False,True,False,False,Jeudi-18-20h,OUI,Jeudi,2020-03-26 18:00
13594,284,False,True,True,False,False,True,False,False,False,False,False,False,True,False,Jeudi-18-20h,OUI,Jeudi,2020-03-26 18:00
13595,148,True,False,True,False,True,False,False,True,False,False,False,False,False,False,Jeudi-18-20h,OUI,Jeudi,2020-03-26 18:00
13596,258,True,False,True,False,False,False,False,False,False,False,False,False,False,False,Jeudi-18-20h,OUI,Jeudi,2020-03-26 18:00
13597,175,False,False,False,False,False,True,False,False,False,False,False,False,False,False,Jeudi-18-20h,NON,Jeudi,2020-03-26 18:00
13598,119,False,False,False,False,False,False,False,False,False,False,True,False,False,False,Jeudi-18-20h,NON,Jeudi,2020-03-26 18:00
13599,229,True,False,True,False,False,False,False,True,False,False,False,False,False,False,Jeudi-18-20h,OUI,Jeudi,2020-03-26 18:00
13600,230,False,False,False,False,False,True,True,False,False,False,False,False,False,False,Jeudi-18-20h,OUI,Jeudi,2020-03-26 18:00
13601,17,True,False,False,False,False,True,True,False,False,False,False,False,False,False,Jeudi-18-20h,OUI,Jeudi,2020-03-26 18:00
13602,177,False,False,False,False,False,False,False,False,False,False,False,False,False,False,Jeudi-18-20h,NON,Jeudi,2020-03-26 18:00
13603,7,False,False,False,False,False,False,False,False,False,False,False,False,False,False,Jeudi-18-20h,NON,Jeudi,2020-03-26 18:00
13604,241,False,False,True,False,False,False,False,False,False,False,False,False,False,False,Jeudi-18-20h,OUI,Jeudi,2020-03-26 18:00
13605,8,True,False,False,False,True,True,False,True,False,False,False,False,False,False,Jeudi-18-20h,OUI,Jeudi,2020-03-26 18:00
13606,268,False,True,False,False,False,True,False,False,False,False,False,False,False,False,Jeudi-18-20h,OUI,Jeudi,2020-03-26 18:00
13607,294,False,False,True,False,True,False,False,False,False,False,False,False,False,False,Jeudi-18-20h,OUI,Jeudi,2020-03-26 18:00
13608,242,True,False,False,False,True,True,False,False,False,False,False,False,False,False,Jeudi-18-20h,NON,Jeudi,2020-03-26 18:00
13609,194,False,False,False,False,False,True,False,False,False,False,False,False,False,False,Jeudi-18-20h,NON,Jeudi,2020-03-26 18:00
13610,243,False,False,False,False,True,True,False,False,False,False,False,False,False,False,Jeudi-18-20h,OUI,Jeudi,2020-03-26 18:00
13611,212,True,True,True,False,False,True,False,False,False,False,False,False,False,False,Jeudi-18-20h,OUI,Jeudi,2020-03-26 18:00
13612,19,False,False,False,False,False,True,False,False,False,False,False,False,False,False,Jeudi-18-20h,OUI,Jeudi,2020-03-26 18:00
13613,114,False,False,False,False,True,False,False,False,False,False,False,False,False,False,Jeudi-18-20h,OUI,Jeudi,2020-03-26 18:00
13614,190,False,False,False,False,False,True,False,False,True,False,False,False,False,False,Jeudi-18-20h,NON,Jeudi,2020-03-26 18:00
13615,64,False,False,True,False,False,False,False,False,False,False,False,False,False,False,Jeudi-18-20h,OUI,Jeudi,2020-03-26 18:00
13616,227,False,False,False,False,False,False,False,False,False,False,False,False,False,False,Jeudi-18-20h,NON,Jeudi,2020-03-26 18:00
13617,232,False,False,False,False,False,True,False,False,False,False,False,False,False,False,Jeudi-18-20h,OUI,Jeudi,2020-03-26 18:00
13618,246,False,True,False,False,False,True,True,False,False,False,False,False,False,False,Jeudi-18-20h,OUI,Jeudi,2020-03-26 18:00
13619,100,False,False,False,False,False,True,False,False,False,False,False,False,False,False,Jeudi-18-20h,NON,Jeudi,2020-03-26 18:00
13620,13,False,False,False,False,True,False,False,False,False,False,False,False,False,False,Jeudi-18-20h,OUI,Jeudi,2020-03-26 18:00
13621,262,True,True,True,False,False,False,False,False,False,False,False,False,False,False,Jeudi-18-20h,OUI,Jeudi,2020-03-26 18:00
13622,76,True,True,True,False,False,True,False,False,False,False,True,False,False,False,Jeudi-18-20h,OUI,Jeudi,2020-03-26 18:00
13623,261,False,True,False,False,True,False,False,False,False,False,False,False,False,False,Jeudi-18-20h,OUI,Jeudi,2020-03-26 18:00
13624,150,False,True,False,False,False,False,False,False,False,False,False,False,False,False,Jeudi-18-20h,OUI,Jeudi,2020-03-26 18:00
13625,205,False,False,False,False,False,False,False,False,False,False,False,False,False,False,Jeudi-18-20h,NON,Jeudi,2020-03-26 18:00
13626,56,False,False,False,False,True,True,False,False,False,False,False,False,False,False,Jeudi-18-20h,OUI,Jeudi,2020-03-26 18:00
13627,186,False,False,False,False,True,False,False,False,False,False,False,False,False,False,Jeudi-18-20h,OUI,Jeudi,2020-03-26 18:00
13628,162,True,False,False,False,True,True,False,False,False,False,False,False,False,False,Jeudi-18-20h,OUI,Jeudi,2020-03-26 18:00
13629,68,False,True,False,False,True,True,False,False,False,False,False,False,False,False,Jeudi-18-20h,OUI,Jeudi,2020-03-26 18:00
13630,146,False,False,False,False,False,True,False,False,False,False,False,True,False,False,Jeudi-18-20h,OUI,Jeudi,2020-03-26 18:00
13631,49,False,False,False,False,False,False,False,False,False,False,False,False,True,False,Jeudi-18-20h,NON,Jeudi,2020-03-26 18:00
13632,91,True,False,True,True,False,False,False,False,False,False,False,False,False,False,Jeudi-18-20h,OUI,Jeudi,2020-03-26 18:00
13633,22,False,False,False,False,False,False,False,False,False,True,False,False,False,False,Jeudi-18-20h,NON,Jeudi,2020-03-26 18:00
13634,151,False,False,False,False,True,False,False,False,False,False,False,False,False,False,Jeudi-18-20h,OUI,Jeudi,2020-03-26 18:00
13635,193,False,False,False,False,True,True,False,False,False,False,False,False,False,False,Jeudi-18-20h,OUI,Jeudi,2020-03-26 18:00
13636,9,True,True,False,False,False,False,False,False,False,False,False,False,False,False,Jeudi-18-20h,OUI,Jeudi,2020-03-26 18:00
13637,99,True,False,True,False,False,False,False,False,False,False,False,False,False,False,Jeudi-18-20h,NON,Jeudi,2020-03-26 18:00
13638,181,False,False,False,False,True,True,False,False,False,False,False,False,False,False,Jeudi-18-20h,OUI,Jeudi,2020-03-26 18:00
13639,111,False,False,False,False,False,True,False,True,False,False,False,False,False,False,Jeudi-18-20h,OUI,Jeudi,2020-03-26 18:00
13640,44,False,True,False,False,False,True,False,False,False,False,False,False,False,False,Jeudi-18-20h,NON,Jeudi,2020-03-26 18:00
13641,24,False,False,False,False,True,False,False,True,False,False,False,False,False,False,Jeudi-18-20h,OUI,Jeudi,2020-03-26 18:00
13642,102,False,False,False,False,True,True,False,True,False,False,False,False,False,False,Jeudi-18-20h,OUI,Jeudi,2020-03-26 18:00
13643,203,True,True,False,False,False,False,False,True,False,False,False,False,False,False,Jeudi-18-20h,NON,Jeudi,2020-03-26 18:00
13644,140,False,False,False,False,True,True,False,True,False,False,False,False,False,False,Jeudi-18-20h,NON,Jeudi,2020-03-26 18:00
13645,188,False,False,False,False,False,True,False,False,True,False,False,False,False,False,Jeudi-18-20h,NON,Jeudi,2020-03-26 18:00
13646,206,False,False,False,True,False,False,False,False,False,False,True,False,False,False,Jeudi-18-20h,NON,Jeudi,2020-03-26 18:00
13647,273,False,False,False,False,False,False,False,False,False,False,False,True,False,False,Jeudi-18-20h,OUI,Jeudi,2020-03-26 18:00
13648,69,True,False,True,False,False,False,False,False,False,False,False,False,False,False,Jeudi-18-20h,OUI,Jeudi,2020-03-26 18:00
13649,87,True,False,False,True,False,False,False,False,False,False,True,False,False,False,Jeudi-18-20h,OUI,Jeudi,2020-03-26 18:00
13650,83,True,False,True,False,False,False,False,False,False,False,False,False,False,False,Jeudi-18-20h,OUI,Jeudi,2020-03-26 18:00
13651,149,True,False,True,True,False,False,False,False,False,False,False,False,False,False,Jeudi-18-20h,OUI,Jeudi,2020-03-26 18:00
13652,274,False,False,False,False,False,True,False,False,False,False,False,False,False,False,Jeudi-18-20h,OUI,Jeudi,2020-03-26 18:00
13653,282,True,False,True,True,False,False,False,False,False,False,False,False,False,False,Jeudi-18-20h,OUI,Jeudi,2020-03-26 18:00
13654,147,False,False,False,False,False,False,False,False,False,False,False,False,False,False,Jeudi-18-20h,NON,Jeudi,2020-03-26 18:00
13655,238,False,False,False,False,False,False,False,False,False,False,False,True,False,False,Jeudi-18-20h,OUI,Jeudi,2020-03-26 18:00
13656,201,False,False,False,False,False,False,False,False,False,False,False,False,False,False,Jeudi-18-20h,NON,Jeudi,2020-03-26 18:00
13657,152,False,True,False,False,False,False,False,False,False,False,False,False,False,False,Jeudi-18-20h,NON,Jeudi,2020-03-26 18:00
13658,222,False,False,False,False,False,True,False,False,True,True,False,False,False,False,Jeudi-18-20h,OUI,Jeudi,2020-03-26 18:00
13659,106,False,False,False,False,False,True,False,False,False,False,False,True,False,False,Jeudi-18-20h,OUI,Jeudi,2020-03-26 18:00
13660,133,False,False,True,False,True,False,False,False,False,False,False,False,False,False,Jeudi-18-20h,OUI,Jeudi,2020-03-26 18:00
13661,163,False,False,False,False,True,False,False,False,False,False,False,False,False,False,Jeudi-18-20h,NON,Jeudi,2020-03-26 18:00
13662,231,False,False,False,False,False,False,False,False,False,False,False,False,False,False,Jeudi-18-20h,NON,Jeudi,2020-03-26 18:00
13663,25,False,False,False,False,True,False,False,False,False,False,False,False,False,False,Jeudi-18-20h,NON,Jeudi,2020-03-26 18:00
13664,196,False,False,True,False,True,False,False,True,False,False,False,False,False,False,Jeudi-18-20h,OUI,Jeudi,2020-03-26 18:00
13665,5,False,False,False,False,True,True,False,False,False,False,False,False,False,False,Jeudi-18-20h,OUI,Jeudi,2020-03-26 18:00
13666,90,False,True,False,False,False,False,False,False,False,False,False,False,False,False,Jeudi-18-20h,NON,Jeudi,2020-03-26 18:00
13667,244,True,False,True,False,False,False,False,False,False,False,False,False,False,False,Jeudi-18-20h,OUI,Jeudi,2020-03-26 18:00
13668,107,False,True,False,False,False,True,False,False,False,False,False,False,False,False,Jeudi-18-20h,OUI,Jeudi,2020-03-26 18:00
13669,218,False,True,False,False,True,True,False,False,False,False,False,False,False,False,Jeudi-18-20h,OUI,Jeudi,2020-03-26 18:00
13670,62,False,True,True,False,True,True,False,False,False,False,False,False,False,False,Jeudi-18-20h,NON,Jeudi,2020-03-26 18:00
13671,79,False,True,False,False,False,False,False,False,False,False,False,False,False,False,Jeudi-18-20h,OUI,Jeudi,2020-03-26 18:00
13672,208,False,False,False,False,False,True,False,False,False,False,False,False,False,False,Jeudi-18-20h,OUI,Jeudi,2020-03-26 18:00
13673,270,False,False,False,False,False,False,False,False,True,False,False,False,False,False,Jeudi-18-20h,OUI,Jeudi,2020-03-26 18:00
13674,166,True,False,False,False,True,True,False,False,False,False,False,False,False,False,Jeudi-18-20h,OUI,Jeudi,2020-03-26 18:00
13675,77,False,False,True,False,True,False,False,False,False,False,False,False,False,False,Jeudi-18-20h,NON,Jeudi,2020-03-26 18:00
13676,29,False,False,False,False,False,True,False,False,False,False,False,True,False,False,Jeudi-18-20h,OUI,Jeudi,2020-03-26 18:00
13677,240,False,False,False,False,False,True,False,False,False,False,False,False,False,False,Jeudi-18-20h,OUI,Jeudi,2020-03-26 18:00
13678,184,False,True,False,False,False,False,False,False,False,False,False,False,False,False,Jeudi-18-20h,OUI,Jeudi,2020-03-26 18:00
13679,277,False,True,True,False,False,True,False,False,False,False,False,False,False,False,Jeudi-18-20h,NON,Jeudi,2020-03-26 18:00
13680,80,True,False,False,False,False,True,False,False,False,True,False,False,False,False,Jeudi-18-20h,NON,Jeudi,2020-03-26 18:00
13681,185,True,True,True,False,False,True,False,False,False,False,True,False,True,False,Jeudi-18-20h,NON,Jeudi,2020-03-26 18:00
13682,204,False,False,False,False,True,True,False,False,False,False,False,True,False,False,Jeudi-18-20h,OUI,Jeudi,2020-03-26 18:00
13683,252,True,True,True,False,False,True,False,False,False,False,False,False,False,False,Jeudi-18-20h,OUI,Jeudi,2020-03-26 18:00
13684,26,False,False,False,False,True,False,False,False,False,False,False,False,False,False,Jeudi-18-20h,OUI,Jeudi,2020-03-26 18:00
13685,70,False,False,False,False,True,False,False,False,False,False,False,True,False,False,Jeudi-18-20h,OUI,Jeudi,2020-03-26 18:00
13686,233,False,False,False,False,True,False,False,False,False,False,False,False,False,False,Jeudi-18-20h,OUI,Jeudi,2020-03-26 18:00
13687,37,True,True,True,False,True,True,False,False,False,False,False,False,False,False,Jeudi-18-20h,OUI,Jeudi,2020-03-26 18:00
13688,185,False,False,True,False,False,False,False,False,False,False,False,False,False,False,Jeudi-18-20h,OUI,Jeudi,2020-03-26 18:00
13689,138,True,False,False,False,True,True,False,False,False,False,False,False,False,False,Jeudi-18-20h,OUI,Jeudi,2020-03-26 18:00
13690,224,True,False,True,False,False,False,False,False,False,False,False,False,False,False,Jeudi-18-20h,NON,Jeudi,2020-03-26 18:00
13691,66,False,False,False,False,True,True,False,False,False,False,False,False,True,False,Jeudi-18-20h,OUI,Jeudi,2020-03-26 18:00
13692,211,False,False,True,False,False,False,False,False,False,False,False,False,True,False,Jeudi-18-20h,NON,Jeudi,2020-03-26 18:00
13693,14,False,False,False,False,True,True,False,False,False,False,False,False,False,False,Jeudi-18-20h,NON,Jeudi,2020-03-26 18:00
13694,145,False,False,False,False,True,False,False,False,False,False,False,False,False,False,Jeudi-18-20h,OUI,Jeudi,2020-03-26 18:00
13695,36,False,False,False,False,False,False,False,False,False,False,False,True,False,False,Jeudi-18-20h,OUI,Jeudi,2020-03-26 18:00
13696,60,True,True,True,False,False,True,False,False,False,False,False,False,False,False,Jeudi-18-20h,NON,Jeudi,2020-03-26 18:00
13697,137,True,True,True,False,False,True,False,False,False,False,True,False,False,False,Jeudi-18-20h,OUI,Jeudi,2020-03-26 18:00
13698,285,False,True,False,False,True,True,False,False,False,False,False,False,False,False,Jeudi-18-20h,OUI,Jeudi,2020-03-26 18:00
13699,40,False,True,True,False,True,True,False,False,False,False,False,False,False,False,Jeudi-18-20h,OUI,Jeudi,2020-03-26 18:00
13700,97,False,False,False,False,False,True,False,False,False,False,False,False,False,False,Jeudi-18-20h,NON,Jeudi,2020-03-26 18:00
13701,109,True,False,True,True,False,False,False,False,False,False,False,False,False,False,Jeudi-18-20h,NON,Jeudi,2020-03-26 18:00
13702,10,False,False,False,False,False,False,False,False,False,False,False,False,False,False,Jeudi-18-20h,NON,Jeudi,2020-03-26 18:00
13703,256,False,False,False,False,False,False,False,False,False,False,False,True,False,False,Jeudi-18-20h,NON,Jeudi,2020-03-26 18:00
13704,141,True,True,True,False,False,False,False,False,False,False,True,False,False,False,Jeudi-18-20h,NON,Jeudi,2020-03-26 18:00
13705,28,False,False,False,False,False,False,False,False,False,False,False,False,False,False,Jeudi-18-20h,NON,Jeudi,2020-03-26 18:00
13706,101,True,True,True,True,True,True,False,False,False,False,False,False,False,False,Jeudi-18-20h,OUI,Jeudi,2020-03-26 18:00
13707,48,True,False,True,False,True,False,False,False,False,False,False,False,True,False,Jeudi-18-20h,OUI,Jeudi,2020-03-26 18:00
13708,27,False,False,False,False,False,True,False,False,False,False,False,False,False,False,Jeudi-18-20h,OUI,Jeudi,2020-03-26 18:00
13709,142,True,False,True,False,False,False,False,False,False,False,True,False,True,False,Jeudi-18-20h,NON,Jeudi,2020-03-26 18:00
13710,234,False,False,True,False,False,False,False,False,False,False,True,False,False,False,Jeudi-18-20h,OUI,Jeudi,2020-03-26 18:00
13711,23,False,False,False,False,True,False,False,False,False,False,False,False,False,False,Jeudi-18-20h,OUI,Jeudi,2020-03-26 18:00
13712,195,False,False,False,False,True,False,False,False,True,False,False,False,False,False,Jeudi-18-20h,OUI,Jeudi,2020-03-26 18:00
13713,275,False,False,False,False,False,False,False,False,False,False,False,True,False,False,Jeudi-18-20h,OUI,Jeudi,2020-03-26 18:00
13714,226,False,False,False,False,True,True,False,False,False,False,False,False,False,False,Jeudi-18-20h,NON,Jeudi,2020-03-26 18:00
13715,207,False,False,True,False,False,False,False,False,False,False,False,False,False,False,Jeudi-18-20h,OUI,Jeudi,2020-03-26 18:00
13716,57,False,False,False,False,False,False,False,False,False,False,False,False,False,False,Jeudi-18-20h,NON,Jeudi,2020-03-26 18:00
13717,4,False,True,False,False,False,True,False,False,False,False,False,False,False,False,Jeudi-18-20h,NON,Jeudi,2020-03-26 18:00
13718,265,False,False,False,False,False,True,False,False,False,False,False,False,False,False,Jeudi-18-20h,NON,Jeudi,2020-03-26 18:00
13719,88,False,True,False,False,False,False,False,False,False,False,False,False,False,False,Jeudi-18-20h,NON,Jeudi,2020-03-26 18:00
13720,198,False,False,False,False,False,False,False,False,False,False,True,False,False,False,Jeudi-18-20h,OUI,Jeudi,2020-03-26 18:00
13721,249,True,True,True,False,False,False,False,False,False,False,False,False,False,False,Jeudi-18-20h,OUI,Jeudi,2020-03-26 18:00
13722,263,False,False,False,False,True,True,False,False,False,False,False,False,False,False,Jeudi-18-20h,OUI,Jeudi,2020-03-26 18:00
13723,217,True,False,True,False,False,False,False,False,False,False,False,False,True,False,Jeudi-18-20h,OUI,Jeudi,2020-03-26 18:00
13724,278,False,False,False,False,True,True,False,False,False,False,False,False,False,False,Jeudi-18-20h,NON,Jeudi,2020-03-26 18:00
13725,189,False,True,False,False,False,False,False,False,False,False,False,False,False,False,Jeudi-18-20h,NON,Jeudi,2020-03-26 18:00
13726,61,True,False,True,False,False,False,False,False,False,False,False,False,False,False,Jeudi-18-20h,NON,Jeudi,2020-03-26 18:00
13727,251,False,False,False,False,False,False,False,False,False,False,False,False,True,False,Jeudi-18-20h,OUI,Jeudi,2020-03-26 18:00
13728,281,False,True,False,False,False,False,False,False,False,False,False,False,False,False,Jeudi-18-20h,OUI,Jeudi,2020-03-26 18:00
13729,134,False,True,False,False,False,False,False,False,False,False,False,False,False,False,Jeudi-18-20h,NON,Jeudi,2020-03-26 18:00
13730,293,False,True,False,False,False,True,False,False,False,False,False,False,False,False,Jeudi-18-20h,OUI,Jeudi,2020-03-26 18:00
13731,279,True,True,True,True,False,True,False,False,False,False,False,False,False,False,Jeudi-18-20h,OUI,Jeudi,2020-03-26 18:00
13732,81,True,False,True,True,False,False,False,True,False,False,False,False,False,False,Jeudi-18-20h,OUI,Jeudi,2020-03-26 18:00
13733,92,True,False,False,True,False,False,False,False,False,False,True,False,False,False,Jeudi-18-20h,NON,Jeudi,2020-03-26 18:00
13734,147,False,False,False,False,False,False,False,False,False,False,False,False,False,False,Jeudi-18-20h,NON,Jeudi,2020-03-26 18:00
13735,33,False,True,False,False,True,False,False,False,False,False,False,False,False,False,Jeudi-18-20h,OUI,Jeudi,2020-03-26 18:00
13736,266,False,False,False,False,False,False,False,False,False,False,False,False,False,False,Jeudi-18-20h,NON,Jeudi,2020-03-26 18:00
13737,225,True,False,False,False,False,True,False,False,False,False,False,False,False,False,Jeudi-18-20h,NON,Jeudi,2020-03-26 18:00
13738,83,True,False,True,False,False,False,False,False,False,False,False,False,False,False,Jeudi-18-20h,OUI,Jeudi,2020-03-26 18:00
13739,95,False,False,False,False,True,True,False,True,False,False,False,False,False,False,Jeudi-18-20h,NON,Jeudi,2020-03-26 18:00
13740,127,False,False,False,False,True,False,False,False,False,False,False,False,False,False,Jeudi-18-20h,OUI,Jeudi,2020-03-26 18:00
13741,20,False,False,False,False,False,False,False,False,False,False,False,False,False,False,Jeudi-18-20h,NON,Jeudi,2020-03-26 18:00
13742,89,False,False,False,False,False,False,False,False,True,False,False,False,False,False,Jeudi-18-20h,NON,Jeudi,2020-03-26 18:00
13743,120,False,True,True,False,True,True,False,True,False,False,True,False,False,False,Jeudi-18-20h,NON,Jeudi,2020-03-26 18:00
13744,253,False,False,False,False,True,True,False,False,False,False,False,True,False,False,Jeudi-18-20h,OUI,Jeudi,2020-03-26 18:00
13745,52,False,False,True,False,False,False,False,False,False,False,False,False,False,False,Jeudi-18-20h,OUI,Jeudi,2020-03-26 18:00
13746,168,True,False,True,False,False,False,False,True,False,False,False,False,False,False,Jeudi-18-20h,OUI,Jeudi,2020-03-26 18:00
13747,202,False,True,False,False,False,False,False,False,False,False,False,False,False,False,Jeudi-18-20h,OUI,Jeudi,2020-03-26 18:00
13748,172,False,False,False,False,True,False,False,False,False,False,False,False,False,False,Jeudi-18-20h,OUI,Jeudi,2020-03-26 18:00
13749,239,False,False,False,False,True,True,False,False,False,False,False,False,False,False,Jeudi-18-20h,OUI,Jeudi,2020-03-26 18:00
13750,85,False,False,False,False,True,False,False,False,False,False,False,False,False,False,Jeudi-18-20h,OUI,Jeudi,2020-03-26 18:00
13751,215,False,False,False,False,False,False,False,False,True,False,False,False,False,False,Jeudi-18-20h,OUI,Jeudi,2020-03-26 18:00
13752,260,True,False,True,False,False,False,False,False,False,False,False,False,False,False,Jeudi-18-20h,OUI,Jeudi,2020-03-26 18:00
13753,286,True,True,False,False,True,False,False,False,False,False,False,False,False,False,Jeudi-18-20h,NON,Jeudi,2020-03-26 18:00
13754,72,False,True,False,False,False,False,False,False,False,False,False,False,False,False,Jeudi-20-22h,OUI,Jeudi,2020-03-26 20:00
13755,167,True,True,True,True,True,True,False,False,False,False,False,False,False,False,Jeudi-20-22h,OUI,Jeudi,2020-03-26 20:00
13756,130,True,False,True,False,False,False,False,True,False,False,False,False,True,True,Jeudi-20-22h,NON,Jeudi,2020-03-26 20:00
13757,288,True,True,True,False,True,False,False,False,False,False,False,False,False,False,Jeudi-20-22h,OUI,Jeudi,2020-03-26 20:00
13758,59,False,False,False,False,False,True,False,False,False,False,False,False,False,False,Jeudi-20-22h,NON,Jeudi,2020-03-26 20:00
13759,178,True,False,False,False,False,False,False,False,False,False,True,False,False,False,Jeudi-20-22h,NON,Jeudi,2020-03-26 20:00
13760,254,False,False,False,False,False,False,False,False,False,False,False,True,False,False,Jeudi-20-22h,NON,Jeudi,2020-03-26 20:00
13761,34,False,False,False,False,False,False,False,False,False,False,False,False,False,False,Jeudi-20-22h,NON,Jeudi,2020-03-26 20:00
13762,264,False,False,False,False,True,True,True,False,False,False,False,False,False,False,Jeudi-20-22h,OUI,Jeudi,2020-03-26 20:00
13763,158,True,False,False,False,True,False,False,False,False,True,False,False,False,False,Jeudi-20-22h,OUI,Jeudi,2020-03-26 20:00
13764,210,False,True,False,False,True,True,False,False,False,False,False,False,False,False,Jeudi-20-22h,OUI,Jeudi,2020-03-26 20:00
13765,93,False,False,False,False,True,False,False,False,False,False,False,False,True,False,Jeudi-20-22h,OUI,Jeudi,2020-03-26 20:00
13766,144,True,False,True,False,True,False,False,False,False,False,False,False,False,False,Jeudi-20-22h,OUI,Jeudi,2020-03-26 20:00
13767,164,False,True,False,False,True,True,False,False,False,False,False,False,False,False,Jeudi-20-22h,OUI,Jeudi,2020-03-26 20:00
13768,289,False,False,False,False,True,True,False,False,False,False,False,False,False,False,Jeudi-20-22h,NON,Jeudi,2020-03-26 20:00
13769,50,False,False,False,False,False,False,False,False,False,False,False,False,False,False,Jeudi-20-22h,NON,Jeudi,2020-03-26 20:00
13770,51,True,True,False,False,True,False,False,False,False,False,False,False,False,False,Jeudi-20-22h,OUI,Jeudi,2020-03-26 20:00
13771,247,False,False,True,False,False,False,False,False,False,False,False,False,False,False,Jeudi-20-22h,NON,Jeudi,2020-03-26 20:00
13772,159,False,False,False,False,False,False,False,True,False,False,False,False,False,False,Jeudi-20-22h,OUI,Jeudi,2020-03-26 20:00
13773,54,False,False,False,False,False,True,False,False,False,False,False,False,False,False,Jeudi-20-22h,NON,Jeudi,2020-03-26 20:00
13774,55,True,False,False,False,True,True,False,True,False,False,False,False,False,False,Jeudi-20-22h,OUI,Jeudi,2020-03-26 20:00
13775,257,False,False,False,False,True,False,False,False,False,False,False,False,False,False,Jeudi-20-22h,OUI,Jeudi,2020-03-26 20:00
13776,67,False,False,False,False,False,False,False,False,False,False,False,False,False,False,Jeudi-20-22h,NON,Jeudi,2020-03-26 20:00
13777,71,True,False,True,False,False,False,False,False,False,False,False,False,False,False,Jeudi-20-22h,OUI,Jeudi,2020-03-26 20:00
13778,280,False,False,False,False,False,True,False,False,False,False,False,False,False,False,Jeudi-20-22h,OUI,Jeudi,2020-03-26 20:00
13779,283,True,True,False,False,False,False,False,False,False,False,False,False,False,False,Jeudi-20-22h,OUI,Jeudi,2020-03-26 20:00
13780,154,False,False,False,False,True,True,False,False,False,False,False,True,False,False,Jeudi-20-22h,NON,Jeudi,2020-03-26 20:00
13781,171,False,False,False,False,False,False,False,False,False,False,False,True,False,False,Jeudi-20-22h,OUI,Jeudi,2020-03-26 20:00
13782,131,False,False,True,False,False,False,False,False,False,False,False,False,False,False,Jeudi-20-22h,NON,Jeudi,2020-03-26 20:00
13783,237,True,False,False,False,False,True,True,False,False,False,False,False,True,False,Jeudi-20-22h,OUI,Jeudi,2020-03-26 20:00
13784,75,False,False,False,False,True,True,False,False,False,False,False,False,False,False,Jeudi-20-22h,NON,Jeudi,2020-03-26 20:00
13785,235,True,False,False,False,True,False,False,False,False,False,False,False,False,False,Jeudi-20-22h,OUI,Jeudi,2020-03-26 20:00
13786,180,False,False,False,False,True,True,False,False,False,False,False,False,False,False,Jeudi-20-22h,OUI,Jeudi,2020-03-26 20:00
13787,219,False,False,False,False,False,True,False,False,False,False,False,False,False,False,Jeudi-20-22h,NON,Jeudi,2020-03-26 20:00
13788,250,False,False,False,False,False,False,False,False,True,False,False,False,False,False,Jeudi-20-22h,NON,Jeudi,2020-03-26 20:00
13789,267,True,True,False,False,False,False,False,False,False,False,False,False,False,False,Jeudi-20-22h,OUI,Jeudi,2020-03-26 20:00
13790,160,False,True,False,False,False,True,False,False,False,False,False,False,False,False,Jeudi-20-22h,NON,Jeudi,2020-03-26 20:00
13791,182,False,True,False,False,True,True,True,False,False,False,False,False,False,False,Jeudi-20-22h,OUI,Jeudi,2020-03-26 20:00
13792,143,False,False,False,False,False,False,False,True,False,False,True,False,False,False,Jeudi-20-22h,OUI,Jeudi,2020-03-26 20:00
13793,223,True,True,False,False,False,False,False,False,False,False,False,False,False,False,Jeudi-20-22h,OUI,Jeudi,2020-03-26 20:00
13794,192,True,False,True,False,False,False,False,False,False,False,False,False,False,False,Jeudi-20-22h,NON,Jeudi,2020-03-26 20:00
13795,30,False,False,True,False,False,False,False,True,False,False,False,False,False,False,Jeudi-20-22h,OUI,Jeudi,2020-03-26 20:00
13796,125,True,False,False,False,True,False,False,True,False,False,False,False,False,False,Jeudi-20-22h,NON,Jeudi,2020-03-26 20:00
13797,39,False,False,True,False,True,False,False,True,False,False,False,False,False,False,Jeudi-20-22h,OUI,Jeudi,2020-03-26 20:00
13798,113,True,False,True,False,False,False,False,False,False,False,False,False,False,False,Jeudi-20-22h,OUI,Jeudi,2020-03-26 20:00
13799,121,True,False,True,False,False,False,False,True,False,False,False,False,False,False,Jeudi-20-22h,OUI,Jeudi,2020-03-26 20:00
13800,228,False,False,False,False,False,False,False,False,False,False,True,False,False,False,Jeudi-20-22h,OUI,Jeudi,2020-03-26 20:00
13801,290,False,False,False,False,False,False,False,False,True,False,False,False,False,False,Jeudi-20-22h,OUI,Jeudi,2020-03-26 20:00
13802,197,False,False,True,False,True,False,False,False,False,False,False,False,False,False,Jeudi-20-22h,NON,Jeudi,2020-03-26 20:00
13803,31,True,True,True,False,False,True,False,False,False,False,False,False,False,False,Jeudi-20-22h,NON,Jeudi,2020-03-26 20:00
13804,173,True,False,False,False,True,True,False,True,False,False,False,False,False,False,Jeudi-20-22h,OUI,Jeudi,2020-03-26 20:00
13805,74,True,False,False,True,False,False,False,True,False,False,True,False,False,False,Jeudi-20-22h,NON,Jeudi,2020-03-26 20:00
13806,15,False,False,True,False,False,False,False,False,False,False,False,False,False,False,Jeudi-20-22h,OUI,Jeudi,2020-03-26 20:00
13807,45,True,False,False,False,True,True,False,True,False,False,False,False,False,False,Jeudi-20-22h,OUI,Jeudi,2020-03-26 20:00
13808,63,False,False,True,False,False,False,False,False,False,False,False,False,False,False,Jeudi-20-22h,OUI,Jeudi,2020-03-26 20:00
13809,3,False,False,False,False,False,True,False,False,False,False,False,True,False,False,Jeudi-20-22h,OUI,Jeudi,2020-03-26 20:00
13810,21,True,False,True,False,False,False,False,False,False,False,False,False,False,False,Jeudi-20-22h,OUI,Jeudi,2020-03-26 20:00
13811,78,False,True,True,False,True,True,False,True,False,False,False,False,False,False,Jeudi-20-22h,OUI,Jeudi,2020-03-26 20:00
13812,47,False,True,False,False,False,False,False,False,False,False,False,False,False,False,Jeudi-20-22h,OUI,Jeudi,2020-03-26 20:00
13813,151,True,True,False,False,True,False,False,True,False,False,False,False,False,False,Jeudi-20-22h,OUI,Jeudi,2020-03-26 20:00
13814,6,True,False,True,False,False,False,False,False,False,False,False,False,False,False,Jeudi-20-22h,OUI,Jeudi,2020-03-26 20:00
13815,135,True,False,True,False,False,False,False,False,False,False,False,False,True,False,Jeudi-20-22h,OUI,Jeudi,2020-03-26 20:00
13816,221,False,False,False,False,True,True,False,False,False,False,False,False,False,False,Jeudi-20-22h,OUI,Jeudi,2020-03-26 20:00
13817,170,False,False,True,False,False,False,False,False,False,False,True,False,False,True,Jeudi-20-22h,NON,Jeudi,2020-03-26 20:00
13818,129,False,True,False,False,False,False,False,False,False,False,False,False,False,False,Jeudi-20-22h,OUI,Jeudi,2020-03-26 20:00
13819,132,True,True,True,False,False,True,False,False,False,False,False,False,False,False,Jeudi-20-22h,OUI,Jeudi,2020-03-26 20:00
13820,110,False,True,False,False,False,False,False,False,False,False,False,False,False,False,Jeudi-20-22h,OUI,Jeudi,2020-03-26 20:00
13821,191,False,False,False,False,False,True,False,False,False,False,False,False,False,False,Jeudi-20-22h,OUI,Jeudi,2020-03-26 20:00
13822,94,True,True,True,False,False,True,False,False,False,False,True,False,True,False,Jeudi-20-22h,NON,Jeudi,2020-03-26 20:00
13823,108,False,False,False,False,False,True,True,False,False,False,False,False,False,False,Jeudi-20-22h,OUI,Jeudi,2020-03-26 20:00
13824,236,False,False,False,False,True,True,False,False,False,False,False,False,False,False,Jeudi-20-22h,OUI,Jeudi,2020-03-26 20:00
13825,42,True,False,True,False,True,False,False,False,False,False,False,False,False,False,Jeudi-20-22h,OUI,Jeudi,2020-03-26 20:00
13826,155,True,False,False,False,True,False,False,False,False,False,False,False,False,False,Jeudi-20-22h,OUI,Jeudi,2020-03-26 20:00
13827,1,False,False,False,False,False,False,False,False,False,False,False,False,False,False,Jeudi-20-22h,NON,Jeudi,2020-03-26 20:00
13828,58,False,True,True,False,False,True,False,False,False,False,True,False,False,False,Jeudi-20-22h,OUI,Jeudi,2020-03-26 20:00
13829,0,False,True,False,False,False,False,False,False,False,False,False,False,False,False,Jeudi-20-22h,OUI,Jeudi,2020-03-26 20:00
13830,269,False,False,False,False,False,False,False,False,False,False,False,False,False,False,Jeudi-20-22h,NON,Jeudi,2020-03-26 20:00
13831,2,True,False,True,False,False,False,False,False,False,False,False,False,False,False,Jeudi-20-22h,NON,Jeudi,2020-03-26 20:00
13832,103,False,False,False,False,True,False,False,False,False,False,False,False,False,False,Jeudi-20-22h,NON,Jeudi,2020-03-26 20:00
13833,12,False,True,False,False,True,False,False,False,False,False,False,False,False,False,Jeudi-20-22h,OUI,Jeudi,2020-03-26 20:00
13834,245,True,False,False,False,True,True,False,True,False,False,False,False,False,False,Jeudi-20-22h,OUI,Jeudi,2020-03-26 20:00
13835,161,False,False,True,False,False,False,False,False,False,False,True,False,False,False,Jeudi-20-22h,NON,Jeudi,2020-03-26 20:00
13836,38,False,False,False,False,False,False,False,False,True,False,False,False,False,False,Jeudi-20-22h,NON,Jeudi,2020-03-26 20:00
13837,122,False,False,False,False,False,False,False,False,False,False,False,False,False,False,Jeudi-20-22h,NON,Jeudi,2020-03-26 20:00
13838,248,False,False,True,False,False,False,False,False,False,False,False,False,True,False,Jeudi-20-22h,NON,Jeudi,2020-03-26 20:00
13839,271,False,True,True,False,False,True,False,False,False,False,False,False,False,False,Jeudi-20-22h,OUI,Jeudi,2020-03-26 20:00
13840,116,False,False,True,False,False,False,False,False,False,False,False,False,False,False,Jeudi-20-22h,OUI,Jeudi,2020-03-26 20:00
13841,117,True,True,True,True,False,True,False,False,False,False,False,False,False,False,Jeudi-20-22h,OUI,Jeudi,2020-03-26 20:00
13842,213,False,False,False,False,True,True,False,True,False,False,False,False,False,False,Jeudi-20-22h,NON,Jeudi,2020-03-26 20:00
13843,220,False,True,True,False,False,True,False,False,False,False,False,False,False,False,Jeudi-20-22h,OUI,Jeudi,2020-03-26 20:00
13844,176,False,False,True,False,False,False,False,False,False,False,False,False,False,False,Jeudi-20-22h,OUI,Jeudi,2020-03-26 20:00
13845,96,False,False,False,False,True,True,False,False,False,True,False,False,False,False,Jeudi-20-22h,NON,Jeudi,2020-03-26 20:00
13846,214,False,False,False,False,True,True,False,False,False,True,False,False,False,False,Jeudi-20-22h,OUI,Jeudi,2020-03-26 20:00
13847,11,True,False,False,True,False,False,False,False,False,False,True,False,False,False,Jeudi-20-22h,OUI,Jeudi,2020-03-26 20:00
13848,255,True,False,True,False,False,False,False,True,False,False,False,False,False,False,Jeudi-20-22h,OUI,Jeudi,2020-03-26 20:00
13849,86,False,False,True,False,False,False,False,False,False,False,False,False,False,False,Jeudi-20-22h,OUI,Jeudi,2020-03-26 20:00
13850,209,True,False,False,False,True,True,False,True,False,False,False,False,False,False,Jeudi-20-22h,OUI,Jeudi,2020-03-26 20:00
13851,291,False,False,False,False,False,True,False,False,True,False,False,False,False,False,Jeudi-20-22h,OUI,Jeudi,2020-03-26 20:00
13852,287,False,False,False,False,False,False,False,False,False,False,False,True,False,False,Jeudi-20-22h,OUI,Jeudi,2020-03-26 20:00
13853,104,False,False,False,False,True,True,False,False,False,False,False,False,False,False,Jeudi-20-22h,NON,Jeudi,2020-03-26 20:00
13854,18,False,False,False,False,True,False,False,False,False,False,False,False,False,False,Jeudi-20-22h,OUI,Jeudi,2020-03-26 20:00
13855,123,False,True,False,False,True,True,False,False,False,False,False,False,False,False,Jeudi-20-22h,NON,Jeudi,2020-03-26 20:00
13856,136,False,False,False,False,True,False,False,False,False,False,False,False,False,False,Jeudi-20-22h,OUI,Jeudi,2020-03-26 20:00
13857,276,True,False,True,False,False,False,False,False,False,False,False,False,False,False,Jeudi-20-22h,OUI,Jeudi,2020-03-26 20:00
13858,53,False,False,False,False,True,True,False,False,False,False,False,False,False,False,Jeudi-20-22h,OUI,Jeudi,2020-03-26 20:00
13859,179,True,False,True,False,False,False,False,False,False,False,False,False,False,False,Jeudi-20-22h,OUI,Jeudi,2020-03-26 20:00
13860,200,False,False,False,False,False,False,False,False,False,False,False,False,False,False,Jeudi-20-22h,NON,Jeudi,2020-03-26 20:00
13861,73,False,False,False,False,False,False,False,False,False,False,False,False,False,False,Jeudi-20-22h,NON,Jeudi,2020-03-26 20:00
13862,156,False,False,False,False,True,True,False,False,False,False,False,False,False,False,Jeudi-20-22h,OUI,Jeudi,2020-03-26 20:00
13863,128,True,True,True,False,False,True,False,False,False,False,False,False,False,False,Jeudi-20-22h,OUI,Jeudi,2020-03-26 20:00
13864,118,False,False,False,False,False,False,False,False,False,False,False,False,False,False,Jeudi-20-22h,NON,Jeudi,2020-03-26 20:00
13865,112,True,False,True,False,False,False,False,False,False,False,False,False,False,False,Jeudi-20-22h,NON,Jeudi,2020-03-26 20:00
13866,35,False,False,False,False,True,True,False,False,False,False,False,False,False,False,Jeudi-20-22h,OUI,Jeudi,2020-03-26 20:00
13867,32,False,False,False,False,False,False,False,False,False,False,False,True,False,False,Jeudi-20-22h,NON,Jeudi,2020-03-26 20:00
13868,199,True,False,True,False,False,False,False,False,False,False,False,False,False,False,Jeudi-20-22h,OUI,Jeudi,2020-03-26 20:00
13869,153,True,False,False,False,True,True,False,False,False,False,False,False,False,False,Jeudi-20-22h,NON,Jeudi,2020-03-26 20:00
13870,82,False,False,True,False,False,False,False,False,False,False,False,False,False,False,Jeudi-20-22h,OUI,Jeudi,2020-03-26 20:00
13871,292,False,True,False,False,False,False,False,False,False,False,False,False,False,False,Jeudi-20-22h,OUI,Jeudi,2020-03-26 20:00
13872,169,False,False,False,True,False,False,False,False,False,False,False,False,False,False,Jeudi-20-22h,NON,Jeudi,2020-03-26 20:00
13873,16,False,False,False,False,True,True,False,False,False,False,False,False,False,False,Jeudi-20-22h,OUI,Jeudi,2020-03-26 20:00
13874,46,True,True,True,False,False,True,True,False,False,False,False,False,False,False,Jeudi-20-22h,OUI,Jeudi,2020-03-26 20:00
13875,216,False,True,False,False,False,True,False,False,False,False,False,False,False,False,Jeudi-20-22h,OUI,Jeudi,2020-03-26 20:00
13876,174,False,True,True,False,False,True,False,False,False,False,True,False,False,False,Jeudi-20-22h,OUI,Jeudi,2020-03-26 20:00
13877,43,False,False,False,False,True,False,False,False,False,False,False,False,False,False,Jeudi-20-22h,OUI,Jeudi,2020-03-26 20:00
13878,165,False,False,False,False,True,True,False,False,False,False,False,False,False,False,Jeudi-20-22h,NON,Jeudi,2020-03-26 20:00
13879,126,False,True,False,False,False,True,False,False,False,False,False,False,False,False,Jeudi-20-22h,OUI,Jeudi,2020-03-26 20:00
13880,41,False,False,False,False,False,True,False,False,True,False,False,False,False,False,Jeudi-20-22h,NON,Jeudi,2020-03-26 20:00
13881,157,False,False,True,False,False,False,False,False,False,False,False,False,False,False,Jeudi-20-22h,NON,Jeudi,2020-03-26 20:00
13882,272,False,True,True,False,False,False,True,False,False,False,True,False,True,True,Jeudi-20-22h,OUI,Jeudi,2020-03-26 20:00
13883,115,True,False,True,False,False,False,False,False,False,False,False,False,False,False,Jeudi-20-22h,NON,Jeudi,2020-03-26 20:00
13884,84,False,False,False,False,False,False,False,False,False,False,False,True,False,False,Jeudi-20-22h,NON,Jeudi,2020-03-26 20:00
13885,183,True,True,True,True,False,False,False,False,False,False,False,False,False,False,Jeudi-20-22h,OUI,Jeudi,2020-03-26 20:00
13886,65,True,True,False,False,False,True,False,False,False,False,False,False,False,False,Jeudi-20-22h,OUI,Jeudi,2020-03-26 20:00
13887,105,True,False,False,False,False,False,False,False,False,False,False,False,False,False,Jeudi-20-22h,OUI,Jeudi,2020-03-26 20:00
13888,187,True,False,False,False,False,True,False,False,False,False,False,False,False,False,Jeudi-20-22h,NON,Jeudi,2020-03-26 20:00
13889,139,True,False,True,False,False,False,False,False,False,False,False,False,False,False,Jeudi-20-22h,OUI,Jeudi,2020-03-26 20:00
13890,259,False,False,False,False,True,True,False,False,False,False,False,False,False,False,Jeudi-20-22h,OUI,Jeudi,2020-03-26 20:00
13891,124,True,False,True,False,False,False,False,False,False,False,True,False,False,False,Jeudi-20-22h,OUI,Jeudi,2020-03-26 20:00
13892,98,False,False,False,False,False,True,False,False,False,False,False,True,False,False,Jeudi-20-22h,OUI,Jeudi,2020-03-26 20:00
13893,284,False,True,True,False,False,True,False,False,False,False,False,False,True,False,Jeudi-20-22h,OUI,Jeudi,2020-03-26 20:00
13894,148,True,False,True,False,True,False,False,True,False,False,False,False,False,False,Jeudi-20-22h,OUI,Jeudi,2020-03-26 20:00
13895,258,True,False,True,False,False,False,False,False,False,False,False,False,False,False,Jeudi-20-22h,OUI,Jeudi,2020-03-26 20:00
13896,175,False,False,False,False,False,True,False,False,False,False,False,False,False,False,Jeudi-20-22h,NON,Jeudi,2020-03-26 20:00
13897,119,False,False,False,False,False,False,False,False,False,False,True,False,False,False,Jeudi-20-22h,NON,Jeudi,2020-03-26 20:00
13898,229,True,False,True,False,False,False,False,True,False,False,False,False,False,False,Jeudi-20-22h,OUI,Jeudi,2020-03-26 20:00
13899,230,False,False,False,False,False,True,True,False,False,False,False,False,False,False,Jeudi-20-22h,NON,Jeudi,2020-03-26 20:00
13900,17,True,False,False,False,False,True,True,False,False,False,False,False,False,False,Jeudi-20-22h,OUI,Jeudi,2020-03-26 20:00
13901,177,False,False,False,False,False,False,False,False,False,False,False,False,False,False,Jeudi-20-22h,NON,Jeudi,2020-03-26 20:00
13902,7,False,False,False,False,False,False,False,False,False,False,False,False,False,False,Jeudi-20-22h,NON,Jeudi,2020-03-26 20:00
13903,241,False,False,True,False,False,False,False,False,False,False,False,False,False,False,Jeudi-20-22h,NON,Jeudi,2020-03-26 20:00
13904,8,True,False,False,False,True,True,False,True,False,False,False,False,False,False,Jeudi-20-22h,OUI,Jeudi,2020-03-26 20:00
13905,268,False,True,False,False,False,True,False,False,False,False,False,False,False,False,Jeudi-20-22h,OUI,Jeudi,2020-03-26 20:00
13906,294,False,False,True,False,True,False,False,False,False,False,False,False,False,False,Jeudi-20-22h,OUI,Jeudi,2020-03-26 20:00
13907,242,True,False,False,False,True,True,False,False,False,False,False,False,False,False,Jeudi-20-22h,NON,Jeudi,2020-03-26 20:00
13908,194,False,False,False,False,False,True,False,False,False,False,False,False,False,False,Jeudi-20-22h,NON,Jeudi,2020-03-26 20:00
13909,243,False,False,False,False,True,True,False,False,False,False,False,False,False,False,Jeudi-20-22h,OUI,Jeudi,2020-03-26 20:00
13910,212,True,True,True,False,False,True,False,False,False,False,False,False,False,False,Jeudi-20-22h,OUI,Jeudi,2020-03-26 20:00
13911,19,False,False,False,False,False,True,False,False,False,False,False,False,False,False,Jeudi-20-22h,OUI,Jeudi,2020-03-26 20:00
13912,114,False,False,False,False,True,False,False,False,False,False,False,False,False,False,Jeudi-20-22h,OUI,Jeudi,2020-03-26 20:00
13913,190,False,False,False,False,False,True,False,False,True,False,False,False,False,False,Jeudi-20-22h,NON,Jeudi,2020-03-26 20:00
13914,64,False,False,True,False,False,False,False,False,False,False,False,False,False,False,Jeudi-20-22h,OUI,Jeudi,2020-03-26 20:00
13915,227,False,False,False,False,False,False,False,False,False,False,False,False,False,False,Jeudi-20-22h,NON,Jeudi,2020-03-26 20:00
13916,232,False,False,False,False,False,True,False,False,False,False,False,False,False,False,Jeudi-20-22h,OUI,Jeudi,2020-03-26 20:00
13917,246,False,True,False,False,False,True,True,False,False,False,False,False,False,False,Jeudi-20-22h,OUI,Jeudi,2020-03-26 20:00
13918,100,False,False,False,False,False,True,False,False,False,False,False,False,False,False,Jeudi-20-22h,NON,Jeudi,2020-03-26 20:00
13919,13,False,False,False,False,True,False,False,False,False,False,False,False,False,False,Jeudi-20-22h,OUI,Jeudi,2020-03-26 20:00
13920,262,True,True,True,False,False,False,False,False,False,False,False,False,False,False,Jeudi-20-22h,OUI,Jeudi,2020-03-26 20:00
13921,76,True,True,True,False,False,True,False,False,False,False,True,False,False,False,Jeudi-20-22h,OUI,Jeudi,2020-03-26 20:00
13922,261,False,True,False,False,True,False,False,False,False,False,False,False,False,False,Jeudi-20-22h,NON,Jeudi,2020-03-26 20:00
13923,150,False,True,False,False,False,False,False,False,False,False,False,False,False,False,Jeudi-20-22h,OUI,Jeudi,2020-03-26 20:00
13924,205,False,False,False,False,False,False,False,False,False,False,False,False,False,False,Jeudi-20-22h,NON,Jeudi,2020-03-26 20:00
13925,56,False,False,False,False,True,True,False,False,False,False,False,False,False,False,Jeudi-20-22h,OUI,Jeudi,2020-03-26 20:00
13926,186,False,False,False,False,True,False,False,False,False,False,False,False,False,False,Jeudi-20-22h,OUI,Jeudi,2020-03-26 20:00
13927,162,True,False,False,False,True,True,False,False,False,False,False,False,False,False,Jeudi-20-22h,OUI,Jeudi,2020-03-26 20:00
13928,68,False,True,False,False,True,True,False,False,False,False,False,False,False,False,Jeudi-20-22h,OUI,Jeudi,2020-03-26 20:00
13929,146,False,False,False,False,False,True,False,False,False,False,False,True,False,False,Jeudi-20-22h,OUI,Jeudi,2020-03-26 20:00
13930,49,False,False,False,False,False,False,False,False,False,False,False,False,True,False,Jeudi-20-22h,NON,Jeudi,2020-03-26 20:00
13931,91,True,False,True,True,False,False,False,False,False,False,False,False,False,False,Jeudi-20-22h,OUI,Jeudi,2020-03-26 20:00
13932,22,False,False,False,False,False,False,False,False,False,True,False,False,False,False,Jeudi-20-22h,NON,Jeudi,2020-03-26 20:00
13933,151,False,False,False,False,True,False,False,False,False,False,False,False,False,False,Jeudi-20-22h,OUI,Jeudi,2020-03-26 20:00
13934,193,False,False,False,False,True,True,False,False,False,False,False,False,False,False,Jeudi-20-22h,OUI,Jeudi,2020-03-26 20:00
13935,9,True,True,False,False,False,False,False,False,False,False,False,False,False,False,Jeudi-20-22h,OUI,Jeudi,2020-03-26 20:00
13936,99,True,False,True,False,False,False,False,False,False,False,False,False,False,False,Jeudi-20-22h,NON,Jeudi,2020-03-26 20:00
13937,181,False,False,False,False,True,True,False,False,False,False,False,False,False,False,Jeudi-20-22h,OUI,Jeudi,2020-03-26 20:00
13938,111,False,False,False,False,False,True,False,True,False,False,False,False,False,False,Jeudi-20-22h,OUI,Jeudi,2020-03-26 20:00
13939,44,False,True,False,False,False,True,False,False,False,False,False,False,False,False,Jeudi-20-22h,NON,Jeudi,2020-03-26 20:00
13940,24,False,False,False,False,True,False,False,True,False,False,False,False,False,False,Jeudi-20-22h,OUI,Jeudi,2020-03-26 20:00
13941,102,False,False,False,False,True,True,False,True,False,False,False,False,False,False,Jeudi-20-22h,OUI,Jeudi,2020-03-26 20:00
13942,203,True,True,False,False,False,False,False,True,False,False,False,False,False,False,Jeudi-20-22h,NON,Jeudi,2020-03-26 20:00
13943,140,False,False,False,False,True,True,False,True,False,False,False,False,False,False,Jeudi-20-22h,NON,Jeudi,2020-03-26 20:00
13944,188,False,False,False,False,False,True,False,False,True,False,False,False,False,False,Jeudi-20-22h,NON,Jeudi,2020-03-26 20:00
13945,206,False,False,False,True,False,False,False,False,False,False,True,False,False,False,Jeudi-20-22h,NON,Jeudi,2020-03-26 20:00
13946,273,False,False,False,False,False,False,False,False,False,False,False,True,False,False,Jeudi-20-22h,OUI,Jeudi,2020-03-26 20:00
13947,69,True,False,True,False,False,False,False,False,False,False,False,False,False,False,Jeudi-20-22h,OUI,Jeudi,2020-03-26 20:00
13948,87,True,False,False,True,False,False,False,False,False,False,True,False,False,False,Jeudi-20-22h,OUI,Jeudi,2020-03-26 20:00
13949,83,True,False,True,False,False,False,False,False,False,False,False,False,False,False,Jeudi-20-22h,OUI,Jeudi,2020-03-26 20:00
13950,149,True,False,True,True,False,False,False,False,False,False,False,False,False,False,Jeudi-20-22h,OUI,Jeudi,2020-03-26 20:00
13951,274,False,False,False,False,False,True,False,False,False,False,False,False,False,False,Jeudi-20-22h,OUI,Jeudi,2020-03-26 20:00
13952,282,True,False,True,True,False,False,False,False,False,False,False,False,False,False,Jeudi-20-22h,OUI,Jeudi,2020-03-26 20:00
13953,147,False,False,False,False,False,False,False,False,False,False,False,False,False,False,Jeudi-20-22h,NON,Jeudi,2020-03-26 20:00
13954,238,False,False,False,False,False,False,False,False,False,False,False,True,False,False,Jeudi-20-22h,OUI,Jeudi,2020-03-26 20:00
13955,201,False,False,False,False,False,False,False,False,False,False,False,False,False,False,Jeudi-20-22h,NON,Jeudi,2020-03-26 20:00
13956,152,False,True,False,False,False,False,False,False,False,False,False,False,False,False,Jeudi-20-22h,NON,Jeudi,2020-03-26 20:00
13957,222,False,False,False,False,False,True,False,False,True,True,False,False,False,False,Jeudi-20-22h,OUI,Jeudi,2020-03-26 20:00
13958,106,False,False,False,False,False,True,False,False,False,False,False,True,False,False,Jeudi-20-22h,OUI,Jeudi,2020-03-26 20:00
13959,133,False,False,True,False,True,False,False,False,False,False,False,False,False,False,Jeudi-20-22h,OUI,Jeudi,2020-03-26 20:00
13960,163,False,False,False,False,True,False,False,False,False,False,False,False,False,False,Jeudi-20-22h,NON,Jeudi,2020-03-26 20:00
13961,231,False,False,False,False,False,False,False,False,False,False,False,False,False,False,Jeudi-20-22h,NON,Jeudi,2020-03-26 20:00
13962,25,False,False,False,False,True,False,False,False,False,False,False,False,False,False,Jeudi-20-22h,OUI,Jeudi,2020-03-26 20:00
13963,196,False,False,True,False,True,False,False,True,False,False,False,False,False,False,Jeudi-20-22h,OUI,Jeudi,2020-03-26 20:00
13964,5,False,False,False,False,True,True,False,False,False,False,False,False,False,False,Jeudi-20-22h,OUI,Jeudi,2020-03-26 20:00
13965,90,False,True,False,False,False,False,False,False,False,False,False,False,False,False,Jeudi-20-22h,NON,Jeudi,2020-03-26 20:00
13966,244,True,False,True,False,False,False,False,False,False,False,False,False,False,False,Jeudi-20-22h,OUI,Jeudi,2020-03-26 20:00
13967,107,False,True,False,False,False,True,False,False,False,False,False,False,False,False,Jeudi-20-22h,OUI,Jeudi,2020-03-26 20:00
13968,218,False,True,False,False,True,True,False,False,False,False,False,False,False,False,Jeudi-20-22h,OUI,Jeudi,2020-03-26 20:00
13969,62,False,True,True,False,True,True,False,False,False,False,False,False,False,False,Jeudi-20-22h,OUI,Jeudi,2020-03-26 20:00
13970,79,False,True,False,False,False,False,False,False,False,False,False,False,False,False,Jeudi-20-22h,OUI,Jeudi,2020-03-26 20:00
13971,208,False,False,False,False,False,True,False,False,False,False,False,False,False,False,Jeudi-20-22h,OUI,Jeudi,2020-03-26 20:00
13972,270,False,False,False,False,False,False,False,False,True,False,False,False,False,False,Jeudi-20-22h,OUI,Jeudi,2020-03-26 20:00
13973,166,True,False,False,False,True,True,False,False,False,False,False,False,False,False,Jeudi-20-22h,OUI,Jeudi,2020-03-26 20:00
13974,77,False,False,True,False,True,False,False,False,False,False,False,False,False,False,Jeudi-20-22h,OUI,Jeudi,2020-03-26 20:00
13975,29,False,False,False,False,False,True,False,False,False,False,False,True,False,False,Jeudi-20-22h,OUI,Jeudi,2020-03-26 20:00
13976,240,False,False,False,False,False,True,False,False,False,False,False,False,False,False,Jeudi-20-22h,OUI,Jeudi,2020-03-26 20:00
13977,184,False,True,False,False,False,False,False,False,False,False,False,False,False,False,Jeudi-20-22h,OUI,Jeudi,2020-03-26 20:00
13978,277,False,True,True,False,False,True,False,False,False,False,False,False,False,False,Jeudi-20-22h,NON,Jeudi,2020-03-26 20:00
13979,80,True,False,False,False,False,True,False,False,False,True,False,False,False,False,Jeudi-20-22h,NON,Jeudi,2020-03-26 20:00
13980,185,True,True,True,False,False,True,False,False,False,False,True,False,True,False,Jeudi-20-22h,NON,Jeudi,2020-03-26 20:00
13981,204,False,False,False,False,True,True,False,False,False,False,False,True,False,False,Jeudi-20-22h,OUI,Jeudi,2020-03-26 20:00
13982,252,True,True,True,False,False,True,False,False,False,False,False,False,False,False,Jeudi-20-22h,OUI,Jeudi,2020-03-26 20:00
13983,26,False,False,False,False,True,False,False,False,False,False,False,False,False,False,Jeudi-20-22h,OUI,Jeudi,2020-03-26 20:00
13984,70,False,False,False,False,True,False,False,False,False,False,False,True,False,False,Jeudi-20-22h,OUI,Jeudi,2020-03-26 20:00
13985,233,False,False,False,False,True,False,False,False,False,False,False,False,False,False,Jeudi-20-22h,OUI,Jeudi,2020-03-26 20:00
13986,37,True,True,True,False,True,True,False,False,False,False,False,False,False,False,Jeudi-20-22h,OUI,Jeudi,2020-03-26 20:00
13987,185,False,False,True,False,False,False,False,False,False,False,False,False,False,False,Jeudi-20-22h,OUI,Jeudi,2020-03-26 20:00
13988,138,True,False,False,False,True,True,False,False,False,False,False,False,False,False,Jeudi-20-22h,OUI,Jeudi,2020-03-26 20:00
13989,224,True,False,True,False,False,False,False,False,False,False,False,False,False,False,Jeudi-20-22h,NON,Jeudi,2020-03-26 20:00
13990,66,False,False,False,False,True,True,False,False,False,False,False,False,True,False,Jeudi-20-22h,OUI,Jeudi,2020-03-26 20:00
13991,211,False,False,True,False,False,False,False,False,False,False,False,False,True,False,Jeudi-20-22h,NON,Jeudi,2020-03-26 20:00
13992,14,False,False,False,False,True,True,False,False,False,False,False,False,False,False,Jeudi-20-22h,OUI,Jeudi,2020-03-26 20:00
13993,145,False,False,False,False,True,False,False,False,False,False,False,False,False,False,Jeudi-20-22h,OUI,Jeudi,2020-03-26 20:00
13994,36,False,False,False,False,False,False,False,False,False,False,False,True,False,False,Jeudi-20-22h,OUI,Jeudi,2020-03-26 20:00
13995,60,True,True,True,False,False,True,False,False,False,False,False,False,False,False,Jeudi-20-22h,NON,Jeudi,2020-03-26 20:00
13996,137,True,True,True,False,False,True,False,False,False,False,True,False,False,False,Jeudi-20-22h,OUI,Jeudi,2020-03-26 20:00
13997,285,False,True,False,False,True,True,False,False,False,False,False,False,False,False,Jeudi-20-22h,OUI,Jeudi,2020-03-26 20:00
13998,40,False,True,True,False,True,True,False,False,False,False,False,False,False,False,Jeudi-20-22h,OUI,Jeudi,2020-03-26 20:00
13999,97,False,False,False,False,False,True,False,False,False,False,False,False,False,False,Jeudi-20-22h,NON,Jeudi,2020-03-26 20:00
14000,109,True,False,True,True,False,False,False,False,False,False,False,False,False,False,Jeudi-20-22h,NON,Jeudi,2020-03-26 20:00
14001,10,False,False,False,False,False,False,False,False,False,False,False,False,False,False,Jeudi-20-22h,NON,Jeudi,2020-03-26 20:00
14002,256,False,False,False,False,False,False,False,False,False,False,False,True,False,False,Jeudi-20-22h,OUI,Jeudi,2020-03-26 20:00
14003,141,True,True,True,False,False,False,False,False,False,False,True,False,False,False,Jeudi-20-22h,NON,Jeudi,2020-03-26 20:00
14004,28,False,False,False,False,False,False,False,False,False,False,False,False,False,False,Jeudi-20-22h,NON,Jeudi,2020-03-26 20:00
14005,101,True,True,True,True,True,True,False,False,False,False,False,False,False,False,Jeudi-20-22h,OUI,Jeudi,2020-03-26 20:00
14006,48,True,False,True,False,True,False,False,False,False,False,False,False,True,False,Jeudi-20-22h,OUI,Jeudi,2020-03-26 20:00
14007,27,False,False,False,False,False,True,False,False,False,False,False,False,False,False,Jeudi-20-22h,OUI,Jeudi,2020-03-26 20:00
14008,142,True,False,True,False,False,False,False,False,False,False,True,False,True,False,Jeudi-20-22h,NON,Jeudi,2020-03-26 20:00
14009,234,False,False,True,False,False,False,False,False,False,False,True,False,False,False,Jeudi-20-22h,OUI,Jeudi,2020-03-26 20:00
14010,23,False,False,False,False,True,False,False,False,False,False,False,False,False,False,Jeudi-20-22h,OUI,Jeudi,2020-03-26 20:00
14011,195,False,False,False,False,True,False,False,False,True,False,False,False,False,False,Jeudi-20-22h,OUI,Jeudi,2020-03-26 20:00
14012,275,False,False,False,False,False,False,False,False,False,False,False,True,False,False,Jeudi-20-22h,OUI,Jeudi,2020-03-26 20:00
14013,226,False,False,False,False,True,True,False,False,False,False,False,False,False,False,Jeudi-20-22h,NON,Jeudi,2020-03-26 20:00
14014,207,False,False,True,False,False,False,False,False,False,False,False,False,False,False,Jeudi-20-22h,OUI,Jeudi,2020-03-26 20:00
14015,57,False,False,False,False,False,False,False,False,False,False,False,False,False,False,Jeudi-20-22h,NON,Jeudi,2020-03-26 20:00
14016,4,False,True,False,False,False,True,False,False,False,False,False,False,False,False,Jeudi-20-22h,NON,Jeudi,2020-03-26 20:00
14017,265,False,False,False,False,False,True,False,False,False,False,False,False,False,False,Jeudi-20-22h,NON,Jeudi,2020-03-26 20:00
14018,88,False,True,False,False,False,False,False,False,False,False,False,False,False,False,Jeudi-20-22h,NON,Jeudi,2020-03-26 20:00
14019,198,False,False,False,False,False,False,False,False,False,False,True,False,False,False,Jeudi-20-22h,OUI,Jeudi,2020-03-26 20:00
14020,249,True,True,True,False,False,False,False,False,False,False,False,False,False,False,Jeudi-20-22h,OUI,Jeudi,2020-03-26 20:00
14021,263,False,False,False,False,True,True,False,False,False,False,False,False,False,False,Jeudi-20-22h,OUI,Jeudi,2020-03-26 20:00
14022,217,True,False,True,False,False,False,False,False,False,False,False,False,True,False,Jeudi-20-22h,OUI,Jeudi,2020-03-26 20:00
14023,278,False,False,False,False,True,True,False,False,False,False,False,False,False,False,Jeudi-20-22h,NON,Jeudi,2020-03-26 20:00
14024,189,False,True,False,False,False,False,False,False,False,False,False,False,False,False,Jeudi-20-22h,NON,Jeudi,2020-03-26 20:00
14025,61,True,False,True,False,False,False,False,False,False,False,False,False,False,False,Jeudi-20-22h,NON,Jeudi,2020-03-26 20:00
14026,251,False,False,False,False,False,False,False,False,False,False,False,False,True,False,Jeudi-20-22h,OUI,Jeudi,2020-03-26 20:00
14027,281,False,True,False,False,False,False,False,False,False,False,False,False,False,False,Jeudi-20-22h,OUI,Jeudi,2020-03-26 20:00
14028,134,False,True,False,False,False,False,False,False,False,False,False,False,False,False,Jeudi-20-22h,NON,Jeudi,2020-03-26 20:00
14029,293,False,True,False,False,False,True,False,False,False,False,False,False,False,False,Jeudi-20-22h,OUI,Jeudi,2020-03-26 20:00
14030,279,True,True,True,True,False,True,False,False,False,False,False,False,False,False,Jeudi-20-22h,OUI,Jeudi,2020-03-26 20:00
14031,81,True,False,True,True,False,False,False,True,False,False,False,False,False,False,Jeudi-20-22h,OUI,Jeudi,2020-03-26 20:00
14032,92,True,False,False,True,False,False,False,False,False,False,True,False,False,False,Jeudi-20-22h,OUI,Jeudi,2020-03-26 20:00
14033,147,False,False,False,False,False,False,False,False,False,False,False,False,False,False,Jeudi-20-22h,NON,Jeudi,2020-03-26 20:00
14034,33,False,True,False,False,True,False,False,False,False,False,False,False,False,False,Jeudi-20-22h,OUI,Jeudi,2020-03-26 20:00
14035,266,False,False,False,False,False,False,False,False,False,False,False,False,False,False,Jeudi-20-22h,NON,Jeudi,2020-03-26 20:00
14036,225,True,False,False,False,False,True,False,False,False,False,False,False,False,False,Jeudi-20-22h,OUI,Jeudi,2020-03-26 20:00
14037,83,True,False,True,False,False,False,False,False,False,False,False,False,False,False,Jeudi-20-22h,OUI,Jeudi,2020-03-26 20:00
14038,95,False,False,False,False,True,True,False,True,False,False,False,False,False,False,Jeudi-20-22h,NON,Jeudi,2020-03-26 20:00
14039,127,False,False,False,False,True,False,False,False,False,False,False,False,False,False,Jeudi-20-22h,OUI,Jeudi,2020-03-26 20:00
14040,20,False,False,False,False,False,False,False,False,False,False,False,False,False,False,Jeudi-20-22h,NON,Jeudi,2020-03-26 20:00
14041,89,False,False,False,False,False,False,False,False,True,False,False,False,False,False,Jeudi-20-22h,NON,Jeudi,2020-03-26 20:00
14042,120,False,True,True,False,True,True,False,True,False,False,True,False,False,False,Jeudi-20-22h,NON,Jeudi,2020-03-26 20:00
14043,253,False,False,False,False,True,True,False,False,False,False,False,True,False,False,Jeudi-20-22h,OUI,Jeudi,2020-03-26 20:00
14044,52,False,False,True,False,False,False,False,False,False,False,False,False,False,False,Jeudi-20-22h,OUI,Jeudi,2020-03-26 20:00
14045,168,True,False,True,False,False,False,False,True,False,False,False,False,False,False,Jeudi-20-22h,OUI,Jeudi,2020-03-26 20:00
14046,202,False,True,False,False,False,False,False,False,False,False,False,False,False,False,Jeudi-20-22h,OUI,Jeudi,2020-03-26 20:00
14047,172,False,False,False,False,True,False,False,False,False,False,False,False,False,False,Jeudi-20-22h,OUI,Jeudi,2020-03-26 20:00
14048,239,False,False,False,False,True,True,False,False,False,False,False,False,False,False,Jeudi-20-22h,NON,Jeudi,2020-03-26 20:00
14049,85,False,False,False,False,True,False,False,False,False,False,False,False,False,False,Jeudi-20-22h,OUI,Jeudi,2020-03-26 20:00
14050,215,False,False,False,False,False,False,False,False,True,False,False,False,False,False,Jeudi-20-22h,OUI,Jeudi,2020-03-26 20:00
14051,260,True,False,True,False,False,False,False,False,False,False,False,False,False,False,Jeudi-20-22h,OUI,Jeudi,2020-03-26 20:00
14052,286,True,True,False,False,True,False,False,False,False,False,False,False,False,False,Jeudi-20-22h,NON,Jeudi,2020-03-26 20:00
14053,72,False,True,False,False,False,False,False,False,False,False,False,False,False,False,Jeudi-22-24h,OUI,Jeudi,2020-03-26 22:00
14054,167,True,True,True,True,True,True,False,False,False,False,False,False,False,False,Jeudi-22-24h,OUI,Jeudi,2020-03-26 22:00
14055,130,True,False,True,False,False,False,False,True,False,False,False,False,True,True,Jeudi-22-24h,NON,Jeudi,2020-03-26 22:00
14056,288,True,True,True,False,True,False,False,False,False,False,False,False,False,False,Jeudi-22-24h,OUI,Jeudi,2020-03-26 22:00
14057,59,False,False,False,False,False,True,False,False,False,False,False,False,False,False,Jeudi-22-24h,NON,Jeudi,2020-03-26 22:00
14058,178,True,False,False,False,False,False,False,False,False,False,True,False,False,False,Jeudi-22-24h,NON,Jeudi,2020-03-26 22:00
14059,254,False,False,False,False,False,False,False,False,False,False,False,True,False,False,Jeudi-22-24h,NON,Jeudi,2020-03-26 22:00
14060,34,False,False,False,False,False,False,False,False,False,False,False,False,False,False,Jeudi-22-24h,NON,Jeudi,2020-03-26 22:00
14061,264,False,False,False,False,True,True,True,False,False,False,False,False,False,False,Jeudi-22-24h,NON,Jeudi,2020-03-26 22:00
14062,158,True,False,False,False,True,False,False,False,False,True,False,False,False,False,Jeudi-22-24h,NON,Jeudi,2020-03-26 22:00
14063,210,False,True,False,False,True,True,False,False,False,False,False,False,False,False,Jeudi-22-24h,NON,Jeudi,2020-03-26 22:00
14064,93,False,False,False,False,True,False,False,False,False,False,False,False,True,False,Jeudi-22-24h,OUI,Jeudi,2020-03-26 22:00
14065,144,True,False,True,False,True,False,False,False,False,False,False,False,False,False,Jeudi-22-24h,OUI,Jeudi,2020-03-26 22:00
14066,164,False,True,False,False,True,True,False,False,False,False,False,False,False,False,Jeudi-22-24h,OUI,Jeudi,2020-03-26 22:00
14067,289,False,False,False,False,True,True,False,False,False,False,False,False,False,False,Jeudi-22-24h,NON,Jeudi,2020-03-26 22:00
14068,50,False,False,False,False,False,False,False,False,False,False,False,False,False,False,Jeudi-22-24h,NON,Jeudi,2020-03-26 22:00
14069,51,True,True,False,False,True,False,False,False,False,False,False,False,False,False,Jeudi-22-24h,OUI,Jeudi,2020-03-26 22:00
14070,247,False,False,True,False,False,False,False,False,False,False,False,False,False,False,Jeudi-22-24h,NON,Jeudi,2020-03-26 22:00
14071,159,False,False,False,False,False,False,False,True,False,False,False,False,False,False,Jeudi-22-24h,OUI,Jeudi,2020-03-26 22:00
14072,54,False,False,False,False,False,True,False,False,False,False,False,False,False,False,Jeudi-22-24h,NON,Jeudi,2020-03-26 22:00
14073,55,True,False,False,False,True,True,False,True,False,False,False,False,False,False,Jeudi-22-24h,OUI,Jeudi,2020-03-26 22:00
14074,257,False,False,False,False,True,False,False,False,False,False,False,False,False,False,Jeudi-22-24h,OUI,Jeudi,2020-03-26 22:00
14075,67,False,False,False,False,False,False,False,False,False,False,False,False,False,False,Jeudi-22-24h,NON,Jeudi,2020-03-26 22:00
14076,71,True,False,True,False,False,False,False,False,False,False,False,False,False,False,Jeudi-22-24h,NON,Jeudi,2020-03-26 22:00
14077,280,False,False,False,False,False,True,False,False,False,False,False,False,False,False,Jeudi-22-24h,OUI,Jeudi,2020-03-26 22:00
14078,283,True,True,False,False,False,False,False,False,False,False,False,False,False,False,Jeudi-22-24h,OUI,Jeudi,2020-03-26 22:00
14079,154,False,False,False,False,True,True,False,False,False,False,False,True,False,False,Jeudi-22-24h,NON,Jeudi,2020-03-26 22:00
14080,171,False,False,False,False,False,False,False,False,False,False,False,True,False,False,Jeudi-22-24h,OUI,Jeudi,2020-03-26 22:00
14081,131,False,False,True,False,False,False,False,False,False,False,False,False,False,False,Jeudi-22-24h,NON,Jeudi,2020-03-26 22:00
14082,237,True,False,False,False,False,True,True,False,False,False,False,False,True,False,Jeudi-22-24h,OUI,Jeudi,2020-03-26 22:00
14083,75,False,False,False,False,True,True,False,False,False,False,False,False,False,False,Jeudi-22-24h,NON,Jeudi,2020-03-26 22:00
14084,235,True,False,False,False,True,False,False,False,False,False,False,False,False,False,Jeudi-22-24h,OUI,Jeudi,2020-03-26 22:00
14085,180,False,False,False,False,True,True,False,False,False,False,False,False,False,False,Jeudi-22-24h,OUI,Jeudi,2020-03-26 22:00
14086,219,False,False,False,False,False,True,False,False,False,False,False,False,False,False,Jeudi-22-24h,NON,Jeudi,2020-03-26 22:00
14087,250,False,False,False,False,False,False,False,False,True,False,False,False,False,False,Jeudi-22-24h,NON,Jeudi,2020-03-26 22:00
14088,267,True,True,False,False,False,False,False,False,False,False,False,False,False,False,Jeudi-22-24h,OUI,Jeudi,2020-03-26 22:00
14089,160,False,True,False,False,False,True,False,False,False,False,False,False,False,False,Jeudi-22-24h,NON,Jeudi,2020-03-26 22:00
14090,182,False,True,False,False,True,True,True,False,False,False,False,False,False,False,Jeudi-22-24h,OUI,Jeudi,2020-03-26 22:00
14091,143,False,False,False,False,False,False,False,True,False,False,True,False,False,False,Jeudi-22-24h,OUI,Jeudi,2020-03-26 22:00
14092,223,True,True,False,False,False,False,False,False,False,False,False,False,False,False,Jeudi-22-24h,OUI,Jeudi,2020-03-26 22:00
14093,192,True,False,True,False,False,False,False,False,False,False,False,False,False,False,Jeudi-22-24h,NON,Jeudi,2020-03-26 22:00
14094,30,False,False,True,False,False,False,False,True,False,False,False,False,False,False,Jeudi-22-24h,OUI,Jeudi,2020-03-26 22:00
14095,125,True,False,False,False,True,False,False,True,False,False,False,False,False,False,Jeudi-22-24h,NON,Jeudi,2020-03-26 22:00
14096,39,False,False,True,False,True,False,False,True,False,False,False,False,False,False,Jeudi-22-24h,OUI,Jeudi,2020-03-26 22:00
14097,113,True,False,True,False,False,False,False,False,False,False,False,False,False,False,Jeudi-22-24h,OUI,Jeudi,2020-03-26 22:00
14098,121,True,False,True,False,False,False,False,True,False,False,False,False,False,False,Jeudi-22-24h,OUI,Jeudi,2020-03-26 22:00
14099,228,False,False,False,False,False,False,False,False,False,False,True,False,False,False,Jeudi-22-24h,OUI,Jeudi,2020-03-26 22:00
14100,290,False,False,False,False,False,False,False,False,True,False,False,False,False,False,Jeudi-22-24h,OUI,Jeudi,2020-03-26 22:00
14101,197,False,False,True,False,True,False,False,False,False,False,False,False,False,False,Jeudi-22-24h,NON,Jeudi,2020-03-26 22:00
14102,31,True,True,True,False,False,True,False,False,False,False,False,False,False,False,Jeudi-22-24h,NON,Jeudi,2020-03-26 22:00
14103,173,True,False,False,False,True,True,False,True,False,False,False,False,False,False,Jeudi-22-24h,OUI,Jeudi,2020-03-26 22:00
14104,74,True,False,False,True,False,False,False,True,False,False,True,False,False,False,Jeudi-22-24h,NON,Jeudi,2020-03-26 22:00
14105,15,False,False,True,False,False,False,False,False,False,False,False,False,False,False,Jeudi-22-24h,OUI,Jeudi,2020-03-26 22:00
14106,45,True,False,False,False,True,True,False,True,False,False,False,False,False,False,Jeudi-22-24h,OUI,Jeudi,2020-03-26 22:00
14107,63,False,False,True,False,False,False,False,False,False,False,False,False,False,False,Jeudi-22-24h,OUI,Jeudi,2020-03-26 22:00
14108,3,False,False,False,False,False,True,False,False,False,False,False,True,False,False,Jeudi-22-24h,OUI,Jeudi,2020-03-26 22:00
14109,21,True,False,True,False,False,False,False,False,False,False,False,False,False,False,Jeudi-22-24h,OUI,Jeudi,2020-03-26 22:00
14110,78,False,True,True,False,True,True,False,True,False,False,False,False,False,False,Jeudi-22-24h,OUI,Jeudi,2020-03-26 22:00
14111,47,False,True,False,False,False,False,False,False,False,False,False,False,False,False,Jeudi-22-24h,OUI,Jeudi,2020-03-26 22:00
14112,151,True,True,False,False,True,False,False,True,False,False,False,False,False,False,Jeudi-22-24h,OUI,Jeudi,2020-03-26 22:00
14113,6,True,False,True,False,False,False,False,False,False,False,False,False,False,False,Jeudi-22-24h,OUI,Jeudi,2020-03-26 22:00
14114,135,True,False,True,False,False,False,False,False,False,False,False,False,True,False,Jeudi-22-24h,OUI,Jeudi,2020-03-26 22:00
14115,221,False,False,False,False,True,True,False,False,False,False,False,False,False,False,Jeudi-22-24h,OUI,Jeudi,2020-03-26 22:00
14116,170,False,False,True,False,False,False,False,False,False,False,True,False,False,True,Jeudi-22-24h,NON,Jeudi,2020-03-26 22:00
14117,129,False,True,False,False,False,False,False,False,False,False,False,False,False,False,Jeudi-22-24h,OUI,Jeudi,2020-03-26 22:00
14118,132,True,True,True,False,False,True,False,False,False,False,False,False,False,False,Jeudi-22-24h,OUI,Jeudi,2020-03-26 22:00
14119,110,False,True,False,False,False,False,False,False,False,False,False,False,False,False,Jeudi-22-24h,OUI,Jeudi,2020-03-26 22:00
14120,191,False,False,False,False,False,True,False,False,False,False,False,False,False,False,Jeudi-22-24h,OUI,Jeudi,2020-03-26 22:00
14121,94,True,True,True,False,False,True,False,False,False,False,True,False,True,False,Jeudi-22-24h,NON,Jeudi,2020-03-26 22:00
14122,108,False,False,False,False,False,True,True,False,False,False,False,False,False,False,Jeudi-22-24h,OUI,Jeudi,2020-03-26 22:00
14123,236,False,False,False,False,True,True,False,False,False,False,False,False,False,False,Jeudi-22-24h,OUI,Jeudi,2020-03-26 22:00
14124,42,True,False,True,False,True,False,False,False,False,False,False,False,False,False,Jeudi-22-24h,OUI,Jeudi,2020-03-26 22:00
14125,155,True,False,False,False,True,False,False,False,False,False,False,False,False,False,Jeudi-22-24h,OUI,Jeudi,2020-03-26 22:00
14126,1,False,False,False,False,False,False,False,False,False,False,False,False,False,False,Jeudi-22-24h,NON,Jeudi,2020-03-26 22:00
14127,58,False,True,True,False,False,True,False,False,False,False,True,False,False,False,Jeudi-22-24h,OUI,Jeudi,2020-03-26 22:00
14128,0,False,True,False,False,False,False,False,False,False,False,False,False,False,False,Jeudi-22-24h,OUI,Jeudi,2020-03-26 22:00
14129,269,False,False,False,False,False,False,False,False,False,False,False,False,False,False,Jeudi-22-24h,NON,Jeudi,2020-03-26 22:00
14130,2,True,False,True,False,False,False,False,False,False,False,False,False,False,False,Jeudi-22-24h,NON,Jeudi,2020-03-26 22:00
14131,103,False,False,False,False,True,False,False,False,False,False,False,False,False,False,Jeudi-22-24h,NON,Jeudi,2020-03-26 22:00
14132,12,False,True,False,False,True,False,False,False,False,False,False,False,False,False,Jeudi-22-24h,OUI,Jeudi,2020-03-26 22:00
14133,245,True,False,False,False,True,True,False,True,False,False,False,False,False,False,Jeudi-22-24h,OUI,Jeudi,2020-03-26 22:00
14134,161,False,False,True,False,False,False,False,False,False,False,True,False,False,False,Jeudi-22-24h,NON,Jeudi,2020-03-26 22:00
14135,38,False,False,False,False,False,False,False,False,True,False,False,False,False,False,Jeudi-22-24h,NON,Jeudi,2020-03-26 22:00
14136,122,False,False,False,False,False,False,False,False,False,False,False,False,False,False,Jeudi-22-24h,NON,Jeudi,2020-03-26 22:00
14137,248,False,False,True,False,False,False,False,False,False,False,False,False,True,False,Jeudi-22-24h,NON,Jeudi,2020-03-26 22:00
14138,271,False,True,True,False,False,True,False,False,False,False,False,False,False,False,Jeudi-22-24h,OUI,Jeudi,2020-03-26 22:00
14139,116,False,False,True,False,False,False,False,False,False,False,False,False,False,False,Jeudi-22-24h,OUI,Jeudi,2020-03-26 22:00
14140,117,True,True,True,True,False,True,False,False,False,False,False,False,False,False,Jeudi-22-24h,NON,Jeudi,2020-03-26 22:00
14141,213,False,False,False,False,True,True,False,True,False,False,False,False,False,False,Jeudi-22-24h,NON,Jeudi,2020-03-26 22:00
14142,220,False,True,True,False,False,True,False,False,False,False,False,False,False,False,Jeudi-22-24h,OUI,Jeudi,2020-03-26 22:00
14143,176,False,False,True,False,False,False,False,False,False,False,False,False,False,False,Jeudi-22-24h,OUI,Jeudi,2020-03-26 22:00
14144,96,False,False,False,False,True,True,False,False,False,True,False,False,False,False,Jeudi-22-24h,NON,Jeudi,2020-03-26 22:00
14145,214,False,False,False,False,True,True,False,False,False,True,False,False,False,False,Jeudi-22-24h,OUI,Jeudi,2020-03-26 22:00
14146,11,True,False,False,True,False,False,False,False,False,False,True,False,False,False,Jeudi-22-24h,OUI,Jeudi,2020-03-26 22:00
14147,255,True,False,True,False,False,False,False,True,False,False,False,False,False,False,Jeudi-22-24h,OUI,Jeudi,2020-03-26 22:00
14148,86,False,False,True,False,False,False,False,False,False,False,False,False,False,False,Jeudi-22-24h,OUI,Jeudi,2020-03-26 22:00
14149,209,True,False,False,False,True,True,False,True,False,False,False,False,False,False,Jeudi-22-24h,OUI,Jeudi,2020-03-26 22:00
14150,291,False,False,False,False,False,True,False,False,True,False,False,False,False,False,Jeudi-22-24h,OUI,Jeudi,2020-03-26 22:00
14151,287,False,False,False,False,False,False,False,False,False,False,False,True,False,False,Jeudi-22-24h,OUI,Jeudi,2020-03-26 22:00
14152,104,False,False,False,False,True,True,False,False,False,False,False,False,False,False,Jeudi-22-24h,NON,Jeudi,2020-03-26 22:00
14153,18,False,False,False,False,True,False,False,False,False,False,False,False,False,False,Jeudi-22-24h,OUI,Jeudi,2020-03-26 22:00
14154,123,False,True,False,False,True,True,False,False,False,False,False,False,False,False,Jeudi-22-24h,NON,Jeudi,2020-03-26 22:00
14155,136,False,False,False,False,True,False,False,False,False,False,False,False,False,False,Jeudi-22-24h,OUI,Jeudi,2020-03-26 22:00
14156,276,True,False,True,False,False,False,False,False,False,False,False,False,False,False,Jeudi-22-24h,OUI,Jeudi,2020-03-26 22:00
14157,53,False,False,False,False,True,True,False,False,False,False,False,False,False,False,Jeudi-22-24h,OUI,Jeudi,2020-03-26 22:00
14158,179,True,False,True,False,False,False,False,False,False,False,False,False,False,False,Jeudi-22-24h,OUI,Jeudi,2020-03-26 22:00
14159,200,False,False,False,False,False,False,False,False,False,False,False,False,False,False,Jeudi-22-24h,NON,Jeudi,2020-03-26 22:00
14160,73,False,False,False,False,False,False,False,False,False,False,False,False,False,False,Jeudi-22-24h,NON,Jeudi,2020-03-26 22:00
14161,156,False,False,False,False,True,True,False,False,False,False,False,False,False,False,Jeudi-22-24h,OUI,Jeudi,2020-03-26 22:00
14162,128,True,True,True,False,False,True,False,False,False,False,False,False,False,False,Jeudi-22-24h,OUI,Jeudi,2020-03-26 22:00
14163,118,False,False,False,False,False,False,False,False,False,False,False,False,False,False,Jeudi-22-24h,NON,Jeudi,2020-03-26 22:00
14164,112,True,False,True,False,False,False,False,False,False,False,False,False,False,False,Jeudi-22-24h,NON,Jeudi,2020-03-26 22:00
14165,35,False,False,False,False,True,True,False,False,False,False,False,False,False,False,Jeudi-22-24h,OUI,Jeudi,2020-03-26 22:00
14166,32,False,False,False,False,False,False,False,False,False,False,False,True,False,False,Jeudi-22-24h,NON,Jeudi,2020-03-26 22:00
14167,199,True,False,True,False,False,False,False,False,False,False,False,False,False,False,Jeudi-22-24h,OUI,Jeudi,2020-03-26 22:00
14168,153,True,False,False,False,True,True,False,False,False,False,False,False,False,False,Jeudi-22-24h,NON,Jeudi,2020-03-26 22:00
14169,82,False,False,True,False,False,False,False,False,False,False,False,False,False,False,Jeudi-22-24h,OUI,Jeudi,2020-03-26 22:00
14170,292,False,True,False,False,False,False,False,False,False,False,False,False,False,False,Jeudi-22-24h,OUI,Jeudi,2020-03-26 22:00
14171,169,False,False,False,True,False,False,False,False,False,False,False,False,False,False,Jeudi-22-24h,NON,Jeudi,2020-03-26 22:00
14172,16,False,False,False,False,True,True,False,False,False,False,False,False,False,False,Jeudi-22-24h,OUI,Jeudi,2020-03-26 22:00
14173,46,True,True,True,False,False,True,True,False,False,False,False,False,False,False,Jeudi-22-24h,OUI,Jeudi,2020-03-26 22:00
14174,216,False,True,False,False,False,True,False,False,False,False,False,False,False,False,Jeudi-22-24h,OUI,Jeudi,2020-03-26 22:00
14175,174,False,True,True,False,False,True,False,False,False,False,True,False,False,False,Jeudi-22-24h,OUI,Jeudi,2020-03-26 22:00
14176,43,False,False,False,False,True,False,False,False,False,False,False,False,False,False,Jeudi-22-24h,NON,Jeudi,2020-03-26 22:00
14177,165,False,False,False,False,True,True,False,False,False,False,False,False,False,False,Jeudi-22-24h,NON,Jeudi,2020-03-26 22:00
14178,126,False,True,False,False,False,True,False,False,False,False,False,False,False,False,Jeudi-22-24h,OUI,Jeudi,2020-03-26 22:00
14179,41,False,False,False,False,False,True,False,False,True,False,False,False,False,False,Jeudi-22-24h,NON,Jeudi,2020-03-26 22:00
14180,157,False,False,True,False,False,False,False,False,False,False,False,False,False,False,Jeudi-22-24h,NON,Jeudi,2020-03-26 22:00
14181,272,False,True,True,False,False,False,True,False,False,False,True,False,True,True,Jeudi-22-24h,OUI,Jeudi,2020-03-26 22:00
14182,115,True,False,True,False,False,False,False,False,False,False,False,False,False,False,Jeudi-22-24h,NON,Jeudi,2020-03-26 22:00
14183,84,False,False,False,False,False,False,False,False,False,False,False,True,False,False,Jeudi-22-24h,NON,Jeudi,2020-03-26 22:00
14184,183,True,True,True,True,False,False,False,False,False,False,False,False,False,False,Jeudi-22-24h,OUI,Jeudi,2020-03-26 22:00
14185,65,True,True,False,False,False,True,False,False,False,False,False,False,False,False,Jeudi-22-24h,OUI,Jeudi,2020-03-26 22:00
14186,105,True,False,False,False,False,False,False,False,False,False,False,False,False,False,Jeudi-22-24h,OUI,Jeudi,2020-03-26 22:00
14187,187,True,False,False,False,False,True,False,False,False,False,False,False,False,False,Jeudi-22-24h,NON,Jeudi,2020-03-26 22:00
14188,139,True,False,True,False,False,False,False,False,False,False,False,False,False,False,Jeudi-22-24h,OUI,Jeudi,2020-03-26 22:00
14189,259,False,False,False,False,True,True,False,False,False,False,False,False,False,False,Jeudi-22-24h,OUI,Jeudi,2020-03-26 22:00
14190,124,True,False,True,False,False,False,False,False,False,False,True,False,False,False,Jeudi-22-24h,OUI,Jeudi,2020-03-26 22:00
14191,98,False,False,False,False,False,True,False,False,False,False,False,True,False,False,Jeudi-22-24h,OUI,Jeudi,2020-03-26 22:00
14192,284,False,True,True,False,False,True,False,False,False,False,False,False,True,False,Jeudi-22-24h,OUI,Jeudi,2020-03-26 22:00
14193,148,True,False,True,False,True,False,False,True,False,False,False,False,False,False,Jeudi-22-24h,OUI,Jeudi,2020-03-26 22:00
14194,258,True,False,True,False,False,False,False,False,False,False,False,False,False,False,Jeudi-22-24h,OUI,Jeudi,2020-03-26 22:00
14195,175,False,False,False,False,False,True,False,False,False,False,False,False,False,False,Jeudi-22-24h,NON,Jeudi,2020-03-26 22:00
14196,119,False,False,False,False,False,False,False,False,False,False,True,False,False,False,Jeudi-22-24h,NON,Jeudi,2020-03-26 22:00
14197,229,True,False,True,False,False,False,False,True,False,False,False,False,False,False,Jeudi-22-24h,OUI,Jeudi,2020-03-26 22:00
14198,230,False,False,False,False,False,True,True,False,False,False,False,False,False,False,Jeudi-22-24h,NON,Jeudi,2020-03-26 22:00
14199,17,True,False,False,False,False,True,True,False,False,False,False,False,False,False,Jeudi-22-24h,OUI,Jeudi,2020-03-26 22:00
14200,177,False,False,False,False,False,False,False,False,False,False,False,False,False,False,Jeudi-22-24h,NON,Jeudi,2020-03-26 22:00
14201,7,False,False,False,False,False,False,False,False,False,False,False,False,False,False,Jeudi-22-24h,NON,Jeudi,2020-03-26 22:00
14202,241,False,False,True,False,False,False,False,False,False,False,False,False,False,False,Jeudi-22-24h,NON,Jeudi,2020-03-26 22:00
14203,8,True,False,False,False,True,True,False,True,False,False,False,False,False,False,Jeudi-22-24h,OUI,Jeudi,2020-03-26 22:00
14204,268,False,True,False,False,False,True,False,False,False,False,False,False,False,False,Jeudi-22-24h,OUI,Jeudi,2020-03-26 22:00
14205,294,False,False,True,False,True,False,False,False,False,False,False,False,False,False,Jeudi-22-24h,OUI,Jeudi,2020-03-26 22:00
14206,242,True,False,False,False,True,True,False,False,False,False,False,False,False,False,Jeudi-22-24h,NON,Jeudi,2020-03-26 22:00
14207,194,False,False,False,False,False,True,False,False,False,False,False,False,False,False,Jeudi-22-24h,NON,Jeudi,2020-03-26 22:00
14208,243,False,False,False,False,True,True,False,False,False,False,False,False,False,False,Jeudi-22-24h,OUI,Jeudi,2020-03-26 22:00
14209,212,True,True,True,False,False,True,False,False,False,False,False,False,False,False,Jeudi-22-24h,OUI,Jeudi,2020-03-26 22:00
14210,19,False,False,False,False,False,True,False,False,False,False,False,False,False,False,Jeudi-22-24h,OUI,Jeudi,2020-03-26 22:00
14211,114,False,False,False,False,True,False,False,False,False,False,False,False,False,False,Jeudi-22-24h,OUI,Jeudi,2020-03-26 22:00
14212,190,False,False,False,False,False,True,False,False,True,False,False,False,False,False,Jeudi-22-24h,NON,Jeudi,2020-03-26 22:00
14213,64,False,False,True,False,False,False,False,False,False,False,False,False,False,False,Jeudi-22-24h,NON,Jeudi,2020-03-26 22:00
14214,227,False,False,False,False,False,False,False,False,False,False,False,False,False,False,Jeudi-22-24h,NON,Jeudi,2020-03-26 22:00
14215,232,False,False,False,False,False,True,False,False,False,False,False,False,False,False,Jeudi-22-24h,OUI,Jeudi,2020-03-26 22:00
14216,246,False,True,False,False,False,True,True,False,False,False,False,False,False,False,Jeudi-22-24h,OUI,Jeudi,2020-03-26 22:00
14217,100,False,False,False,False,False,True,False,False,False,False,False,False,False,False,Jeudi-22-24h,NON,Jeudi,2020-03-26 22:00
14218,13,False,False,False,False,True,False,False,False,False,False,False,False,False,False,Jeudi-22-24h,NON,Jeudi,2020-03-26 22:00
14219,262,True,True,True,False,False,False,False,False,False,False,False,False,False,False,Jeudi-22-24h,OUI,Jeudi,2020-03-26 22:00
14220,76,True,True,True,False,False,True,False,False,False,False,True,False,False,False,Jeudi-22-24h,OUI,Jeudi,2020-03-26 22:00
14221,261,False,True,False,False,True,False,False,False,False,False,False,False,False,False,Jeudi-22-24h,NON,Jeudi,2020-03-26 22:00
14222,150,False,True,False,False,False,False,False,False,False,False,False,False,False,False,Jeudi-22-24h,OUI,Jeudi,2020-03-26 22:00
14223,205,False,False,False,False,False,False,False,False,False,False,False,False,False,False,Jeudi-22-24h,NON,Jeudi,2020-03-26 22:00
14224,56,False,False,False,False,True,True,False,False,False,False,False,False,False,False,Jeudi-22-24h,OUI,Jeudi,2020-03-26 22:00
14225,186,False,False,False,False,True,False,False,False,False,False,False,False,False,False,Jeudi-22-24h,OUI,Jeudi,2020-03-26 22:00
14226,162,True,False,False,False,True,True,False,False,False,False,False,False,False,False,Jeudi-22-24h,OUI,Jeudi,2020-03-26 22:00
14227,68,False,True,False,False,True,True,False,False,False,False,False,False,False,False,Jeudi-22-24h,OUI,Jeudi,2020-03-26 22:00
14228,146,False,False,False,False,False,True,False,False,False,False,False,True,False,False,Jeudi-22-24h,OUI,Jeudi,2020-03-26 22:00
14229,49,False,False,False,False,False,False,False,False,False,False,False,False,True,False,Jeudi-22-24h,NON,Jeudi,2020-03-26 22:00
14230,91,True,False,True,True,False,False,False,False,False,False,False,False,False,False,Jeudi-22-24h,OUI,Jeudi,2020-03-26 22:00
14231,22,False,False,False,False,False,False,False,False,False,True,False,False,False,False,Jeudi-22-24h,NON,Jeudi,2020-03-26 22:00
14232,151,False,False,False,False,True,False,False,False,False,False,False,False,False,False,Jeudi-22-24h,OUI,Jeudi,2020-03-26 22:00
14233,193,False,False,False,False,True,True,False,False,False,False,False,False,False,False,Jeudi-22-24h,OUI,Jeudi,2020-03-26 22:00
14234,9,True,True,False,False,False,False,False,False,False,False,False,False,False,False,Jeudi-22-24h,OUI,Jeudi,2020-03-26 22:00
14235,99,True,False,True,False,False,False,False,False,False,False,False,False,False,False,Jeudi-22-24h,NON,Jeudi,2020-03-26 22:00
14236,181,False,False,False,False,True,True,False,False,False,False,False,False,False,False,Jeudi-22-24h,OUI,Jeudi,2020-03-26 22:00
14237,111,False,False,False,False,False,True,False,True,False,False,False,False,False,False,Jeudi-22-24h,OUI,Jeudi,2020-03-26 22:00
14238,44,False,True,False,False,False,True,False,False,False,False,False,False,False,False,Jeudi-22-24h,NON,Jeudi,2020-03-26 22:00
14239,24,False,False,False,False,True,False,False,True,False,False,False,False,False,False,Jeudi-22-24h,OUI,Jeudi,2020-03-26 22:00
14240,102,False,False,False,False,True,True,False,True,False,False,False,False,False,False,Jeudi-22-24h,OUI,Jeudi,2020-03-26 22:00
14241,203,True,True,False,False,False,False,False,True,False,False,False,False,False,False,Jeudi-22-24h,NON,Jeudi,2020-03-26 22:00
14242,140,False,False,False,False,True,True,False,True,False,False,False,False,False,False,Jeudi-22-24h,NON,Jeudi,2020-03-26 22:00
14243,188,False,False,False,False,False,True,False,False,True,False,False,False,False,False,Jeudi-22-24h,NON,Jeudi,2020-03-26 22:00
14244,206,False,False,False,True,False,False,False,False,False,False,True,False,False,False,Jeudi-22-24h,NON,Jeudi,2020-03-26 22:00
14245,273,False,False,False,False,False,False,False,False,False,False,False,True,False,False,Jeudi-22-24h,NON,Jeudi,2020-03-26 22:00
14246,69,True,False,True,False,False,False,False,False,False,False,False,False,False,False,Jeudi-22-24h,OUI,Jeudi,2020-03-26 22:00
14247,87,True,False,False,True,False,False,False,False,False,False,True,False,False,False,Jeudi-22-24h,OUI,Jeudi,2020-03-26 22:00
14248,83,True,False,True,False,False,False,False,False,False,False,False,False,False,False,Jeudi-22-24h,OUI,Jeudi,2020-03-26 22:00
14249,149,True,False,True,True,False,False,False,False,False,False,False,False,False,False,Jeudi-22-24h,OUI,Jeudi,2020-03-26 22:00
14250,274,False,False,False,False,False,True,False,False,False,False,False,False,False,False,Jeudi-22-24h,NON,Jeudi,2020-03-26 22:00
14251,282,True,False,True,True,False,False,False,False,False,False,False,False,False,False,Jeudi-22-24h,OUI,Jeudi,2020-03-26 22:00
14252,147,False,False,False,False,False,False,False,False,False,False,False,False,False,False,Jeudi-22-24h,NON,Jeudi,2020-03-26 22:00
14253,238,False,False,False,False,False,False,False,False,False,False,False,True,False,False,Jeudi-22-24h,OUI,Jeudi,2020-03-26 22:00
14254,201,False,False,False,False,False,False,False,False,False,False,False,False,False,False,Jeudi-22-24h,NON,Jeudi,2020-03-26 22:00
14255,152,False,True,False,False,False,False,False,False,False,False,False,False,False,False,Jeudi-22-24h,NON,Jeudi,2020-03-26 22:00
14256,222,False,False,False,False,False,True,False,False,True,True,False,False,False,False,Jeudi-22-24h,NON,Jeudi,2020-03-26 22:00
14257,106,False,False,False,False,False,True,False,False,False,False,False,True,False,False,Jeudi-22-24h,OUI,Jeudi,2020-03-26 22:00
14258,133,False,False,True,False,True,False,False,False,False,False,False,False,False,False,Jeudi-22-24h,OUI,Jeudi,2020-03-26 22:00
14259,163,False,False,False,False,True,False,False,False,False,False,False,False,False,False,Jeudi-22-24h,NON,Jeudi,2020-03-26 22:00
14260,231,False,False,False,False,False,False,False,False,False,False,False,False,False,False,Jeudi-22-24h,NON,Jeudi,2020-03-26 22:00
14261,25,False,False,False,False,True,False,False,False,False,False,False,False,False,False,Jeudi-22-24h,OUI,Jeudi,2020-03-26 22:00
14262,196,False,False,True,False,True,False,False,True,False,False,False,False,False,False,Jeudi-22-24h,OUI,Jeudi,2020-03-26 22:00
14263,5,False,False,False,False,True,True,False,False,False,False,False,False,False,False,Jeudi-22-24h,OUI,Jeudi,2020-03-26 22:00
14264,90,False,True,False,False,False,False,False,False,False,False,False,False,False,False,Jeudi-22-24h,NON,Jeudi,2020-03-26 22:00
14265,244,True,False,True,False,False,False,False,False,False,False,False,False,False,False,Jeudi-22-24h,OUI,Jeudi,2020-03-26 22:00
14266,107,False,True,False,False,False,True,False,False,False,False,False,False,False,False,Jeudi-22-24h,OUI,Jeudi,2020-03-26 22:00
14267,218,False,True,False,False,True,True,False,False,False,False,False,False,False,False,Jeudi-22-24h,OUI,Jeudi,2020-03-26 22:00
14268,62,False,True,True,False,True,True,False,False,False,False,False,False,False,False,Jeudi-22-24h,OUI,Jeudi,2020-03-26 22:00
14269,79,False,True,False,False,False,False,False,False,False,False,False,False,False,False,Jeudi-22-24h,OUI,Jeudi,2020-03-26 22:00
14270,208,False,False,False,False,False,True,False,False,False,False,False,False,False,False,Jeudi-22-24h,OUI,Jeudi,2020-03-26 22:00
14271,270,False,False,False,False,False,False,False,False,True,False,False,False,False,False,Jeudi-22-24h,OUI,Jeudi,2020-03-26 22:00
14272,166,True,False,False,False,True,True,False,False,False,False,False,False,False,False,Jeudi-22-24h,OUI,Jeudi,2020-03-26 22:00
14273,77,False,False,True,False,True,False,False,False,False,False,False,False,False,False,Jeudi-22-24h,NON,Jeudi,2020-03-26 22:00
14274,29,False,False,False,False,False,True,False,False,False,False,False,True,False,False,Jeudi-22-24h,OUI,Jeudi,2020-03-26 22:00
14275,240,False,False,False,False,False,True,False,False,False,False,False,False,False,False,Jeudi-22-24h,OUI,Jeudi,2020-03-26 22:00
14276,184,False,True,False,False,False,False,False,False,False,False,False,False,False,False,Jeudi-22-24h,OUI,Jeudi,2020-03-26 22:00
14277,277,False,True,True,False,False,True,False,False,False,False,False,False,False,False,Jeudi-22-24h,NON,Jeudi,2020-03-26 22:00
14278,80,True,False,False,False,False,True,False,False,False,True,False,False,False,False,Jeudi-22-24h,NON,Jeudi,2020-03-26 22:00
14279,185,True,True,True,False,False,True,False,False,False,False,True,False,True,False,Jeudi-22-24h,NON,Jeudi,2020-03-26 22:00
14280,204,False,False,False,False,True,True,False,False,False,False,False,True,False,False,Jeudi-22-24h,OUI,Jeudi,2020-03-26 22:00
14281,252,True,True,True,False,False,True,False,False,False,False,False,False,False,False,Jeudi-22-24h,NON,Jeudi,2020-03-26 22:00
14282,26,False,False,False,False,True,False,False,False,False,False,False,False,False,False,Jeudi-22-24h,NON,Jeudi,2020-03-26 22:00
14283,70,False,False,False,False,True,False,False,False,False,False,False,True,False,False,Jeudi-22-24h,OUI,Jeudi,2020-03-26 22:00
14284,233,False,False,False,False,True,False,False,False,False,False,False,False,False,False,Jeudi-22-24h,OUI,Jeudi,2020-03-26 22:00
14285,37,True,True,True,False,True,True,False,False,False,False,False,False,False,False,Jeudi-22-24h,OUI,Jeudi,2020-03-26 22:00
14286,185,False,False,True,False,False,False,False,False,False,False,False,False,False,False,Jeudi-22-24h,OUI,Jeudi,2020-03-26 22:00
14287,138,True,False,False,False,True,True,False,False,False,False,False,False,False,False,Jeudi-22-24h,OUI,Jeudi,2020-03-26 22:00
14288,224,True,False,True,False,False,False,False,False,False,False,False,False,False,False,Jeudi-22-24h,NON,Jeudi,2020-03-26 22:00
14289,66,False,False,False,False,True,True,False,False,False,False,False,False,True,False,Jeudi-22-24h,OUI,Jeudi,2020-03-26 22:00
14290,211,False,False,True,False,False,False,False,False,False,False,False,False,True,False,Jeudi-22-24h,NON,Jeudi,2020-03-26 22:00
14291,14,False,False,False,False,True,True,False,False,False,False,False,False,False,False,Jeudi-22-24h,OUI,Jeudi,2020-03-26 22:00
14292,145,False,False,False,False,True,False,False,False,False,False,False,False,False,False,Jeudi-22-24h,NON,Jeudi,2020-03-26 22:00
14293,36,False,False,False,False,False,False,False,False,False,False,False,True,False,False,Jeudi-22-24h,OUI,Jeudi,2020-03-26 22:00
14294,60,True,True,True,False,False,True,False,False,False,False,False,False,False,False,Jeudi-22-24h,NON,Jeudi,2020-03-26 22:00
14295,137,True,True,True,False,False,True,False,False,False,False,True,False,False,False,Jeudi-22-24h,OUI,Jeudi,2020-03-26 22:00
14296,285,False,True,False,False,True,True,False,False,False,False,False,False,False,False,Jeudi-22-24h,OUI,Jeudi,2020-03-26 22:00
14297,40,False,True,True,False,True,True,False,False,False,False,False,False,False,False,Jeudi-22-24h,OUI,Jeudi,2020-03-26 22:00
14298,97,False,False,False,False,False,True,False,False,False,False,False,False,False,False,Jeudi-22-24h,NON,Jeudi,2020-03-26 22:00
14299,109,True,False,True,True,False,False,False,False,False,False,False,False,False,False,Jeudi-22-24h,NON,Jeudi,2020-03-26 22:00
14300,10,False,False,False,False,False,False,False,False,False,False,False,False,False,False,Jeudi-22-24h,NON,Jeudi,2020-03-26 22:00
14301,256,False,False,False,False,False,False,False,False,False,False,False,True,False,False,Jeudi-22-24h,NON,Jeudi,2020-03-26 22:00
14302,141,True,True,True,False,False,False,False,False,False,False,True,False,False,False,Jeudi-22-24h,NON,Jeudi,2020-03-26 22:00
14303,28,False,False,False,False,False,False,False,False,False,False,False,False,False,False,Jeudi-22-24h,NON,Jeudi,2020-03-26 22:00
14304,101,True,True,True,True,True,True,False,False,False,False,False,False,False,False,Jeudi-22-24h,OUI,Jeudi,2020-03-26 22:00
14305,48,True,False,True,False,True,False,False,False,False,False,False,False,True,False,Jeudi-22-24h,OUI,Jeudi,2020-03-26 22:00
14306,27,False,False,False,False,False,True,False,False,False,False,False,False,False,False,Jeudi-22-24h,OUI,Jeudi,2020-03-26 22:00
14307,142,True,False,True,False,False,False,False,False,False,False,True,False,True,False,Jeudi-22-24h,NON,Jeudi,2020-03-26 22:00
14308,234,False,False,True,False,False,False,False,False,False,False,True,False,False,False,Jeudi-22-24h,OUI,Jeudi,2020-03-26 22:00
14309,23,False,False,False,False,True,False,False,False,False,False,False,False,False,False,Jeudi-22-24h,NON,Jeudi,2020-03-26 22:00
14310,195,False,False,False,False,True,False,False,False,True,False,False,False,False,False,Jeudi-22-24h,OUI,Jeudi,2020-03-26 22:00
14311,275,False,False,False,False,False,False,False,False,False,False,False,True,False,False,Jeudi-22-24h,OUI,Jeudi,2020-03-26 22:00
14312,226,False,False,False,False,True,True,False,False,False,False,False,False,False,False,Jeudi-22-24h,NON,Jeudi,2020-03-26 22:00
14313,207,False,False,True,False,False,False,False,False,False,False,False,False,False,False,Jeudi-22-24h,NON,Jeudi,2020-03-26 22:00
14314,57,False,False,False,False,False,False,False,False,False,False,False,False,False,False,Jeudi-22-24h,NON,Jeudi,2020-03-26 22:00
14315,4,False,True,False,False,False,True,False,False,False,False,False,False,False,False,Jeudi-22-24h,NON,Jeudi,2020-03-26 22:00
14316,265,False,False,False,False,False,True,False,False,False,False,False,False,False,False,Jeudi-22-24h,NON,Jeudi,2020-03-26 22:00
14317,88,False,True,False,False,False,False,False,False,False,False,False,False,False,False,Jeudi-22-24h,NON,Jeudi,2020-03-26 22:00
14318,198,False,False,False,False,False,False,False,False,False,False,True,False,False,False,Jeudi-22-24h,OUI,Jeudi,2020-03-26 22:00
14319,249,True,True,True,False,False,False,False,False,False,False,False,False,False,False,Jeudi-22-24h,OUI,Jeudi,2020-03-26 22:00
14320,263,False,False,False,False,True,True,False,False,False,False,False,False,False,False,Jeudi-22-24h,OUI,Jeudi,2020-03-26 22:00
14321,217,True,False,True,False,False,False,False,False,False,False,False,False,True,False,Jeudi-22-24h,NON,Jeudi,2020-03-26 22:00
14322,278,False,False,False,False,True,True,False,False,False,False,False,False,False,False,Jeudi-22-24h,NON,Jeudi,2020-03-26 22:00
14323,189,False,True,False,False,False,False,False,False,False,False,False,False,False,False,Jeudi-22-24h,NON,Jeudi,2020-03-26 22:00
14324,61,True,False,True,False,False,False,False,False,False,False,False,False,False,False,Jeudi-22-24h,NON,Jeudi,2020-03-26 22:00
14325,251,False,False,False,False,False,False,False,False,False,False,False,False,True,False,Jeudi-22-24h,NON,Jeudi,2020-03-26 22:00
14326,281,False,True,False,False,False,False,False,False,False,False,False,False,False,False,Jeudi-22-24h,OUI,Jeudi,2020-03-26 22:00
14327,134,False,True,False,False,False,False,False,False,False,False,False,False,False,False,Jeudi-22-24h,NON,Jeudi,2020-03-26 22:00
14328,293,False,True,False,False,False,True,False,False,False,False,False,False,False,False,Jeudi-22-24h,NON,Jeudi,2020-03-26 22:00
14329,279,True,True,True,True,False,True,False,False,False,False,False,False,False,False,Jeudi-22-24h,OUI,Jeudi,2020-03-26 22:00
14330,81,True,False,True,True,False,False,False,True,False,False,False,False,False,False,Jeudi-22-24h,OUI,Jeudi,2020-03-26 22:00
14331,92,True,False,False,True,False,False,False,False,False,False,True,False,False,False,Jeudi-22-24h,OUI,Jeudi,2020-03-26 22:00
14332,147,False,False,False,False,False,False,False,False,False,False,False,False,False,False,Jeudi-22-24h,NON,Jeudi,2020-03-26 22:00
14333,33,False,True,False,False,True,False,False,False,False,False,False,False,False,False,Jeudi-22-24h,OUI,Jeudi,2020-03-26 22:00
14334,266,False,False,False,False,False,False,False,False,False,False,False,False,False,False,Jeudi-22-24h,NON,Jeudi,2020-03-26 22:00
14335,225,True,False,False,False,False,True,False,False,False,False,False,False,False,False,Jeudi-22-24h,OUI,Jeudi,2020-03-26 22:00
14336,83,True,False,True,False,False,False,False,False,False,False,False,False,False,False,Jeudi-22-24h,OUI,Jeudi,2020-03-26 22:00
14337,95,False,False,False,False,True,True,False,True,False,False,False,False,False,False,Jeudi-22-24h,NON,Jeudi,2020-03-26 22:00
14338,127,False,False,False,False,True,False,False,False,False,False,False,False,False,False,Jeudi-22-24h,OUI,Jeudi,2020-03-26 22:00
14339,20,False,False,False,False,False,False,False,False,False,False,False,False,False,False,Jeudi-22-24h,NON,Jeudi,2020-03-26 22:00
14340,89,False,False,False,False,False,False,False,False,True,False,False,False,False,False,Jeudi-22-24h,OUI,Jeudi,2020-03-26 22:00
14341,120,False,True,True,False,True,True,False,True,False,False,True,False,False,False,Jeudi-22-24h,NON,Jeudi,2020-03-26 22:00
14342,253,False,False,False,False,True,True,False,False,False,False,False,True,False,False,Jeudi-22-24h,NON,Jeudi,2020-03-26 22:00
14343,52,False,False,True,False,False,False,False,False,False,False,False,False,False,False,Jeudi-22-24h,OUI,Jeudi,2020-03-26 22:00
14344,168,True,False,True,False,False,False,False,True,False,False,False,False,False,False,Jeudi-22-24h,OUI,Jeudi,2020-03-26 22:00
14345,202,False,True,False,False,False,False,False,False,False,False,False,False,False,False,Jeudi-22-24h,OUI,Jeudi,2020-03-26 22:00
14346,172,False,False,False,False,True,False,False,False,False,False,False,False,False,False,Jeudi-22-24h,OUI,Jeudi,2020-03-26 22:00
14347,239,False,False,False,False,True,True,False,False,False,False,False,False,False,False,Jeudi-22-24h,NON,Jeudi,2020-03-26 22:00
14348,85,False,False,False,False,True,False,False,False,False,False,False,False,False,False,Jeudi-22-24h,OUI,Jeudi,2020-03-26 22:00
14349,215,False,False,False,False,False,False,False,False,True,False,False,False,False,False,Jeudi-22-24h,OUI,Jeudi,2020-03-26 22:00
14350,260,True,False,True,False,False,False,False,False,False,False,False,False,False,False,Jeudi-22-24h,NON,Jeudi,2020-03-26 22:00
14351,286,True,True,False,False,True,False,False,False,False,False,False,False,False,False,Jeudi-22-24h,NON,Jeudi,2020-03-26 22:00
14352,72,False,True,False,False,False,False,False,False,False,False,False,False,False,False,Vendredi-00-02h,NON,Vendredi,2020-03-27 00:00
14353,167,True,True,True,True,True,True,False,False,False,False,False,False,False,False,Vendredi-00-02h,OUI,Vendredi,2020-03-27 00:00
14354,130,True,False,True,False,False,False,False,True,False,False,False,False,True,True,Vendredi-00-02h,NON,Vendredi,2020-03-27 00:00
14355,288,True,True,True,False,True,False,False,False,False,False,False,False,False,False,Vendredi-00-02h,NON,Vendredi,2020-03-27 00:00
14356,59,False,False,False,False,False,True,False,False,False,False,False,False,False,False,Vendredi-00-02h,NON,Vendredi,2020-03-27 00:00
14357,178,True,False,False,False,False,False,False,False,False,False,True,False,False,False,Vendredi-00-02h,NON,Vendredi,2020-03-27 00:00
14358,254,False,False,False,False,False,False,False,False,False,False,False,True,False,False,Vendredi-00-02h,NON,Vendredi,2020-03-27 00:00
14359,34,False,False,False,False,False,False,False,False,False,False,False,False,False,False,Vendredi-00-02h,NON,Vendredi,2020-03-27 00:00
14360,264,False,False,False,False,True,True,True,False,False,False,False,False,False,False,Vendredi-00-02h,NON,Vendredi,2020-03-27 00:00
14361,158,True,False,False,False,True,False,False,False,False,True,False,False,False,False,Vendredi-00-02h,NON,Vendredi,2020-03-27 00:00
14362,210,False,True,False,False,True,True,False,False,False,False,False,False,False,False,Vendredi-00-02h,NON,Vendredi,2020-03-27 00:00
14363,93,False,False,False,False,True,False,False,False,False,False,False,False,True,False,Vendredi-00-02h,OUI,Vendredi,2020-03-27 00:00
14364,144,True,False,True,False,True,False,False,False,False,False,False,False,False,False,Vendredi-00-02h,OUI,Vendredi,2020-03-27 00:00
14365,164,False,True,False,False,True,True,False,False,False,False,False,False,False,False,Vendredi-00-02h,OUI,Vendredi,2020-03-27 00:00
14366,289,False,False,False,False,True,True,False,False,False,False,False,False,False,False,Vendredi-00-02h,NON,Vendredi,2020-03-27 00:00
14367,50,False,False,False,False,False,False,False,False,False,False,False,False,False,False,Vendredi-00-02h,NON,Vendredi,2020-03-27 00:00
14368,51,True,True,False,False,True,False,False,False,False,False,False,False,False,False,Vendredi-00-02h,OUI,Vendredi,2020-03-27 00:00
14369,247,False,False,True,False,False,False,False,False,False,False,False,False,False,False,Vendredi-00-02h,NON,Vendredi,2020-03-27 00:00
14370,159,False,False,False,False,False,False,False,True,False,False,False,False,False,False,Vendredi-00-02h,NON,Vendredi,2020-03-27 00:00
14371,54,False,False,False,False,False,True,False,False,False,False,False,False,False,False,Vendredi-00-02h,NON,Vendredi,2020-03-27 00:00
14372,55,True,False,False,False,True,True,False,True,False,False,False,False,False,False,Vendredi-00-02h,OUI,Vendredi,2020-03-27 00:00
14373,257,False,False,False,False,True,False,False,False,False,False,False,False,False,False,Vendredi-00-02h,NON,Vendredi,2020-03-27 00:00
14374,67,False,False,False,False,False,False,False,False,False,False,False,False,False,False,Vendredi-00-02h,NON,Vendredi,2020-03-27 00:00
14375,71,True,False,True,False,False,False,False,False,False,False,False,False,False,False,Vendredi-00-02h,NON,Vendredi,2020-03-27 00:00
14376,280,False,False,False,False,False,True,False,False,False,False,False,False,False,False,Vendredi-00-02h,OUI,Vendredi,2020-03-27 00:00
14377,283,True,True,False,False,False,False,False,False,False,False,False,False,False,False,Vendredi-00-02h,OUI,Vendredi,2020-03-27 00:00
14378,154,False,False,False,False,True,True,False,False,False,False,False,True,False,False,Vendredi-00-02h,NON,Vendredi,2020-03-27 00:00
14379,171,False,False,False,False,False,False,False,False,False,False,False,True,False,False,Vendredi-00-02h,OUI,Vendredi,2020-03-27 00:00
14380,131,False,False,True,False,False,False,False,False,False,False,False,False,False,False,Vendredi-00-02h,NON,Vendredi,2020-03-27 00:00
14381,237,True,False,False,False,False,True,True,False,False,False,False,False,True,False,Vendredi-00-02h,OUI,Vendredi,2020-03-27 00:00
14382,75,False,False,False,False,True,True,False,False,False,False,False,False,False,False,Vendredi-00-02h,NON,Vendredi,2020-03-27 00:00
14383,235,True,False,False,False,True,False,False,False,False,False,False,False,False,False,Vendredi-00-02h,NON,Vendredi,2020-03-27 00:00
14384,180,False,False,False,False,True,True,False,False,False,False,False,False,False,False,Vendredi-00-02h,OUI,Vendredi,2020-03-27 00:00
14385,219,False,False,False,False,False,True,False,False,False,False,False,False,False,False,Vendredi-00-02h,NON,Vendredi,2020-03-27 00:00
14386,250,False,False,False,False,False,False,False,False,True,False,False,False,False,False,Vendredi-00-02h,NON,Vendredi,2020-03-27 00:00
14387,267,True,True,False,False,False,False,False,False,False,False,False,False,False,False,Vendredi-00-02h,NON,Vendredi,2020-03-27 00:00
14388,160,False,True,False,False,False,True,False,False,False,False,False,False,False,False,Vendredi-00-02h,NON,Vendredi,2020-03-27 00:00
14389,182,False,True,False,False,True,True,True,False,False,False,False,False,False,False,Vendredi-00-02h,OUI,Vendredi,2020-03-27 00:00
14390,143,False,False,False,False,False,False,False,True,False,False,True,False,False,False,Vendredi-00-02h,NON,Vendredi,2020-03-27 00:00
14391,223,True,True,False,False,False,False,False,False,False,False,False,False,False,False,Vendredi-00-02h,NON,Vendredi,2020-03-27 00:00
14392,192,True,False,True,False,False,False,False,False,False,False,False,False,False,False,Vendredi-00-02h,NON,Vendredi,2020-03-27 00:00
14393,30,False,False,True,False,False,False,False,True,False,False,False,False,False,False,Vendredi-00-02h,NON,Vendredi,2020-03-27 00:00
14394,125,True,False,False,False,True,False,False,True,False,False,False,False,False,False,Vendredi-00-02h,NON,Vendredi,2020-03-27 00:00
14395,39,False,False,True,False,True,False,False,True,False,False,False,False,False,False,Vendredi-00-02h,NON,Vendredi,2020-03-27 00:00
14396,113,True,False,True,False,False,False,False,False,False,False,False,False,False,False,Vendredi-00-02h,OUI,Vendredi,2020-03-27 00:00
14397,121,True,False,True,False,False,False,False,True,False,False,False,False,False,False,Vendredi-00-02h,NON,Vendredi,2020-03-27 00:00
14398,228,False,False,False,False,False,False,False,False,False,False,True,False,False,False,Vendredi-00-02h,OUI,Vendredi,2020-03-27 00:00
14399,290,False,False,False,False,False,False,False,False,True,False,False,False,False,False,Vendredi-00-02h,NON,Vendredi,2020-03-27 00:00
14400,197,False,False,True,False,True,False,False,False,False,False,False,False,False,False,Vendredi-00-02h,NON,Vendredi,2020-03-27 00:00
14401,31,True,True,True,False,False,True,False,False,False,False,False,False,False,False,Vendredi-00-02h,NON,Vendredi,2020-03-27 00:00
14402,173,True,False,False,False,True,True,False,True,False,False,False,False,False,False,Vendredi-00-02h,NON,Vendredi,2020-03-27 00:00
14403,74,True,False,False,True,False,False,False,True,False,False,True,False,False,False,Vendredi-00-02h,NON,Vendredi,2020-03-27 00:00
14404,15,False,False,True,False,False,False,False,False,False,False,False,False,False,False,Vendredi-00-02h,NON,Vendredi,2020-03-27 00:00
14405,45,True,False,False,False,True,True,False,True,False,False,False,False,False,False,Vendredi-00-02h,OUI,Vendredi,2020-03-27 00:00
14406,63,False,False,True,False,False,False,False,False,False,False,False,False,False,False,Vendredi-00-02h,OUI,Vendredi,2020-03-27 00:00
14407,3,False,False,False,False,False,True,False,False,False,False,False,True,False,False,Vendredi-00-02h,OUI,Vendredi,2020-03-27 00:00
14408,21,True,False,True,False,False,False,False,False,False,False,False,False,False,False,Vendredi-00-02h,OUI,Vendredi,2020-03-27 00:00
14409,78,False,True,True,False,True,True,False,True,False,False,False,False,False,False,Vendredi-00-02h,OUI,Vendredi,2020-03-27 00:00
14410,47,False,True,False,False,False,False,False,False,False,False,False,False,False,False,Vendredi-00-02h,NON,Vendredi,2020-03-27 00:00
14411,151,True,True,False,False,True,False,False,True,False,False,False,False,False,False,Vendredi-00-02h,NON,Vendredi,2020-03-27 00:00
14412,6,True,False,True,False,False,False,False,False,False,False,False,False,False,False,Vendredi-00-02h,OUI,Vendredi,2020-03-27 00:00
14413,135,True,False,True,False,False,False,False,False,False,False,False,False,True,False,Vendredi-00-02h,OUI,Vendredi,2020-03-27 00:00
14414,221,False,False,False,False,True,True,False,False,False,False,False,False,False,False,Vendredi-00-02h,NON,Vendredi,2020-03-27 00:00
14415,170,False,False,True,False,False,False,False,False,False,False,True,False,False,True,Vendredi-00-02h,NON,Vendredi,2020-03-27 00:00
14416,129,False,True,False,False,False,False,False,False,False,False,False,False,False,False,Vendredi-00-02h,OUI,Vendredi,2020-03-27 00:00
14417,132,True,True,True,False,False,True,False,False,False,False,False,False,False,False,Vendredi-00-02h,OUI,Vendredi,2020-03-27 00:00
14418,110,False,True,False,False,False,False,False,False,False,False,False,False,False,False,Vendredi-00-02h,OUI,Vendredi,2020-03-27 00:00
14419,191,False,False,False,False,False,True,False,False,False,False,False,False,False,False,Vendredi-00-02h,OUI,Vendredi,2020-03-27 00:00
14420,94,True,True,True,False,False,True,False,False,False,False,True,False,True,False,Vendredi-00-02h,NON,Vendredi,2020-03-27 00:00
14421,108,False,False,False,False,False,True,True,False,False,False,False,False,False,False,Vendredi-00-02h,OUI,Vendredi,2020-03-27 00:00
14422,236,False,False,False,False,True,True,False,False,False,False,False,False,False,False,Vendredi-00-02h,OUI,Vendredi,2020-03-27 00:00
14423,42,True,False,True,False,True,False,False,False,False,False,False,False,False,False,Vendredi-00-02h,NON,Vendredi,2020-03-27 00:00
14424,155,True,False,False,False,True,False,False,False,False,False,False,False,False,False,Vendredi-00-02h,NON,Vendredi,2020-03-27 00:00
14425,1,False,False,False,False,False,False,False,False,False,False,False,False,False,False,Vendredi-00-02h,NON,Vendredi,2020-03-27 00:00
14426,58,False,True,True,False,False,True,False,False,False,False,True,False,False,False,Vendredi-00-02h,OUI,Vendredi,2020-03-27 00:00
14427,0,False,True,False,False,False,False,False,False,False,False,False,False,False,False,Vendredi-00-02h,OUI,Vendredi,2020-03-27 00:00
14428,269,False,False,False,False,False,False,False,False,False,False,False,False,False,False,Vendredi-00-02h,NON,Vendredi,2020-03-27 00:00
14429,2,True,False,True,False,False,False,False,False,False,False,False,False,False,False,Vendredi-00-02h,NON,Vendredi,2020-03-27 00:00
14430,103,False,False,False,False,True,False,False,False,False,False,False,False,False,False,Vendredi-00-02h,NON,Vendredi,2020-03-27 00:00
14431,12,False,True,False,False,True,False,False,False,False,False,False,False,False,False,Vendredi-00-02h,OUI,Vendredi,2020-03-27 00:00
14432,245,True,False,False,False,True,True,False,True,False,False,False,False,False,False,Vendredi-00-02h,NON,Vendredi,2020-03-27 00:00
14433,161,False,False,True,False,False,False,False,False,False,False,True,False,False,False,Vendredi-00-02h,NON,Vendredi,2020-03-27 00:00
14434,38,False,False,False,False,False,False,False,False,True,False,False,False,False,False,Vendredi-00-02h,NON,Vendredi,2020-03-27 00:00
14435,122,False,False,False,False,False,False,False,False,False,False,False,False,False,False,Vendredi-00-02h,NON,Vendredi,2020-03-27 00:00
14436,248,False,False,True,False,False,False,False,False,False,False,False,False,True,False,Vendredi-00-02h,NON,Vendredi,2020-03-27 00:00
14437,271,False,True,True,False,False,True,False,False,False,False,False,False,False,False,Vendredi-00-02h,OUI,Vendredi,2020-03-27 00:00
14438,116,False,False,True,False,False,False,False,False,False,False,False,False,False,False,Vendredi-00-02h,OUI,Vendredi,2020-03-27 00:00
14439,117,True,True,True,True,False,True,False,False,False,False,False,False,False,False,Vendredi-00-02h,NON,Vendredi,2020-03-27 00:00
14440,213,False,False,False,False,True,True,False,True,False,False,False,False,False,False,Vendredi-00-02h,NON,Vendredi,2020-03-27 00:00
14441,220,False,True,True,False,False,True,False,False,False,False,False,False,False,False,Vendredi-00-02h,OUI,Vendredi,2020-03-27 00:00
14442,176,False,False,True,False,False,False,False,False,False,False,False,False,False,False,Vendredi-00-02h,NON,Vendredi,2020-03-27 00:00
14443,96,False,False,False,False,True,True,False,False,False,True,False,False,False,False,Vendredi-00-02h,NON,Vendredi,2020-03-27 00:00
14444,214,False,False,False,False,True,True,False,False,False,True,False,False,False,False,Vendredi-00-02h,OUI,Vendredi,2020-03-27 00:00
14445,11,True,False,False,True,False,False,False,False,False,False,True,False,False,False,Vendredi-00-02h,NON,Vendredi,2020-03-27 00:00
14446,255,True,False,True,False,False,False,False,True,False,False,False,False,False,False,Vendredi-00-02h,OUI,Vendredi,2020-03-27 00:00
14447,86,False,False,True,False,False,False,False,False,False,False,False,False,False,False,Vendredi-00-02h,OUI,Vendredi,2020-03-27 00:00
14448,209,True,False,False,False,True,True,False,True,False,False,False,False,False,False,Vendredi-00-02h,OUI,Vendredi,2020-03-27 00:00
14449,291,False,False,False,False,False,True,False,False,True,False,False,False,False,False,Vendredi-00-02h,OUI,Vendredi,2020-03-27 00:00
14450,287,False,False,False,False,False,False,False,False,False,False,False,True,False,False,Vendredi-00-02h,NON,Vendredi,2020-03-27 00:00
14451,104,False,False,False,False,True,True,False,False,False,False,False,False,False,False,Vendredi-00-02h,NON,Vendredi,2020-03-27 00:00
14452,18,False,False,False,False,True,False,False,False,False,False,False,False,False,False,Vendredi-00-02h,OUI,Vendredi,2020-03-27 00:00
14453,123,False,True,False,False,True,True,False,False,False,False,False,False,False,False,Vendredi-00-02h,NON,Vendredi,2020-03-27 00:00
14454,136,False,False,False,False,True,False,False,False,False,False,False,False,False,False,Vendredi-00-02h,NON,Vendredi,2020-03-27 00:00
14455,276,True,False,True,False,False,False,False,False,False,False,False,False,False,False,Vendredi-00-02h,NON,Vendredi,2020-03-27 00:00
14456,53,False,False,False,False,True,True,False,False,False,False,False,False,False,False,Vendredi-00-02h,OUI,Vendredi,2020-03-27 00:00
14457,179,True,False,True,False,False,False,False,False,False,False,False,False,False,False,Vendredi-00-02h,OUI,Vendredi,2020-03-27 00:00
14458,200,False,False,False,False,False,False,False,False,False,False,False,False,False,False,Vendredi-00-02h,NON,Vendredi,2020-03-27 00:00
14459,73,False,False,False,False,False,False,False,False,False,False,False,False,False,False,Vendredi-00-02h,NON,Vendredi,2020-03-27 00:00
14460,156,False,False,False,False,True,True,False,False,False,False,False,False,False,False,Vendredi-00-02h,NON,Vendredi,2020-03-27 00:00
14461,128,True,True,True,False,False,True,False,False,False,False,False,False,False,False,Vendredi-00-02h,OUI,Vendredi,2020-03-27 00:00
14462,118,False,False,False,False,False,False,False,False,False,False,False,False,False,False,Vendredi-00-02h,NON,Vendredi,2020-03-27 00:00
14463,112,True,False,True,False,False,False,False,False,False,False,False,False,False,False,Vendredi-00-02h,OUI,Vendredi,2020-03-27 00:00
14464,35,False,False,False,False,True,True,False,False,False,False,False,False,False,False,Vendredi-00-02h,NON,Vendredi,2020-03-27 00:00
14465,32,False,False,False,False,False,False,False,False,False,False,False,True,False,False,Vendredi-00-02h,NON,Vendredi,2020-03-27 00:00
14466,199,True,False,True,False,False,False,False,False,False,False,False,False,False,False,Vendredi-00-02h,OUI,Vendredi,2020-03-27 00:00
14467,153,True,False,False,False,True,True,False,False,False,False,False,False,False,False,Vendredi-00-02h,NON,Vendredi,2020-03-27 00:00
14468,82,False,False,True,False,False,False,False,False,False,False,False,False,False,False,Vendredi-00-02h,OUI,Vendredi,2020-03-27 00:00
14469,292,False,True,False,False,False,False,False,False,False,False,False,False,False,False,Vendredi-00-02h,OUI,Vendredi,2020-03-27 00:00
14470,169,False,False,False,True,False,False,False,False,False,False,False,False,False,False,Vendredi-00-02h,NON,Vendredi,2020-03-27 00:00
14471,16,False,False,False,False,True,True,False,False,False,False,False,False,False,False,Vendredi-00-02h,OUI,Vendredi,2020-03-27 00:00
14472,46,True,True,True,False,False,True,True,False,False,False,False,False,False,False,Vendredi-00-02h,NON,Vendredi,2020-03-27 00:00
14473,216,False,True,False,False,False,True,False,False,False,False,False,False,False,False,Vendredi-00-02h,OUI,Vendredi,2020-03-27 00:00
14474,174,False,True,True,False,False,True,False,False,False,False,True,False,False,False,Vendredi-00-02h,OUI,Vendredi,2020-03-27 00:00
14475,43,False,False,False,False,True,False,False,False,False,False,False,False,False,False,Vendredi-00-02h,NON,Vendredi,2020-03-27 00:00
14476,165,False,False,False,False,True,True,False,False,False,False,False,False,False,False,Vendredi-00-02h,NON,Vendredi,2020-03-27 00:00
14477,126,False,True,False,False,False,True,False,False,False,False,False,False,False,False,Vendredi-00-02h,OUI,Vendredi,2020-03-27 00:00
14478,41,False,False,False,False,False,True,False,False,True,False,False,False,False,False,Vendredi-00-02h,NON,Vendredi,2020-03-27 00:00
14479,157,False,False,True,False,False,False,False,False,False,False,False,False,False,False,Vendredi-00-02h,NON,Vendredi,2020-03-27 00:00
14480,272,False,True,True,False,False,False,True,False,False,False,True,False,True,True,Vendredi-00-02h,OUI,Vendredi,2020-03-27 00:00
14481,115,True,False,True,False,False,False,False,False,False,False,False,False,False,False,Vendredi-00-02h,NON,Vendredi,2020-03-27 00:00
14482,84,False,False,False,False,False,False,False,False,False,False,False,True,False,False,Vendredi-00-02h,NON,Vendredi,2020-03-27 00:00
14483,183,True,True,True,True,False,False,False,False,False,False,False,False,False,False,Vendredi-00-02h,OUI,Vendredi,2020-03-27 00:00
14484,65,True,True,False,False,False,True,False,False,False,False,False,False,False,False,Vendredi-00-02h,OUI,Vendredi,2020-03-27 00:00
14485,105,True,False,False,False,False,False,False,False,False,False,False,False,False,False,Vendredi-00-02h,OUI,Vendredi,2020-03-27 00:00
14486,187,True,False,False,False,False,True,False,False,False,False,False,False,False,False,Vendredi-00-02h,NON,Vendredi,2020-03-27 00:00
14487,139,True,False,True,False,False,False,False,False,False,False,False,False,False,False,Vendredi-00-02h,OUI,Vendredi,2020-03-27 00:00
14488,259,False,False,False,False,True,True,False,False,False,False,False,False,False,False,Vendredi-00-02h,OUI,Vendredi,2020-03-27 00:00
14489,124,True,False,True,False,False,False,False,False,False,False,True,False,False,False,Vendredi-00-02h,OUI,Vendredi,2020-03-27 00:00
14490,98,False,False,False,False,False,True,False,False,False,False,False,True,False,False,Vendredi-00-02h,OUI,Vendredi,2020-03-27 00:00
14491,284,False,True,True,False,False,True,False,False,False,False,False,False,True,False,Vendredi-00-02h,OUI,Vendredi,2020-03-27 00:00
14492,148,True,False,True,False,True,False,False,True,False,False,False,False,False,False,Vendredi-00-02h,NON,Vendredi,2020-03-27 00:00
14493,258,True,False,True,False,False,False,False,False,False,False,False,False,False,False,Vendredi-00-02h,OUI,Vendredi,2020-03-27 00:00
14494,175,False,False,False,False,False,True,False,False,False,False,False,False,False,False,Vendredi-00-02h,NON,Vendredi,2020-03-27 00:00
14495,119,False,False,False,False,False,False,False,False,False,False,True,False,False,False,Vendredi-00-02h,NON,Vendredi,2020-03-27 00:00
14496,229,True,False,True,False,False,False,False,True,False,False,False,False,False,False,Vendredi-00-02h,OUI,Vendredi,2020-03-27 00:00
14497,230,False,False,False,False,False,True,True,False,False,False,False,False,False,False,Vendredi-00-02h,NON,Vendredi,2020-03-27 00:00
14498,17,True,False,False,False,False,True,True,False,False,False,False,False,False,False,Vendredi-00-02h,NON,Vendredi,2020-03-27 00:00
14499,177,False,False,False,False,False,False,False,False,False,False,False,False,False,False,Vendredi-00-02h,NON,Vendredi,2020-03-27 00:00
14500,7,False,False,False,False,False,False,False,False,False,False,False,False,False,False,Vendredi-00-02h,NON,Vendredi,2020-03-27 00:00
14501,241,False,False,True,False,False,False,False,False,False,False,False,False,False,False,Vendredi-00-02h,NON,Vendredi,2020-03-27 00:00
14502,8,True,False,False,False,True,True,False,True,False,False,False,False,False,False,Vendredi-00-02h,NON,Vendredi,2020-03-27 00:00
14503,268,False,True,False,False,False,True,False,False,False,False,False,False,False,False,Vendredi-00-02h,OUI,Vendredi,2020-03-27 00:00
14504,294,False,False,True,False,True,False,False,False,False,False,False,False,False,False,Vendredi-00-02h,OUI,Vendredi,2020-03-27 00:00
14505,242,True,False,False,False,True,True,False,False,False,False,False,False,False,False,Vendredi-00-02h,NON,Vendredi,2020-03-27 00:00
14506,194,False,False,False,False,False,True,False,False,False,False,False,False,False,False,Vendredi-00-02h,NON,Vendredi,2020-03-27 00:00
14507,243,False,False,False,False,True,True,False,False,False,False,False,False,False,False,Vendredi-00-02h,OUI,Vendredi,2020-03-27 00:00
14508,212,True,True,True,False,False,True,False,False,False,False,False,False,False,False,Vendredi-00-02h,OUI,Vendredi,2020-03-27 00:00
14509,19,False,False,False,False,False,True,False,False,False,False,False,False,False,False,Vendredi-00-02h,OUI,Vendredi,2020-03-27 00:00
14510,114,False,False,False,False,True,False,False,False,False,False,False,False,False,False,Vendredi-00-02h,OUI,Vendredi,2020-03-27 00:00
14511,190,False,False,False,False,False,True,False,False,True,False,False,False,False,False,Vendredi-00-02h,NON,Vendredi,2020-03-27 00:00
14512,64,False,False,True,False,False,False,False,False,False,False,False,False,False,False,Vendredi-00-02h,NON,Vendredi,2020-03-27 00:00
14513,227,False,False,False,False,False,False,False,False,False,False,False,False,False,False,Vendredi-00-02h,NON,Vendredi,2020-03-27 00:00
14514,232,False,False,False,False,False,True,False,False,False,False,False,False,False,False,Vendredi-00-02h,OUI,Vendredi,2020-03-27 00:00
14515,246,False,True,False,False,False,True,True,False,False,False,False,False,False,False,Vendredi-00-02h,NON,Vendredi,2020-03-27 00:00
14516,100,False,False,False,False,False,True,False,False,False,False,False,False,False,False,Vendredi-00-02h,NON,Vendredi,2020-03-27 00:00
14517,13,False,False,False,False,True,False,False,False,False,False,False,False,False,False,Vendredi-00-02h,NON,Vendredi,2020-03-27 00:00
14518,262,True,True,True,False,False,False,False,False,False,False,False,False,False,False,Vendredi-00-02h,NON,Vendredi,2020-03-27 00:00
14519,76,True,True,True,False,False,True,False,False,False,False,True,False,False,False,Vendredi-00-02h,NON,Vendredi,2020-03-27 00:00
14520,261,False,True,False,False,True,False,False,False,False,False,False,False,False,False,Vendredi-00-02h,NON,Vendredi,2020-03-27 00:00
14521,150,False,True,False,False,False,False,False,False,False,False,False,False,False,False,Vendredi-00-02h,OUI,Vendredi,2020-03-27 00:00
14522,205,False,False,False,False,False,False,False,False,False,False,False,False,False,False,Vendredi-00-02h,NON,Vendredi,2020-03-27 00:00
14523,56,False,False,False,False,True,True,False,False,False,False,False,False,False,False,Vendredi-00-02h,OUI,Vendredi,2020-03-27 00:00
14524,186,False,False,False,False,True,False,False,False,False,False,False,False,False,False,Vendredi-00-02h,OUI,Vendredi,2020-03-27 00:00
14525,162,True,False,False,False,True,True,False,False,False,False,False,False,False,False,Vendredi-00-02h,NON,Vendredi,2020-03-27 00:00
14526,68,False,True,False,False,True,True,False,False,False,False,False,False,False,False,Vendredi-00-02h,OUI,Vendredi,2020-03-27 00:00
14527,146,False,False,False,False,False,True,False,False,False,False,False,True,False,False,Vendredi-00-02h,OUI,Vendredi,2020-03-27 00:00
14528,49,False,False,False,False,False,False,False,False,False,False,False,False,True,False,Vendredi-00-02h,NON,Vendredi,2020-03-27 00:00
14529,91,True,False,True,True,False,False,False,False,False,False,False,False,False,False,Vendredi-00-02h,OUI,Vendredi,2020-03-27 00:00
14530,22,False,False,False,False,False,False,False,False,False,True,False,False,False,False,Vendredi-00-02h,NON,Vendredi,2020-03-27 00:00
14531,151,False,False,False,False,True,False,False,False,False,False,False,False,False,False,Vendredi-00-02h,NON,Vendredi,2020-03-27 00:00
14532,193,False,False,False,False,True,True,False,False,False,False,False,False,False,False,Vendredi-00-02h,OUI,Vendredi,2020-03-27 00:00
14533,9,True,True,False,False,False,False,False,False,False,False,False,False,False,False,Vendredi-00-02h,NON,Vendredi,2020-03-27 00:00
14534,99,True,False,True,False,False,False,False,False,False,False,False,False,False,False,Vendredi-00-02h,NON,Vendredi,2020-03-27 00:00
14535,181,False,False,False,False,True,True,False,False,False,False,False,False,False,False,Vendredi-00-02h,OUI,Vendredi,2020-03-27 00:00
14536,111,False,False,False,False,False,True,False,True,False,False,False,False,False,False,Vendredi-00-02h,OUI,Vendredi,2020-03-27 00:00
14537,44,False,True,False,False,False,True,False,False,False,False,False,False,False,False,Vendredi-00-02h,NON,Vendredi,2020-03-27 00:00
14538,24,False,False,False,False,True,False,False,True,False,False,False,False,False,False,Vendredi-00-02h,NON,Vendredi,2020-03-27 00:00
14539,102,False,False,False,False,True,True,False,True,False,False,False,False,False,False,Vendredi-00-02h,OUI,Vendredi,2020-03-27 00:00
14540,203,True,True,False,False,False,False,False,True,False,False,False,False,False,False,Vendredi-00-02h,NON,Vendredi,2020-03-27 00:00
14541,140,False,False,False,False,True,True,False,True,False,False,False,False,False,False,Vendredi-00-02h,NON,Vendredi,2020-03-27 00:00
14542,188,False,False,False,False,False,True,False,False,True,False,False,False,False,False,Vendredi-00-02h,NON,Vendredi,2020-03-27 00:00
14543,206,False,False,False,True,False,False,False,False,False,False,True,False,False,False,Vendredi-00-02h,NON,Vendredi,2020-03-27 00:00
14544,273,False,False,False,False,False,False,False,False,False,False,False,True,False,False,Vendredi-00-02h,NON,Vendredi,2020-03-27 00:00
14545,69,True,False,True,False,False,False,False,False,False,False,False,False,False,False,Vendredi-00-02h,NON,Vendredi,2020-03-27 00:00
14546,87,True,False,False,True,False,False,False,False,False,False,True,False,False,False,Vendredi-00-02h,OUI,Vendredi,2020-03-27 00:00
14547,83,True,False,True,False,False,False,False,False,False,False,False,False,False,False,Vendredi-00-02h,NON,Vendredi,2020-03-27 00:00
14548,149,True,False,True,True,False,False,False,False,False,False,False,False,False,False,Vendredi-00-02h,OUI,Vendredi,2020-03-27 00:00
14549,274,False,False,False,False,False,True,False,False,False,False,False,False,False,False,Vendredi-00-02h,NON,Vendredi,2020-03-27 00:00
14550,282,True,False,True,True,False,False,False,False,False,False,False,False,False,False,Vendredi-00-02h,OUI,Vendredi,2020-03-27 00:00
14551,147,False,False,False,False,False,False,False,False,False,False,False,False,False,False,Vendredi-00-02h,NON,Vendredi,2020-03-27 00:00
14552,238,False,False,False,False,False,False,False,False,False,False,False,True,False,False,Vendredi-00-02h,NON,Vendredi,2020-03-27 00:00
14553,201,False,False,False,False,False,False,False,False,False,False,False,False,False,False,Vendredi-00-02h,NON,Vendredi,2020-03-27 00:00
14554,152,False,True,False,False,False,False,False,False,False,False,False,False,False,False,Vendredi-00-02h,NON,Vendredi,2020-03-27 00:00
14555,222,False,False,False,False,False,True,False,False,True,True,False,False,False,False,Vendredi-00-02h,NON,Vendredi,2020-03-27 00:00
14556,106,False,False,False,False,False,True,False,False,False,False,False,True,False,False,Vendredi-00-02h,NON,Vendredi,2020-03-27 00:00
14557,133,False,False,True,False,True,False,False,False,False,False,False,False,False,False,Vendredi-00-02h,NON,Vendredi,2020-03-27 00:00
14558,163,False,False,False,False,True,False,False,False,False,False,False,False,False,False,Vendredi-00-02h,NON,Vendredi,2020-03-27 00:00
14559,231,False,False,False,False,False,False,False,False,False,False,False,False,False,False,Vendredi-00-02h,NON,Vendredi,2020-03-27 00:00
14560,25,False,False,False,False,True,False,False,False,False,False,False,False,False,False,Vendredi-00-02h,NON,Vendredi,2020-03-27 00:00
14561,196,False,False,True,False,True,False,False,True,False,False,False,False,False,False,Vendredi-00-02h,OUI,Vendredi,2020-03-27 00:00
14562,5,False,False,False,False,True,True,False,False,False,False,False,False,False,False,Vendredi-00-02h,NON,Vendredi,2020-03-27 00:00
14563,90,False,True,False,False,False,False,False,False,False,False,False,False,False,False,Vendredi-00-02h,NON,Vendredi,2020-03-27 00:00
14564,244,True,False,True,False,False,False,False,False,False,False,False,False,False,False,Vendredi-00-02h,OUI,Vendredi,2020-03-27 00:00
14565,107,False,True,False,False,False,True,False,False,False,False,False,False,False,False,Vendredi-00-02h,OUI,Vendredi,2020-03-27 00:00
14566,218,False,True,False,False,True,True,False,False,False,False,False,False,False,False,Vendredi-00-02h,OUI,Vendredi,2020-03-27 00:00
14567,62,False,True,True,False,True,True,False,False,False,False,False,False,False,False,Vendredi-00-02h,NON,Vendredi,2020-03-27 00:00
14568,79,False,True,False,False,False,False,False,False,False,False,False,False,False,False,Vendredi-00-02h,OUI,Vendredi,2020-03-27 00:00
14569,208,False,False,False,False,False,True,False,False,False,False,False,False,False,False,Vendredi-00-02h,NON,Vendredi,2020-03-27 00:00
14570,270,False,False,False,False,False,False,False,False,True,False,False,False,False,False,Vendredi-00-02h,NON,Vendredi,2020-03-27 00:00
14571,166,True,False,False,False,True,True,False,False,False,False,False,False,False,False,Vendredi-00-02h,OUI,Vendredi,2020-03-27 00:00
14572,77,False,False,True,False,True,False,False,False,False,False,False,False,False,False,Vendredi-00-02h,NON,Vendredi,2020-03-27 00:00
14573,29,False,False,False,False,False,True,False,False,False,False,False,True,False,False,Vendredi-00-02h,OUI,Vendredi,2020-03-27 00:00
14574,240,False,False,False,False,False,True,False,False,False,False,False,False,False,False,Vendredi-00-02h,NON,Vendredi,2020-03-27 00:00
14575,184,False,True,False,False,False,False,False,False,False,False,False,False,False,False,Vendredi-00-02h,OUI,Vendredi,2020-03-27 00:00
14576,277,False,True,True,False,False,True,False,False,False,False,False,False,False,False,Vendredi-00-02h,OUI,Vendredi,2020-03-27 00:00
14577,80,True,False,False,False,False,True,False,False,False,True,False,False,False,False,Vendredi-00-02h,NON,Vendredi,2020-03-27 00:00
14578,185,True,True,True,False,False,True,False,False,False,False,True,False,True,False,Vendredi-00-02h,NON,Vendredi,2020-03-27 00:00
14579,204,False,False,False,False,True,True,False,False,False,False,False,True,False,False,Vendredi-00-02h,OUI,Vendredi,2020-03-27 00:00
14580,252,True,True,True,False,False,True,False,False,False,False,False,False,False,False,Vendredi-00-02h,NON,Vendredi,2020-03-27 00:00
14581,26,False,False,False,False,True,False,False,False,False,False,False,False,False,False,Vendredi-00-02h,NON,Vendredi,2020-03-27 00:00
14582,70,False,False,False,False,True,False,False,False,False,False,False,True,False,False,Vendredi-00-02h,NON,Vendredi,2020-03-27 00:00
14583,233,False,False,False,False,True,False,False,False,False,False,False,False,False,False,Vendredi-00-02h,NON,Vendredi,2020-03-27 00:00
14584,37,True,True,True,False,True,True,False,False,False,False,False,False,False,False,Vendredi-00-02h,NON,Vendredi,2020-03-27 00:00
14585,185,False,False,True,False,False,False,False,False,False,False,False,False,False,False,Vendredi-00-02h,OUI,Vendredi,2020-03-27 00:00
14586,138,True,False,False,False,True,True,False,False,False,False,False,False,False,False,Vendredi-00-02h,NON,Vendredi,2020-03-27 00:00
14587,224,True,False,True,False,False,False,False,False,False,False,False,False,False,False,Vendredi-00-02h,NON,Vendredi,2020-03-27 00:00
14588,66,False,False,False,False,True,True,False,False,False,False,False,False,True,False,Vendredi-00-02h,OUI,Vendredi,2020-03-27 00:00
14589,211,False,False,True,False,False,False,False,False,False,False,False,False,True,False,Vendredi-00-02h,NON,Vendredi,2020-03-27 00:00
14590,14,False,False,False,False,True,True,False,False,False,False,False,False,False,False,Vendredi-00-02h,NON,Vendredi,2020-03-27 00:00
14591,145,False,False,False,False,True,False,False,False,False,False,False,False,False,False,Vendredi-00-02h,NON,Vendredi,2020-03-27 00:00
14592,36,False,False,False,False,False,False,False,False,False,False,False,True,False,False,Vendredi-00-02h,NON,Vendredi,2020-03-27 00:00
14593,60,True,True,True,False,False,True,False,False,False,False,False,False,False,False,Vendredi-00-02h,NON,Vendredi,2020-03-27 00:00
14594,137,True,True,True,False,False,True,False,False,False,False,True,False,False,False,Vendredi-00-02h,OUI,Vendredi,2020-03-27 00:00
14595,285,False,True,False,False,True,True,False,False,False,False,False,False,False,False,Vendredi-00-02h,NON,Vendredi,2020-03-27 00:00
14596,40,False,True,True,False,True,True,False,False,False,False,False,False,False,False,Vendredi-00-02h,OUI,Vendredi,2020-03-27 00:00
14597,97,False,False,False,False,False,True,False,False,False,False,False,False,False,False,Vendredi-00-02h,OUI,Vendredi,2020-03-27 00:00
14598,109,True,False,True,True,False,False,False,False,False,False,False,False,False,False,Vendredi-00-02h,NON,Vendredi,2020-03-27 00:00
14599,10,False,False,False,False,False,False,False,False,False,False,False,False,False,False,Vendredi-00-02h,NON,Vendredi,2020-03-27 00:00
14600,256,False,False,False,False,False,False,False,False,False,False,False,True,False,False,Vendredi-00-02h,NON,Vendredi,2020-03-27 00:00
14601,141,True,True,True,False,False,False,False,False,False,False,True,False,False,False,Vendredi-00-02h,NON,Vendredi,2020-03-27 00:00
14602,28,False,False,False,False,False,False,False,False,False,False,False,False,False,False,Vendredi-00-02h,NON,Vendredi,2020-03-27 00:00
14603,101,True,True,True,True,True,True,False,False,False,False,False,False,False,False,Vendredi-00-02h,OUI,Vendredi,2020-03-27 00:00
14604,48,True,False,True,False,True,False,False,False,False,False,False,False,True,False,Vendredi-00-02h,OUI,Vendredi,2020-03-27 00:00
14605,27,False,False,False,False,False,True,False,False,False,False,False,False,False,False,Vendredi-00-02h,OUI,Vendredi,2020-03-27 00:00
14606,142,True,False,True,False,False,False,False,False,False,False,True,False,True,False,Vendredi-00-02h,NON,Vendredi,2020-03-27 00:00
14607,234,False,False,True,False,False,False,False,False,False,False,True,False,False,False,Vendredi-00-02h,OUI,Vendredi,2020-03-27 00:00
14608,23,False,False,False,False,True,False,False,False,False,False,False,False,False,False,Vendredi-00-02h,NON,Vendredi,2020-03-27 00:00
14609,195,False,False,False,False,True,False,False,False,True,False,False,False,False,False,Vendredi-00-02h,NON,Vendredi,2020-03-27 00:00
14610,275,False,False,False,False,False,False,False,False,False,False,False,True,False,False,Vendredi-00-02h,NON,Vendredi,2020-03-27 00:00
14611,226,False,False,False,False,True,True,False,False,False,False,False,False,False,False,Vendredi-00-02h,NON,Vendredi,2020-03-27 00:00
14612,207,False,False,True,False,False,False,False,False,False,False,False,False,False,False,Vendredi-00-02h,NON,Vendredi,2020-03-27 00:00
14613,57,False,False,False,False,False,False,False,False,False,False,False,False,False,False,Vendredi-00-02h,NON,Vendredi,2020-03-27 00:00
14614,4,False,True,False,False,False,True,False,False,False,False,False,False,False,False,Vendredi-00-02h,NON,Vendredi,2020-03-27 00:00
14615,265,False,False,False,False,False,True,False,False,False,False,False,False,False,False,Vendredi-00-02h,NON,Vendredi,2020-03-27 00:00
14616,88,False,True,False,False,False,False,False,False,False,False,False,False,False,False,Vendredi-00-02h,NON,Vendredi,2020-03-27 00:00
14617,198,False,False,False,False,False,False,False,False,False,False,True,False,False,False,Vendredi-00-02h,NON,Vendredi,2020-03-27 00:00
14618,249,True,True,True,False,False,False,False,False,False,False,False,False,False,False,Vendredi-00-02h,NON,Vendredi,2020-03-27 00:00
14619,263,False,False,False,False,True,True,False,False,False,False,False,False,False,False,Vendredi-00-02h,NON,Vendredi,2020-03-27 00:00
14620,217,True,False,True,False,False,False,False,False,False,False,False,False,True,False,Vendredi-00-02h,NON,Vendredi,2020-03-27 00:00
14621,278,False,False,False,False,True,True,False,False,False,False,False,False,False,False,Vendredi-00-02h,NON,Vendredi,2020-03-27 00:00
14622,189,False,True,False,False,False,False,False,False,False,False,False,False,False,False,Vendredi-00-02h,NON,Vendredi,2020-03-27 00:00
14623,61,True,False,True,False,False,False,False,False,False,False,False,False,False,False,Vendredi-00-02h,NON,Vendredi,2020-03-27 00:00
14624,251,False,False,False,False,False,False,False,False,False,False,False,False,True,False,Vendredi-00-02h,NON,Vendredi,2020-03-27 00:00
14625,281,False,True,False,False,False,False,False,False,False,False,False,False,False,False,Vendredi-00-02h,NON,Vendredi,2020-03-27 00:00
14626,134,False,True,False,False,False,False,False,False,False,False,False,False,False,False,Vendredi-00-02h,NON,Vendredi,2020-03-27 00:00
14627,293,False,True,False,False,False,True,False,False,False,False,False,False,False,False,Vendredi-00-02h,NON,Vendredi,2020-03-27 00:00
14628,279,True,True,True,True,False,True,False,False,False,False,False,False,False,False,Vendredi-00-02h,OUI,Vendredi,2020-03-27 00:00
14629,81,True,False,True,True,False,False,False,True,False,False,False,False,False,False,Vendredi-00-02h,NON,Vendredi,2020-03-27 00:00
14630,92,True,False,False,True,False,False,False,False,False,False,True,False,False,False,Vendredi-00-02h,NON,Vendredi,2020-03-27 00:00
14631,147,False,False,False,False,False,False,False,False,False,False,False,False,False,False,Vendredi-00-02h,NON,Vendredi,2020-03-27 00:00
14632,33,False,True,False,False,True,False,False,False,False,False,False,False,False,False,Vendredi-00-02h,NON,Vendredi,2020-03-27 00:00
14633,266,False,False,False,False,False,False,False,False,False,False,False,False,False,False,Vendredi-00-02h,NON,Vendredi,2020-03-27 00:00
14634,225,True,False,False,False,False,True,False,False,False,False,False,False,False,False,Vendredi-00-02h,NON,Vendredi,2020-03-27 00:00
14635,83,True,False,True,False,False,False,False,False,False,False,False,False,False,False,Vendredi-00-02h,NON,Vendredi,2020-03-27 00:00
14636,95,False,False,False,False,True,True,False,True,False,False,False,False,False,False,Vendredi-00-02h,NON,Vendredi,2020-03-27 00:00
14637,127,False,False,False,False,True,False,False,False,False,False,False,False,False,False,Vendredi-00-02h,NON,Vendredi,2020-03-27 00:00
14638,20,False,False,False,False,False,False,False,False,False,False,False,False,False,False,Vendredi-00-02h,NON,Vendredi,2020-03-27 00:00
14639,89,False,False,False,False,False,False,False,False,True,False,False,False,False,False,Vendredi-00-02h,OUI,Vendredi,2020-03-27 00:00
14640,120,False,True,True,False,True,True,False,True,False,False,True,False,False,False,Vendredi-00-02h,NON,Vendredi,2020-03-27 00:00
14641,253,False,False,False,False,True,True,False,False,False,False,False,True,False,False,Vendredi-00-02h,NON,Vendredi,2020-03-27 00:00
14642,52,False,False,True,False,False,False,False,False,False,False,False,False,False,False,Vendredi-00-02h,OUI,Vendredi,2020-03-27 00:00
14643,168,True,False,True,False,False,False,False,True,False,False,False,False,False,False,Vendredi-00-02h,OUI,Vendredi,2020-03-27 00:00
14644,202,False,True,False,False,False,False,False,False,False,False,False,False,False,False,Vendredi-00-02h,NON,Vendredi,2020-03-27 00:00
14645,172,False,False,False,False,True,False,False,False,False,False,False,False,False,False,Vendredi-00-02h,NON,Vendredi,2020-03-27 00:00
14646,239,False,False,False,False,True,True,False,False,False,False,False,False,False,False,Vendredi-00-02h,NON,Vendredi,2020-03-27 00:00
14647,85,False,False,False,False,True,False,False,False,False,False,False,False,False,False,Vendredi-00-02h,NON,Vendredi,2020-03-27 00:00
14648,215,False,False,False,False,False,False,False,False,True,False,False,False,False,False,Vendredi-00-02h,OUI,Vendredi,2020-03-27 00:00
14649,260,True,False,True,False,False,False,False,False,False,False,False,False,False,False,Vendredi-00-02h,NON,Vendredi,2020-03-27 00:00
14650,286,True,True,False,False,True,False,False,False,False,False,False,False,False,False,Vendredi-00-02h,NON,Vendredi,2020-03-27 00:00
14651,72,False,True,False,False,False,False,False,False,False,False,False,False,False,False,Vendredi-02-04h,NON,Vendredi,2020-03-27 02:00
14652,167,True,True,True,True,True,True,False,False,False,False,False,False,False,False,Vendredi-02-04h,OUI,Vendredi,2020-03-27 02:00
14653,130,True,False,True,False,False,False,False,True,False,False,False,False,True,True,Vendredi-02-04h,NON,Vendredi,2020-03-27 02:00
14654,288,True,True,True,False,True,False,False,False,False,False,False,False,False,False,Vendredi-02-04h,NON,Vendredi,2020-03-27 02:00
14655,59,False,False,False,False,False,True,False,False,False,False,False,False,False,False,Vendredi-02-04h,NON,Vendredi,2020-03-27 02:00
14656,178,True,False,False,False,False,False,False,False,False,False,True,False,False,False,Vendredi-02-04h,NON,Vendredi,2020-03-27 02:00
14657,254,False,False,False,False,False,False,False,False,False,False,False,True,False,False,Vendredi-02-04h,NON,Vendredi,2020-03-27 02:00
14658,34,False,False,False,False,False,False,False,False,False,False,False,False,False,False,Vendredi-02-04h,NON,Vendredi,2020-03-27 02:00
14659,264,False,False,False,False,True,True,True,False,False,False,False,False,False,False,Vendredi-02-04h,NON,Vendredi,2020-03-27 02:00
14660,158,True,False,False,False,True,False,False,False,False,True,False,False,False,False,Vendredi-02-04h,NON,Vendredi,2020-03-27 02:00
14661,210,False,True,False,False,True,True,False,False,False,False,False,False,False,False,Vendredi-02-04h,NON,Vendredi,2020-03-27 02:00
14662,93,False,False,False,False,True,False,False,False,False,False,False,False,True,False,Vendredi-02-04h,OUI,Vendredi,2020-03-27 02:00
14663,144,True,False,True,False,True,False,False,False,False,False,False,False,False,False,Vendredi-02-04h,OUI,Vendredi,2020-03-27 02:00
14664,164,False,True,False,False,True,True,False,False,False,False,False,False,False,False,Vendredi-02-04h,OUI,Vendredi,2020-03-27 02:00
14665,289,False,False,False,False,True,True,False,False,False,False,False,False,False,False,Vendredi-02-04h,NON,Vendredi,2020-03-27 02:00
14666,50,False,False,False,False,False,False,False,False,False,False,False,False,False,False,Vendredi-02-04h,NON,Vendredi,2020-03-27 02:00
14667,51,True,True,False,False,True,False,False,False,False,False,False,False,False,False,Vendredi-02-04h,OUI,Vendredi,2020-03-27 02:00
14668,247,False,False,True,False,False,False,False,False,False,False,False,False,False,False,Vendredi-02-04h,NON,Vendredi,2020-03-27 02:00
14669,159,False,False,False,False,False,False,False,True,False,False,False,False,False,False,Vendredi-02-04h,NON,Vendredi,2020-03-27 02:00
14670,54,False,False,False,False,False,True,False,False,False,False,False,False,False,False,Vendredi-02-04h,NON,Vendredi,2020-03-27 02:00
14671,55,True,False,False,False,True,True,False,True,False,False,False,False,False,False,Vendredi-02-04h,OUI,Vendredi,2020-03-27 02:00
14672,257,False,False,False,False,True,False,False,False,False,False,False,False,False,False,Vendredi-02-04h,NON,Vendredi,2020-03-27 02:00
14673,67,False,False,False,False,False,False,False,False,False,False,False,False,False,False,Vendredi-02-04h,NON,Vendredi,2020-03-27 02:00
14674,71,True,False,True,False,False,False,False,False,False,False,False,False,False,False,Vendredi-02-04h,NON,Vendredi,2020-03-27 02:00
14675,280,False,False,False,False,False,True,False,False,False,False,False,False,False,False,Vendredi-02-04h,OUI,Vendredi,2020-03-27 02:00
14676,283,True,True,False,False,False,False,False,False,False,False,False,False,False,False,Vendredi-02-04h,OUI,Vendredi,2020-03-27 02:00
14677,154,False,False,False,False,True,True,False,False,False,False,False,True,False,False,Vendredi-02-04h,NON,Vendredi,2020-03-27 02:00
14678,171,False,False,False,False,False,False,False,False,False,False,False,True,False,False,Vendredi-02-04h,NON,Vendredi,2020-03-27 02:00
14679,131,False,False,True,False,False,False,False,False,False,False,False,False,False,False,Vendredi-02-04h,NON,Vendredi,2020-03-27 02:00
14680,237,True,False,False,False,False,True,True,False,False,False,False,False,True,False,Vendredi-02-04h,OUI,Vendredi,2020-03-27 02:00
14681,75,False,False,False,False,True,True,False,False,False,False,False,False,False,False,Vendredi-02-04h,NON,Vendredi,2020-03-27 02:00
14682,235,True,False,False,False,True,False,False,False,False,False,False,False,False,False,Vendredi-02-04h,NON,Vendredi,2020-03-27 02:00
14683,180,False,False,False,False,True,True,False,False,False,False,False,False,False,False,Vendredi-02-04h,OUI,Vendredi,2020-03-27 02:00
14684,219,False,False,False,False,False,True,False,False,False,False,False,False,False,False,Vendredi-02-04h,NON,Vendredi,2020-03-27 02:00
14685,250,False,False,False,False,False,False,False,False,True,False,False,False,False,False,Vendredi-02-04h,NON,Vendredi,2020-03-27 02:00
14686,267,True,True,False,False,False,False,False,False,False,False,False,False,False,False,Vendredi-02-04h,NON,Vendredi,2020-03-27 02:00
14687,160,False,True,False,False,False,True,False,False,False,False,False,False,False,False,Vendredi-02-04h,NON,Vendredi,2020-03-27 02:00
14688,182,False,True,False,False,True,True,True,False,False,False,False,False,False,False,Vendredi-02-04h,NON,Vendredi,2020-03-27 02:00
14689,143,False,False,False,False,False,False,False,True,False,False,True,False,False,False,Vendredi-02-04h,NON,Vendredi,2020-03-27 02:00
14690,223,True,True,False,False,False,False,False,False,False,False,False,False,False,False,Vendredi-02-04h,NON,Vendredi,2020-03-27 02:00
14691,192,True,False,True,False,False,False,False,False,False,False,False,False,False,False,Vendredi-02-04h,NON,Vendredi,2020-03-27 02:00
14692,30,False,False,True,False,False,False,False,True,False,False,False,False,False,False,Vendredi-02-04h,NON,Vendredi,2020-03-27 02:00
14693,125,True,False,False,False,True,False,False,True,False,False,False,False,False,False,Vendredi-02-04h,NON,Vendredi,2020-03-27 02:00
14694,39,False,False,True,False,True,False,False,True,False,False,False,False,False,False,Vendredi-02-04h,NON,Vendredi,2020-03-27 02:00
14695,113,True,False,True,False,False,False,False,False,False,False,False,False,False,False,Vendredi-02-04h,OUI,Vendredi,2020-03-27 02:00
14696,121,True,False,True,False,False,False,False,True,False,False,False,False,False,False,Vendredi-02-04h,NON,Vendredi,2020-03-27 02:00
14697,228,False,False,False,False,False,False,False,False,False,False,True,False,False,False,Vendredi-02-04h,OUI,Vendredi,2020-03-27 02:00
14698,290,False,False,False,False,False,False,False,False,True,False,False,False,False,False,Vendredi-02-04h,NON,Vendredi,2020-03-27 02:00
14699,197,False,False,True,False,True,False,False,False,False,False,False,False,False,False,Vendredi-02-04h,NON,Vendredi,2020-03-27 02:00
14700,31,True,True,True,False,False,True,False,False,False,False,False,False,False,False,Vendredi-02-04h,NON,Vendredi,2020-03-27 02:00
14701,173,True,False,False,False,True,True,False,True,False,False,False,False,False,False,Vendredi-02-04h,NON,Vendredi,2020-03-27 02:00
14702,74,True,False,False,True,False,False,False,True,False,False,True,False,False,False,Vendredi-02-04h,NON,Vendredi,2020-03-27 02:00
14703,15,False,False,True,False,False,False,False,False,False,False,False,False,False,False,Vendredi-02-04h,NON,Vendredi,2020-03-27 02:00
14704,45,True,False,False,False,True,True,False,True,False,False,False,False,False,False,Vendredi-02-04h,OUI,Vendredi,2020-03-27 02:00
14705,63,False,False,True,False,False,False,False,False,False,False,False,False,False,False,Vendredi-02-04h,NON,Vendredi,2020-03-27 02:00
14706,3,False,False,False,False,False,True,False,False,False,False,False,True,False,False,Vendredi-02-04h,OUI,Vendredi,2020-03-27 02:00
14707,21,True,False,True,False,False,False,False,False,False,False,False,False,False,False,Vendredi-02-04h,OUI,Vendredi,2020-03-27 02:00
14708,78,False,True,True,False,True,True,False,True,False,False,False,False,False,False,Vendredi-02-04h,OUI,Vendredi,2020-03-27 02:00
14709,47,False,True,False,False,False,False,False,False,False,False,False,False,False,False,Vendredi-02-04h,NON,Vendredi,2020-03-27 02:00
14710,151,True,True,False,False,True,False,False,True,False,False,False,False,False,False,Vendredi-02-04h,NON,Vendredi,2020-03-27 02:00
14711,6,True,False,True,False,False,False,False,False,False,False,False,False,False,False,Vendredi-02-04h,OUI,Vendredi,2020-03-27 02:00
14712,135,True,False,True,False,False,False,False,False,False,False,False,False,True,False,Vendredi-02-04h,OUI,Vendredi,2020-03-27 02:00
14713,221,False,False,False,False,True,True,False,False,False,False,False,False,False,False,Vendredi-02-04h,NON,Vendredi,2020-03-27 02:00
14714,170,False,False,True,False,False,False,False,False,False,False,True,False,False,True,Vendredi-02-04h,NON,Vendredi,2020-03-27 02:00
14715,129,False,True,False,False,False,False,False,False,False,False,False,False,False,False,Vendredi-02-04h,OUI,Vendredi,2020-03-27 02:00
14716,132,True,True,True,False,False,True,False,False,False,False,False,False,False,False,Vendredi-02-04h,OUI,Vendredi,2020-03-27 02:00
14717,110,False,True,False,False,False,False,False,False,False,False,False,False,False,False,Vendredi-02-04h,OUI,Vendredi,2020-03-27 02:00
14718,191,False,False,False,False,False,True,False,False,False,False,False,False,False,False,Vendredi-02-04h,OUI,Vendredi,2020-03-27 02:00
14719,94,True,True,True,False,False,True,False,False,False,False,True,False,True,False,Vendredi-02-04h,NON,Vendredi,2020-03-27 02:00
14720,108,False,False,False,False,False,True,True,False,False,False,False,False,False,False,Vendredi-02-04h,OUI,Vendredi,2020-03-27 02:00
14721,236,False,False,False,False,True,True,False,False,False,False,False,False,False,False,Vendredi-02-04h,OUI,Vendredi,2020-03-27 02:00
14722,42,True,False,True,False,True,False,False,False,False,False,False,False,False,False,Vendredi-02-04h,NON,Vendredi,2020-03-27 02:00
14723,155,True,False,False,False,True,False,False,False,False,False,False,False,False,False,Vendredi-02-04h,NON,Vendredi,2020-03-27 02:00
14724,1,False,False,False,False,False,False,False,False,False,False,False,False,False,False,Vendredi-02-04h,NON,Vendredi,2020-03-27 02:00
14725,58,False,True,True,False,False,True,False,False,False,False,True,False,False,False,Vendredi-02-04h,OUI,Vendredi,2020-03-27 02:00
14726,0,False,True,False,False,False,False,False,False,False,False,False,False,False,False,Vendredi-02-04h,OUI,Vendredi,2020-03-27 02:00
14727,269,False,False,False,False,False,False,False,False,False,False,False,False,False,False,Vendredi-02-04h,NON,Vendredi,2020-03-27 02:00
14728,2,True,False,True,False,False,False,False,False,False,False,False,False,False,False,Vendredi-02-04h,NON,Vendredi,2020-03-27 02:00
14729,103,False,False,False,False,True,False,False,False,False,False,False,False,False,False,Vendredi-02-04h,NON,Vendredi,2020-03-27 02:00
14730,12,False,True,False,False,True,False,False,False,False,False,False,False,False,False,Vendredi-02-04h,OUI,Vendredi,2020-03-27 02:00
14731,245,True,False,False,False,True,True,False,True,False,False,False,False,False,False,Vendredi-02-04h,NON,Vendredi,2020-03-27 02:00
14732,161,False,False,True,False,False,False,False,False,False,False,True,False,False,False,Vendredi-02-04h,NON,Vendredi,2020-03-27 02:00
14733,38,False,False,False,False,False,False,False,False,True,False,False,False,False,False,Vendredi-02-04h,NON,Vendredi,2020-03-27 02:00
14734,122,False,False,False,False,False,False,False,False,False,False,False,False,False,False,Vendredi-02-04h,NON,Vendredi,2020-03-27 02:00
14735,248,False,False,True,False,False,False,False,False,False,False,False,False,True,False,Vendredi-02-04h,NON,Vendredi,2020-03-27 02:00
14736,271,False,True,True,False,False,True,False,False,False,False,False,False,False,False,Vendredi-02-04h,OUI,Vendredi,2020-03-27 02:00
14737,116,False,False,True,False,False,False,False,False,False,False,False,False,False,False,Vendredi-02-04h,OUI,Vendredi,2020-03-27 02:00
14738,117,True,True,True,True,False,True,False,False,False,False,False,False,False,False,Vendredi-02-04h,NON,Vendredi,2020-03-27 02:00
14739,213,False,False,False,False,True,True,False,True,False,False,False,False,False,False,Vendredi-02-04h,NON,Vendredi,2020-03-27 02:00
14740,220,False,True,True,False,False,True,False,False,False,False,False,False,False,False,Vendredi-02-04h,OUI,Vendredi,2020-03-27 02:00
14741,176,False,False,True,False,False,False,False,False,False,False,False,False,False,False,Vendredi-02-04h,NON,Vendredi,2020-03-27 02:00
14742,96,False,False,False,False,True,True,False,False,False,True,False,False,False,False,Vendredi-02-04h,NON,Vendredi,2020-03-27 02:00
14743,214,False,False,False,False,True,True,False,False,False,True,False,False,False,False,Vendredi-02-04h,OUI,Vendredi,2020-03-27 02:00
14744,11,True,False,False,True,False,False,False,False,False,False,True,False,False,False,Vendredi-02-04h,NON,Vendredi,2020-03-27 02:00
14745,255,True,False,True,False,False,False,False,True,False,False,False,False,False,False,Vendredi-02-04h,OUI,Vendredi,2020-03-27 02:00
14746,86,False,False,True,False,False,False,False,False,False,False,False,False,False,False,Vendredi-02-04h,OUI,Vendredi,2020-03-27 02:00
14747,209,True,False,False,False,True,True,False,True,False,False,False,False,False,False,Vendredi-02-04h,OUI,Vendredi,2020-03-27 02:00
14748,291,False,False,False,False,False,True,False,False,True,False,False,False,False,False,Vendredi-02-04h,OUI,Vendredi,2020-03-27 02:00
14749,287,False,False,False,False,False,False,False,False,False,False,False,True,False,False,Vendredi-02-04h,NON,Vendredi,2020-03-27 02:00
14750,104,False,False,False,False,True,True,False,False,False,False,False,False,False,False,Vendredi-02-04h,NON,Vendredi,2020-03-27 02:00
14751,18,False,False,False,False,True,False,False,False,False,False,False,False,False,False,Vendredi-02-04h,OUI,Vendredi,2020-03-27 02:00
14752,123,False,True,False,False,True,True,False,False,False,False,False,False,False,False,Vendredi-02-04h,NON,Vendredi,2020-03-27 02:00
14753,136,False,False,False,False,True,False,False,False,False,False,False,False,False,False,Vendredi-02-04h,NON,Vendredi,2020-03-27 02:00
14754,276,True,False,True,False,False,False,False,False,False,False,False,False,False,False,Vendredi-02-04h,NON,Vendredi,2020-03-27 02:00
14755,53,False,False,False,False,True,True,False,False,False,False,False,False,False,False,Vendredi-02-04h,OUI,Vendredi,2020-03-27 02:00
14756,179,True,False,True,False,False,False,False,False,False,False,False,False,False,False,Vendredi-02-04h,OUI,Vendredi,2020-03-27 02:00
14757,200,False,False,False,False,False,False,False,False,False,False,False,False,False,False,Vendredi-02-04h,NON,Vendredi,2020-03-27 02:00
14758,73,False,False,False,False,False,False,False,False,False,False,False,False,False,False,Vendredi-02-04h,NON,Vendredi,2020-03-27 02:00
14759,156,False,False,False,False,True,True,False,False,False,False,False,False,False,False,Vendredi-02-04h,NON,Vendredi,2020-03-27 02:00
14760,128,True,True,True,False,False,True,False,False,False,False,False,False,False,False,Vendredi-02-04h,NON,Vendredi,2020-03-27 02:00
14761,118,False,False,False,False,False,False,False,False,False,False,False,False,False,False,Vendredi-02-04h,NON,Vendredi,2020-03-27 02:00
14762,112,True,False,True,False,False,False,False,False,False,False,False,False,False,False,Vendredi-02-04h,OUI,Vendredi,2020-03-27 02:00
14763,35,False,False,False,False,True,True,False,False,False,False,False,False,False,False,Vendredi-02-04h,NON,Vendredi,2020-03-27 02:00
14764,32,False,False,False,False,False,False,False,False,False,False,False,True,False,False,Vendredi-02-04h,NON,Vendredi,2020-03-27 02:00
14765,199,True,False,True,False,False,False,False,False,False,False,False,False,False,False,Vendredi-02-04h,OUI,Vendredi,2020-03-27 02:00
14766,153,True,False,False,False,True,True,False,False,False,False,False,False,False,False,Vendredi-02-04h,NON,Vendredi,2020-03-27 02:00
14767,82,False,False,True,False,False,False,False,False,False,False,False,False,False,False,Vendredi-02-04h,OUI,Vendredi,2020-03-27 02:00
14768,292,False,True,False,False,False,False,False,False,False,False,False,False,False,False,Vendredi-02-04h,OUI,Vendredi,2020-03-27 02:00
14769,169,False,False,False,True,False,False,False,False,False,False,False,False,False,False,Vendredi-02-04h,NON,Vendredi,2020-03-27 02:00
14770,16,False,False,False,False,True,True,False,False,False,False,False,False,False,False,Vendredi-02-04h,OUI,Vendredi,2020-03-27 02:00
14771,46,True,True,True,False,False,True,True,False,False,False,False,False,False,False,Vendredi-02-04h,NON,Vendredi,2020-03-27 02:00
14772,216,False,True,False,False,False,True,False,False,False,False,False,False,False,False,Vendredi-02-04h,OUI,Vendredi,2020-03-27 02:00
14773,174,False,True,True,False,False,True,False,False,False,False,True,False,False,False,Vendredi-02-04h,NON,Vendredi,2020-03-27 02:00
14774,43,False,False,False,False,True,False,False,False,False,False,False,False,False,False,Vendredi-02-04h,NON,Vendredi,2020-03-27 02:00
14775,165,False,False,False,False,True,True,False,False,False,False,False,False,False,False,Vendredi-02-04h,NON,Vendredi,2020-03-27 02:00
14776,126,False,True,False,False,False,True,False,False,False,False,False,False,False,False,Vendredi-02-04h,OUI,Vendredi,2020-03-27 02:00
14777,41,False,False,False,False,False,True,False,False,True,False,False,False,False,False,Vendredi-02-04h,NON,Vendredi,2020-03-27 02:00
14778,157,False,False,True,False,False,False,False,False,False,False,False,False,False,False,Vendredi-02-04h,NON,Vendredi,2020-03-27 02:00
14779,272,False,True,True,False,False,False,True,False,False,False,True,False,True,True,Vendredi-02-04h,OUI,Vendredi,2020-03-27 02:00
14780,115,True,False,True,False,False,False,False,False,False,False,False,False,False,False,Vendredi-02-04h,NON,Vendredi,2020-03-27 02:00
14781,84,False,False,False,False,False,False,False,False,False,False,False,True,False,False,Vendredi-02-04h,NON,Vendredi,2020-03-27 02:00
14782,183,True,True,True,True,False,False,False,False,False,False,False,False,False,False,Vendredi-02-04h,OUI,Vendredi,2020-03-27 02:00
14783,65,True,True,False,False,False,True,False,False,False,False,False,False,False,False,Vendredi-02-04h,OUI,Vendredi,2020-03-27 02:00
14784,105,True,False,False,False,False,False,False,False,False,False,False,False,False,False,Vendredi-02-04h,OUI,Vendredi,2020-03-27 02:00
14785,187,True,False,False,False,False,True,False,False,False,False,False,False,False,False,Vendredi-02-04h,NON,Vendredi,2020-03-27 02:00
14786,139,True,False,True,False,False,False,False,False,False,False,False,False,False,False,Vendredi-02-04h,OUI,Vendredi,2020-03-27 02:00
14787,259,False,False,False,False,True,True,False,False,False,False,False,False,False,False,Vendredi-02-04h,OUI,Vendredi,2020-03-27 02:00
14788,124,True,False,True,False,False,False,False,False,False,False,True,False,False,False,Vendredi-02-04h,OUI,Vendredi,2020-03-27 02:00
14789,98,False,False,False,False,False,True,False,False,False,False,False,True,False,False,Vendredi-02-04h,OUI,Vendredi,2020-03-27 02:00
14790,284,False,True,True,False,False,True,False,False,False,False,False,False,True,False,Vendredi-02-04h,OUI,Vendredi,2020-03-27 02:00
14791,148,True,False,True,False,True,False,False,True,False,False,False,False,False,False,Vendredi-02-04h,NON,Vendredi,2020-03-27 02:00
14792,258,True,False,True,False,False,False,False,False,False,False,False,False,False,False,Vendredi-02-04h,OUI,Vendredi,2020-03-27 02:00
14793,175,False,False,False,False,False,True,False,False,False,False,False,False,False,False,Vendredi-02-04h,NON,Vendredi,2020-03-27 02:00
14794,119,False,False,False,False,False,False,False,False,False,False,True,False,False,False,Vendredi-02-04h,NON,Vendredi,2020-03-27 02:00
14795,229,True,False,True,False,False,False,False,True,False,False,False,False,False,False,Vendredi-02-04h,OUI,Vendredi,2020-03-27 02:00
14796,230,False,False,False,False,False,True,True,False,False,False,False,False,False,False,Vendredi-02-04h,NON,Vendredi,2020-03-27 02:00
14797,17,True,False,False,False,False,True,True,False,False,False,False,False,False,False,Vendredi-02-04h,NON,Vendredi,2020-03-27 02:00
14798,177,False,False,False,False,False,False,False,False,False,False,False,False,False,False,Vendredi-02-04h,NON,Vendredi,2020-03-27 02:00
14799,7,False,False,False,False,False,False,False,False,False,False,False,False,False,False,Vendredi-02-04h,NON,Vendredi,2020-03-27 02:00
14800,241,False,False,True,False,False,False,False,False,False,False,False,False,False,False,Vendredi-02-04h,NON,Vendredi,2020-03-27 02:00
14801,8,True,False,False,False,True,True,False,True,False,False,False,False,False,False,Vendredi-02-04h,NON,Vendredi,2020-03-27 02:00
14802,268,False,True,False,False,False,True,False,False,False,False,False,False,False,False,Vendredi-02-04h,OUI,Vendredi,2020-03-27 02:00
14803,294,False,False,True,False,True,False,False,False,False,False,False,False,False,False,Vendredi-02-04h,OUI,Vendredi,2020-03-27 02:00
14804,242,True,False,False,False,True,True,False,False,False,False,False,False,False,False,Vendredi-02-04h,NON,Vendredi,2020-03-27 02:00
14805,194,False,False,False,False,False,True,False,False,False,False,False,False,False,False,Vendredi-02-04h,NON,Vendredi,2020-03-27 02:00
14806,243,False,False,False,False,True,True,False,False,False,False,False,False,False,False,Vendredi-02-04h,OUI,Vendredi,2020-03-27 02:00
14807,212,True,True,True,False,False,True,False,False,False,False,False,False,False,False,Vendredi-02-04h,OUI,Vendredi,2020-03-27 02:00
14808,19,False,False,False,False,False,True,False,False,False,False,False,False,False,False,Vendredi-02-04h,OUI,Vendredi,2020-03-27 02:00
14809,114,False,False,False,False,True,False,False,False,False,False,False,False,False,False,Vendredi-02-04h,OUI,Vendredi,2020-03-27 02:00
14810,190,False,False,False,False,False,True,False,False,True,False,False,False,False,False,Vendredi-02-04h,NON,Vendredi,2020-03-27 02:00
14811,64,False,False,True,False,False,False,False,False,False,False,False,False,False,False,Vendredi-02-04h,NON,Vendredi,2020-03-27 02:00
14812,227,False,False,False,False,False,False,False,False,False,False,False,False,False,False,Vendredi-02-04h,NON,Vendredi,2020-03-27 02:00
14813,232,False,False,False,False,False,True,False,False,False,False,False,False,False,False,Vendredi-02-04h,OUI,Vendredi,2020-03-27 02:00
14814,246,False,True,False,False,False,True,True,False,False,False,False,False,False,False,Vendredi-02-04h,NON,Vendredi,2020-03-27 02:00
14815,100,False,False,False,False,False,True,False,False,False,False,False,False,False,False,Vendredi-02-04h,NON,Vendredi,2020-03-27 02:00
14816,13,False,False,False,False,True,False,False,False,False,False,False,False,False,False,Vendredi-02-04h,NON,Vendredi,2020-03-27 02:00
14817,262,True,True,True,False,False,False,False,False,False,False,False,False,False,False,Vendredi-02-04h,NON,Vendredi,2020-03-27 02:00
14818,76,True,True,True,False,False,True,False,False,False,False,True,False,False,False,Vendredi-02-04h,NON,Vendredi,2020-03-27 02:00
14819,261,False,True,False,False,True,False,False,False,False,False,False,False,False,False,Vendredi-02-04h,NON,Vendredi,2020-03-27 02:00
14820,150,False,True,False,False,False,False,False,False,False,False,False,False,False,False,Vendredi-02-04h,NON,Vendredi,2020-03-27 02:00
14821,205,False,False,False,False,False,False,False,False,False,False,False,False,False,False,Vendredi-02-04h,NON,Vendredi,2020-03-27 02:00
14822,56,False,False,False,False,True,True,False,False,False,False,False,False,False,False,Vendredi-02-04h,OUI,Vendredi,2020-03-27 02:00
14823,186,False,False,False,False,True,False,False,False,False,False,False,False,False,False,Vendredi-02-04h,OUI,Vendredi,2020-03-27 02:00
14824,162,True,False,False,False,True,True,False,False,False,False,False,False,False,False,Vendredi-02-04h,NON,Vendredi,2020-03-27 02:00
14825,68,False,True,False,False,True,True,False,False,False,False,False,False,False,False,Vendredi-02-04h,NON,Vendredi,2020-03-27 02:00
14826,146,False,False,False,False,False,True,False,False,False,False,False,True,False,False,Vendredi-02-04h,OUI,Vendredi,2020-03-27 02:00
14827,49,False,False,False,False,False,False,False,False,False,False,False,False,True,False,Vendredi-02-04h,NON,Vendredi,2020-03-27 02:00
14828,91,True,False,True,True,False,False,False,False,False,False,False,False,False,False,Vendredi-02-04h,OUI,Vendredi,2020-03-27 02:00
14829,22,False,False,False,False,False,False,False,False,False,True,False,False,False,False,Vendredi-02-04h,NON,Vendredi,2020-03-27 02:00
14830,151,False,False,False,False,True,False,False,False,False,False,False,False,False,False,Vendredi-02-04h,NON,Vendredi,2020-03-27 02:00
14831,193,False,False,False,False,True,True,False,False,False,False,False,False,False,False,Vendredi-02-04h,OUI,Vendredi,2020-03-27 02:00
14832,9,True,True,False,False,False,False,False,False,False,False,False,False,False,False,Vendredi-02-04h,NON,Vendredi,2020-03-27 02:00
14833,99,True,False,True,False,False,False,False,False,False,False,False,False,False,False,Vendredi-02-04h,NON,Vendredi,2020-03-27 02:00
14834,181,False,False,False,False,True,True,False,False,False,False,False,False,False,False,Vendredi-02-04h,OUI,Vendredi,2020-03-27 02:00
14835,111,False,False,False,False,False,True,False,True,False,False,False,False,False,False,Vendredi-02-04h,OUI,Vendredi,2020-03-27 02:00
14836,44,False,True,False,False,False,True,False,False,False,False,False,False,False,False,Vendredi-02-04h,NON,Vendredi,2020-03-27 02:00
14837,24,False,False,False,False,True,False,False,True,False,False,False,False,False,False,Vendredi-02-04h,NON,Vendredi,2020-03-27 02:00
14838,102,False,False,False,False,True,True,False,True,False,False,False,False,False,False,Vendredi-02-04h,OUI,Vendredi,2020-03-27 02:00
14839,203,True,True,False,False,False,False,False,True,False,False,False,False,False,False,Vendredi-02-04h,NON,Vendredi,2020-03-27 02:00
14840,140,False,False,False,False,True,True,False,True,False,False,False,False,False,False,Vendredi-02-04h,NON,Vendredi,2020-03-27 02:00
14841,188,False,False,False,False,False,True,False,False,True,False,False,False,False,False,Vendredi-02-04h,NON,Vendredi,2020-03-27 02:00
14842,206,False,False,False,True,False,False,False,False,False,False,True,False,False,False,Vendredi-02-04h,NON,Vendredi,2020-03-27 02:00
14843,273,False,False,False,False,False,False,False,False,False,False,False,True,False,False,Vendredi-02-04h,NON,Vendredi,2020-03-27 02:00
14844,69,True,False,True,False,False,False,False,False,False,False,False,False,False,False,Vendredi-02-04h,NON,Vendredi,2020-03-27 02:00
14845,87,True,False,False,True,False,False,False,False,False,False,True,False,False,False,Vendredi-02-04h,OUI,Vendredi,2020-03-27 02:00
14846,83,True,False,True,False,False,False,False,False,False,False,False,False,False,False,Vendredi-02-04h,NON,Vendredi,2020-03-27 02:00
14847,149,True,False,True,True,False,False,False,False,False,False,False,False,False,False,Vendredi-02-04h,NON,Vendredi,2020-03-27 02:00
14848,274,False,False,False,False,False,True,False,False,False,False,False,False,False,False,Vendredi-02-04h,NON,Vendredi,2020-03-27 02:00
14849,282,True,False,True,True,False,False,False,False,False,False,False,False,False,False,Vendredi-02-04h,OUI,Vendredi,2020-03-27 02:00
14850,147,False,False,False,False,False,False,False,False,False,False,False,False,False,False,Vendredi-02-04h,NON,Vendredi,2020-03-27 02:00
14851,238,False,False,False,False,False,False,False,False,False,False,False,True,False,False,Vendredi-02-04h,NON,Vendredi,2020-03-27 02:00
14852,201,False,False,False,False,False,False,False,False,False,False,False,False,False,False,Vendredi-02-04h,NON,Vendredi,2020-03-27 02:00
14853,152,False,True,False,False,False,False,False,False,False,False,False,False,False,False,Vendredi-02-04h,NON,Vendredi,2020-03-27 02:00
14854,222,False,False,False,False,False,True,False,False,True,True,False,False,False,False,Vendredi-02-04h,NON,Vendredi,2020-03-27 02:00
14855,106,False,False,False,False,False,True,False,False,False,False,False,True,False,False,Vendredi-02-04h,NON,Vendredi,2020-03-27 02:00
14856,133,False,False,True,False,True,False,False,False,False,False,False,False,False,False,Vendredi-02-04h,NON,Vendredi,2020-03-27 02:00
14857,163,False,False,False,False,True,False,False,False,False,False,False,False,False,False,Vendredi-02-04h,NON,Vendredi,2020-03-27 02:00
14858,231,False,False,False,False,False,False,False,False,False,False,False,False,False,False,Vendredi-02-04h,NON,Vendredi,2020-03-27 02:00
14859,25,False,False,False,False,True,False,False,False,False,False,False,False,False,False,Vendredi-02-04h,NON,Vendredi,2020-03-27 02:00
14860,196,False,False,True,False,True,False,False,True,False,False,False,False,False,False,Vendredi-02-04h,OUI,Vendredi,2020-03-27 02:00
14861,5,False,False,False,False,True,True,False,False,False,False,False,False,False,False,Vendredi-02-04h,NON,Vendredi,2020-03-27 02:00
14862,90,False,True,False,False,False,False,False,False,False,False,False,False,False,False,Vendredi-02-04h,NON,Vendredi,2020-03-27 02:00
14863,244,True,False,True,False,False,False,False,False,False,False,False,False,False,False,Vendredi-02-04h,OUI,Vendredi,2020-03-27 02:00
14864,107,False,True,False,False,False,True,False,False,False,False,False,False,False,False,Vendredi-02-04h,OUI,Vendredi,2020-03-27 02:00
14865,218,False,True,False,False,True,True,False,False,False,False,False,False,False,False,Vendredi-02-04h,OUI,Vendredi,2020-03-27 02:00
14866,62,False,True,True,False,True,True,False,False,False,False,False,False,False,False,Vendredi-02-04h,NON,Vendredi,2020-03-27 02:00
14867,79,False,True,False,False,False,False,False,False,False,False,False,False,False,False,Vendredi-02-04h,OUI,Vendredi,2020-03-27 02:00
14868,208,False,False,False,False,False,True,False,False,False,False,False,False,False,False,Vendredi-02-04h,NON,Vendredi,2020-03-27 02:00
14869,270,False,False,False,False,False,False,False,False,True,False,False,False,False,False,Vendredi-02-04h,NON,Vendredi,2020-03-27 02:00
14870,166,True,False,False,False,True,True,False,False,False,False,False,False,False,False,Vendredi-02-04h,OUI,Vendredi,2020-03-27 02:00
14871,77,False,False,True,False,True,False,False,False,False,False,False,False,False,False,Vendredi-02-04h,NON,Vendredi,2020-03-27 02:00
14872,29,False,False,False,False,False,True,False,False,False,False,False,True,False,False,Vendredi-02-04h,OUI,Vendredi,2020-03-27 02:00
14873,240,False,False,False,False,False,True,False,False,False,False,False,False,False,False,Vendredi-02-04h,NON,Vendredi,2020-03-27 02:00
14874,184,False,True,False,False,False,False,False,False,False,False,False,False,False,False,Vendredi-02-04h,OUI,Vendredi,2020-03-27 02:00
14875,277,False,True,True,False,False,True,False,False,False,False,False,False,False,False,Vendredi-02-04h,OUI,Vendredi,2020-03-27 02:00
14876,80,True,False,False,False,False,True,False,False,False,True,False,False,False,False,Vendredi-02-04h,NON,Vendredi,2020-03-27 02:00
14877,185,True,True,True,False,False,True,False,False,False,False,True,False,True,False,Vendredi-02-04h,NON,Vendredi,2020-03-27 02:00
14878,204,False,False,False,False,True,True,False,False,False,False,False,True,False,False,Vendredi-02-04h,OUI,Vendredi,2020-03-27 02:00
14879,252,True,True,True,False,False,True,False,False,False,False,False,False,False,False,Vendredi-02-04h,NON,Vendredi,2020-03-27 02:00
14880,26,False,False,False,False,True,False,False,False,False,False,False,False,False,False,Vendredi-02-04h,NON,Vendredi,2020-03-27 02:00
14881,70,False,False,False,False,True,False,False,False,False,False,False,True,False,False,Vendredi-02-04h,NON,Vendredi,2020-03-27 02:00
14882,233,False,False,False,False,True,False,False,False,False,False,False,False,False,False,Vendredi-02-04h,NON,Vendredi,2020-03-27 02:00
14883,37,True,True,True,False,True,True,False,False,False,False,False,False,False,False,Vendredi-02-04h,NON,Vendredi,2020-03-27 02:00
14884,185,False,False,True,False,False,False,False,False,False,False,False,False,False,False,Vendredi-02-04h,OUI,Vendredi,2020-03-27 02:00
14885,138,True,False,False,False,True,True,False,False,False,False,False,False,False,False,Vendredi-02-04h,NON,Vendredi,2020-03-27 02:00
14886,224,True,False,True,False,False,False,False,False,False,False,False,False,False,False,Vendredi-02-04h,NON,Vendredi,2020-03-27 02:00
14887,66,False,False,False,False,True,True,False,False,False,False,False,False,True,False,Vendredi-02-04h,OUI,Vendredi,2020-03-27 02:00
14888,211,False,False,True,False,False,False,False,False,False,False,False,False,True,False,Vendredi-02-04h,NON,Vendredi,2020-03-27 02:00
14889,14,False,False,False,False,True,True,False,False,False,False,False,False,False,False,Vendredi-02-04h,NON,Vendredi,2020-03-27 02:00
14890,145,False,False,False,False,True,False,False,False,False,False,False,False,False,False,Vendredi-02-04h,NON,Vendredi,2020-03-27 02:00
14891,36,False,False,False,False,False,False,False,False,False,False,False,True,False,False,Vendredi-02-04h,NON,Vendredi,2020-03-27 02:00
14892,60,True,True,True,False,False,True,False,False,False,False,False,False,False,False,Vendredi-02-04h,NON,Vendredi,2020-03-27 02:00
14893,137,True,True,True,False,False,True,False,False,False,False,True,False,False,False,Vendredi-02-04h,OUI,Vendredi,2020-03-27 02:00
14894,285,False,True,False,False,True,True,False,False,False,False,False,False,False,False,Vendredi-02-04h,NON,Vendredi,2020-03-27 02:00
14895,40,False,True,True,False,True,True,False,False,False,False,False,False,False,False,Vendredi-02-04h,OUI,Vendredi,2020-03-27 02:00
14896,97,False,False,False,False,False,True,False,False,False,False,False,False,False,False,Vendredi-02-04h,OUI,Vendredi,2020-03-27 02:00
14897,109,True,False,True,True,False,False,False,False,False,False,False,False,False,False,Vendredi-02-04h,NON,Vendredi,2020-03-27 02:00
14898,10,False,False,False,False,False,False,False,False,False,False,False,False,False,False,Vendredi-02-04h,NON,Vendredi,2020-03-27 02:00
14899,256,False,False,False,False,False,False,False,False,False,False,False,True,False,False,Vendredi-02-04h,NON,Vendredi,2020-03-27 02:00
14900,141,True,True,True,False,False,False,False,False,False,False,True,False,False,False,Vendredi-02-04h,NON,Vendredi,2020-03-27 02:00
14901,28,False,False,False,False,False,False,False,False,False,False,False,False,False,False,Vendredi-02-04h,NON,Vendredi,2020-03-27 02:00
14902,101,True,True,True,True,True,True,False,False,False,False,False,False,False,False,Vendredi-02-04h,OUI,Vendredi,2020-03-27 02:00
14903,48,True,False,True,False,True,False,False,False,False,False,False,False,True,False,Vendredi-02-04h,OUI,Vendredi,2020-03-27 02:00
14904,27,False,False,False,False,False,True,False,False,False,False,False,False,False,False,Vendredi-02-04h,OUI,Vendredi,2020-03-27 02:00
14905,142,True,False,True,False,False,False,False,False,False,False,True,False,True,False,Vendredi-02-04h,NON,Vendredi,2020-03-27 02:00
14906,234,False,False,True,False,False,False,False,False,False,False,True,False,False,False,Vendredi-02-04h,NON,Vendredi,2020-03-27 02:00
14907,23,False,False,False,False,True,False,False,False,False,False,False,False,False,False,Vendredi-02-04h,NON,Vendredi,2020-03-27 02:00
14908,195,False,False,False,False,True,False,False,False,True,False,False,False,False,False,Vendredi-02-04h,NON,Vendredi,2020-03-27 02:00
14909,275,False,False,False,False,False,False,False,False,False,False,False,True,False,False,Vendredi-02-04h,NON,Vendredi,2020-03-27 02:00
14910,226,False,False,False,False,True,True,False,False,False,False,False,False,False,False,Vendredi-02-04h,NON,Vendredi,2020-03-27 02:00
14911,207,False,False,True,False,False,False,False,False,False,False,False,False,False,False,Vendredi-02-04h,NON,Vendredi,2020-03-27 02:00
14912,57,False,False,False,False,False,False,False,False,False,False,False,False,False,False,Vendredi-02-04h,NON,Vendredi,2020-03-27 02:00
14913,4,False,True,False,False,False,True,False,False,False,False,False,False,False,False,Vendredi-02-04h,NON,Vendredi,2020-03-27 02:00
14914,265,False,False,False,False,False,True,False,False,False,False,False,False,False,False,Vendredi-02-04h,NON,Vendredi,2020-03-27 02:00
14915,88,False,True,False,False,False,False,False,False,False,False,False,False,False,False,Vendredi-02-04h,NON,Vendredi,2020-03-27 02:00
14916,198,False,False,False,False,False,False,False,False,False,False,True,False,False,False,Vendredi-02-04h,NON,Vendredi,2020-03-27 02:00
14917,249,True,True,True,False,False,False,False,False,False,False,False,False,False,False,Vendredi-02-04h,NON,Vendredi,2020-03-27 02:00
14918,263,False,False,False,False,True,True,False,False,False,False,False,False,False,False,Vendredi-02-04h,NON,Vendredi,2020-03-27 02:00
14919,217,True,False,True,False,False,False,False,False,False,False,False,False,True,False,Vendredi-02-04h,NON,Vendredi,2020-03-27 02:00
14920,278,False,False,False,False,True,True,False,False,False,False,False,False,False,False,Vendredi-02-04h,NON,Vendredi,2020-03-27 02:00
14921,189,False,True,False,False,False,False,False,False,False,False,False,False,False,False,Vendredi-02-04h,NON,Vendredi,2020-03-27 02:00
14922,61,True,False,True,False,False,False,False,False,False,False,False,False,False,False,Vendredi-02-04h,NON,Vendredi,2020-03-27 02:00
14923,251,False,False,False,False,False,False,False,False,False,False,False,False,True,False,Vendredi-02-04h,NON,Vendredi,2020-03-27 02:00
14924,281,False,True,False,False,False,False,False,False,False,False,False,False,False,False,Vendredi-02-04h,NON,Vendredi,2020-03-27 02:00
14925,134,False,True,False,False,False,False,False,False,False,False,False,False,False,False,Vendredi-02-04h,NON,Vendredi,2020-03-27 02:00
14926,293,False,True,False,False,False,True,False,False,False,False,False,False,False,False,Vendredi-02-04h,NON,Vendredi,2020-03-27 02:00
14927,279,True,True,True,True,False,True,False,False,False,False,False,False,False,False,Vendredi-02-04h,OUI,Vendredi,2020-03-27 02:00
14928,81,True,False,True,True,False,False,False,True,False,False,False,False,False,False,Vendredi-02-04h,NON,Vendredi,2020-03-27 02:00
14929,92,True,False,False,True,False,False,False,False,False,False,True,False,False,False,Vendredi-02-04h,NON,Vendredi,2020-03-27 02:00
14930,147,False,False,False,False,False,False,False,False,False,False,False,False,False,False,Vendredi-02-04h,NON,Vendredi,2020-03-27 02:00
14931,33,False,True,False,False,True,False,False,False,False,False,False,False,False,False,Vendredi-02-04h,NON,Vendredi,2020-03-27 02:00
14932,266,False,False,False,False,False,False,False,False,False,False,False,False,False,False,Vendredi-02-04h,NON,Vendredi,2020-03-27 02:00
14933,225,True,False,False,False,False,True,False,False,False,False,False,False,False,False,Vendredi-02-04h,NON,Vendredi,2020-03-27 02:00
14934,83,True,False,True,False,False,False,False,False,False,False,False,False,False,False,Vendredi-02-04h,NON,Vendredi,2020-03-27 02:00
14935,95,False,False,False,False,True,True,False,True,False,False,False,False,False,False,Vendredi-02-04h,NON,Vendredi,2020-03-27 02:00
14936,127,False,False,False,False,True,False,False,False,False,False,False,False,False,False,Vendredi-02-04h,NON,Vendredi,2020-03-27 02:00
14937,20,False,False,False,False,False,False,False,False,False,False,False,False,False,False,Vendredi-02-04h,NON,Vendredi,2020-03-27 02:00
14938,89,False,False,False,False,False,False,False,False,True,False,False,False,False,False,Vendredi-02-04h,OUI,Vendredi,2020-03-27 02:00
14939,120,False,True,True,False,True,True,False,True,False,False,True,False,False,False,Vendredi-02-04h,NON,Vendredi,2020-03-27 02:00
14940,253,False,False,False,False,True,True,False,False,False,False,False,True,False,False,Vendredi-02-04h,NON,Vendredi,2020-03-27 02:00
14941,52,False,False,True,False,False,False,False,False,False,False,False,False,False,False,Vendredi-02-04h,OUI,Vendredi,2020-03-27 02:00
14942,168,True,False,True,False,False,False,False,True,False,False,False,False,False,False,Vendredi-02-04h,OUI,Vendredi,2020-03-27 02:00
14943,202,False,True,False,False,False,False,False,False,False,False,False,False,False,False,Vendredi-02-04h,NON,Vendredi,2020-03-27 02:00
14944,172,False,False,False,False,True,False,False,False,False,False,False,False,False,False,Vendredi-02-04h,NON,Vendredi,2020-03-27 02:00
14945,239,False,False,False,False,True,True,False,False,False,False,False,False,False,False,Vendredi-02-04h,NON,Vendredi,2020-03-27 02:00
14946,85,False,False,False,False,True,False,False,False,False,False,False,False,False,False,Vendredi-02-04h,NON,Vendredi,2020-03-27 02:00
14947,215,False,False,False,False,False,False,False,False,True,False,False,False,False,False,Vendredi-02-04h,OUI,Vendredi,2020-03-27 02:00
14948,260,True,False,True,False,False,False,False,False,False,False,False,False,False,False,Vendredi-02-04h,NON,Vendredi,2020-03-27 02:00
14949,286,True,True,False,False,True,False,False,False,False,False,False,False,False,False,Vendredi-02-04h,NON,Vendredi,2020-03-27 02:00
14950,72,False,True,False,False,False,False,False,False,False,False,False,False,False,False,Vendredi-04-06h,NON,Vendredi,2020-03-27 04:00
14951,167,True,True,True,True,True,True,False,False,False,False,False,False,False,False,Vendredi-04-06h,OUI,Vendredi,2020-03-27 04:00
14952,130,True,False,True,False,False,False,False,True,False,False,False,False,True,True,Vendredi-04-06h,NON,Vendredi,2020-03-27 04:00
14953,288,True,True,True,False,True,False,False,False,False,False,False,False,False,False,Vendredi-04-06h,NON,Vendredi,2020-03-27 04:00
14954,59,False,False,False,False,False,True,False,False,False,False,False,False,False,False,Vendredi-04-06h,NON,Vendredi,2020-03-27 04:00
14955,178,True,False,False,False,False,False,False,False,False,False,True,False,False,False,Vendredi-04-06h,NON,Vendredi,2020-03-27 04:00
14956,254,False,False,False,False,False,False,False,False,False,False,False,True,False,False,Vendredi-04-06h,NON,Vendredi,2020-03-27 04:00
14957,34,False,False,False,False,False,False,False,False,False,False,False,False,False,False,Vendredi-04-06h,NON,Vendredi,2020-03-27 04:00
14958,264,False,False,False,False,True,True,True,False,False,False,False,False,False,False,Vendredi-04-06h,NON,Vendredi,2020-03-27 04:00
14959,158,True,False,False,False,True,False,False,False,False,True,False,False,False,False,Vendredi-04-06h,NON,Vendredi,2020-03-27 04:00
14960,210,False,True,False,False,True,True,False,False,False,False,False,False,False,False,Vendredi-04-06h,NON,Vendredi,2020-03-27 04:00
14961,93,False,False,False,False,True,False,False,False,False,False,False,False,True,False,Vendredi-04-06h,OUI,Vendredi,2020-03-27 04:00
14962,144,True,False,True,False,True,False,False,False,False,False,False,False,False,False,Vendredi-04-06h,OUI,Vendredi,2020-03-27 04:00
14963,164,False,True,False,False,True,True,False,False,False,False,False,False,False,False,Vendredi-04-06h,OUI,Vendredi,2020-03-27 04:00
14964,289,False,False,False,False,True,True,False,False,False,False,False,False,False,False,Vendredi-04-06h,NON,Vendredi,2020-03-27 04:00
14965,50,False,False,False,False,False,False,False,False,False,False,False,False,False,False,Vendredi-04-06h,NON,Vendredi,2020-03-27 04:00
14966,51,True,True,False,False,True,False,False,False,False,False,False,False,False,False,Vendredi-04-06h,OUI,Vendredi,2020-03-27 04:00
14967,247,False,False,True,False,False,False,False,False,False,False,False,False,False,False,Vendredi-04-06h,NON,Vendredi,2020-03-27 04:00
14968,159,False,False,False,False,False,False,False,True,False,False,False,False,False,False,Vendredi-04-06h,NON,Vendredi,2020-03-27 04:00
14969,54,False,False,False,False,False,True,False,False,False,False,False,False,False,False,Vendredi-04-06h,NON,Vendredi,2020-03-27 04:00
14970,55,True,False,False,False,True,True,False,True,False,False,False,False,False,False,Vendredi-04-06h,OUI,Vendredi,2020-03-27 04:00
14971,257,False,False,False,False,True,False,False,False,False,False,False,False,False,False,Vendredi-04-06h,NON,Vendredi,2020-03-27 04:00
14972,67,False,False,False,False,False,False,False,False,False,False,False,False,False,False,Vendredi-04-06h,NON,Vendredi,2020-03-27 04:00
14973,71,True,False,True,False,False,False,False,False,False,False,False,False,False,False,Vendredi-04-06h,NON,Vendredi,2020-03-27 04:00
14974,280,False,False,False,False,False,True,False,False,False,False,False,False,False,False,Vendredi-04-06h,OUI,Vendredi,2020-03-27 04:00
14975,283,True,True,False,False,False,False,False,False,False,False,False,False,False,False,Vendredi-04-06h,OUI,Vendredi,2020-03-27 04:00
14976,154,False,False,False,False,True,True,False,False,False,False,False,True,False,False,Vendredi-04-06h,NON,Vendredi,2020-03-27 04:00
14977,171,False,False,False,False,False,False,False,False,False,False,False,True,False,False,Vendredi-04-06h,NON,Vendredi,2020-03-27 04:00
14978,131,False,False,True,False,False,False,False,False,False,False,False,False,False,False,Vendredi-04-06h,NON,Vendredi,2020-03-27 04:00
14979,237,True,False,False,False,False,True,True,False,False,False,False,False,True,False,Vendredi-04-06h,OUI,Vendredi,2020-03-27 04:00
14980,75,False,False,False,False,True,True,False,False,False,False,False,False,False,False,Vendredi-04-06h,NON,Vendredi,2020-03-27 04:00
14981,235,True,False,False,False,True,False,False,False,False,False,False,False,False,False,Vendredi-04-06h,NON,Vendredi,2020-03-27 04:00
14982,180,False,False,False,False,True,True,False,False,False,False,False,False,False,False,Vendredi-04-06h,OUI,Vendredi,2020-03-27 04:00
14983,219,False,False,False,False,False,True,False,False,False,False,False,False,False,False,Vendredi-04-06h,NON,Vendredi,2020-03-27 04:00
14984,250,False,False,False,False,False,False,False,False,True,False,False,False,False,False,Vendredi-04-06h,NON,Vendredi,2020-03-27 04:00
14985,267,True,True,False,False,False,False,False,False,False,False,False,False,False,False,Vendredi-04-06h,NON,Vendredi,2020-03-27 04:00
14986,160,False,True,False,False,False,True,False,False,False,False,False,False,False,False,Vendredi-04-06h,NON,Vendredi,2020-03-27 04:00
14987,182,False,True,False,False,True,True,True,False,False,False,False,False,False,False,Vendredi-04-06h,NON,Vendredi,2020-03-27 04:00
14988,143,False,False,False,False,False,False,False,True,False,False,True,False,False,False,Vendredi-04-06h,OUI,Vendredi,2020-03-27 04:00
14989,223,True,True,False,False,False,False,False,False,False,False,False,False,False,False,Vendredi-04-06h,NON,Vendredi,2020-03-27 04:00
14990,192,True,False,True,False,False,False,False,False,False,False,False,False,False,False,Vendredi-04-06h,NON,Vendredi,2020-03-27 04:00
14991,30,False,False,True,False,False,False,False,True,False,False,False,False,False,False,Vendredi-04-06h,NON,Vendredi,2020-03-27 04:00
14992,125,True,False,False,False,True,False,False,True,False,False,False,False,False,False,Vendredi-04-06h,NON,Vendredi,2020-03-27 04:00
14993,39,False,False,True,False,True,False,False,True,False,False,False,False,False,False,Vendredi-04-06h,NON,Vendredi,2020-03-27 04:00
14994,113,True,False,True,False,False,False,False,False,False,False,False,False,False,False,Vendredi-04-06h,OUI,Vendredi,2020-03-27 04:00
14995,121,True,False,True,False,False,False,False,True,False,False,False,False,False,False,Vendredi-04-06h,NON,Vendredi,2020-03-27 04:00
14996,228,False,False,False,False,False,False,False,False,False,False,True,False,False,False,Vendredi-04-06h,OUI,Vendredi,2020-03-27 04:00
14997,290,False,False,False,False,False,False,False,False,True,False,False,False,False,False,Vendredi-04-06h,NON,Vendredi,2020-03-27 04:00
14998,197,False,False,True,False,True,False,False,False,False,False,False,False,False,False,Vendredi-04-06h,NON,Vendredi,2020-03-27 04:00
14999,31,True,True,True,False,False,True,False,False,False,False,False,False,False,False,Vendredi-04-06h,NON,Vendredi,2020-03-27 04:00
15000,173,True,False,False,False,True,True,False,True,False,False,False,False,False,False,Vendredi-04-06h,NON,Vendredi,2020-03-27 04:00
15001,74,True,False,False,True,False,False,False,True,False,False,True,False,False,False,Vendredi-04-06h,NON,Vendredi,2020-03-27 04:00
15002,15,False,False,True,False,False,False,False,False,False,False,False,False,False,False,Vendredi-04-06h,NON,Vendredi,2020-03-27 04:00
15003,45,True,False,False,False,True,True,False,True,False,False,False,False,False,False,Vendredi-04-06h,OUI,Vendredi,2020-03-27 04:00
15004,63,False,False,True,False,False,False,False,False,False,False,False,False,False,False,Vendredi-04-06h,NON,Vendredi,2020-03-27 04:00
15005,3,False,False,False,False,False,True,False,False,False,False,False,True,False,False,Vendredi-04-06h,OUI,Vendredi,2020-03-27 04:00
15006,21,True,False,True,False,False,False,False,False,False,False,False,False,False,False,Vendredi-04-06h,OUI,Vendredi,2020-03-27 04:00
15007,78,False,True,True,False,True,True,False,True,False,False,False,False,False,False,Vendredi-04-06h,NON,Vendredi,2020-03-27 04:00
15008,47,False,True,False,False,False,False,False,False,False,False,False,False,False,False,Vendredi-04-06h,NON,Vendredi,2020-03-27 04:00
15009,151,True,True,False,False,True,False,False,True,False,False,False,False,False,False,Vendredi-04-06h,NON,Vendredi,2020-03-27 04:00
15010,6,True,False,True,False,False,False,False,False,False,False,False,False,False,False,Vendredi-04-06h,OUI,Vendredi,2020-03-27 04:00
15011,135,True,False,True,False,False,False,False,False,False,False,False,False,True,False,Vendredi-04-06h,OUI,Vendredi,2020-03-27 04:00
15012,221,False,False,False,False,True,True,False,False,False,False,False,False,False,False,Vendredi-04-06h,NON,Vendredi,2020-03-27 04:00
15013,170,False,False,True,False,False,False,False,False,False,False,True,False,False,True,Vendredi-04-06h,NON,Vendredi,2020-03-27 04:00
15014,129,False,True,False,False,False,False,False,False,False,False,False,False,False,False,Vendredi-04-06h,OUI,Vendredi,2020-03-27 04:00
15015,132,True,True,True,False,False,True,False,False,False,False,False,False,False,False,Vendredi-04-06h,OUI,Vendredi,2020-03-27 04:00
15016,110,False,True,False,False,False,False,False,False,False,False,False,False,False,False,Vendredi-04-06h,OUI,Vendredi,2020-03-27 04:00
15017,191,False,False,False,False,False,True,False,False,False,False,False,False,False,False,Vendredi-04-06h,OUI,Vendredi,2020-03-27 04:00
15018,94,True,True,True,False,False,True,False,False,False,False,True,False,True,False,Vendredi-04-06h,NON,Vendredi,2020-03-27 04:00
15019,108,False,False,False,False,False,True,True,False,False,False,False,False,False,False,Vendredi-04-06h,OUI,Vendredi,2020-03-27 04:00
15020,236,False,False,False,False,True,True,False,False,False,False,False,False,False,False,Vendredi-04-06h,OUI,Vendredi,2020-03-27 04:00
15021,42,True,False,True,False,True,False,False,False,False,False,False,False,False,False,Vendredi-04-06h,NON,Vendredi,2020-03-27 04:00
15022,155,True,False,False,False,True,False,False,False,False,False,False,False,False,False,Vendredi-04-06h,NON,Vendredi,2020-03-27 04:00
15023,1,False,False,False,False,False,False,False,False,False,False,False,False,False,False,Vendredi-04-06h,NON,Vendredi,2020-03-27 04:00
15024,58,False,True,True,False,False,True,False,False,False,False,True,False,False,False,Vendredi-04-06h,OUI,Vendredi,2020-03-27 04:00
15025,0,False,True,False,False,False,False,False,False,False,False,False,False,False,False,Vendredi-04-06h,OUI,Vendredi,2020-03-27 04:00
15026,269,False,False,False,False,False,False,False,False,False,False,False,False,False,False,Vendredi-04-06h,NON,Vendredi,2020-03-27 04:00
15027,2,True,False,True,False,False,False,False,False,False,False,False,False,False,False,Vendredi-04-06h,NON,Vendredi,2020-03-27 04:00
15028,103,False,False,False,False,True,False,False,False,False,False,False,False,False,False,Vendredi-04-06h,NON,Vendredi,2020-03-27 04:00
15029,12,False,True,False,False,True,False,False,False,False,False,False,False,False,False,Vendredi-04-06h,OUI,Vendredi,2020-03-27 04:00
15030,245,True,False,False,False,True,True,False,True,False,False,False,False,False,False,Vendredi-04-06h,NON,Vendredi,2020-03-27 04:00
15031,161,False,False,True,False,False,False,False,False,False,False,True,False,False,False,Vendredi-04-06h,NON,Vendredi,2020-03-27 04:00
15032,38,False,False,False,False,False,False,False,False,True,False,False,False,False,False,Vendredi-04-06h,NON,Vendredi,2020-03-27 04:00
15033,122,False,False,False,False,False,False,False,False,False,False,False,False,False,False,Vendredi-04-06h,NON,Vendredi,2020-03-27 04:00
15034,248,False,False,True,False,False,False,False,False,False,False,False,False,True,False,Vendredi-04-06h,NON,Vendredi,2020-03-27 04:00
15035,271,False,True,True,False,False,True,False,False,False,False,False,False,False,False,Vendredi-04-06h,OUI,Vendredi,2020-03-27 04:00
15036,116,False,False,True,False,False,False,False,False,False,False,False,False,False,False,Vendredi-04-06h,OUI,Vendredi,2020-03-27 04:00
15037,117,True,True,True,True,False,True,False,False,False,False,False,False,False,False,Vendredi-04-06h,NON,Vendredi,2020-03-27 04:00
15038,213,False,False,False,False,True,True,False,True,False,False,False,False,False,False,Vendredi-04-06h,NON,Vendredi,2020-03-27 04:00
15039,220,False,True,True,False,False,True,False,False,False,False,False,False,False,False,Vendredi-04-06h,OUI,Vendredi,2020-03-27 04:00
15040,176,False,False,True,False,False,False,False,False,False,False,False,False,False,False,Vendredi-04-06h,NON,Vendredi,2020-03-27 04:00
15041,96,False,False,False,False,True,True,False,False,False,True,False,False,False,False,Vendredi-04-06h,NON,Vendredi,2020-03-27 04:00
15042,214,False,False,False,False,True,True,False,False,False,True,False,False,False,False,Vendredi-04-06h,OUI,Vendredi,2020-03-27 04:00
15043,11,True,False,False,True,False,False,False,False,False,False,True,False,False,False,Vendredi-04-06h,NON,Vendredi,2020-03-27 04:00
15044,255,True,False,True,False,False,False,False,True,False,False,False,False,False,False,Vendredi-04-06h,OUI,Vendredi,2020-03-27 04:00
15045,86,False,False,True,False,False,False,False,False,False,False,False,False,False,False,Vendredi-04-06h,OUI,Vendredi,2020-03-27 04:00
15046,209,True,False,False,False,True,True,False,True,False,False,False,False,False,False,Vendredi-04-06h,OUI,Vendredi,2020-03-27 04:00
15047,291,False,False,False,False,False,True,False,False,True,False,False,False,False,False,Vendredi-04-06h,OUI,Vendredi,2020-03-27 04:00
15048,287,False,False,False,False,False,False,False,False,False,False,False,True,False,False,Vendredi-04-06h,NON,Vendredi,2020-03-27 04:00
15049,104,False,False,False,False,True,True,False,False,False,False,False,False,False,False,Vendredi-04-06h,NON,Vendredi,2020-03-27 04:00
15050,18,False,False,False,False,True,False,False,False,False,False,False,False,False,False,Vendredi-04-06h,OUI,Vendredi,2020-03-27 04:00
15051,123,False,True,False,False,True,True,False,False,False,False,False,False,False,False,Vendredi-04-06h,NON,Vendredi,2020-03-27 04:00
15052,136,False,False,False,False,True,False,False,False,False,False,False,False,False,False,Vendredi-04-06h,NON,Vendredi,2020-03-27 04:00
15053,276,True,False,True,False,False,False,False,False,False,False,False,False,False,False,Vendredi-04-06h,NON,Vendredi,2020-03-27 04:00
15054,53,False,False,False,False,True,True,False,False,False,False,False,False,False,False,Vendredi-04-06h,OUI,Vendredi,2020-03-27 04:00
15055,179,True,False,True,False,False,False,False,False,False,False,False,False,False,False,Vendredi-04-06h,OUI,Vendredi,2020-03-27 04:00
15056,200,False,False,False,False,False,False,False,False,False,False,False,False,False,False,Vendredi-04-06h,NON,Vendredi,2020-03-27 04:00
15057,73,False,False,False,False,False,False,False,False,False,False,False,False,False,False,Vendredi-04-06h,NON,Vendredi,2020-03-27 04:00
15058,156,False,False,False,False,True,True,False,False,False,False,False,False,False,False,Vendredi-04-06h,NON,Vendredi,2020-03-27 04:00
15059,128,True,True,True,False,False,True,False,False,False,False,False,False,False,False,Vendredi-04-06h,NON,Vendredi,2020-03-27 04:00
15060,118,False,False,False,False,False,False,False,False,False,False,False,False,False,False,Vendredi-04-06h,NON,Vendredi,2020-03-27 04:00
15061,112,True,False,True,False,False,False,False,False,False,False,False,False,False,False,Vendredi-04-06h,OUI,Vendredi,2020-03-27 04:00
15062,35,False,False,False,False,True,True,False,False,False,False,False,False,False,False,Vendredi-04-06h,NON,Vendredi,2020-03-27 04:00
15063,32,False,False,False,False,False,False,False,False,False,False,False,True,False,False,Vendredi-04-06h,NON,Vendredi,2020-03-27 04:00
15064,199,True,False,True,False,False,False,False,False,False,False,False,False,False,False,Vendredi-04-06h,OUI,Vendredi,2020-03-27 04:00
15065,153,True,False,False,False,True,True,False,False,False,False,False,False,False,False,Vendredi-04-06h,NON,Vendredi,2020-03-27 04:00
15066,82,False,False,True,False,False,False,False,False,False,False,False,False,False,False,Vendredi-04-06h,OUI,Vendredi,2020-03-27 04:00
15067,292,False,True,False,False,False,False,False,False,False,False,False,False,False,False,Vendredi-04-06h,OUI,Vendredi,2020-03-27 04:00
15068,169,False,False,False,True,False,False,False,False,False,False,False,False,False,False,Vendredi-04-06h,NON,Vendredi,2020-03-27 04:00
15069,16,False,False,False,False,True,True,False,False,False,False,False,False,False,False,Vendredi-04-06h,OUI,Vendredi,2020-03-27 04:00
15070,46,True,True,True,False,False,True,True,False,False,False,False,False,False,False,Vendredi-04-06h,NON,Vendredi,2020-03-27 04:00
15071,216,False,True,False,False,False,True,False,False,False,False,False,False,False,False,Vendredi-04-06h,OUI,Vendredi,2020-03-27 04:00
15072,174,False,True,True,False,False,True,False,False,False,False,True,False,False,False,Vendredi-04-06h,NON,Vendredi,2020-03-27 04:00
15073,43,False,False,False,False,True,False,False,False,False,False,False,False,False,False,Vendredi-04-06h,NON,Vendredi,2020-03-27 04:00
15074,165,False,False,False,False,True,True,False,False,False,False,False,False,False,False,Vendredi-04-06h,NON,Vendredi,2020-03-27 04:00
15075,126,False,True,False,False,False,True,False,False,False,False,False,False,False,False,Vendredi-04-06h,OUI,Vendredi,2020-03-27 04:00
15076,41,False,False,False,False,False,True,False,False,True,False,False,False,False,False,Vendredi-04-06h,NON,Vendredi,2020-03-27 04:00
15077,157,False,False,True,False,False,False,False,False,False,False,False,False,False,False,Vendredi-04-06h,NON,Vendredi,2020-03-27 04:00
15078,272,False,True,True,False,False,False,True,False,False,False,True,False,True,True,Vendredi-04-06h,OUI,Vendredi,2020-03-27 04:00
15079,115,True,False,True,False,False,False,False,False,False,False,False,False,False,False,Vendredi-04-06h,NON,Vendredi,2020-03-27 04:00
15080,84,False,False,False,False,False,False,False,False,False,False,False,True,False,False,Vendredi-04-06h,NON,Vendredi,2020-03-27 04:00
15081,183,True,True,True,True,False,False,False,False,False,False,False,False,False,False,Vendredi-04-06h,OUI,Vendredi,2020-03-27 04:00
15082,65,True,True,False,False,False,True,False,False,False,False,False,False,False,False,Vendredi-04-06h,OUI,Vendredi,2020-03-27 04:00
15083,105,True,False,False,False,False,False,False,False,False,False,False,False,False,False,Vendredi-04-06h,OUI,Vendredi,2020-03-27 04:00
15084,187,True,False,False,False,False,True,False,False,False,False,False,False,False,False,Vendredi-04-06h,NON,Vendredi,2020-03-27 04:00
15085,139,True,False,True,False,False,False,False,False,False,False,False,False,False,False,Vendredi-04-06h,OUI,Vendredi,2020-03-27 04:00
15086,259,False,False,False,False,True,True,False,False,False,False,False,False,False,False,Vendredi-04-06h,OUI,Vendredi,2020-03-27 04:00
15087,124,True,False,True,False,False,False,False,False,False,False,True,False,False,False,Vendredi-04-06h,OUI,Vendredi,2020-03-27 04:00
15088,98,False,False,False,False,False,True,False,False,False,False,False,True,False,False,Vendredi-04-06h,OUI,Vendredi,2020-03-27 04:00
15089,284,False,True,True,False,False,True,False,False,False,False,False,False,True,False,Vendredi-04-06h,OUI,Vendredi,2020-03-27 04:00
15090,148,True,False,True,False,True,False,False,True,False,False,False,False,False,False,Vendredi-04-06h,NON,Vendredi,2020-03-27 04:00
15091,258,True,False,True,False,False,False,False,False,False,False,False,False,False,False,Vendredi-04-06h,OUI,Vendredi,2020-03-27 04:00
15092,175,False,False,False,False,False,True,False,False,False,False,False,False,False,False,Vendredi-04-06h,NON,Vendredi,2020-03-27 04:00
15093,119,False,False,False,False,False,False,False,False,False,False,True,False,False,False,Vendredi-04-06h,NON,Vendredi,2020-03-27 04:00
15094,229,True,False,True,False,False,False,False,True,False,False,False,False,False,False,Vendredi-04-06h,OUI,Vendredi,2020-03-27 04:00
15095,230,False,False,False,False,False,True,True,False,False,False,False,False,False,False,Vendredi-04-06h,NON,Vendredi,2020-03-27 04:00
15096,17,True,False,False,False,False,True,True,False,False,False,False,False,False,False,Vendredi-04-06h,NON,Vendredi,2020-03-27 04:00
15097,177,False,False,False,False,False,False,False,False,False,False,False,False,False,False,Vendredi-04-06h,NON,Vendredi,2020-03-27 04:00
15098,7,False,False,False,False,False,False,False,False,False,False,False,False,False,False,Vendredi-04-06h,NON,Vendredi,2020-03-27 04:00
15099,241,False,False,True,False,False,False,False,False,False,False,False,False,False,False,Vendredi-04-06h,NON,Vendredi,2020-03-27 04:00
15100,8,True,False,False,False,True,True,False,True,False,False,False,False,False,False,Vendredi-04-06h,NON,Vendredi,2020-03-27 04:00
15101,268,False,True,False,False,False,True,False,False,False,False,False,False,False,False,Vendredi-04-06h,OUI,Vendredi,2020-03-27 04:00
15102,294,False,False,True,False,True,False,False,False,False,False,False,False,False,False,Vendredi-04-06h,OUI,Vendredi,2020-03-27 04:00
15103,242,True,False,False,False,True,True,False,False,False,False,False,False,False,False,Vendredi-04-06h,NON,Vendredi,2020-03-27 04:00
15104,194,False,False,False,False,False,True,False,False,False,False,False,False,False,False,Vendredi-04-06h,NON,Vendredi,2020-03-27 04:00
15105,243,False,False,False,False,True,True,False,False,False,False,False,False,False,False,Vendredi-04-06h,OUI,Vendredi,2020-03-27 04:00
15106,212,True,True,True,False,False,True,False,False,False,False,False,False,False,False,Vendredi-04-06h,OUI,Vendredi,2020-03-27 04:00
15107,19,False,False,False,False,False,True,False,False,False,False,False,False,False,False,Vendredi-04-06h,OUI,Vendredi,2020-03-27 04:00
15108,114,False,False,False,False,True,False,False,False,False,False,False,False,False,False,Vendredi-04-06h,OUI,Vendredi,2020-03-27 04:00
15109,190,False,False,False,False,False,True,False,False,True,False,False,False,False,False,Vendredi-04-06h,NON,Vendredi,2020-03-27 04:00
15110,64,False,False,True,False,False,False,False,False,False,False,False,False,False,False,Vendredi-04-06h,NON,Vendredi,2020-03-27 04:00
15111,227,False,False,False,False,False,False,False,False,False,False,False,False,False,False,Vendredi-04-06h,NON,Vendredi,2020-03-27 04:00
15112,232,False,False,False,False,False,True,False,False,False,False,False,False,False,False,Vendredi-04-06h,OUI,Vendredi,2020-03-27 04:00
15113,246,False,True,False,False,False,True,True,False,False,False,False,False,False,False,Vendredi-04-06h,NON,Vendredi,2020-03-27 04:00
15114,100,False,False,False,False,False,True,False,False,False,False,False,False,False,False,Vendredi-04-06h,NON,Vendredi,2020-03-27 04:00
15115,13,False,False,False,False,True,False,False,False,False,False,False,False,False,False,Vendredi-04-06h,NON,Vendredi,2020-03-27 04:00
15116,262,True,True,True,False,False,False,False,False,False,False,False,False,False,False,Vendredi-04-06h,NON,Vendredi,2020-03-27 04:00
15117,76,True,True,True,False,False,True,False,False,False,False,True,False,False,False,Vendredi-04-06h,NON,Vendredi,2020-03-27 04:00
15118,261,False,True,False,False,True,False,False,False,False,False,False,False,False,False,Vendredi-04-06h,NON,Vendredi,2020-03-27 04:00
15119,150,False,True,False,False,False,False,False,False,False,False,False,False,False,False,Vendredi-04-06h,OUI,Vendredi,2020-03-27 04:00
15120,205,False,False,False,False,False,False,False,False,False,False,False,False,False,False,Vendredi-04-06h,NON,Vendredi,2020-03-27 04:00
15121,56,False,False,False,False,True,True,False,False,False,False,False,False,False,False,Vendredi-04-06h,OUI,Vendredi,2020-03-27 04:00
15122,186,False,False,False,False,True,False,False,False,False,False,False,False,False,False,Vendredi-04-06h,OUI,Vendredi,2020-03-27 04:00
15123,162,True,False,False,False,True,True,False,False,False,False,False,False,False,False,Vendredi-04-06h,NON,Vendredi,2020-03-27 04:00
15124,68,False,True,False,False,True,True,False,False,False,False,False,False,False,False,Vendredi-04-06h,OUI,Vendredi,2020-03-27 04:00
15125,146,False,False,False,False,False,True,False,False,False,False,False,True,False,False,Vendredi-04-06h,OUI,Vendredi,2020-03-27 04:00
15126,49,False,False,False,False,False,False,False,False,False,False,False,False,True,False,Vendredi-04-06h,NON,Vendredi,2020-03-27 04:00
15127,91,True,False,True,True,False,False,False,False,False,False,False,False,False,False,Vendredi-04-06h,OUI,Vendredi,2020-03-27 04:00
15128,22,False,False,False,False,False,False,False,False,False,True,False,False,False,False,Vendredi-04-06h,NON,Vendredi,2020-03-27 04:00
15129,151,False,False,False,False,True,False,False,False,False,False,False,False,False,False,Vendredi-04-06h,NON,Vendredi,2020-03-27 04:00
15130,193,False,False,False,False,True,True,False,False,False,False,False,False,False,False,Vendredi-04-06h,OUI,Vendredi,2020-03-27 04:00
15131,9,True,True,False,False,False,False,False,False,False,False,False,False,False,False,Vendredi-04-06h,NON,Vendredi,2020-03-27 04:00
15132,99,True,False,True,False,False,False,False,False,False,False,False,False,False,False,Vendredi-04-06h,NON,Vendredi,2020-03-27 04:00
15133,181,False,False,False,False,True,True,False,False,False,False,False,False,False,False,Vendredi-04-06h,OUI,Vendredi,2020-03-27 04:00
15134,111,False,False,False,False,False,True,False,True,False,False,False,False,False,False,Vendredi-04-06h,OUI,Vendredi,2020-03-27 04:00
15135,44,False,True,False,False,False,True,False,False,False,False,False,False,False,False,Vendredi-04-06h,NON,Vendredi,2020-03-27 04:00
15136,24,False,False,False,False,True,False,False,True,False,False,False,False,False,False,Vendredi-04-06h,NON,Vendredi,2020-03-27 04:00
15137,102,False,False,False,False,True,True,False,True,False,False,False,False,False,False,Vendredi-04-06h,OUI,Vendredi,2020-03-27 04:00
15138,203,True,True,False,False,False,False,False,True,False,False,False,False,False,False,Vendredi-04-06h,NON,Vendredi,2020-03-27 04:00
15139,140,False,False,False,False,True,True,False,True,False,False,False,False,False,False,Vendredi-04-06h,NON,Vendredi,2020-03-27 04:00
15140,188,False,False,False,False,False,True,False,False,True,False,False,False,False,False,Vendredi-04-06h,NON,Vendredi,2020-03-27 04:00
15141,206,False,False,False,True,False,False,False,False,False,False,True,False,False,False,Vendredi-04-06h,NON,Vendredi,2020-03-27 04:00
15142,273,False,False,False,False,False,False,False,False,False,False,False,True,False,False,Vendredi-04-06h,NON,Vendredi,2020-03-27 04:00
15143,69,True,False,True,False,False,False,False,False,False,False,False,False,False,False,Vendredi-04-06h,NON,Vendredi,2020-03-27 04:00
15144,87,True,False,False,True,False,False,False,False,False,False,True,False,False,False,Vendredi-04-06h,OUI,Vendredi,2020-03-27 04:00
15145,83,True,False,True,False,False,False,False,False,False,False,False,False,False,False,Vendredi-04-06h,NON,Vendredi,2020-03-27 04:00
15146,149,True,False,True,True,False,False,False,False,False,False,False,False,False,False,Vendredi-04-06h,NON,Vendredi,2020-03-27 04:00
15147,274,False,False,False,False,False,True,False,False,False,False,False,False,False,False,Vendredi-04-06h,NON,Vendredi,2020-03-27 04:00
15148,282,True,False,True,True,False,False,False,False,False,False,False,False,False,False,Vendredi-04-06h,OUI,Vendredi,2020-03-27 04:00
15149,147,False,False,False,False,False,False,False,False,False,False,False,False,False,False,Vendredi-04-06h,NON,Vendredi,2020-03-27 04:00
15150,238,False,False,False,False,False,False,False,False,False,False,False,True,False,False,Vendredi-04-06h,NON,Vendredi,2020-03-27 04:00
15151,201,False,False,False,False,False,False,False,False,False,False,False,False,False,False,Vendredi-04-06h,NON,Vendredi,2020-03-27 04:00
15152,152,False,True,False,False,False,False,False,False,False,False,False,False,False,False,Vendredi-04-06h,NON,Vendredi,2020-03-27 04:00
15153,222,False,False,False,False,False,True,False,False,True,True,False,False,False,False,Vendredi-04-06h,NON,Vendredi,2020-03-27 04:00
15154,106,False,False,False,False,False,True,False,False,False,False,False,True,False,False,Vendredi-04-06h,NON,Vendredi,2020-03-27 04:00
15155,133,False,False,True,False,True,False,False,False,False,False,False,False,False,False,Vendredi-04-06h,NON,Vendredi,2020-03-27 04:00
15156,163,False,False,False,False,True,False,False,False,False,False,False,False,False,False,Vendredi-04-06h,NON,Vendredi,2020-03-27 04:00
15157,231,False,False,False,False,False,False,False,False,False,False,False,False,False,False,Vendredi-04-06h,NON,Vendredi,2020-03-27 04:00
15158,25,False,False,False,False,True,False,False,False,False,False,False,False,False,False,Vendredi-04-06h,NON,Vendredi,2020-03-27 04:00
15159,196,False,False,True,False,True,False,False,True,False,False,False,False,False,False,Vendredi-04-06h,OUI,Vendredi,2020-03-27 04:00
15160,5,False,False,False,False,True,True,False,False,False,False,False,False,False,False,Vendredi-04-06h,NON,Vendredi,2020-03-27 04:00
15161,90,False,True,False,False,False,False,False,False,False,False,False,False,False,False,Vendredi-04-06h,NON,Vendredi,2020-03-27 04:00
15162,244,True,False,True,False,False,False,False,False,False,False,False,False,False,False,Vendredi-04-06h,OUI,Vendredi,2020-03-27 04:00
15163,107,False,True,False,False,False,True,False,False,False,False,False,False,False,False,Vendredi-04-06h,OUI,Vendredi,2020-03-27 04:00
15164,218,False,True,False,False,True,True,False,False,False,False,False,False,False,False,Vendredi-04-06h,OUI,Vendredi,2020-03-27 04:00
15165,62,False,True,True,False,True,True,False,False,False,False,False,False,False,False,Vendredi-04-06h,NON,Vendredi,2020-03-27 04:00
15166,79,False,True,False,False,False,False,False,False,False,False,False,False,False,False,Vendredi-04-06h,OUI,Vendredi,2020-03-27 04:00
15167,208,False,False,False,False,False,True,False,False,False,False,False,False,False,False,Vendredi-04-06h,NON,Vendredi,2020-03-27 04:00
15168,270,False,False,False,False,False,False,False,False,True,False,False,False,False,False,Vendredi-04-06h,NON,Vendredi,2020-03-27 04:00
15169,166,True,False,False,False,True,True,False,False,False,False,False,False,False,False,Vendredi-04-06h,OUI,Vendredi,2020-03-27 04:00
15170,77,False,False,True,False,True,False,False,False,False,False,False,False,False,False,Vendredi-04-06h,NON,Vendredi,2020-03-27 04:00
15171,29,False,False,False,False,False,True,False,False,False,False,False,True,False,False,Vendredi-04-06h,OUI,Vendredi,2020-03-27 04:00
15172,240,False,False,False,False,False,True,False,False,False,False,False,False,False,False,Vendredi-04-06h,NON,Vendredi,2020-03-27 04:00
15173,184,False,True,False,False,False,False,False,False,False,False,False,False,False,False,Vendredi-04-06h,OUI,Vendredi,2020-03-27 04:00
15174,277,False,True,True,False,False,True,False,False,False,False,False,False,False,False,Vendredi-04-06h,OUI,Vendredi,2020-03-27 04:00
15175,80,True,False,False,False,False,True,False,False,False,True,False,False,False,False,Vendredi-04-06h,NON,Vendredi,2020-03-27 04:00
15176,185,True,True,True,False,False,True,False,False,False,False,True,False,True,False,Vendredi-04-06h,NON,Vendredi,2020-03-27 04:00
15177,204,False,False,False,False,True,True,False,False,False,False,False,True,False,False,Vendredi-04-06h,OUI,Vendredi,2020-03-27 04:00
15178,252,True,True,True,False,False,True,False,False,False,False,False,False,False,False,Vendredi-04-06h,NON,Vendredi,2020-03-27 04:00
15179,26,False,False,False,False,True,False,False,False,False,False,False,False,False,False,Vendredi-04-06h,NON,Vendredi,2020-03-27 04:00
15180,70,False,False,False,False,True,False,False,False,False,False,False,True,False,False,Vendredi-04-06h,NON,Vendredi,2020-03-27 04:00
15181,233,False,False,False,False,True,False,False,False,False,False,False,False,False,False,Vendredi-04-06h,NON,Vendredi,2020-03-27 04:00
15182,37,True,True,True,False,True,True,False,False,False,False,False,False,False,False,Vendredi-04-06h,NON,Vendredi,2020-03-27 04:00
15183,185,False,False,True,False,False,False,False,False,False,False,False,False,False,False,Vendredi-04-06h,OUI,Vendredi,2020-03-27 04:00
15184,138,True,False,False,False,True,True,False,False,False,False,False,False,False,False,Vendredi-04-06h,NON,Vendredi,2020-03-27 04:00
15185,224,True,False,True,False,False,False,False,False,False,False,False,False,False,False,Vendredi-04-06h,NON,Vendredi,2020-03-27 04:00
15186,66,False,False,False,False,True,True,False,False,False,False,False,False,True,False,Vendredi-04-06h,OUI,Vendredi,2020-03-27 04:00
15187,211,False,False,True,False,False,False,False,False,False,False,False,False,True,False,Vendredi-04-06h,NON,Vendredi,2020-03-27 04:00
15188,14,False,False,False,False,True,True,False,False,False,False,False,False,False,False,Vendredi-04-06h,NON,Vendredi,2020-03-27 04:00
15189,145,False,False,False,False,True,False,False,False,False,False,False,False,False,False,Vendredi-04-06h,NON,Vendredi,2020-03-27 04:00
15190,36,False,False,False,False,False,False,False,False,False,False,False,True,False,False,Vendredi-04-06h,NON,Vendredi,2020-03-27 04:00
15191,60,True,True,True,False,False,True,False,False,False,False,False,False,False,False,Vendredi-04-06h,NON,Vendredi,2020-03-27 04:00
15192,137,True,True,True,False,False,True,False,False,False,False,True,False,False,False,Vendredi-04-06h,OUI,Vendredi,2020-03-27 04:00
15193,285,False,True,False,False,True,True,False,False,False,False,False,False,False,False,Vendredi-04-06h,NON,Vendredi,2020-03-27 04:00
15194,40,False,True,True,False,True,True,False,False,False,False,False,False,False,False,Vendredi-04-06h,OUI,Vendredi,2020-03-27 04:00
15195,97,False,False,False,False,False,True,False,False,False,False,False,False,False,False,Vendredi-04-06h,OUI,Vendredi,2020-03-27 04:00
15196,109,True,False,True,True,False,False,False,False,False,False,False,False,False,False,Vendredi-04-06h,NON,Vendredi,2020-03-27 04:00
15197,10,False,False,False,False,False,False,False,False,False,False,False,False,False,False,Vendredi-04-06h,NON,Vendredi,2020-03-27 04:00
15198,256,False,False,False,False,False,False,False,False,False,False,False,True,False,False,Vendredi-04-06h,NON,Vendredi,2020-03-27 04:00
15199,141,True,True,True,False,False,False,False,False,False,False,True,False,False,False,Vendredi-04-06h,NON,Vendredi,2020-03-27 04:00
15200,28,False,False,False,False,False,False,False,False,False,False,False,False,False,False,Vendredi-04-06h,NON,Vendredi,2020-03-27 04:00
15201,101,True,True,True,True,True,True,False,False,False,False,False,False,False,False,Vendredi-04-06h,OUI,Vendredi,2020-03-27 04:00
15202,48,True,False,True,False,True,False,False,False,False,False,False,False,True,False,Vendredi-04-06h,OUI,Vendredi,2020-03-27 04:00
15203,27,False,False,False,False,False,True,False,False,False,False,False,False,False,False,Vendredi-04-06h,OUI,Vendredi,2020-03-27 04:00
15204,142,True,False,True,False,False,False,False,False,False,False,True,False,True,False,Vendredi-04-06h,NON,Vendredi,2020-03-27 04:00
15205,234,False,False,True,False,False,False,False,False,False,False,True,False,False,False,Vendredi-04-06h,NON,Vendredi,2020-03-27 04:00
15206,23,False,False,False,False,True,False,False,False,False,False,False,False,False,False,Vendredi-04-06h,NON,Vendredi,2020-03-27 04:00
15207,195,False,False,False,False,True,False,False,False,True,False,False,False,False,False,Vendredi-04-06h,NON,Vendredi,2020-03-27 04:00
15208,275,False,False,False,False,False,False,False,False,False,False,False,True,False,False,Vendredi-04-06h,NON,Vendredi,2020-03-27 04:00
15209,226,False,False,False,False,True,True,False,False,False,False,False,False,False,False,Vendredi-04-06h,NON,Vendredi,2020-03-27 04:00
15210,207,False,False,True,False,False,False,False,False,False,False,False,False,False,False,Vendredi-04-06h,NON,Vendredi,2020-03-27 04:00
15211,57,False,False,False,False,False,False,False,False,False,False,False,False,False,False,Vendredi-04-06h,NON,Vendredi,2020-03-27 04:00
15212,4,False,True,False,False,False,True,False,False,False,False,False,False,False,False,Vendredi-04-06h,NON,Vendredi,2020-03-27 04:00
15213,265,False,False,False,False,False,True,False,False,False,False,False,False,False,False,Vendredi-04-06h,NON,Vendredi,2020-03-27 04:00
15214,88,False,True,False,False,False,False,False,False,False,False,False,False,False,False,Vendredi-04-06h,NON,Vendredi,2020-03-27 04:00
15215,198,False,False,False,False,False,False,False,False,False,False,True,False,False,False,Vendredi-04-06h,NON,Vendredi,2020-03-27 04:00
15216,249,True,True,True,False,False,False,False,False,False,False,False,False,False,False,Vendredi-04-06h,NON,Vendredi,2020-03-27 04:00
15217,263,False,False,False,False,True,True,False,False,False,False,False,False,False,False,Vendredi-04-06h,NON,Vendredi,2020-03-27 04:00
15218,217,True,False,True,False,False,False,False,False,False,False,False,False,True,False,Vendredi-04-06h,NON,Vendredi,2020-03-27 04:00
15219,278,False,False,False,False,True,True,False,False,False,False,False,False,False,False,Vendredi-04-06h,NON,Vendredi,2020-03-27 04:00
15220,189,False,True,False,False,False,False,False,False,False,False,False,False,False,False,Vendredi-04-06h,NON,Vendredi,2020-03-27 04:00
15221,61,True,False,True,False,False,False,False,False,False,False,False,False,False,False,Vendredi-04-06h,NON,Vendredi,2020-03-27 04:00
15222,251,False,False,False,False,False,False,False,False,False,False,False,False,True,False,Vendredi-04-06h,NON,Vendredi,2020-03-27 04:00
15223,281,False,True,False,False,False,False,False,False,False,False,False,False,False,False,Vendredi-04-06h,NON,Vendredi,2020-03-27 04:00
15224,134,False,True,False,False,False,False,False,False,False,False,False,False,False,False,Vendredi-04-06h,NON,Vendredi,2020-03-27 04:00
15225,293,False,True,False,False,False,True,False,False,False,False,False,False,False,False,Vendredi-04-06h,NON,Vendredi,2020-03-27 04:00
15226,279,True,True,True,True,False,True,False,False,False,False,False,False,False,False,Vendredi-04-06h,OUI,Vendredi,2020-03-27 04:00
15227,81,True,False,True,True,False,False,False,True,False,False,False,False,False,False,Vendredi-04-06h,NON,Vendredi,2020-03-27 04:00
15228,92,True,False,False,True,False,False,False,False,False,False,True,False,False,False,Vendredi-04-06h,NON,Vendredi,2020-03-27 04:00
15229,147,False,False,False,False,False,False,False,False,False,False,False,False,False,False,Vendredi-04-06h,NON,Vendredi,2020-03-27 04:00
15230,33,False,True,False,False,True,False,False,False,False,False,False,False,False,False,Vendredi-04-06h,NON,Vendredi,2020-03-27 04:00
15231,266,False,False,False,False,False,False,False,False,False,False,False,False,False,False,Vendredi-04-06h,NON,Vendredi,2020-03-27 04:00
15232,225,True,False,False,False,False,True,False,False,False,False,False,False,False,False,Vendredi-04-06h,NON,Vendredi,2020-03-27 04:00
15233,83,True,False,True,False,False,False,False,False,False,False,False,False,False,False,Vendredi-04-06h,NON,Vendredi,2020-03-27 04:00
15234,95,False,False,False,False,True,True,False,True,False,False,False,False,False,False,Vendredi-04-06h,NON,Vendredi,2020-03-27 04:00
15235,127,False,False,False,False,True,False,False,False,False,False,False,False,False,False,Vendredi-04-06h,NON,Vendredi,2020-03-27 04:00
15236,20,False,False,False,False,False,False,False,False,False,False,False,False,False,False,Vendredi-04-06h,NON,Vendredi,2020-03-27 04:00
15237,89,False,False,False,False,False,False,False,False,True,False,False,False,False,False,Vendredi-04-06h,OUI,Vendredi,2020-03-27 04:00
15238,120,False,True,True,False,True,True,False,True,False,False,True,False,False,False,Vendredi-04-06h,NON,Vendredi,2020-03-27 04:00
15239,253,False,False,False,False,True,True,False,False,False,False,False,True,False,False,Vendredi-04-06h,NON,Vendredi,2020-03-27 04:00
15240,52,False,False,True,False,False,False,False,False,False,False,False,False,False,False,Vendredi-04-06h,OUI,Vendredi,2020-03-27 04:00
15241,168,True,False,True,False,False,False,False,True,False,False,False,False,False,False,Vendredi-04-06h,OUI,Vendredi,2020-03-27 04:00
15242,202,False,True,False,False,False,False,False,False,False,False,False,False,False,False,Vendredi-04-06h,NON,Vendredi,2020-03-27 04:00
15243,172,False,False,False,False,True,False,False,False,False,False,False,False,False,False,Vendredi-04-06h,NON,Vendredi,2020-03-27 04:00
15244,239,False,False,False,False,True,True,False,False,False,False,False,False,False,False,Vendredi-04-06h,NON,Vendredi,2020-03-27 04:00
15245,85,False,False,False,False,True,False,False,False,False,False,False,False,False,False,Vendredi-04-06h,NON,Vendredi,2020-03-27 04:00
15246,215,False,False,False,False,False,False,False,False,True,False,False,False,False,False,Vendredi-04-06h,OUI,Vendredi,2020-03-27 04:00
15247,260,True,False,True,False,False,False,False,False,False,False,False,False,False,False,Vendredi-04-06h,NON,Vendredi,2020-03-27 04:00
15248,286,True,True,False,False,True,False,False,False,False,False,False,False,False,False,Vendredi-04-06h,NON,Vendredi,2020-03-27 04:00
15249,72,False,True,False,False,False,False,False,False,False,False,False,False,False,False,Vendredi-06-08h,NON,Vendredi,2020-03-27 06:00
15250,167,True,True,True,True,True,True,False,False,False,False,False,False,False,False,Vendredi-06-08h,OUI,Vendredi,2020-03-27 06:00
15251,130,True,False,True,False,False,False,False,True,False,False,False,False,True,True,Vendredi-06-08h,NON,Vendredi,2020-03-27 06:00
15252,288,True,True,True,False,True,False,False,False,False,False,False,False,False,False,Vendredi-06-08h,NON,Vendredi,2020-03-27 06:00
15253,59,False,False,False,False,False,True,False,False,False,False,False,False,False,False,Vendredi-06-08h,NON,Vendredi,2020-03-27 06:00
15254,178,True,False,False,False,False,False,False,False,False,False,True,False,False,False,Vendredi-06-08h,OUI,Vendredi,2020-03-27 06:00
15255,254,False,False,False,False,False,False,False,False,False,False,False,True,False,False,Vendredi-06-08h,NON,Vendredi,2020-03-27 06:00
15256,34,False,False,False,False,False,False,False,False,False,False,False,False,False,False,Vendredi-06-08h,NON,Vendredi,2020-03-27 06:00
15257,264,False,False,False,False,True,True,True,False,False,False,False,False,False,False,Vendredi-06-08h,NON,Vendredi,2020-03-27 06:00
15258,158,True,False,False,False,True,False,False,False,False,True,False,False,False,False,Vendredi-06-08h,NON,Vendredi,2020-03-27 06:00
15259,210,False,True,False,False,True,True,False,False,False,False,False,False,False,False,Vendredi-06-08h,NON,Vendredi,2020-03-27 06:00
15260,93,False,False,False,False,True,False,False,False,False,False,False,False,True,False,Vendredi-06-08h,OUI,Vendredi,2020-03-27 06:00
15261,144,True,False,True,False,True,False,False,False,False,False,False,False,False,False,Vendredi-06-08h,OUI,Vendredi,2020-03-27 06:00
15262,164,False,True,False,False,True,True,False,False,False,False,False,False,False,False,Vendredi-06-08h,OUI,Vendredi,2020-03-27 06:00
15263,289,False,False,False,False,True,True,False,False,False,False,False,False,False,False,Vendredi-06-08h,NON,Vendredi,2020-03-27 06:00
15264,50,False,False,False,False,False,False,False,False,False,False,False,False,False,False,Vendredi-06-08h,NON,Vendredi,2020-03-27 06:00
15265,51,True,True,False,False,True,False,False,False,False,False,False,False,False,False,Vendredi-06-08h,OUI,Vendredi,2020-03-27 06:00
15266,247,False,False,True,False,False,False,False,False,False,False,False,False,False,False,Vendredi-06-08h,NON,Vendredi,2020-03-27 06:00
15267,159,False,False,False,False,False,False,False,True,False,False,False,False,False,False,Vendredi-06-08h,NON,Vendredi,2020-03-27 06:00
15268,54,False,False,False,False,False,True,False,False,False,False,False,False,False,False,Vendredi-06-08h,NON,Vendredi,2020-03-27 06:00
15269,55,True,False,False,False,True,True,False,True,False,False,False,False,False,False,Vendredi-06-08h,OUI,Vendredi,2020-03-27 06:00
15270,257,False,False,False,False,True,False,False,False,False,False,False,False,False,False,Vendredi-06-08h,NON,Vendredi,2020-03-27 06:00
15271,67,False,False,False,False,False,False,False,False,False,False,False,False,False,False,Vendredi-06-08h,NON,Vendredi,2020-03-27 06:00
15272,71,True,False,True,False,False,False,False,False,False,False,False,False,False,False,Vendredi-06-08h,NON,Vendredi,2020-03-27 06:00
15273,280,False,False,False,False,False,True,False,False,False,False,False,False,False,False,Vendredi-06-08h,OUI,Vendredi,2020-03-27 06:00
15274,283,True,True,False,False,False,False,False,False,False,False,False,False,False,False,Vendredi-06-08h,OUI,Vendredi,2020-03-27 06:00
15275,154,False,False,False,False,True,True,False,False,False,False,False,True,False,False,Vendredi-06-08h,NON,Vendredi,2020-03-27 06:00
15276,171,False,False,False,False,False,False,False,False,False,False,False,True,False,False,Vendredi-06-08h,NON,Vendredi,2020-03-27 06:00
15277,131,False,False,True,False,False,False,False,False,False,False,False,False,False,False,Vendredi-06-08h,NON,Vendredi,2020-03-27 06:00
15278,237,True,False,False,False,False,True,True,False,False,False,False,False,True,False,Vendredi-06-08h,OUI,Vendredi,2020-03-27 06:00
15279,75,False,False,False,False,True,True,False,False,False,False,False,False,False,False,Vendredi-06-08h,NON,Vendredi,2020-03-27 06:00
15280,235,True,False,False,False,True,False,False,False,False,False,False,False,False,False,Vendredi-06-08h,NON,Vendredi,2020-03-27 06:00
15281,180,False,False,False,False,True,True,False,False,False,False,False,False,False,False,Vendredi-06-08h,OUI,Vendredi,2020-03-27 06:00
15282,219,False,False,False,False,False,True,False,False,False,False,False,False,False,False,Vendredi-06-08h,OUI,Vendredi,2020-03-27 06:00
15283,250,False,False,False,False,False,False,False,False,True,False,False,False,False,False,Vendredi-06-08h,NON,Vendredi,2020-03-27 06:00
15284,267,True,True,False,False,False,False,False,False,False,False,False,False,False,False,Vendredi-06-08h,NON,Vendredi,2020-03-27 06:00
15285,160,False,True,False,False,False,True,False,False,False,False,False,False,False,False,Vendredi-06-08h,NON,Vendredi,2020-03-27 06:00
15286,182,False,True,False,False,True,True,True,False,False,False,False,False,False,False,Vendredi-06-08h,NON,Vendredi,2020-03-27 06:00
15287,143,False,False,False,False,False,False,False,True,False,False,True,False,False,False,Vendredi-06-08h,OUI,Vendredi,2020-03-27 06:00
15288,223,True,True,False,False,False,False,False,False,False,False,False,False,False,False,Vendredi-06-08h,NON,Vendredi,2020-03-27 06:00
15289,192,True,False,True,False,False,False,False,False,False,False,False,False,False,False,Vendredi-06-08h,NON,Vendredi,2020-03-27 06:00
15290,30,False,False,True,False,False,False,False,True,False,False,False,False,False,False,Vendredi-06-08h,NON,Vendredi,2020-03-27 06:00
15291,125,True,False,False,False,True,False,False,True,False,False,False,False,False,False,Vendredi-06-08h,NON,Vendredi,2020-03-27 06:00
15292,39,False,False,True,False,True,False,False,True,False,False,False,False,False,False,Vendredi-06-08h,NON,Vendredi,2020-03-27 06:00
15293,113,True,False,True,False,False,False,False,False,False,False,False,False,False,False,Vendredi-06-08h,OUI,Vendredi,2020-03-27 06:00
15294,121,True,False,True,False,False,False,False,True,False,False,False,False,False,False,Vendredi-06-08h,NON,Vendredi,2020-03-27 06:00
15295,228,False,False,False,False,False,False,False,False,False,False,True,False,False,False,Vendredi-06-08h,OUI,Vendredi,2020-03-27 06:00
15296,290,False,False,False,False,False,False,False,False,True,False,False,False,False,False,Vendredi-06-08h,NON,Vendredi,2020-03-27 06:00
15297,197,False,False,True,False,True,False,False,False,False,False,False,False,False,False,Vendredi-06-08h,NON,Vendredi,2020-03-27 06:00
15298,31,True,True,True,False,False,True,False,False,False,False,False,False,False,False,Vendredi-06-08h,NON,Vendredi,2020-03-27 06:00
15299,173,True,False,False,False,True,True,False,True,False,False,False,False,False,False,Vendredi-06-08h,NON,Vendredi,2020-03-27 06:00
15300,74,True,False,False,True,False,False,False,True,False,False,True,False,False,False,Vendredi-06-08h,NON,Vendredi,2020-03-27 06:00
15301,15,False,False,True,False,False,False,False,False,False,False,False,False,False,False,Vendredi-06-08h,NON,Vendredi,2020-03-27 06:00
15302,45,True,False,False,False,True,True,False,True,False,False,False,False,False,False,Vendredi-06-08h,OUI,Vendredi,2020-03-27 06:00
15303,63,False,False,True,False,False,False,False,False,False,False,False,False,False,False,Vendredi-06-08h,NON,Vendredi,2020-03-27 06:00
15304,3,False,False,False,False,False,True,False,False,False,False,False,True,False,False,Vendredi-06-08h,OUI,Vendredi,2020-03-27 06:00
15305,21,True,False,True,False,False,False,False,False,False,False,False,False,False,False,Vendredi-06-08h,OUI,Vendredi,2020-03-27 06:00
15306,78,False,True,True,False,True,True,False,True,False,False,False,False,False,False,Vendredi-06-08h,NON,Vendredi,2020-03-27 06:00
15307,47,False,True,False,False,False,False,False,False,False,False,False,False,False,False,Vendredi-06-08h,NON,Vendredi,2020-03-27 06:00
15308,151,True,True,False,False,True,False,False,True,False,False,False,False,False,False,Vendredi-06-08h,NON,Vendredi,2020-03-27 06:00
15309,6,True,False,True,False,False,False,False,False,False,False,False,False,False,False,Vendredi-06-08h,OUI,Vendredi,2020-03-27 06:00
15310,135,True,False,True,False,False,False,False,False,False,False,False,False,True,False,Vendredi-06-08h,OUI,Vendredi,2020-03-27 06:00
15311,221,False,False,False,False,True,True,False,False,False,False,False,False,False,False,Vendredi-06-08h,NON,Vendredi,2020-03-27 06:00
15312,170,False,False,True,False,False,False,False,False,False,False,True,False,False,True,Vendredi-06-08h,NON,Vendredi,2020-03-27 06:00
15313,129,False,True,False,False,False,False,False,False,False,False,False,False,False,False,Vendredi-06-08h,NON,Vendredi,2020-03-27 06:00
15314,132,True,True,True,False,False,True,False,False,False,False,False,False,False,False,Vendredi-06-08h,OUI,Vendredi,2020-03-27 06:00
15315,110,False,True,False,False,False,False,False,False,False,False,False,False,False,False,Vendredi-06-08h,OUI,Vendredi,2020-03-27 06:00
15316,191,False,False,False,False,False,True,False,False,False,False,False,False,False,False,Vendredi-06-08h,OUI,Vendredi,2020-03-27 06:00
15317,94,True,True,True,False,False,True,False,False,False,False,True,False,True,False,Vendredi-06-08h,NON,Vendredi,2020-03-27 06:00
15318,108,False,False,False,False,False,True,True,False,False,False,False,False,False,False,Vendredi-06-08h,OUI,Vendredi,2020-03-27 06:00
15319,236,False,False,False,False,True,True,False,False,False,False,False,False,False,False,Vendredi-06-08h,OUI,Vendredi,2020-03-27 06:00
15320,42,True,False,True,False,True,False,False,False,False,False,False,False,False,False,Vendredi-06-08h,NON,Vendredi,2020-03-27 06:00
15321,155,True,False,False,False,True,False,False,False,False,False,False,False,False,False,Vendredi-06-08h,NON,Vendredi,2020-03-27 06:00
15322,1,False,False,False,False,False,False,False,False,False,False,False,False,False,False,Vendredi-06-08h,NON,Vendredi,2020-03-27 06:00
15323,58,False,True,True,False,False,True,False,False,False,False,True,False,False,False,Vendredi-06-08h,OUI,Vendredi,2020-03-27 06:00
15324,0,False,True,False,False,False,False,False,False,False,False,False,False,False,False,Vendredi-06-08h,NON,Vendredi,2020-03-27 06:00
15325,269,False,False,False,False,False,False,False,False,False,False,False,False,False,False,Vendredi-06-08h,NON,Vendredi,2020-03-27 06:00
15326,2,True,False,True,False,False,False,False,False,False,False,False,False,False,False,Vendredi-06-08h,NON,Vendredi,2020-03-27 06:00
15327,103,False,False,False,False,True,False,False,False,False,False,False,False,False,False,Vendredi-06-08h,OUI,Vendredi,2020-03-27 06:00
15328,12,False,True,False,False,True,False,False,False,False,False,False,False,False,False,Vendredi-06-08h,NON,Vendredi,2020-03-27 06:00
15329,245,True,False,False,False,True,True,False,True,False,False,False,False,False,False,Vendredi-06-08h,OUI,Vendredi,2020-03-27 06:00
15330,161,False,False,True,False,False,False,False,False,False,False,True,False,False,False,Vendredi-06-08h,NON,Vendredi,2020-03-27 06:00
15331,38,False,False,False,False,False,False,False,False,True,False,False,False,False,False,Vendredi-06-08h,NON,Vendredi,2020-03-27 06:00
15332,122,False,False,False,False,False,False,False,False,False,False,False,False,False,False,Vendredi-06-08h,NON,Vendredi,2020-03-27 06:00
15333,248,False,False,True,False,False,False,False,False,False,False,False,False,True,False,Vendredi-06-08h,NON,Vendredi,2020-03-27 06:00
15334,271,False,True,True,False,False,True,False,False,False,False,False,False,False,False,Vendredi-06-08h,OUI,Vendredi,2020-03-27 06:00
15335,116,False,False,True,False,False,False,False,False,False,False,False,False,False,False,Vendredi-06-08h,OUI,Vendredi,2020-03-27 06:00
15336,117,True,True,True,True,False,True,False,False,False,False,False,False,False,False,Vendredi-06-08h,NON,Vendredi,2020-03-27 06:00
15337,213,False,False,False,False,True,True,False,True,False,False,False,False,False,False,Vendredi-06-08h,NON,Vendredi,2020-03-27 06:00
15338,220,False,True,True,False,False,True,False,False,False,False,False,False,False,False,Vendredi-06-08h,OUI,Vendredi,2020-03-27 06:00
15339,176,False,False,True,False,False,False,False,False,False,False,False,False,False,False,Vendredi-06-08h,NON,Vendredi,2020-03-27 06:00
15340,96,False,False,False,False,True,True,False,False,False,True,False,False,False,False,Vendredi-06-08h,NON,Vendredi,2020-03-27 06:00
15341,214,False,False,False,False,True,True,False,False,False,True,False,False,False,False,Vendredi-06-08h,OUI,Vendredi,2020-03-27 06:00
15342,11,True,False,False,True,False,False,False,False,False,False,True,False,False,False,Vendredi-06-08h,NON,Vendredi,2020-03-27 06:00
15343,255,True,False,True,False,False,False,False,True,False,False,False,False,False,False,Vendredi-06-08h,OUI,Vendredi,2020-03-27 06:00
15344,86,False,False,True,False,False,False,False,False,False,False,False,False,False,False,Vendredi-06-08h,OUI,Vendredi,2020-03-27 06:00
15345,209,True,False,False,False,True,True,False,True,False,False,False,False,False,False,Vendredi-06-08h,OUI,Vendredi,2020-03-27 06:00
15346,291,False,False,False,False,False,True,False,False,True,False,False,False,False,False,Vendredi-06-08h,OUI,Vendredi,2020-03-27 06:00
15347,287,False,False,False,False,False,False,False,False,False,False,False,True,False,False,Vendredi-06-08h,NON,Vendredi,2020-03-27 06:00
15348,104,False,False,False,False,True,True,False,False,False,False,False,False,False,False,Vendredi-06-08h,NON,Vendredi,2020-03-27 06:00
15349,18,False,False,False,False,True,False,False,False,False,False,False,False,False,False,Vendredi-06-08h,OUI,Vendredi,2020-03-27 06:00
15350,123,False,True,False,False,True,True,False,False,False,False,False,False,False,False,Vendredi-06-08h,NON,Vendredi,2020-03-27 06:00
15351,136,False,False,False,False,True,False,False,False,False,False,False,False,False,False,Vendredi-06-08h,NON,Vendredi,2020-03-27 06:00
15352,276,True,False,True,False,False,False,False,False,False,False,False,False,False,False,Vendredi-06-08h,OUI,Vendredi,2020-03-27 06:00
15353,53,False,False,False,False,True,True,False,False,False,False,False,False,False,False,Vendredi-06-08h,OUI,Vendredi,2020-03-27 06:00
15354,179,True,False,True,False,False,False,False,False,False,False,False,False,False,False,Vendredi-06-08h,OUI,Vendredi,2020-03-27 06:00
15355,200,False,False,False,False,False,False,False,False,False,False,False,False,False,False,Vendredi-06-08h,NON,Vendredi,2020-03-27 06:00
15356,73,False,False,False,False,False,False,False,False,False,False,False,False,False,False,Vendredi-06-08h,NON,Vendredi,2020-03-27 06:00
15357,156,False,False,False,False,True,True,False,False,False,False,False,False,False,False,Vendredi-06-08h,OUI,Vendredi,2020-03-27 06:00
15358,128,True,True,True,False,False,True,False,False,False,False,False,False,False,False,Vendredi-06-08h,NON,Vendredi,2020-03-27 06:00
15359,118,False,False,False,False,False,False,False,False,False,False,False,False,False,False,Vendredi-06-08h,NON,Vendredi,2020-03-27 06:00
15360,112,True,False,True,False,False,False,False,False,False,False,False,False,False,False,Vendredi-06-08h,OUI,Vendredi,2020-03-27 06:00
15361,35,False,False,False,False,True,True,False,False,False,False,False,False,False,False,Vendredi-06-08h,NON,Vendredi,2020-03-27 06:00
15362,32,False,False,False,False,False,False,False,False,False,False,False,True,False,False,Vendredi-06-08h,NON,Vendredi,2020-03-27 06:00
15363,199,True,False,True,False,False,False,False,False,False,False,False,False,False,False,Vendredi-06-08h,OUI,Vendredi,2020-03-27 06:00
15364,153,True,False,False,False,True,True,False,False,False,False,False,False,False,False,Vendredi-06-08h,NON,Vendredi,2020-03-27 06:00
15365,82,False,False,True,False,False,False,False,False,False,False,False,False,False,False,Vendredi-06-08h,OUI,Vendredi,2020-03-27 06:00
15366,292,False,True,False,False,False,False,False,False,False,False,False,False,False,False,Vendredi-06-08h,OUI,Vendredi,2020-03-27 06:00
15367,169,False,False,False,True,False,False,False,False,False,False,False,False,False,False,Vendredi-06-08h,NON,Vendredi,2020-03-27 06:00
15368,16,False,False,False,False,True,True,False,False,False,False,False,False,False,False,Vendredi-06-08h,OUI,Vendredi,2020-03-27 06:00
15369,46,True,True,True,False,False,True,True,False,False,False,False,False,False,False,Vendredi-06-08h,NON,Vendredi,2020-03-27 06:00
15370,216,False,True,False,False,False,True,False,False,False,False,False,False,False,False,Vendredi-06-08h,OUI,Vendredi,2020-03-27 06:00
15371,174,False,True,True,False,False,True,False,False,False,False,True,False,False,False,Vendredi-06-08h,NON,Vendredi,2020-03-27 06:00
15372,43,False,False,False,False,True,False,False,False,False,False,False,False,False,False,Vendredi-06-08h,NON,Vendredi,2020-03-27 06:00
15373,165,False,False,False,False,True,True,False,False,False,False,False,False,False,False,Vendredi-06-08h,NON,Vendredi,2020-03-27 06:00
15374,126,False,True,False,False,False,True,False,False,False,False,False,False,False,False,Vendredi-06-08h,OUI,Vendredi,2020-03-27 06:00
15375,41,False,False,False,False,False,True,False,False,True,False,False,False,False,False,Vendredi-06-08h,NON,Vendredi,2020-03-27 06:00
15376,157,False,False,True,False,False,False,False,False,False,False,False,False,False,False,Vendredi-06-08h,NON,Vendredi,2020-03-27 06:00
15377,272,False,True,True,False,False,False,True,False,False,False,True,False,True,True,Vendredi-06-08h,OUI,Vendredi,2020-03-27 06:00
15378,115,True,False,True,False,False,False,False,False,False,False,False,False,False,False,Vendredi-06-08h,NON,Vendredi,2020-03-27 06:00
15379,84,False,False,False,False,False,False,False,False,False,False,False,True,False,False,Vendredi-06-08h,NON,Vendredi,2020-03-27 06:00
15380,183,True,True,True,True,False,False,False,False,False,False,False,False,False,False,Vendredi-06-08h,OUI,Vendredi,2020-03-27 06:00
15381,65,True,True,False,False,False,True,False,False,False,False,False,False,False,False,Vendredi-06-08h,OUI,Vendredi,2020-03-27 06:00
15382,105,True,False,False,False,False,False,False,False,False,False,False,False,False,False,Vendredi-06-08h,OUI,Vendredi,2020-03-27 06:00
15383,187,True,False,False,False,False,True,False,False,False,False,False,False,False,False,Vendredi-06-08h,OUI,Vendredi,2020-03-27 06:00
15384,139,True,False,True,False,False,False,False,False,False,False,False,False,False,False,Vendredi-06-08h,OUI,Vendredi,2020-03-27 06:00
15385,259,False,False,False,False,True,True,False,False,False,False,False,False,False,False,Vendredi-06-08h,OUI,Vendredi,2020-03-27 06:00
15386,124,True,False,True,False,False,False,False,False,False,False,True,False,False,False,Vendredi-06-08h,OUI,Vendredi,2020-03-27 06:00
15387,98,False,False,False,False,False,True,False,False,False,False,False,True,False,False,Vendredi-06-08h,OUI,Vendredi,2020-03-27 06:00
15388,284,False,True,True,False,False,True,False,False,False,False,False,False,True,False,Vendredi-06-08h,OUI,Vendredi,2020-03-27 06:00
15389,148,True,False,True,False,True,False,False,True,False,False,False,False,False,False,Vendredi-06-08h,NON,Vendredi,2020-03-27 06:00
15390,258,True,False,True,False,False,False,False,False,False,False,False,False,False,False,Vendredi-06-08h,OUI,Vendredi,2020-03-27 06:00
15391,175,False,False,False,False,False,True,False,False,False,False,False,False,False,False,Vendredi-06-08h,NON,Vendredi,2020-03-27 06:00
15392,119,False,False,False,False,False,False,False,False,False,False,True,False,False,False,Vendredi-06-08h,NON,Vendredi,2020-03-27 06:00
15393,229,True,False,True,False,False,False,False,True,False,False,False,False,False,False,Vendredi-06-08h,OUI,Vendredi,2020-03-27 06:00
15394,230,False,False,False,False,False,True,True,False,False,False,False,False,False,False,Vendredi-06-08h,NON,Vendredi,2020-03-27 06:00
15395,17,True,False,False,False,False,True,True,False,False,False,False,False,False,False,Vendredi-06-08h,NON,Vendredi,2020-03-27 06:00
15396,177,False,False,False,False,False,False,False,False,False,False,False,False,False,False,Vendredi-06-08h,NON,Vendredi,2020-03-27 06:00
15397,7,False,False,False,False,False,False,False,False,False,False,False,False,False,False,Vendredi-06-08h,NON,Vendredi,2020-03-27 06:00
15398,241,False,False,True,False,False,False,False,False,False,False,False,False,False,False,Vendredi-06-08h,NON,Vendredi,2020-03-27 06:00
15399,8,True,False,False,False,True,True,False,True,False,False,False,False,False,False,Vendredi-06-08h,NON,Vendredi,2020-03-27 06:00
15400,268,False,True,False,False,False,True,False,False,False,False,False,False,False,False,Vendredi-06-08h,OUI,Vendredi,2020-03-27 06:00
15401,294,False,False,True,False,True,False,False,False,False,False,False,False,False,False,Vendredi-06-08h,OUI,Vendredi,2020-03-27 06:00
15402,242,True,False,False,False,True,True,False,False,False,False,False,False,False,False,Vendredi-06-08h,NON,Vendredi,2020-03-27 06:00
15403,194,False,False,False,False,False,True,False,False,False,False,False,False,False,False,Vendredi-06-08h,NON,Vendredi,2020-03-27 06:00
15404,243,False,False,False,False,True,True,False,False,False,False,False,False,False,False,Vendredi-06-08h,NON,Vendredi,2020-03-27 06:00
15405,212,True,True,True,False,False,True,False,False,False,False,False,False,False,False,Vendredi-06-08h,OUI,Vendredi,2020-03-27 06:00
15406,19,False,False,False,False,False,True,False,False,False,False,False,False,False,False,Vendredi-06-08h,OUI,Vendredi,2020-03-27 06:00
15407,114,False,False,False,False,True,False,False,False,False,False,False,False,False,False,Vendredi-06-08h,OUI,Vendredi,2020-03-27 06:00
15408,190,False,False,False,False,False,True,False,False,True,False,False,False,False,False,Vendredi-06-08h,NON,Vendredi,2020-03-27 06:00
15409,64,False,False,True,False,False,False,False,False,False,False,False,False,False,False,Vendredi-06-08h,NON,Vendredi,2020-03-27 06:00
15410,227,False,False,False,False,False,False,False,False,False,False,False,False,False,False,Vendredi-06-08h,NON,Vendredi,2020-03-27 06:00
15411,232,False,False,False,False,False,True,False,False,False,False,False,False,False,False,Vendredi-06-08h,OUI,Vendredi,2020-03-27 06:00
15412,246,False,True,False,False,False,True,True,False,False,False,False,False,False,False,Vendredi-06-08h,NON,Vendredi,2020-03-27 06:00
15413,100,False,False,False,False,False,True,False,False,False,False,False,False,False,False,Vendredi-06-08h,NON,Vendredi,2020-03-27 06:00
15414,13,False,False,False,False,True,False,False,False,False,False,False,False,False,False,Vendredi-06-08h,NON,Vendredi,2020-03-27 06:00
15415,262,True,True,True,False,False,False,False,False,False,False,False,False,False,False,Vendredi-06-08h,NON,Vendredi,2020-03-27 06:00
15416,76,True,True,True,False,False,True,False,False,False,False,True,False,False,False,Vendredi-06-08h,NON,Vendredi,2020-03-27 06:00
15417,261,False,True,False,False,True,False,False,False,False,False,False,False,False,False,Vendredi-06-08h,NON,Vendredi,2020-03-27 06:00
15418,150,False,True,False,False,False,False,False,False,False,False,False,False,False,False,Vendredi-06-08h,OUI,Vendredi,2020-03-27 06:00
15419,205,False,False,False,False,False,False,False,False,False,False,False,False,False,False,Vendredi-06-08h,NON,Vendredi,2020-03-27 06:00
15420,56,False,False,False,False,True,True,False,False,False,False,False,False,False,False,Vendredi-06-08h,OUI,Vendredi,2020-03-27 06:00
15421,186,False,False,False,False,True,False,False,False,False,False,False,False,False,False,Vendredi-06-08h,OUI,Vendredi,2020-03-27 06:00
15422,162,True,False,False,False,True,True,False,False,False,False,False,False,False,False,Vendredi-06-08h,NON,Vendredi,2020-03-27 06:00
15423,68,False,True,False,False,True,True,False,False,False,False,False,False,False,False,Vendredi-06-08h,OUI,Vendredi,2020-03-27 06:00
15424,146,False,False,False,False,False,True,False,False,False,False,False,True,False,False,Vendredi-06-08h,OUI,Vendredi,2020-03-27 06:00
15425,49,False,False,False,False,False,False,False,False,False,False,False,False,True,False,Vendredi-06-08h,NON,Vendredi,2020-03-27 06:00
15426,91,True,False,True,True,False,False,False,False,False,False,False,False,False,False,Vendredi-06-08h,OUI,Vendredi,2020-03-27 06:00
15427,22,False,False,False,False,False,False,False,False,False,True,False,False,False,False,Vendredi-06-08h,NON,Vendredi,2020-03-27 06:00
15428,151,False,False,False,False,True,False,False,False,False,False,False,False,False,False,Vendredi-06-08h,NON,Vendredi,2020-03-27 06:00
15429,193,False,False,False,False,True,True,False,False,False,False,False,False,False,False,Vendredi-06-08h,OUI,Vendredi,2020-03-27 06:00
15430,9,True,True,False,False,False,False,False,False,False,False,False,False,False,False,Vendredi-06-08h,NON,Vendredi,2020-03-27 06:00
15431,99,True,False,True,False,False,False,False,False,False,False,False,False,False,False,Vendredi-06-08h,NON,Vendredi,2020-03-27 06:00
15432,181,False,False,False,False,True,True,False,False,False,False,False,False,False,False,Vendredi-06-08h,OUI,Vendredi,2020-03-27 06:00
15433,111,False,False,False,False,False,True,False,True,False,False,False,False,False,False,Vendredi-06-08h,OUI,Vendredi,2020-03-27 06:00
15434,44,False,True,False,False,False,True,False,False,False,False,False,False,False,False,Vendredi-06-08h,NON,Vendredi,2020-03-27 06:00
15435,24,False,False,False,False,True,False,False,True,False,False,False,False,False,False,Vendredi-06-08h,NON,Vendredi,2020-03-27 06:00
15436,102,False,False,False,False,True,True,False,True,False,False,False,False,False,False,Vendredi-06-08h,NON,Vendredi,2020-03-27 06:00
15437,203,True,True,False,False,False,False,False,True,False,False,False,False,False,False,Vendredi-06-08h,NON,Vendredi,2020-03-27 06:00
15438,140,False,False,False,False,True,True,False,True,False,False,False,False,False,False,Vendredi-06-08h,NON,Vendredi,2020-03-27 06:00
15439,188,False,False,False,False,False,True,False,False,True,False,False,False,False,False,Vendredi-06-08h,NON,Vendredi,2020-03-27 06:00
15440,206,False,False,False,True,False,False,False,False,False,False,True,False,False,False,Vendredi-06-08h,OUI,Vendredi,2020-03-27 06:00
15441,273,False,False,False,False,False,False,False,False,False,False,False,True,False,False,Vendredi-06-08h,NON,Vendredi,2020-03-27 06:00
15442,69,True,False,True,False,False,False,False,False,False,False,False,False,False,False,Vendredi-06-08h,NON,Vendredi,2020-03-27 06:00
15443,87,True,False,False,True,False,False,False,False,False,False,True,False,False,False,Vendredi-06-08h,OUI,Vendredi,2020-03-27 06:00
15444,83,True,False,True,False,False,False,False,False,False,False,False,False,False,False,Vendredi-06-08h,NON,Vendredi,2020-03-27 06:00
15445,149,True,False,True,True,False,False,False,False,False,False,False,False,False,False,Vendredi-06-08h,NON,Vendredi,2020-03-27 06:00
15446,274,False,False,False,False,False,True,False,False,False,False,False,False,False,False,Vendredi-06-08h,NON,Vendredi,2020-03-27 06:00
15447,282,True,False,True,True,False,False,False,False,False,False,False,False,False,False,Vendredi-06-08h,OUI,Vendredi,2020-03-27 06:00
15448,147,False,False,False,False,False,False,False,False,False,False,False,False,False,False,Vendredi-06-08h,NON,Vendredi,2020-03-27 06:00
15449,238,False,False,False,False,False,False,False,False,False,False,False,True,False,False,Vendredi-06-08h,NON,Vendredi,2020-03-27 06:00
15450,201,False,False,False,False,False,False,False,False,False,False,False,False,False,False,Vendredi-06-08h,NON,Vendredi,2020-03-27 06:00
15451,152,False,True,False,False,False,False,False,False,False,False,False,False,False,False,Vendredi-06-08h,NON,Vendredi,2020-03-27 06:00
15452,222,False,False,False,False,False,True,False,False,True,True,False,False,False,False,Vendredi-06-08h,OUI,Vendredi,2020-03-27 06:00
15453,106,False,False,False,False,False,True,False,False,False,False,False,True,False,False,Vendredi-06-08h,NON,Vendredi,2020-03-27 06:00
15454,133,False,False,True,False,True,False,False,False,False,False,False,False,False,False,Vendredi-06-08h,NON,Vendredi,2020-03-27 06:00
15455,163,False,False,False,False,True,False,False,False,False,False,False,False,False,False,Vendredi-06-08h,NON,Vendredi,2020-03-27 06:00
15456,231,False,False,False,False,False,False,False,False,False,False,False,False,False,False,Vendredi-06-08h,NON,Vendredi,2020-03-27 06:00
15457,25,False,False,False,False,True,False,False,False,False,False,False,False,False,False,Vendredi-06-08h,NON,Vendredi,2020-03-27 06:00
15458,196,False,False,True,False,True,False,False,True,False,False,False,False,False,False,Vendredi-06-08h,OUI,Vendredi,2020-03-27 06:00
15459,5,False,False,False,False,True,True,False,False,False,False,False,False,False,False,Vendredi-06-08h,NON,Vendredi,2020-03-27 06:00
15460,90,False,True,False,False,False,False,False,False,False,False,False,False,False,False,Vendredi-06-08h,NON,Vendredi,2020-03-27 06:00
15461,244,True,False,True,False,False,False,False,False,False,False,False,False,False,False,Vendredi-06-08h,OUI,Vendredi,2020-03-27 06:00
15462,107,False,True,False,False,False,True,False,False,False,False,False,False,False,False,Vendredi-06-08h,OUI,Vendredi,2020-03-27 06:00
15463,218,False,True,False,False,True,True,False,False,False,False,False,False,False,False,Vendredi-06-08h,OUI,Vendredi,2020-03-27 06:00
15464,62,False,True,True,False,True,True,False,False,False,False,False,False,False,False,Vendredi-06-08h,NON,Vendredi,2020-03-27 06:00
15465,79,False,True,False,False,False,False,False,False,False,False,False,False,False,False,Vendredi-06-08h,OUI,Vendredi,2020-03-27 06:00
15466,208,False,False,False,False,False,True,False,False,False,False,False,False,False,False,Vendredi-06-08h,OUI,Vendredi,2020-03-27 06:00
15467,270,False,False,False,False,False,False,False,False,True,False,False,False,False,False,Vendredi-06-08h,NON,Vendredi,2020-03-27 06:00
15468,166,True,False,False,False,True,True,False,False,False,False,False,False,False,False,Vendredi-06-08h,OUI,Vendredi,2020-03-27 06:00
15469,77,False,False,True,False,True,False,False,False,False,False,False,False,False,False,Vendredi-06-08h,NON,Vendredi,2020-03-27 06:00
15470,29,False,False,False,False,False,True,False,False,False,False,False,True,False,False,Vendredi-06-08h,OUI,Vendredi,2020-03-27 06:00
15471,240,False,False,False,False,False,True,False,False,False,False,False,False,False,False,Vendredi-06-08h,NON,Vendredi,2020-03-27 06:00
15472,184,False,True,False,False,False,False,False,False,False,False,False,False,False,False,Vendredi-06-08h,OUI,Vendredi,2020-03-27 06:00
15473,277,False,True,True,False,False,True,False,False,False,False,False,False,False,False,Vendredi-06-08h,OUI,Vendredi,2020-03-27 06:00
15474,80,True,False,False,False,False,True,False,False,False,True,False,False,False,False,Vendredi-06-08h,NON,Vendredi,2020-03-27 06:00
15475,185,True,True,True,False,False,True,False,False,False,False,True,False,True,False,Vendredi-06-08h,NON,Vendredi,2020-03-27 06:00
15476,204,False,False,False,False,True,True,False,False,False,False,False,True,False,False,Vendredi-06-08h,OUI,Vendredi,2020-03-27 06:00
15477,252,True,True,True,False,False,True,False,False,False,False,False,False,False,False,Vendredi-06-08h,NON,Vendredi,2020-03-27 06:00
15478,26,False,False,False,False,True,False,False,False,False,False,False,False,False,False,Vendredi-06-08h,NON,Vendredi,2020-03-27 06:00
15479,70,False,False,False,False,True,False,False,False,False,False,False,True,False,False,Vendredi-06-08h,OUI,Vendredi,2020-03-27 06:00
15480,233,False,False,False,False,True,False,False,False,False,False,False,False,False,False,Vendredi-06-08h,OUI,Vendredi,2020-03-27 06:00
15481,37,True,True,True,False,True,True,False,False,False,False,False,False,False,False,Vendredi-06-08h,NON,Vendredi,2020-03-27 06:00
15482,185,False,False,True,False,False,False,False,False,False,False,False,False,False,False,Vendredi-06-08h,OUI,Vendredi,2020-03-27 06:00
15483,138,True,False,False,False,True,True,False,False,False,False,False,False,False,False,Vendredi-06-08h,NON,Vendredi,2020-03-27 06:00
15484,224,True,False,True,False,False,False,False,False,False,False,False,False,False,False,Vendredi-06-08h,NON,Vendredi,2020-03-27 06:00
15485,66,False,False,False,False,True,True,False,False,False,False,False,False,True,False,Vendredi-06-08h,OUI,Vendredi,2020-03-27 06:00
15486,211,False,False,True,False,False,False,False,False,False,False,False,False,True,False,Vendredi-06-08h,NON,Vendredi,2020-03-27 06:00
15487,14,False,False,False,False,True,True,False,False,False,False,False,False,False,False,Vendredi-06-08h,NON,Vendredi,2020-03-27 06:00
15488,145,False,False,False,False,True,False,False,False,False,False,False,False,False,False,Vendredi-06-08h,NON,Vendredi,2020-03-27 06:00
15489,36,False,False,False,False,False,False,False,False,False,False,False,True,False,False,Vendredi-06-08h,NON,Vendredi,2020-03-27 06:00
15490,60,True,True,True,False,False,True,False,False,False,False,False,False,False,False,Vendredi-06-08h,NON,Vendredi,2020-03-27 06:00
15491,137,True,True,True,False,False,True,False,False,False,False,True,False,False,False,Vendredi-06-08h,OUI,Vendredi,2020-03-27 06:00
15492,285,False,True,False,False,True,True,False,False,False,False,False,False,False,False,Vendredi-06-08h,NON,Vendredi,2020-03-27 06:00
15493,40,False,True,True,False,True,True,False,False,False,False,False,False,False,False,Vendredi-06-08h,OUI,Vendredi,2020-03-27 06:00
15494,97,False,False,False,False,False,True,False,False,False,False,False,False,False,False,Vendredi-06-08h,NON,Vendredi,2020-03-27 06:00
15495,109,True,False,True,True,False,False,False,False,False,False,False,False,False,False,Vendredi-06-08h,NON,Vendredi,2020-03-27 06:00
15496,10,False,False,False,False,False,False,False,False,False,False,False,False,False,False,Vendredi-06-08h,NON,Vendredi,2020-03-27 06:00
15497,256,False,False,False,False,False,False,False,False,False,False,False,True,False,False,Vendredi-06-08h,NON,Vendredi,2020-03-27 06:00
15498,141,True,True,True,False,False,False,False,False,False,False,True,False,False,False,Vendredi-06-08h,NON,Vendredi,2020-03-27 06:00
15499,28,False,False,False,False,False,False,False,False,False,False,False,False,False,False,Vendredi-06-08h,NON,Vendredi,2020-03-27 06:00
15500,101,True,True,True,True,True,True,False,False,False,False,False,False,False,False,Vendredi-06-08h,OUI,Vendredi,2020-03-27 06:00
15501,48,True,False,True,False,True,False,False,False,False,False,False,False,True,False,Vendredi-06-08h,OUI,Vendredi,2020-03-27 06:00
15502,27,False,False,False,False,False,True,False,False,False,False,False,False,False,False,Vendredi-06-08h,OUI,Vendredi,2020-03-27 06:00
15503,142,True,False,True,False,False,False,False,False,False,False,True,False,True,False,Vendredi-06-08h,NON,Vendredi,2020-03-27 06:00
15504,234,False,False,True,False,False,False,False,False,False,False,True,False,False,False,Vendredi-06-08h,NON,Vendredi,2020-03-27 06:00
15505,23,False,False,False,False,True,False,False,False,False,False,False,False,False,False,Vendredi-06-08h,NON,Vendredi,2020-03-27 06:00
15506,195,False,False,False,False,True,False,False,False,True,False,False,False,False,False,Vendredi-06-08h,NON,Vendredi,2020-03-27 06:00
15507,275,False,False,False,False,False,False,False,False,False,False,False,True,False,False,Vendredi-06-08h,NON,Vendredi,2020-03-27 06:00
15508,226,False,False,False,False,True,True,False,False,False,False,False,False,False,False,Vendredi-06-08h,NON,Vendredi,2020-03-27 06:00
15509,207,False,False,True,False,False,False,False,False,False,False,False,False,False,False,Vendredi-06-08h,OUI,Vendredi,2020-03-27 06:00
15510,57,False,False,False,False,False,False,False,False,False,False,False,False,False,False,Vendredi-06-08h,NON,Vendredi,2020-03-27 06:00
15511,4,False,True,False,False,False,True,False,False,False,False,False,False,False,False,Vendredi-06-08h,NON,Vendredi,2020-03-27 06:00
15512,265,False,False,False,False,False,True,False,False,False,False,False,False,False,False,Vendredi-06-08h,NON,Vendredi,2020-03-27 06:00
15513,88,False,True,False,False,False,False,False,False,False,False,False,False,False,False,Vendredi-06-08h,NON,Vendredi,2020-03-27 06:00
15514,198,False,False,False,False,False,False,False,False,False,False,True,False,False,False,Vendredi-06-08h,NON,Vendredi,2020-03-27 06:00
15515,249,True,True,True,False,False,False,False,False,False,False,False,False,False,False,Vendredi-06-08h,NON,Vendredi,2020-03-27 06:00
15516,263,False,False,False,False,True,True,False,False,False,False,False,False,False,False,Vendredi-06-08h,NON,Vendredi,2020-03-27 06:00
15517,217,True,False,True,False,False,False,False,False,False,False,False,False,True,False,Vendredi-06-08h,OUI,Vendredi,2020-03-27 06:00
15518,278,False,False,False,False,True,True,False,False,False,False,False,False,False,False,Vendredi-06-08h,NON,Vendredi,2020-03-27 06:00
15519,189,False,True,False,False,False,False,False,False,False,False,False,False,False,False,Vendredi-06-08h,NON,Vendredi,2020-03-27 06:00
15520,61,True,False,True,False,False,False,False,False,False,False,False,False,False,False,Vendredi-06-08h,NON,Vendredi,2020-03-27 06:00
15521,251,False,False,False,False,False,False,False,False,False,False,False,False,True,False,Vendredi-06-08h,OUI,Vendredi,2020-03-27 06:00
15522,281,False,True,False,False,False,False,False,False,False,False,False,False,False,False,Vendredi-06-08h,NON,Vendredi,2020-03-27 06:00
15523,134,False,True,False,False,False,False,False,False,False,False,False,False,False,False,Vendredi-06-08h,NON,Vendredi,2020-03-27 06:00
15524,293,False,True,False,False,False,True,False,False,False,False,False,False,False,False,Vendredi-06-08h,NON,Vendredi,2020-03-27 06:00
15525,279,True,True,True,True,False,True,False,False,False,False,False,False,False,False,Vendredi-06-08h,OUI,Vendredi,2020-03-27 06:00
15526,81,True,False,True,True,False,False,False,True,False,False,False,False,False,False,Vendredi-06-08h,NON,Vendredi,2020-03-27 06:00
15527,92,True,False,False,True,False,False,False,False,False,False,True,False,False,False,Vendredi-06-08h,NON,Vendredi,2020-03-27 06:00
15528,147,False,False,False,False,False,False,False,False,False,False,False,False,False,False,Vendredi-06-08h,NON,Vendredi,2020-03-27 06:00
15529,33,False,True,False,False,True,False,False,False,False,False,False,False,False,False,Vendredi-06-08h,NON,Vendredi,2020-03-27 06:00
15530,266,False,False,False,False,False,False,False,False,False,False,False,False,False,False,Vendredi-06-08h,NON,Vendredi,2020-03-27 06:00
15531,225,True,False,False,False,False,True,False,False,False,False,False,False,False,False,Vendredi-06-08h,NON,Vendredi,2020-03-27 06:00
15532,83,True,False,True,False,False,False,False,False,False,False,False,False,False,False,Vendredi-06-08h,NON,Vendredi,2020-03-27 06:00
15533,95,False,False,False,False,True,True,False,True,False,False,False,False,False,False,Vendredi-06-08h,NON,Vendredi,2020-03-27 06:00
15534,127,False,False,False,False,True,False,False,False,False,False,False,False,False,False,Vendredi-06-08h,NON,Vendredi,2020-03-27 06:00
15535,20,False,False,False,False,False,False,False,False,False,False,False,False,False,False,Vendredi-06-08h,NON,Vendredi,2020-03-27 06:00
15536,89,False,False,False,False,False,False,False,False,True,False,False,False,False,False,Vendredi-06-08h,OUI,Vendredi,2020-03-27 06:00
15537,120,False,True,True,False,True,True,False,True,False,False,True,False,False,False,Vendredi-06-08h,NON,Vendredi,2020-03-27 06:00
15538,253,False,False,False,False,True,True,False,False,False,False,False,True,False,False,Vendredi-06-08h,NON,Vendredi,2020-03-27 06:00
15539,52,False,False,True,False,False,False,False,False,False,False,False,False,False,False,Vendredi-06-08h,OUI,Vendredi,2020-03-27 06:00
15540,168,True,False,True,False,False,False,False,True,False,False,False,False,False,False,Vendredi-06-08h,OUI,Vendredi,2020-03-27 06:00
15541,202,False,True,False,False,False,False,False,False,False,False,False,False,False,False,Vendredi-06-08h,NON,Vendredi,2020-03-27 06:00
15542,172,False,False,False,False,True,False,False,False,False,False,False,False,False,False,Vendredi-06-08h,NON,Vendredi,2020-03-27 06:00
15543,239,False,False,False,False,True,True,False,False,False,False,False,False,False,False,Vendredi-06-08h,NON,Vendredi,2020-03-27 06:00
15544,85,False,False,False,False,True,False,False,False,False,False,False,False,False,False,Vendredi-06-08h,NON,Vendredi,2020-03-27 06:00
15545,215,False,False,False,False,False,False,False,False,True,False,False,False,False,False,Vendredi-06-08h,OUI,Vendredi,2020-03-27 06:00
15546,260,True,False,True,False,False,False,False,False,False,False,False,False,False,False,Vendredi-06-08h,NON,Vendredi,2020-03-27 06:00
15547,286,True,True,False,False,True,False,False,False,False,False,False,False,False,False,Vendredi-06-08h,NON,Vendredi,2020-03-27 06:00
15548,72,False,True,False,False,False,False,False,False,False,False,False,False,False,False,Vendredi-08-10h,OUI,Vendredi,2020-03-27 08:00
15549,167,True,True,True,True,True,True,False,False,False,False,False,False,False,False,Vendredi-08-10h,OUI,Vendredi,2020-03-27 08:00
15550,130,True,False,True,False,False,False,False,True,False,False,False,False,True,True,Vendredi-08-10h,NON,Vendredi,2020-03-27 08:00
15551,288,True,True,True,False,True,False,False,False,False,False,False,False,False,False,Vendredi-08-10h,NON,Vendredi,2020-03-27 08:00
15552,59,False,False,False,False,False,True,False,False,False,False,False,False,False,False,Vendredi-08-10h,OUI,Vendredi,2020-03-27 08:00
15553,178,True,False,False,False,False,False,False,False,False,False,True,False,False,False,Vendredi-08-10h,OUI,Vendredi,2020-03-27 08:00
15554,254,False,False,False,False,False,False,False,False,False,False,False,True,False,False,Vendredi-08-10h,NON,Vendredi,2020-03-27 08:00
15555,34,False,False,False,False,False,False,False,False,False,False,False,False,False,False,Vendredi-08-10h,NON,Vendredi,2020-03-27 08:00
15556,264,False,False,False,False,True,True,True,False,False,False,False,False,False,False,Vendredi-08-10h,NON,Vendredi,2020-03-27 08:00
15557,158,True,False,False,False,True,False,False,False,False,True,False,False,False,False,Vendredi-08-10h,NON,Vendredi,2020-03-27 08:00
15558,210,False,True,False,False,True,True,False,False,False,False,False,False,False,False,Vendredi-08-10h,OUI,Vendredi,2020-03-27 08:00
15559,93,False,False,False,False,True,False,False,False,False,False,False,False,True,False,Vendredi-08-10h,OUI,Vendredi,2020-03-27 08:00
15560,144,True,False,True,False,True,False,False,False,False,False,False,False,False,False,Vendredi-08-10h,OUI,Vendredi,2020-03-27 08:00
15561,164,False,True,False,False,True,True,False,False,False,False,False,False,False,False,Vendredi-08-10h,OUI,Vendredi,2020-03-27 08:00
15562,289,False,False,False,False,True,True,False,False,False,False,False,False,False,False,Vendredi-08-10h,NON,Vendredi,2020-03-27 08:00
15563,50,False,False,False,False,False,False,False,False,False,False,False,False,False,False,Vendredi-08-10h,NON,Vendredi,2020-03-27 08:00
15564,51,True,True,False,False,True,False,False,False,False,False,False,False,False,False,Vendredi-08-10h,OUI,Vendredi,2020-03-27 08:00
15565,247,False,False,True,False,False,False,False,False,False,False,False,False,False,False,Vendredi-08-10h,NON,Vendredi,2020-03-27 08:00
15566,159,False,False,False,False,False,False,False,True,False,False,False,False,False,False,Vendredi-08-10h,NON,Vendredi,2020-03-27 08:00
15567,54,False,False,False,False,False,True,False,False,False,False,False,False,False,False,Vendredi-08-10h,NON,Vendredi,2020-03-27 08:00
15568,55,True,False,False,False,True,True,False,True,False,False,False,False,False,False,Vendredi-08-10h,NON,Vendredi,2020-03-27 08:00
15569,257,False,False,False,False,True,False,False,False,False,False,False,False,False,False,Vendredi-08-10h,NON,Vendredi,2020-03-27 08:00
15570,67,False,False,False,False,False,False,False,False,False,False,False,False,False,False,Vendredi-08-10h,NON,Vendredi,2020-03-27 08:00
15571,71,True,False,True,False,False,False,False,False,False,False,False,False,False,False,Vendredi-08-10h,NON,Vendredi,2020-03-27 08:00
15572,280,False,False,False,False,False,True,False,False,False,False,False,False,False,False,Vendredi-08-10h,OUI,Vendredi,2020-03-27 08:00
15573,283,True,True,False,False,False,False,False,False,False,False,False,False,False,False,Vendredi-08-10h,OUI,Vendredi,2020-03-27 08:00
15574,154,False,False,False,False,True,True,False,False,False,False,False,True,False,False,Vendredi-08-10h,NON,Vendredi,2020-03-27 08:00
15575,171,False,False,False,False,False,False,False,False,False,False,False,True,False,False,Vendredi-08-10h,NON,Vendredi,2020-03-27 08:00
15576,131,False,False,True,False,False,False,False,False,False,False,False,False,False,False,Vendredi-08-10h,OUI,Vendredi,2020-03-27 08:00
15577,237,True,False,False,False,False,True,True,False,False,False,False,False,True,False,Vendredi-08-10h,NON,Vendredi,2020-03-27 08:00
15578,75,False,False,False,False,True,True,False,False,False,False,False,False,False,False,Vendredi-08-10h,NON,Vendredi,2020-03-27 08:00
15579,235,True,False,False,False,True,False,False,False,False,False,False,False,False,False,Vendredi-08-10h,NON,Vendredi,2020-03-27 08:00
15580,180,False,False,False,False,True,True,False,False,False,False,False,False,False,False,Vendredi-08-10h,OUI,Vendredi,2020-03-27 08:00
15581,219,False,False,False,False,False,True,False,False,False,False,False,False,False,False,Vendredi-08-10h,OUI,Vendredi,2020-03-27 08:00
15582,250,False,False,False,False,False,False,False,False,True,False,False,False,False,False,Vendredi-08-10h,NON,Vendredi,2020-03-27 08:00
15583,267,True,True,False,False,False,False,False,False,False,False,False,False,False,False,Vendredi-08-10h,NON,Vendredi,2020-03-27 08:00
15584,160,False,True,False,False,False,True,False,False,False,False,False,False,False,False,Vendredi-08-10h,NON,Vendredi,2020-03-27 08:00
15585,182,False,True,False,False,True,True,True,False,False,False,False,False,False,False,Vendredi-08-10h,OUI,Vendredi,2020-03-27 08:00
15586,143,False,False,False,False,False,False,False,True,False,False,True,False,False,False,Vendredi-08-10h,OUI,Vendredi,2020-03-27 08:00
15587,223,True,True,False,False,False,False,False,False,False,False,False,False,False,False,Vendredi-08-10h,NON,Vendredi,2020-03-27 08:00
15588,192,True,False,True,False,False,False,False,False,False,False,False,False,False,False,Vendredi-08-10h,NON,Vendredi,2020-03-27 08:00
15589,30,False,False,True,False,False,False,False,True,False,False,False,False,False,False,Vendredi-08-10h,NON,Vendredi,2020-03-27 08:00
15590,125,True,False,False,False,True,False,False,True,False,False,False,False,False,False,Vendredi-08-10h,NON,Vendredi,2020-03-27 08:00
15591,39,False,False,True,False,True,False,False,True,False,False,False,False,False,False,Vendredi-08-10h,OUI,Vendredi,2020-03-27 08:00
15592,113,True,False,True,False,False,False,False,False,False,False,False,False,False,False,Vendredi-08-10h,OUI,Vendredi,2020-03-27 08:00
15593,121,True,False,True,False,False,False,False,True,False,False,False,False,False,False,Vendredi-08-10h,NON,Vendredi,2020-03-27 08:00
15594,228,False,False,False,False,False,False,False,False,False,False,True,False,False,False,Vendredi-08-10h,OUI,Vendredi,2020-03-27 08:00
15595,290,False,False,False,False,False,False,False,False,True,False,False,False,False,False,Vendredi-08-10h,NON,Vendredi,2020-03-27 08:00
15596,197,False,False,True,False,True,False,False,False,False,False,False,False,False,False,Vendredi-08-10h,NON,Vendredi,2020-03-27 08:00
15597,31,True,True,True,False,False,True,False,False,False,False,False,False,False,False,Vendredi-08-10h,NON,Vendredi,2020-03-27 08:00
15598,173,True,False,False,False,True,True,False,True,False,False,False,False,False,False,Vendredi-08-10h,NON,Vendredi,2020-03-27 08:00
15599,74,True,False,False,True,False,False,False,True,False,False,True,False,False,False,Vendredi-08-10h,NON,Vendredi,2020-03-27 08:00
15600,15,False,False,True,False,False,False,False,False,False,False,False,False,False,False,Vendredi-08-10h,NON,Vendredi,2020-03-27 08:00
15601,45,True,False,False,False,True,True,False,True,False,False,False,False,False,False,Vendredi-08-10h,OUI,Vendredi,2020-03-27 08:00
15602,63,False,False,True,False,False,False,False,False,False,False,False,False,False,False,Vendredi-08-10h,NON,Vendredi,2020-03-27 08:00
15603,3,False,False,False,False,False,True,False,False,False,False,False,True,False,False,Vendredi-08-10h,OUI,Vendredi,2020-03-27 08:00
15604,21,True,False,True,False,False,False,False,False,False,False,False,False,False,False,Vendredi-08-10h,OUI,Vendredi,2020-03-27 08:00
15605,78,False,True,True,False,True,True,False,True,False,False,False,False,False,False,Vendredi-08-10h,NON,Vendredi,2020-03-27 08:00
15606,47,False,True,False,False,False,False,False,False,False,False,False,False,False,False,Vendredi-08-10h,NON,Vendredi,2020-03-27 08:00
15607,151,True,True,False,False,True,False,False,True,False,False,False,False,False,False,Vendredi-08-10h,NON,Vendredi,2020-03-27 08:00
15608,6,True,False,True,False,False,False,False,False,False,False,False,False,False,False,Vendredi-08-10h,OUI,Vendredi,2020-03-27 08:00
15609,135,True,False,True,False,False,False,False,False,False,False,False,False,True,False,Vendredi-08-10h,OUI,Vendredi,2020-03-27 08:00
15610,221,False,False,False,False,True,True,False,False,False,False,False,False,False,False,Vendredi-08-10h,OUI,Vendredi,2020-03-27 08:00
15611,170,False,False,True,False,False,False,False,False,False,False,True,False,False,True,Vendredi-08-10h,NON,Vendredi,2020-03-27 08:00
15612,129,False,True,False,False,False,False,False,False,False,False,False,False,False,False,Vendredi-08-10h,NON,Vendredi,2020-03-27 08:00
15613,132,True,True,True,False,False,True,False,False,False,False,False,False,False,False,Vendredi-08-10h,OUI,Vendredi,2020-03-27 08:00
15614,110,False,True,False,False,False,False,False,False,False,False,False,False,False,False,Vendredi-08-10h,NON,Vendredi,2020-03-27 08:00
15615,191,False,False,False,False,False,True,False,False,False,False,False,False,False,False,Vendredi-08-10h,NON,Vendredi,2020-03-27 08:00
15616,94,True,True,True,False,False,True,False,False,False,False,True,False,True,False,Vendredi-08-10h,OUI,Vendredi,2020-03-27 08:00
15617,108,False,False,False,False,False,True,True,False,False,False,False,False,False,False,Vendredi-08-10h,OUI,Vendredi,2020-03-27 08:00
15618,236,False,False,False,False,True,True,False,False,False,False,False,False,False,False,Vendredi-08-10h,OUI,Vendredi,2020-03-27 08:00
15619,42,True,False,True,False,True,False,False,False,False,False,False,False,False,False,Vendredi-08-10h,NON,Vendredi,2020-03-27 08:00
15620,155,True,False,False,False,True,False,False,False,False,False,False,False,False,False,Vendredi-08-10h,NON,Vendredi,2020-03-27 08:00
15621,1,False,False,False,False,False,False,False,False,False,False,False,False,False,False,Vendredi-08-10h,NON,Vendredi,2020-03-27 08:00
15622,58,False,True,True,False,False,True,False,False,False,False,True,False,False,False,Vendredi-08-10h,OUI,Vendredi,2020-03-27 08:00
15623,0,False,True,False,False,False,False,False,False,False,False,False,False,False,False,Vendredi-08-10h,NON,Vendredi,2020-03-27 08:00
15624,269,False,False,False,False,False,False,False,False,False,False,False,False,False,False,Vendredi-08-10h,NON,Vendredi,2020-03-27 08:00
15625,2,True,False,True,False,False,False,False,False,False,False,False,False,False,False,Vendredi-08-10h,NON,Vendredi,2020-03-27 08:00
15626,103,False,False,False,False,True,False,False,False,False,False,False,False,False,False,Vendredi-08-10h,OUI,Vendredi,2020-03-27 08:00
15627,12,False,True,False,False,True,False,False,False,False,False,False,False,False,False,Vendredi-08-10h,NON,Vendredi,2020-03-27 08:00
15628,245,True,False,False,False,True,True,False,True,False,False,False,False,False,False,Vendredi-08-10h,OUI,Vendredi,2020-03-27 08:00
15629,161,False,False,True,False,False,False,False,False,False,False,True,False,False,False,Vendredi-08-10h,NON,Vendredi,2020-03-27 08:00
15630,38,False,False,False,False,False,False,False,False,True,False,False,False,False,False,Vendredi-08-10h,NON,Vendredi,2020-03-27 08:00
15631,122,False,False,False,False,False,False,False,False,False,False,False,False,False,False,Vendredi-08-10h,NON,Vendredi,2020-03-27 08:00
15632,248,False,False,True,False,False,False,False,False,False,False,False,False,True,False,Vendredi-08-10h,NON,Vendredi,2020-03-27 08:00
15633,271,False,True,True,False,False,True,False,False,False,False,False,False,False,False,Vendredi-08-10h,OUI,Vendredi,2020-03-27 08:00
15634,116,False,False,True,False,False,False,False,False,False,False,False,False,False,False,Vendredi-08-10h,OUI,Vendredi,2020-03-27 08:00
15635,117,True,True,True,True,False,True,False,False,False,False,False,False,False,False,Vendredi-08-10h,NON,Vendredi,2020-03-27 08:00
15636,213,False,False,False,False,True,True,False,True,False,False,False,False,False,False,Vendredi-08-10h,NON,Vendredi,2020-03-27 08:00
15637,220,False,True,True,False,False,True,False,False,False,False,False,False,False,False,Vendredi-08-10h,OUI,Vendredi,2020-03-27 08:00
15638,176,False,False,True,False,False,False,False,False,False,False,False,False,False,False,Vendredi-08-10h,OUI,Vendredi,2020-03-27 08:00
15639,96,False,False,False,False,True,True,False,False,False,True,False,False,False,False,Vendredi-08-10h,NON,Vendredi,2020-03-27 08:00
15640,214,False,False,False,False,True,True,False,False,False,True,False,False,False,False,Vendredi-08-10h,OUI,Vendredi,2020-03-27 08:00
15641,11,True,False,False,True,False,False,False,False,False,False,True,False,False,False,Vendredi-08-10h,NON,Vendredi,2020-03-27 08:00
15642,255,True,False,True,False,False,False,False,True,False,False,False,False,False,False,Vendredi-08-10h,OUI,Vendredi,2020-03-27 08:00
15643,86,False,False,True,False,False,False,False,False,False,False,False,False,False,False,Vendredi-08-10h,OUI,Vendredi,2020-03-27 08:00
15644,209,True,False,False,False,True,True,False,True,False,False,False,False,False,False,Vendredi-08-10h,OUI,Vendredi,2020-03-27 08:00
15645,291,False,False,False,False,False,True,False,False,True,False,False,False,False,False,Vendredi-08-10h,NON,Vendredi,2020-03-27 08:00
15646,287,False,False,False,False,False,False,False,False,False,False,False,True,False,False,Vendredi-08-10h,NON,Vendredi,2020-03-27 08:00
15647,104,False,False,False,False,True,True,False,False,False,False,False,False,False,False,Vendredi-08-10h,OUI,Vendredi,2020-03-27 08:00
15648,18,False,False,False,False,True,False,False,False,False,False,False,False,False,False,Vendredi-08-10h,OUI,Vendredi,2020-03-27 08:00
15649,123,False,True,False,False,True,True,False,False,False,False,False,False,False,False,Vendredi-08-10h,NON,Vendredi,2020-03-27 08:00
15650,136,False,False,False,False,True,False,False,False,False,False,False,False,False,False,Vendredi-08-10h,NON,Vendredi,2020-03-27 08:00
15651,276,True,False,True,False,False,False,False,False,False,False,False,False,False,False,Vendredi-08-10h,OUI,Vendredi,2020-03-27 08:00
15652,53,False,False,False,False,True,True,False,False,False,False,False,False,False,False,Vendredi-08-10h,OUI,Vendredi,2020-03-27 08:00
15653,179,True,False,True,False,False,False,False,False,False,False,False,False,False,False,Vendredi-08-10h,OUI,Vendredi,2020-03-27 08:00
15654,200,False,False,False,False,False,False,False,False,False,False,False,False,False,False,Vendredi-08-10h,NON,Vendredi,2020-03-27 08:00
15655,73,False,False,False,False,False,False,False,False,False,False,False,False,False,False,Vendredi-08-10h,NON,Vendredi,2020-03-27 08:00
15656,156,False,False,False,False,True,True,False,False,False,False,False,False,False,False,Vendredi-08-10h,OUI,Vendredi,2020-03-27 08:00
15657,128,True,True,True,False,False,True,False,False,False,False,False,False,False,False,Vendredi-08-10h,NON,Vendredi,2020-03-27 08:00
15658,118,False,False,False,False,False,False,False,False,False,False,False,False,False,False,Vendredi-08-10h,NON,Vendredi,2020-03-27 08:00
15659,112,True,False,True,False,False,False,False,False,False,False,False,False,False,False,Vendredi-08-10h,OUI,Vendredi,2020-03-27 08:00
15660,35,False,False,False,False,True,True,False,False,False,False,False,False,False,False,Vendredi-08-10h,NON,Vendredi,2020-03-27 08:00
15661,32,False,False,False,False,False,False,False,False,False,False,False,True,False,False,Vendredi-08-10h,NON,Vendredi,2020-03-27 08:00
15662,199,True,False,True,False,False,False,False,False,False,False,False,False,False,False,Vendredi-08-10h,OUI,Vendredi,2020-03-27 08:00
15663,153,True,False,False,False,True,True,False,False,False,False,False,False,False,False,Vendredi-08-10h,NON,Vendredi,2020-03-27 08:00
15664,82,False,False,True,False,False,False,False,False,False,False,False,False,False,False,Vendredi-08-10h,OUI,Vendredi,2020-03-27 08:00
15665,292,False,True,False,False,False,False,False,False,False,False,False,False,False,False,Vendredi-08-10h,OUI,Vendredi,2020-03-27 08:00
15666,169,False,False,False,True,False,False,False,False,False,False,False,False,False,False,Vendredi-08-10h,OUI,Vendredi,2020-03-27 08:00
15667,16,False,False,False,False,True,True,False,False,False,False,False,False,False,False,Vendredi-08-10h,OUI,Vendredi,2020-03-27 08:00
15668,46,True,True,True,False,False,True,True,False,False,False,False,False,False,False,Vendredi-08-10h,NON,Vendredi,2020-03-27 08:00
15669,216,False,True,False,False,False,True,False,False,False,False,False,False,False,False,Vendredi-08-10h,NON,Vendredi,2020-03-27 08:00
15670,174,False,True,True,False,False,True,False,False,False,False,True,False,False,False,Vendredi-08-10h,NON,Vendredi,2020-03-27 08:00
15671,43,False,False,False,False,True,False,False,False,False,False,False,False,False,False,Vendredi-08-10h,NON,Vendredi,2020-03-27 08:00
15672,165,False,False,False,False,True,True,False,False,False,False,False,False,False,False,Vendredi-08-10h,NON,Vendredi,2020-03-27 08:00
15673,126,False,True,False,False,False,True,False,False,False,False,False,False,False,False,Vendredi-08-10h,OUI,Vendredi,2020-03-27 08:00
15674,41,False,False,False,False,False,True,False,False,True,False,False,False,False,False,Vendredi-08-10h,NON,Vendredi,2020-03-27 08:00
15675,157,False,False,True,False,False,False,False,False,False,False,False,False,False,False,Vendredi-08-10h,OUI,Vendredi,2020-03-27 08:00
15676,272,False,True,True,False,False,False,True,False,False,False,True,False,True,True,Vendredi-08-10h,OUI,Vendredi,2020-03-27 08:00
15677,115,True,False,True,False,False,False,False,False,False,False,False,False,False,False,Vendredi-08-10h,NON,Vendredi,2020-03-27 08:00
15678,84,False,False,False,False,False,False,False,False,False,False,False,True,False,False,Vendredi-08-10h,NON,Vendredi,2020-03-27 08:00
15679,183,True,True,True,True,False,False,False,False,False,False,False,False,False,False,Vendredi-08-10h,OUI,Vendredi,2020-03-27 08:00
15680,65,True,True,False,False,False,True,False,False,False,False,False,False,False,False,Vendredi-08-10h,NON,Vendredi,2020-03-27 08:00
15681,105,True,False,False,False,False,False,False,False,False,False,False,False,False,False,Vendredi-08-10h,OUI,Vendredi,2020-03-27 08:00
15682,187,True,False,False,False,False,True,False,False,False,False,False,False,False,False,Vendredi-08-10h,OUI,Vendredi,2020-03-27 08:00
15683,139,True,False,True,False,False,False,False,False,False,False,False,False,False,False,Vendredi-08-10h,NON,Vendredi,2020-03-27 08:00
15684,259,False,False,False,False,True,True,False,False,False,False,False,False,False,False,Vendredi-08-10h,OUI,Vendredi,2020-03-27 08:00
15685,124,True,False,True,False,False,False,False,False,False,False,True,False,False,False,Vendredi-08-10h,OUI,Vendredi,2020-03-27 08:00
15686,98,False,False,False,False,False,True,False,False,False,False,False,True,False,False,Vendredi-08-10h,OUI,Vendredi,2020-03-27 08:00
15687,284,False,True,True,False,False,True,False,False,False,False,False,False,True,False,Vendredi-08-10h,OUI,Vendredi,2020-03-27 08:00
15688,148,True,False,True,False,True,False,False,True,False,False,False,False,False,False,Vendredi-08-10h,OUI,Vendredi,2020-03-27 08:00
15689,258,True,False,True,False,False,False,False,False,False,False,False,False,False,False,Vendredi-08-10h,OUI,Vendredi,2020-03-27 08:00
15690,175,False,False,False,False,False,True,False,False,False,False,False,False,False,False,Vendredi-08-10h,NON,Vendredi,2020-03-27 08:00
15691,119,False,False,False,False,False,False,False,False,False,False,True,False,False,False,Vendredi-08-10h,NON,Vendredi,2020-03-27 08:00
15692,229,True,False,True,False,False,False,False,True,False,False,False,False,False,False,Vendredi-08-10h,OUI,Vendredi,2020-03-27 08:00
15693,230,False,False,False,False,False,True,True,False,False,False,False,False,False,False,Vendredi-08-10h,NON,Vendredi,2020-03-27 08:00
15694,17,True,False,False,False,False,True,True,False,False,False,False,False,False,False,Vendredi-08-10h,OUI,Vendredi,2020-03-27 08:00
15695,177,False,False,False,False,False,False,False,False,False,False,False,False,False,False,Vendredi-08-10h,NON,Vendredi,2020-03-27 08:00
15696,7,False,False,False,False,False,False,False,False,False,False,False,False,False,False,Vendredi-08-10h,NON,Vendredi,2020-03-27 08:00
15697,241,False,False,True,False,False,False,False,False,False,False,False,False,False,False,Vendredi-08-10h,NON,Vendredi,2020-03-27 08:00
15698,8,True,False,False,False,True,True,False,True,False,False,False,False,False,False,Vendredi-08-10h,NON,Vendredi,2020-03-27 08:00
15699,268,False,True,False,False,False,True,False,False,False,False,False,False,False,False,Vendredi-08-10h,OUI,Vendredi,2020-03-27 08:00
15700,294,False,False,True,False,True,False,False,False,False,False,False,False,False,False,Vendredi-08-10h,OUI,Vendredi,2020-03-27 08:00
15701,242,True,False,False,False,True,True,False,False,False,False,False,False,False,False,Vendredi-08-10h,NON,Vendredi,2020-03-27 08:00
15702,194,False,False,False,False,False,True,False,False,False,False,False,False,False,False,Vendredi-08-10h,NON,Vendredi,2020-03-27 08:00
15703,243,False,False,False,False,True,True,False,False,False,False,False,False,False,False,Vendredi-08-10h,NON,Vendredi,2020-03-27 08:00
15704,212,True,True,True,False,False,True,False,False,False,False,False,False,False,False,Vendredi-08-10h,OUI,Vendredi,2020-03-27 08:00
15705,19,False,False,False,False,False,True,False,False,False,False,False,False,False,False,Vendredi-08-10h,OUI,Vendredi,2020-03-27 08:00
15706,114,False,False,False,False,True,False,False,False,False,False,False,False,False,False,Vendredi-08-10h,OUI,Vendredi,2020-03-27 08:00
15707,190,False,False,False,False,False,True,False,False,True,False,False,False,False,False,Vendredi-08-10h,NON,Vendredi,2020-03-27 08:00
15708,64,False,False,True,False,False,False,False,False,False,False,False,False,False,False,Vendredi-08-10h,OUI,Vendredi,2020-03-27 08:00
15709,227,False,False,False,False,False,False,False,False,False,False,False,False,False,False,Vendredi-08-10h,NON,Vendredi,2020-03-27 08:00
15710,232,False,False,False,False,False,True,False,False,False,False,False,False,False,False,Vendredi-08-10h,OUI,Vendredi,2020-03-27 08:00
15711,246,False,True,False,False,False,True,True,False,False,False,False,False,False,False,Vendredi-08-10h,NON,Vendredi,2020-03-27 08:00
15712,100,False,False,False,False,False,True,False,False,False,False,False,False,False,False,Vendredi-08-10h,NON,Vendredi,2020-03-27 08:00
15713,13,False,False,False,False,True,False,False,False,False,False,False,False,False,False,Vendredi-08-10h,NON,Vendredi,2020-03-27 08:00
15714,262,True,True,True,False,False,False,False,False,False,False,False,False,False,False,Vendredi-08-10h,NON,Vendredi,2020-03-27 08:00
15715,76,True,True,True,False,False,True,False,False,False,False,True,False,False,False,Vendredi-08-10h,NON,Vendredi,2020-03-27 08:00
15716,261,False,True,False,False,True,False,False,False,False,False,False,False,False,False,Vendredi-08-10h,NON,Vendredi,2020-03-27 08:00
15717,150,False,True,False,False,False,False,False,False,False,False,False,False,False,False,Vendredi-08-10h,OUI,Vendredi,2020-03-27 08:00
15718,205,False,False,False,False,False,False,False,False,False,False,False,False,False,False,Vendredi-08-10h,NON,Vendredi,2020-03-27 08:00
15719,56,False,False,False,False,True,True,False,False,False,False,False,False,False,False,Vendredi-08-10h,OUI,Vendredi,2020-03-27 08:00
15720,186,False,False,False,False,True,False,False,False,False,False,False,False,False,False,Vendredi-08-10h,OUI,Vendredi,2020-03-27 08:00
15721,162,True,False,False,False,True,True,False,False,False,False,False,False,False,False,Vendredi-08-10h,NON,Vendredi,2020-03-27 08:00
15722,68,False,True,False,False,True,True,False,False,False,False,False,False,False,False,Vendredi-08-10h,OUI,Vendredi,2020-03-27 08:00
15723,146,False,False,False,False,False,True,False,False,False,False,False,True,False,False,Vendredi-08-10h,OUI,Vendredi,2020-03-27 08:00
15724,49,False,False,False,False,False,False,False,False,False,False,False,False,True,False,Vendredi-08-10h,NON,Vendredi,2020-03-27 08:00
15725,91,True,False,True,True,False,False,False,False,False,False,False,False,False,False,Vendredi-08-10h,OUI,Vendredi,2020-03-27 08:00
15726,22,False,False,False,False,False,False,False,False,False,True,False,False,False,False,Vendredi-08-10h,NON,Vendredi,2020-03-27 08:00
15727,151,False,False,False,False,True,False,False,False,False,False,False,False,False,False,Vendredi-08-10h,NON,Vendredi,2020-03-27 08:00
15728,193,False,False,False,False,True,True,False,False,False,False,False,False,False,False,Vendredi-08-10h,OUI,Vendredi,2020-03-27 08:00
15729,9,True,True,False,False,False,False,False,False,False,False,False,False,False,False,Vendredi-08-10h,NON,Vendredi,2020-03-27 08:00
15730,99,True,False,True,False,False,False,False,False,False,False,False,False,False,False,Vendredi-08-10h,NON,Vendredi,2020-03-27 08:00
15731,181,False,False,False,False,True,True,False,False,False,False,False,False,False,False,Vendredi-08-10h,OUI,Vendredi,2020-03-27 08:00
15732,111,False,False,False,False,False,True,False,True,False,False,False,False,False,False,Vendredi-08-10h,OUI,Vendredi,2020-03-27 08:00
15733,44,False,True,False,False,False,True,False,False,False,False,False,False,False,False,Vendredi-08-10h,NON,Vendredi,2020-03-27 08:00
15734,24,False,False,False,False,True,False,False,True,False,False,False,False,False,False,Vendredi-08-10h,NON,Vendredi,2020-03-27 08:00
15735,102,False,False,False,False,True,True,False,True,False,False,False,False,False,False,Vendredi-08-10h,NON,Vendredi,2020-03-27 08:00
15736,203,True,True,False,False,False,False,False,True,False,False,False,False,False,False,Vendredi-08-10h,NON,Vendredi,2020-03-27 08:00
15737,140,False,False,False,False,True,True,False,True,False,False,False,False,False,False,Vendredi-08-10h,NON,Vendredi,2020-03-27 08:00
15738,188,False,False,False,False,False,True,False,False,True,False,False,False,False,False,Vendredi-08-10h,NON,Vendredi,2020-03-27 08:00
15739,206,False,False,False,True,False,False,False,False,False,False,True,False,False,False,Vendredi-08-10h,OUI,Vendredi,2020-03-27 08:00
15740,273,False,False,False,False,False,False,False,False,False,False,False,True,False,False,Vendredi-08-10h,OUI,Vendredi,2020-03-27 08:00
15741,69,True,False,True,False,False,False,False,False,False,False,False,False,False,False,Vendredi-08-10h,NON,Vendredi,2020-03-27 08:00
15742,87,True,False,False,True,False,False,False,False,False,False,True,False,False,False,Vendredi-08-10h,NON,Vendredi,2020-03-27 08:00
15743,83,True,False,True,False,False,False,False,False,False,False,False,False,False,False,Vendredi-08-10h,NON,Vendredi,2020-03-27 08:00
15744,149,True,False,True,True,False,False,False,False,False,False,False,False,False,False,Vendredi-08-10h,NON,Vendredi,2020-03-27 08:00
15745,274,False,False,False,False,False,True,False,False,False,False,False,False,False,False,Vendredi-08-10h,NON,Vendredi,2020-03-27 08:00
15746,282,True,False,True,True,False,False,False,False,False,False,False,False,False,False,Vendredi-08-10h,OUI,Vendredi,2020-03-27 08:00
15747,147,False,False,False,False,False,False,False,False,False,False,False,False,False,False,Vendredi-08-10h,NON,Vendredi,2020-03-27 08:00
15748,238,False,False,False,False,False,False,False,False,False,False,False,True,False,False,Vendredi-08-10h,NON,Vendredi,2020-03-27 08:00
15749,201,False,False,False,False,False,False,False,False,False,False,False,False,False,False,Vendredi-08-10h,NON,Vendredi,2020-03-27 08:00
15750,152,False,True,False,False,False,False,False,False,False,False,False,False,False,False,Vendredi-08-10h,NON,Vendredi,2020-03-27 08:00
15751,222,False,False,False,False,False,True,False,False,True,True,False,False,False,False,Vendredi-08-10h,OUI,Vendredi,2020-03-27 08:00
15752,106,False,False,False,False,False,True,False,False,False,False,False,True,False,False,Vendredi-08-10h,NON,Vendredi,2020-03-27 08:00
15753,133,False,False,True,False,True,False,False,False,False,False,False,False,False,False,Vendredi-08-10h,OUI,Vendredi,2020-03-27 08:00
15754,163,False,False,False,False,True,False,False,False,False,False,False,False,False,False,Vendredi-08-10h,NON,Vendredi,2020-03-27 08:00
15755,231,False,False,False,False,False,False,False,False,False,False,False,False,False,False,Vendredi-08-10h,NON,Vendredi,2020-03-27 08:00
15756,25,False,False,False,False,True,False,False,False,False,False,False,False,False,False,Vendredi-08-10h,NON,Vendredi,2020-03-27 08:00
15757,196,False,False,True,False,True,False,False,True,False,False,False,False,False,False,Vendredi-08-10h,OUI,Vendredi,2020-03-27 08:00
15758,5,False,False,False,False,True,True,False,False,False,False,False,False,False,False,Vendredi-08-10h,NON,Vendredi,2020-03-27 08:00
15759,90,False,True,False,False,False,False,False,False,False,False,False,False,False,False,Vendredi-08-10h,NON,Vendredi,2020-03-27 08:00
15760,244,True,False,True,False,False,False,False,False,False,False,False,False,False,False,Vendredi-08-10h,OUI,Vendredi,2020-03-27 08:00
15761,107,False,True,False,False,False,True,False,False,False,False,False,False,False,False,Vendredi-08-10h,OUI,Vendredi,2020-03-27 08:00
15762,218,False,True,False,False,True,True,False,False,False,False,False,False,False,False,Vendredi-08-10h,NON,Vendredi,2020-03-27 08:00
15763,62,False,True,True,False,True,True,False,False,False,False,False,False,False,False,Vendredi-08-10h,NON,Vendredi,2020-03-27 08:00
15764,79,False,True,False,False,False,False,False,False,False,False,False,False,False,False,Vendredi-08-10h,OUI,Vendredi,2020-03-27 08:00
15765,208,False,False,False,False,False,True,False,False,False,False,False,False,False,False,Vendredi-08-10h,OUI,Vendredi,2020-03-27 08:00
15766,270,False,False,False,False,False,False,False,False,True,False,False,False,False,False,Vendredi-08-10h,NON,Vendredi,2020-03-27 08:00
15767,166,True,False,False,False,True,True,False,False,False,False,False,False,False,False,Vendredi-08-10h,OUI,Vendredi,2020-03-27 08:00
15768,77,False,False,True,False,True,False,False,False,False,False,False,False,False,False,Vendredi-08-10h,NON,Vendredi,2020-03-27 08:00
15769,29,False,False,False,False,False,True,False,False,False,False,False,True,False,False,Vendredi-08-10h,OUI,Vendredi,2020-03-27 08:00
15770,240,False,False,False,False,False,True,False,False,False,False,False,False,False,False,Vendredi-08-10h,NON,Vendredi,2020-03-27 08:00
15771,184,False,True,False,False,False,False,False,False,False,False,False,False,False,False,Vendredi-08-10h,OUI,Vendredi,2020-03-27 08:00
15772,277,False,True,True,False,False,True,False,False,False,False,False,False,False,False,Vendredi-08-10h,OUI,Vendredi,2020-03-27 08:00
15773,80,True,False,False,False,False,True,False,False,False,True,False,False,False,False,Vendredi-08-10h,NON,Vendredi,2020-03-27 08:00
15774,185,True,True,True,False,False,True,False,False,False,False,True,False,True,False,Vendredi-08-10h,NON,Vendredi,2020-03-27 08:00
15775,204,False,False,False,False,True,True,False,False,False,False,False,True,False,False,Vendredi-08-10h,OUI,Vendredi,2020-03-27 08:00
15776,252,True,True,True,False,False,True,False,False,False,False,False,False,False,False,Vendredi-08-10h,NON,Vendredi,2020-03-27 08:00
15777,26,False,False,False,False,True,False,False,False,False,False,False,False,False,False,Vendredi-08-10h,NON,Vendredi,2020-03-27 08:00
15778,70,False,False,False,False,True,False,False,False,False,False,False,True,False,False,Vendredi-08-10h,NON,Vendredi,2020-03-27 08:00
15779,233,False,False,False,False,True,False,False,False,False,False,False,False,False,False,Vendredi-08-10h,OUI,Vendredi,2020-03-27 08:00
15780,37,True,True,True,False,True,True,False,False,False,False,False,False,False,False,Vendredi-08-10h,NON,Vendredi,2020-03-27 08:00
15781,185,False,False,True,False,False,False,False,False,False,False,False,False,False,False,Vendredi-08-10h,OUI,Vendredi,2020-03-27 08:00
15782,138,True,False,False,False,True,True,False,False,False,False,False,False,False,False,Vendredi-08-10h,NON,Vendredi,2020-03-27 08:00
15783,224,True,False,True,False,False,False,False,False,False,False,False,False,False,False,Vendredi-08-10h,NON,Vendredi,2020-03-27 08:00
15784,66,False,False,False,False,True,True,False,False,False,False,False,False,True,False,Vendredi-08-10h,OUI,Vendredi,2020-03-27 08:00
15785,211,False,False,True,False,False,False,False,False,False,False,False,False,True,False,Vendredi-08-10h,NON,Vendredi,2020-03-27 08:00
15786,14,False,False,False,False,True,True,False,False,False,False,False,False,False,False,Vendredi-08-10h,NON,Vendredi,2020-03-27 08:00
15787,145,False,False,False,False,True,False,False,False,False,False,False,False,False,False,Vendredi-08-10h,NON,Vendredi,2020-03-27 08:00
15788,36,False,False,False,False,False,False,False,False,False,False,False,True,False,False,Vendredi-08-10h,OUI,Vendredi,2020-03-27 08:00
15789,60,True,True,True,False,False,True,False,False,False,False,False,False,False,False,Vendredi-08-10h,NON,Vendredi,2020-03-27 08:00
15790,137,True,True,True,False,False,True,False,False,False,False,True,False,False,False,Vendredi-08-10h,OUI,Vendredi,2020-03-27 08:00
15791,285,False,True,False,False,True,True,False,False,False,False,False,False,False,False,Vendredi-08-10h,OUI,Vendredi,2020-03-27 08:00
15792,40,False,True,True,False,True,True,False,False,False,False,False,False,False,False,Vendredi-08-10h,OUI,Vendredi,2020-03-27 08:00
15793,97,False,False,False,False,False,True,False,False,False,False,False,False,False,False,Vendredi-08-10h,NON,Vendredi,2020-03-27 08:00
15794,109,True,False,True,True,False,False,False,False,False,False,False,False,False,False,Vendredi-08-10h,NON,Vendredi,2020-03-27 08:00
15795,10,False,False,False,False,False,False,False,False,False,False,False,False,False,False,Vendredi-08-10h,NON,Vendredi,2020-03-27 08:00
15796,256,False,False,False,False,False,False,False,False,False,False,False,True,False,False,Vendredi-08-10h,NON,Vendredi,2020-03-27 08:00
15797,141,True,True,True,False,False,False,False,False,False,False,True,False,False,False,Vendredi-08-10h,NON,Vendredi,2020-03-27 08:00
15798,28,False,False,False,False,False,False,False,False,False,False,False,False,False,False,Vendredi-08-10h,NON,Vendredi,2020-03-27 08:00
15799,101,True,True,True,True,True,True,False,False,False,False,False,False,False,False,Vendredi-08-10h,OUI,Vendredi,2020-03-27 08:00
15800,48,True,False,True,False,True,False,False,False,False,False,False,False,True,False,Vendredi-08-10h,OUI,Vendredi,2020-03-27 08:00
15801,27,False,False,False,False,False,True,False,False,False,False,False,False,False,False,Vendredi-08-10h,OUI,Vendredi,2020-03-27 08:00
15802,142,True,False,True,False,False,False,False,False,False,False,True,False,True,False,Vendredi-08-10h,NON,Vendredi,2020-03-27 08:00
15803,234,False,False,True,False,False,False,False,False,False,False,True,False,False,False,Vendredi-08-10h,NON,Vendredi,2020-03-27 08:00
15804,23,False,False,False,False,True,False,False,False,False,False,False,False,False,False,Vendredi-08-10h,NON,Vendredi,2020-03-27 08:00
15805,195,False,False,False,False,True,False,False,False,True,False,False,False,False,False,Vendredi-08-10h,NON,Vendredi,2020-03-27 08:00
15806,275,False,False,False,False,False,False,False,False,False,False,False,True,False,False,Vendredi-08-10h,NON,Vendredi,2020-03-27 08:00
15807,226,False,False,False,False,True,True,False,False,False,False,False,False,False,False,Vendredi-08-10h,NON,Vendredi,2020-03-27 08:00
15808,207,False,False,True,False,False,False,False,False,False,False,False,False,False,False,Vendredi-08-10h,OUI,Vendredi,2020-03-27 08:00
15809,57,False,False,False,False,False,False,False,False,False,False,False,False,False,False,Vendredi-08-10h,NON,Vendredi,2020-03-27 08:00
15810,4,False,True,False,False,False,True,False,False,False,False,False,False,False,False,Vendredi-08-10h,NON,Vendredi,2020-03-27 08:00
15811,265,False,False,False,False,False,True,False,False,False,False,False,False,False,False,Vendredi-08-10h,OUI,Vendredi,2020-03-27 08:00
15812,88,False,True,False,False,False,False,False,False,False,False,False,False,False,False,Vendredi-08-10h,NON,Vendredi,2020-03-27 08:00
15813,198,False,False,False,False,False,False,False,False,False,False,True,False,False,False,Vendredi-08-10h,NON,Vendredi,2020-03-27 08:00
15814,249,True,True,True,False,False,False,False,False,False,False,False,False,False,False,Vendredi-08-10h,NON,Vendredi,2020-03-27 08:00
15815,263,False,False,False,False,True,True,False,False,False,False,False,False,False,False,Vendredi-08-10h,NON,Vendredi,2020-03-27 08:00
15816,217,True,False,True,False,False,False,False,False,False,False,False,False,True,False,Vendredi-08-10h,OUI,Vendredi,2020-03-27 08:00
15817,278,False,False,False,False,True,True,False,False,False,False,False,False,False,False,Vendredi-08-10h,NON,Vendredi,2020-03-27 08:00
15818,189,False,True,False,False,False,False,False,False,False,False,False,False,False,False,Vendredi-08-10h,NON,Vendredi,2020-03-27 08:00
15819,61,True,False,True,False,False,False,False,False,False,False,False,False,False,False,Vendredi-08-10h,NON,Vendredi,2020-03-27 08:00
15820,251,False,False,False,False,False,False,False,False,False,False,False,False,True,False,Vendredi-08-10h,OUI,Vendredi,2020-03-27 08:00
15821,281,False,True,False,False,False,False,False,False,False,False,False,False,False,False,Vendredi-08-10h,NON,Vendredi,2020-03-27 08:00
15822,134,False,True,False,False,False,False,False,False,False,False,False,False,False,False,Vendredi-08-10h,NON,Vendredi,2020-03-27 08:00
15823,293,False,True,False,False,False,True,False,False,False,False,False,False,False,False,Vendredi-08-10h,OUI,Vendredi,2020-03-27 08:00
15824,279,True,True,True,True,False,True,False,False,False,False,False,False,False,False,Vendredi-08-10h,OUI,Vendredi,2020-03-27 08:00
15825,81,True,False,True,True,False,False,False,True,False,False,False,False,False,False,Vendredi-08-10h,NON,Vendredi,2020-03-27 08:00
15826,92,True,False,False,True,False,False,False,False,False,False,True,False,False,False,Vendredi-08-10h,NON,Vendredi,2020-03-27 08:00
15827,147,False,False,False,False,False,False,False,False,False,False,False,False,False,False,Vendredi-08-10h,NON,Vendredi,2020-03-27 08:00
15828,33,False,True,False,False,True,False,False,False,False,False,False,False,False,False,Vendredi-08-10h,NON,Vendredi,2020-03-27 08:00
15829,266,False,False,False,False,False,False,False,False,False,False,False,False,False,False,Vendredi-08-10h,NON,Vendredi,2020-03-27 08:00
15830,225,True,False,False,False,False,True,False,False,False,False,False,False,False,False,Vendredi-08-10h,NON,Vendredi,2020-03-27 08:00
15831,83,True,False,True,False,False,False,False,False,False,False,False,False,False,False,Vendredi-08-10h,NON,Vendredi,2020-03-27 08:00
15832,95,False,False,False,False,True,True,False,True,False,False,False,False,False,False,Vendredi-08-10h,NON,Vendredi,2020-03-27 08:00
15833,127,False,False,False,False,True,False,False,False,False,False,False,False,False,False,Vendredi-08-10h,NON,Vendredi,2020-03-27 08:00
15834,20,False,False,False,False,False,False,False,False,False,False,False,False,False,False,Vendredi-08-10h,NON,Vendredi,2020-03-27 08:00
15835,89,False,False,False,False,False,False,False,False,True,False,False,False,False,False,Vendredi-08-10h,OUI,Vendredi,2020-03-27 08:00
15836,120,False,True,True,False,True,True,False,True,False,False,True,False,False,False,Vendredi-08-10h,NON,Vendredi,2020-03-27 08:00
15837,253,False,False,False,False,True,True,False,False,False,False,False,True,False,False,Vendredi-08-10h,NON,Vendredi,2020-03-27 08:00
15838,52,False,False,True,False,False,False,False,False,False,False,False,False,False,False,Vendredi-08-10h,OUI,Vendredi,2020-03-27 08:00
15839,168,True,False,True,False,False,False,False,True,False,False,False,False,False,False,Vendredi-08-10h,OUI,Vendredi,2020-03-27 08:00
15840,202,False,True,False,False,False,False,False,False,False,False,False,False,False,False,Vendredi-08-10h,NON,Vendredi,2020-03-27 08:00
15841,172,False,False,False,False,True,False,False,False,False,False,False,False,False,False,Vendredi-08-10h,NON,Vendredi,2020-03-27 08:00
15842,239,False,False,False,False,True,True,False,False,False,False,False,False,False,False,Vendredi-08-10h,NON,Vendredi,2020-03-27 08:00
15843,85,False,False,False,False,True,False,False,False,False,False,False,False,False,False,Vendredi-08-10h,NON,Vendredi,2020-03-27 08:00
15844,215,False,False,False,False,False,False,False,False,True,False,False,False,False,False,Vendredi-08-10h,OUI,Vendredi,2020-03-27 08:00
15845,260,True,False,True,False,False,False,False,False,False,False,False,False,False,False,Vendredi-08-10h,NON,Vendredi,2020-03-27 08:00
15846,286,True,True,False,False,True,False,False,False,False,False,False,False,False,False,Vendredi-08-10h,NON,Vendredi,2020-03-27 08:00
15847,72,False,True,False,False,False,False,False,False,False,False,False,False,False,False,Vendredi-10-12h,OUI,Vendredi,2020-03-27 10:00
15848,167,True,True,True,True,True,True,False,False,False,False,False,False,False,False,Vendredi-10-12h,OUI,Vendredi,2020-03-27 10:00
15849,130,True,False,True,False,False,False,False,True,False,False,False,False,True,True,Vendredi-10-12h,NON,Vendredi,2020-03-27 10:00
15850,288,True,True,True,False,True,False,False,False,False,False,False,False,False,False,Vendredi-10-12h,OUI,Vendredi,2020-03-27 10:00
15851,59,False,False,False,False,False,True,False,False,False,False,False,False,False,False,Vendredi-10-12h,NON,Vendredi,2020-03-27 10:00
15852,178,True,False,False,False,False,False,False,False,False,False,True,False,False,False,Vendredi-10-12h,OUI,Vendredi,2020-03-27 10:00
15853,254,False,False,False,False,False,False,False,False,False,False,False,True,False,False,Vendredi-10-12h,NON,Vendredi,2020-03-27 10:00
15854,34,False,False,False,False,False,False,False,False,False,False,False,False,False,False,Vendredi-10-12h,NON,Vendredi,2020-03-27 10:00
15855,264,False,False,False,False,True,True,True,False,False,False,False,False,False,False,Vendredi-10-12h,OUI,Vendredi,2020-03-27 10:00
15856,158,True,False,False,False,True,False,False,False,False,True,False,False,False,False,Vendredi-10-12h,OUI,Vendredi,2020-03-27 10:00
15857,210,False,True,False,False,True,True,False,False,False,False,False,False,False,False,Vendredi-10-12h,OUI,Vendredi,2020-03-27 10:00
15858,93,False,False,False,False,True,False,False,False,False,False,False,False,True,False,Vendredi-10-12h,OUI,Vendredi,2020-03-27 10:00
15859,144,True,False,True,False,True,False,False,False,False,False,False,False,False,False,Vendredi-10-12h,OUI,Vendredi,2020-03-27 10:00
15860,164,False,True,False,False,True,True,False,False,False,False,False,False,False,False,Vendredi-10-12h,NON,Vendredi,2020-03-27 10:00
15861,289,False,False,False,False,True,True,False,False,False,False,False,False,False,False,Vendredi-10-12h,NON,Vendredi,2020-03-27 10:00
15862,50,False,False,False,False,False,False,False,False,False,False,False,False,False,False,Vendredi-10-12h,NON,Vendredi,2020-03-27 10:00
15863,51,True,True,False,False,True,False,False,False,False,False,False,False,False,False,Vendredi-10-12h,OUI,Vendredi,2020-03-27 10:00
15864,247,False,False,True,False,False,False,False,False,False,False,False,False,False,False,Vendredi-10-12h,NON,Vendredi,2020-03-27 10:00
15865,159,False,False,False,False,False,False,False,True,False,False,False,False,False,False,Vendredi-10-12h,NON,Vendredi,2020-03-27 10:00
15866,54,False,False,False,False,False,True,False,False,False,False,False,False,False,False,Vendredi-10-12h,NON,Vendredi,2020-03-27 10:00
15867,55,True,False,False,False,True,True,False,True,False,False,False,False,False,False,Vendredi-10-12h,NON,Vendredi,2020-03-27 10:00
15868,257,False,False,False,False,True,False,False,False,False,False,False,False,False,False,Vendredi-10-12h,NON,Vendredi,2020-03-27 10:00
15869,67,False,False,False,False,False,False,False,False,False,False,False,False,False,False,Vendredi-10-12h,NON,Vendredi,2020-03-27 10:00
15870,71,True,False,True,False,False,False,False,False,False,False,False,False,False,False,Vendredi-10-12h,NON,Vendredi,2020-03-27 10:00
15871,280,False,False,False,False,False,True,False,False,False,False,False,False,False,False,Vendredi-10-12h,OUI,Vendredi,2020-03-27 10:00
15872,283,True,True,False,False,False,False,False,False,False,False,False,False,False,False,Vendredi-10-12h,OUI,Vendredi,2020-03-27 10:00
15873,154,False,False,False,False,True,True,False,False,False,False,False,True,False,False,Vendredi-10-12h,NON,Vendredi,2020-03-27 10:00
15874,171,False,False,False,False,False,False,False,False,False,False,False,True,False,False,Vendredi-10-12h,OUI,Vendredi,2020-03-27 10:00
15875,131,False,False,True,False,False,False,False,False,False,False,False,False,False,False,Vendredi-10-12h,OUI,Vendredi,2020-03-27 10:00
15876,237,True,False,False,False,False,True,True,False,False,False,False,False,True,False,Vendredi-10-12h,NON,Vendredi,2020-03-27 10:00
15877,75,False,False,False,False,True,True,False,False,False,False,False,False,False,False,Vendredi-10-12h,NON,Vendredi,2020-03-27 10:00
15878,235,True,False,False,False,True,False,False,False,False,False,False,False,False,False,Vendredi-10-12h,NON,Vendredi,2020-03-27 10:00
15879,180,False,False,False,False,True,True,False,False,False,False,False,False,False,False,Vendredi-10-12h,OUI,Vendredi,2020-03-27 10:00
15880,219,False,False,False,False,False,True,False,False,False,False,False,False,False,False,Vendredi-10-12h,OUI,Vendredi,2020-03-27 10:00
15881,250,False,False,False,False,False,False,False,False,True,False,False,False,False,False,Vendredi-10-12h,NON,Vendredi,2020-03-27 10:00
15882,267,True,True,False,False,False,False,False,False,False,False,False,False,False,False,Vendredi-10-12h,NON,Vendredi,2020-03-27 10:00
15883,160,False,True,False,False,False,True,False,False,False,False,False,False,False,False,Vendredi-10-12h,NON,Vendredi,2020-03-27 10:00
15884,182,False,True,False,False,True,True,True,False,False,False,False,False,False,False,Vendredi-10-12h,OUI,Vendredi,2020-03-27 10:00
15885,143,False,False,False,False,False,False,False,True,False,False,True,False,False,False,Vendredi-10-12h,OUI,Vendredi,2020-03-27 10:00
15886,223,True,True,False,False,False,False,False,False,False,False,False,False,False,False,Vendredi-10-12h,NON,Vendredi,2020-03-27 10:00
15887,192,True,False,True,False,False,False,False,False,False,False,False,False,False,False,Vendredi-10-12h,NON,Vendredi,2020-03-27 10:00
15888,30,False,False,True,False,False,False,False,True,False,False,False,False,False,False,Vendredi-10-12h,NON,Vendredi,2020-03-27 10:00
15889,125,True,False,False,False,True,False,False,True,False,False,False,False,False,False,Vendredi-10-12h,NON,Vendredi,2020-03-27 10:00
15890,39,False,False,True,False,True,False,False,True,False,False,False,False,False,False,Vendredi-10-12h,OUI,Vendredi,2020-03-27 10:00
15891,113,True,False,True,False,False,False,False,False,False,False,False,False,False,False,Vendredi-10-12h,OUI,Vendredi,2020-03-27 10:00
15892,121,True,False,True,False,False,False,False,True,False,False,False,False,False,False,Vendredi-10-12h,NON,Vendredi,2020-03-27 10:00
15893,228,False,False,False,False,False,False,False,False,False,False,True,False,False,False,Vendredi-10-12h,OUI,Vendredi,2020-03-27 10:00
15894,290,False,False,False,False,False,False,False,False,True,False,False,False,False,False,Vendredi-10-12h,NON,Vendredi,2020-03-27 10:00
15895,197,False,False,True,False,True,False,False,False,False,False,False,False,False,False,Vendredi-10-12h,NON,Vendredi,2020-03-27 10:00
15896,31,True,True,True,False,False,True,False,False,False,False,False,False,False,False,Vendredi-10-12h,NON,Vendredi,2020-03-27 10:00
15897,173,True,False,False,False,True,True,False,True,False,False,False,False,False,False,Vendredi-10-12h,NON,Vendredi,2020-03-27 10:00
15898,74,True,False,False,True,False,False,False,True,False,False,True,False,False,False,Vendredi-10-12h,NON,Vendredi,2020-03-27 10:00
15899,15,False,False,True,False,False,False,False,False,False,False,False,False,False,False,Vendredi-10-12h,NON,Vendredi,2020-03-27 10:00
15900,45,True,False,False,False,True,True,False,True,False,False,False,False,False,False,Vendredi-10-12h,OUI,Vendredi,2020-03-27 10:00
15901,63,False,False,True,False,False,False,False,False,False,False,False,False,False,False,Vendredi-10-12h,NON,Vendredi,2020-03-27 10:00
15902,3,False,False,False,False,False,True,False,False,False,False,False,True,False,False,Vendredi-10-12h,OUI,Vendredi,2020-03-27 10:00
15903,21,True,False,True,False,False,False,False,False,False,False,False,False,False,False,Vendredi-10-12h,OUI,Vendredi,2020-03-27 10:00
15904,78,False,True,True,False,True,True,False,True,False,False,False,False,False,False,Vendredi-10-12h,NON,Vendredi,2020-03-27 10:00
15905,47,False,True,False,False,False,False,False,False,False,False,False,False,False,False,Vendredi-10-12h,NON,Vendredi,2020-03-27 10:00
15906,151,True,True,False,False,True,False,False,True,False,False,False,False,False,False,Vendredi-10-12h,NON,Vendredi,2020-03-27 10:00
15907,6,True,False,True,False,False,False,False,False,False,False,False,False,False,False,Vendredi-10-12h,OUI,Vendredi,2020-03-27 10:00
15908,135,True,False,True,False,False,False,False,False,False,False,False,False,True,False,Vendredi-10-12h,OUI,Vendredi,2020-03-27 10:00
15909,221,False,False,False,False,True,True,False,False,False,False,False,False,False,False,Vendredi-10-12h,NON,Vendredi,2020-03-27 10:00
15910,170,False,False,True,False,False,False,False,False,False,False,True,False,False,True,Vendredi-10-12h,NON,Vendredi,2020-03-27 10:00
15911,129,False,True,False,False,False,False,False,False,False,False,False,False,False,False,Vendredi-10-12h,NON,Vendredi,2020-03-27 10:00
15912,132,True,True,True,False,False,True,False,False,False,False,False,False,False,False,Vendredi-10-12h,OUI,Vendredi,2020-03-27 10:00
15913,110,False,True,False,False,False,False,False,False,False,False,False,False,False,False,Vendredi-10-12h,NON,Vendredi,2020-03-27 10:00
15914,191,False,False,False,False,False,True,False,False,False,False,False,False,False,False,Vendredi-10-12h,NON,Vendredi,2020-03-27 10:00
15915,94,True,True,True,False,False,True,False,False,False,False,True,False,True,False,Vendredi-10-12h,OUI,Vendredi,2020-03-27 10:00
15916,108,False,False,False,False,False,True,True,False,False,False,False,False,False,False,Vendredi-10-12h,OUI,Vendredi,2020-03-27 10:00
15917,236,False,False,False,False,True,True,False,False,False,False,False,False,False,False,Vendredi-10-12h,OUI,Vendredi,2020-03-27 10:00
15918,42,True,False,True,False,True,False,False,False,False,False,False,False,False,False,Vendredi-10-12h,OUI,Vendredi,2020-03-27 10:00
15919,155,True,False,False,False,True,False,False,False,False,False,False,False,False,False,Vendredi-10-12h,NON,Vendredi,2020-03-27 10:00
15920,1,False,False,False,False,False,False,False,False,False,False,False,False,False,False,Vendredi-10-12h,NON,Vendredi,2020-03-27 10:00
15921,58,False,True,True,False,False,True,False,False,False,False,True,False,False,False,Vendredi-10-12h,OUI,Vendredi,2020-03-27 10:00
15922,0,False,True,False,False,False,False,False,False,False,False,False,False,False,False,Vendredi-10-12h,NON,Vendredi,2020-03-27 10:00
15923,269,False,False,False,False,False,False,False,False,False,False,False,False,False,False,Vendredi-10-12h,NON,Vendredi,2020-03-27 10:00
15924,2,True,False,True,False,False,False,False,False,False,False,False,False,False,False,Vendredi-10-12h,NON,Vendredi,2020-03-27 10:00
15925,103,False,False,False,False,True,False,False,False,False,False,False,False,False,False,Vendredi-10-12h,NON,Vendredi,2020-03-27 10:00
15926,12,False,True,False,False,True,False,False,False,False,False,False,False,False,False,Vendredi-10-12h,NON,Vendredi,2020-03-27 10:00
15927,245,True,False,False,False,True,True,False,True,False,False,False,False,False,False,Vendredi-10-12h,NON,Vendredi,2020-03-27 10:00
15928,161,False,False,True,False,False,False,False,False,False,False,True,False,False,False,Vendredi-10-12h,NON,Vendredi,2020-03-27 10:00
15929,38,False,False,False,False,False,False,False,False,True,False,False,False,False,False,Vendredi-10-12h,NON,Vendredi,2020-03-27 10:00
15930,122,False,False,False,False,False,False,False,False,False,False,False,False,False,False,Vendredi-10-12h,NON,Vendredi,2020-03-27 10:00
15931,248,False,False,True,False,False,False,False,False,False,False,False,False,True,False,Vendredi-10-12h,NON,Vendredi,2020-03-27 10:00
15932,271,False,True,True,False,False,True,False,False,False,False,False,False,False,False,Vendredi-10-12h,OUI,Vendredi,2020-03-27 10:00
15933,116,False,False,True,False,False,False,False,False,False,False,False,False,False,False,Vendredi-10-12h,OUI,Vendredi,2020-03-27 10:00
15934,117,True,True,True,True,False,True,False,False,False,False,False,False,False,False,Vendredi-10-12h,NON,Vendredi,2020-03-27 10:00
15935,213,False,False,False,False,True,True,False,True,False,False,False,False,False,False,Vendredi-10-12h,NON,Vendredi,2020-03-27 10:00
15936,220,False,True,True,False,False,True,False,False,False,False,False,False,False,False,Vendredi-10-12h,OUI,Vendredi,2020-03-27 10:00
15937,176,False,False,True,False,False,False,False,False,False,False,False,False,False,False,Vendredi-10-12h,OUI,Vendredi,2020-03-27 10:00
15938,96,False,False,False,False,True,True,False,False,False,True,False,False,False,False,Vendredi-10-12h,NON,Vendredi,2020-03-27 10:00
15939,214,False,False,False,False,True,True,False,False,False,True,False,False,False,False,Vendredi-10-12h,OUI,Vendredi,2020-03-27 10:00
15940,11,True,False,False,True,False,False,False,False,False,False,True,False,False,False,Vendredi-10-12h,NON,Vendredi,2020-03-27 10:00
15941,255,True,False,True,False,False,False,False,True,False,False,False,False,False,False,Vendredi-10-12h,OUI,Vendredi,2020-03-27 10:00
15942,86,False,False,True,False,False,False,False,False,False,False,False,False,False,False,Vendredi-10-12h,OUI,Vendredi,2020-03-27 10:00
15943,209,True,False,False,False,True,True,False,True,False,False,False,False,False,False,Vendredi-10-12h,OUI,Vendredi,2020-03-27 10:00
15944,291,False,False,False,False,False,True,False,False,True,False,False,False,False,False,Vendredi-10-12h,NON,Vendredi,2020-03-27 10:00
15945,287,False,False,False,False,False,False,False,False,False,False,False,True,False,False,Vendredi-10-12h,NON,Vendredi,2020-03-27 10:00
15946,104,False,False,False,False,True,True,False,False,False,False,False,False,False,False,Vendredi-10-12h,OUI,Vendredi,2020-03-27 10:00
15947,18,False,False,False,False,True,False,False,False,False,False,False,False,False,False,Vendredi-10-12h,OUI,Vendredi,2020-03-27 10:00
15948,123,False,True,False,False,True,True,False,False,False,False,False,False,False,False,Vendredi-10-12h,OUI,Vendredi,2020-03-27 10:00
15949,136,False,False,False,False,True,False,False,False,False,False,False,False,False,False,Vendredi-10-12h,NON,Vendredi,2020-03-27 10:00
15950,276,True,False,True,False,False,False,False,False,False,False,False,False,False,False,Vendredi-10-12h,OUI,Vendredi,2020-03-27 10:00
15951,53,False,False,False,False,True,True,False,False,False,False,False,False,False,False,Vendredi-10-12h,OUI,Vendredi,2020-03-27 10:00
15952,179,True,False,True,False,False,False,False,False,False,False,False,False,False,False,Vendredi-10-12h,OUI,Vendredi,2020-03-27 10:00
15953,200,False,False,False,False,False,False,False,False,False,False,False,False,False,False,Vendredi-10-12h,NON,Vendredi,2020-03-27 10:00
15954,73,False,False,False,False,False,False,False,False,False,False,False,False,False,False,Vendredi-10-12h,NON,Vendredi,2020-03-27 10:00
15955,156,False,False,False,False,True,True,False,False,False,False,False,False,False,False,Vendredi-10-12h,OUI,Vendredi,2020-03-27 10:00
15956,128,True,True,True,False,False,True,False,False,False,False,False,False,False,False,Vendredi-10-12h,NON,Vendredi,2020-03-27 10:00
15957,118,False,False,False,False,False,False,False,False,False,False,False,False,False,False,Vendredi-10-12h,NON,Vendredi,2020-03-27 10:00
15958,112,True,False,True,False,False,False,False,False,False,False,False,False,False,False,Vendredi-10-12h,OUI,Vendredi,2020-03-27 10:00
15959,35,False,False,False,False,True,True,False,False,False,False,False,False,False,False,Vendredi-10-12h,NON,Vendredi,2020-03-27 10:00
15960,32,False,False,False,False,False,False,False,False,False,False,False,True,False,False,Vendredi-10-12h,NON,Vendredi,2020-03-27 10:00
15961,199,True,False,True,False,False,False,False,False,False,False,False,False,False,False,Vendredi-10-12h,OUI,Vendredi,2020-03-27 10:00
15962,153,True,False,False,False,True,True,False,False,False,False,False,False,False,False,Vendredi-10-12h,NON,Vendredi,2020-03-27 10:00
15963,82,False,False,True,False,False,False,False,False,False,False,False,False,False,False,Vendredi-10-12h,OUI,Vendredi,2020-03-27 10:00
15964,292,False,True,False,False,False,False,False,False,False,False,False,False,False,False,Vendredi-10-12h,OUI,Vendredi,2020-03-27 10:00
15965,169,False,False,False,True,False,False,False,False,False,False,False,False,False,False,Vendredi-10-12h,OUI,Vendredi,2020-03-27 10:00
15966,16,False,False,False,False,True,True,False,False,False,False,False,False,False,False,Vendredi-10-12h,OUI,Vendredi,2020-03-27 10:00
15967,46,True,True,True,False,False,True,True,False,False,False,False,False,False,False,Vendredi-10-12h,NON,Vendredi,2020-03-27 10:00
15968,216,False,True,False,False,False,True,False,False,False,False,False,False,False,False,Vendredi-10-12h,NON,Vendredi,2020-03-27 10:00
15969,174,False,True,True,False,False,True,False,False,False,False,True,False,False,False,Vendredi-10-12h,NON,Vendredi,2020-03-27 10:00
15970,43,False,False,False,False,True,False,False,False,False,False,False,False,False,False,Vendredi-10-12h,NON,Vendredi,2020-03-27 10:00
15971,165,False,False,False,False,True,True,False,False,False,False,False,False,False,False,Vendredi-10-12h,NON,Vendredi,2020-03-27 10:00
15972,126,False,True,False,False,False,True,False,False,False,False,False,False,False,False,Vendredi-10-12h,OUI,Vendredi,2020-03-27 10:00
15973,41,False,False,False,False,False,True,False,False,True,False,False,False,False,False,Vendredi-10-12h,OUI,Vendredi,2020-03-27 10:00
15974,157,False,False,True,False,False,False,False,False,False,False,False,False,False,False,Vendredi-10-12h,OUI,Vendredi,2020-03-27 10:00
15975,272,False,True,True,False,False,False,True,False,False,False,True,False,True,True,Vendredi-10-12h,OUI,Vendredi,2020-03-27 10:00
15976,115,True,False,True,False,False,False,False,False,False,False,False,False,False,False,Vendredi-10-12h,NON,Vendredi,2020-03-27 10:00
15977,84,False,False,False,False,False,False,False,False,False,False,False,True,False,False,Vendredi-10-12h,NON,Vendredi,2020-03-27 10:00
15978,183,True,True,True,True,False,False,False,False,False,False,False,False,False,False,Vendredi-10-12h,OUI,Vendredi,2020-03-27 10:00
15979,65,True,True,False,False,False,True,False,False,False,False,False,False,False,False,Vendredi-10-12h,NON,Vendredi,2020-03-27 10:00
15980,105,True,False,False,False,False,False,False,False,False,False,False,False,False,False,Vendredi-10-12h,OUI,Vendredi,2020-03-27 10:00
15981,187,True,False,False,False,False,True,False,False,False,False,False,False,False,False,Vendredi-10-12h,OUI,Vendredi,2020-03-27 10:00
15982,139,True,False,True,False,False,False,False,False,False,False,False,False,False,False,Vendredi-10-12h,NON,Vendredi,2020-03-27 10:00
15983,259,False,False,False,False,True,True,False,False,False,False,False,False,False,False,Vendredi-10-12h,OUI,Vendredi,2020-03-27 10:00
15984,124,True,False,True,False,False,False,False,False,False,False,True,False,False,False,Vendredi-10-12h,OUI,Vendredi,2020-03-27 10:00
15985,98,False,False,False,False,False,True,False,False,False,False,False,True,False,False,Vendredi-10-12h,OUI,Vendredi,2020-03-27 10:00
15986,284,False,True,True,False,False,True,False,False,False,False,False,False,True,False,Vendredi-10-12h,OUI,Vendredi,2020-03-27 10:00
15987,148,True,False,True,False,True,False,False,True,False,False,False,False,False,False,Vendredi-10-12h,OUI,Vendredi,2020-03-27 10:00
15988,258,True,False,True,False,False,False,False,False,False,False,False,False,False,False,Vendredi-10-12h,OUI,Vendredi,2020-03-27 10:00
15989,175,False,False,False,False,False,True,False,False,False,False,False,False,False,False,Vendredi-10-12h,NON,Vendredi,2020-03-27 10:00
15990,119,False,False,False,False,False,False,False,False,False,False,True,False,False,False,Vendredi-10-12h,NON,Vendredi,2020-03-27 10:00
15991,229,True,False,True,False,False,False,False,True,False,False,False,False,False,False,Vendredi-10-12h,OUI,Vendredi,2020-03-27 10:00
15992,230,False,False,False,False,False,True,True,False,False,False,False,False,False,False,Vendredi-10-12h,NON,Vendredi,2020-03-27 10:00
15993,17,True,False,False,False,False,True,True,False,False,False,False,False,False,False,Vendredi-10-12h,OUI,Vendredi,2020-03-27 10:00
15994,177,False,False,False,False,False,False,False,False,False,False,False,False,False,False,Vendredi-10-12h,NON,Vendredi,2020-03-27 10:00
15995,7,False,False,False,False,False,False,False,False,False,False,False,False,False,False,Vendredi-10-12h,NON,Vendredi,2020-03-27 10:00
15996,241,False,False,True,False,False,False,False,False,False,False,False,False,False,False,Vendredi-10-12h,NON,Vendredi,2020-03-27 10:00
15997,8,True,False,False,False,True,True,False,True,False,False,False,False,False,False,Vendredi-10-12h,NON,Vendredi,2020-03-27 10:00
15998,268,False,True,False,False,False,True,False,False,False,False,False,False,False,False,Vendredi-10-12h,OUI,Vendredi,2020-03-27 10:00
15999,294,False,False,True,False,True,False,False,False,False,False,False,False,False,False,Vendredi-10-12h,OUI,Vendredi,2020-03-27 10:00
16000,242,True,False,False,False,True,True,False,False,False,False,False,False,False,False,Vendredi-10-12h,NON,Vendredi,2020-03-27 10:00
16001,194,False,False,False,False,False,True,False,False,False,False,False,False,False,False,Vendredi-10-12h,NON,Vendredi,2020-03-27 10:00
16002,243,False,False,False,False,True,True,False,False,False,False,False,False,False,False,Vendredi-10-12h,NON,Vendredi,2020-03-27 10:00
16003,212,True,True,True,False,False,True,False,False,False,False,False,False,False,False,Vendredi-10-12h,OUI,Vendredi,2020-03-27 10:00
16004,19,False,False,False,False,False,True,False,False,False,False,False,False,False,False,Vendredi-10-12h,OUI,Vendredi,2020-03-27 10:00
16005,114,False,False,False,False,True,False,False,False,False,False,False,False,False,False,Vendredi-10-12h,OUI,Vendredi,2020-03-27 10:00
16006,190,False,False,False,False,False,True,False,False,True,False,False,False,False,False,Vendredi-10-12h,NON,Vendredi,2020-03-27 10:00
16007,64,False,False,True,False,False,False,False,False,False,False,False,False,False,False,Vendredi-10-12h,OUI,Vendredi,2020-03-27 10:00
16008,227,False,False,False,False,False,False,False,False,False,False,False,False,False,False,Vendredi-10-12h,NON,Vendredi,2020-03-27 10:00
16009,232,False,False,False,False,False,True,False,False,False,False,False,False,False,False,Vendredi-10-12h,OUI,Vendredi,2020-03-27 10:00
16010,246,False,True,False,False,False,True,True,False,False,False,False,False,False,False,Vendredi-10-12h,NON,Vendredi,2020-03-27 10:00
16011,100,False,False,False,False,False,True,False,False,False,False,False,False,False,False,Vendredi-10-12h,NON,Vendredi,2020-03-27 10:00
16012,13,False,False,False,False,True,False,False,False,False,False,False,False,False,False,Vendredi-10-12h,NON,Vendredi,2020-03-27 10:00
16013,262,True,True,True,False,False,False,False,False,False,False,False,False,False,False,Vendredi-10-12h,NON,Vendredi,2020-03-27 10:00
16014,76,True,True,True,False,False,True,False,False,False,False,True,False,False,False,Vendredi-10-12h,NON,Vendredi,2020-03-27 10:00
16015,261,False,True,False,False,True,False,False,False,False,False,False,False,False,False,Vendredi-10-12h,OUI,Vendredi,2020-03-27 10:00
16016,150,False,True,False,False,False,False,False,False,False,False,False,False,False,False,Vendredi-10-12h,OUI,Vendredi,2020-03-27 10:00
16017,205,False,False,False,False,False,False,False,False,False,False,False,False,False,False,Vendredi-10-12h,NON,Vendredi,2020-03-27 10:00
16018,56,False,False,False,False,True,True,False,False,False,False,False,False,False,False,Vendredi-10-12h,OUI,Vendredi,2020-03-27 10:00
16019,186,False,False,False,False,True,False,False,False,False,False,False,False,False,False,Vendredi-10-12h,OUI,Vendredi,2020-03-27 10:00
16020,162,True,False,False,False,True,True,False,False,False,False,False,False,False,False,Vendredi-10-12h,NON,Vendredi,2020-03-27 10:00
16021,68,False,True,False,False,True,True,False,False,False,False,False,False,False,False,Vendredi-10-12h,OUI,Vendredi,2020-03-27 10:00
16022,146,False,False,False,False,False,True,False,False,False,False,False,True,False,False,Vendredi-10-12h,OUI,Vendredi,2020-03-27 10:00
16023,49,False,False,False,False,False,False,False,False,False,False,False,False,True,False,Vendredi-10-12h,NON,Vendredi,2020-03-27 10:00
16024,91,True,False,True,True,False,False,False,False,False,False,False,False,False,False,Vendredi-10-12h,OUI,Vendredi,2020-03-27 10:00
16025,22,False,False,False,False,False,False,False,False,False,True,False,False,False,False,Vendredi-10-12h,NON,Vendredi,2020-03-27 10:00
16026,151,False,False,False,False,True,False,False,False,False,False,False,False,False,False,Vendredi-10-12h,NON,Vendredi,2020-03-27 10:00
16027,193,False,False,False,False,True,True,False,False,False,False,False,False,False,False,Vendredi-10-12h,OUI,Vendredi,2020-03-27 10:00
16028,9,True,True,False,False,False,False,False,False,False,False,False,False,False,False,Vendredi-10-12h,NON,Vendredi,2020-03-27 10:00
16029,99,True,False,True,False,False,False,False,False,False,False,False,False,False,False,Vendredi-10-12h,OUI,Vendredi,2020-03-27 10:00
16030,181,False,False,False,False,True,True,False,False,False,False,False,False,False,False,Vendredi-10-12h,OUI,Vendredi,2020-03-27 10:00
16031,111,False,False,False,False,False,True,False,True,False,False,False,False,False,False,Vendredi-10-12h,OUI,Vendredi,2020-03-27 10:00
16032,44,False,True,False,False,False,True,False,False,False,False,False,False,False,False,Vendredi-10-12h,NON,Vendredi,2020-03-27 10:00
16033,24,False,False,False,False,True,False,False,True,False,False,False,False,False,False,Vendredi-10-12h,NON,Vendredi,2020-03-27 10:00
16034,102,False,False,False,False,True,True,False,True,False,False,False,False,False,False,Vendredi-10-12h,NON,Vendredi,2020-03-27 10:00
16035,203,True,True,False,False,False,False,False,True,False,False,False,False,False,False,Vendredi-10-12h,NON,Vendredi,2020-03-27 10:00
16036,140,False,False,False,False,True,True,False,True,False,False,False,False,False,False,Vendredi-10-12h,NON,Vendredi,2020-03-27 10:00
16037,188,False,False,False,False,False,True,False,False,True,False,False,False,False,False,Vendredi-10-12h,OUI,Vendredi,2020-03-27 10:00
16038,206,False,False,False,True,False,False,False,False,False,False,True,False,False,False,Vendredi-10-12h,OUI,Vendredi,2020-03-27 10:00
16039,273,False,False,False,False,False,False,False,False,False,False,False,True,False,False,Vendredi-10-12h,OUI,Vendredi,2020-03-27 10:00
16040,69,True,False,True,False,False,False,False,False,False,False,False,False,False,False,Vendredi-10-12h,OUI,Vendredi,2020-03-27 10:00
16041,87,True,False,False,True,False,False,False,False,False,False,True,False,False,False,Vendredi-10-12h,NON,Vendredi,2020-03-27 10:00
16042,83,True,False,True,False,False,False,False,False,False,False,False,False,False,False,Vendredi-10-12h,OUI,Vendredi,2020-03-27 10:00
16043,149,True,False,True,True,False,False,False,False,False,False,False,False,False,False,Vendredi-10-12h,NON,Vendredi,2020-03-27 10:00
16044,274,False,False,False,False,False,True,False,False,False,False,False,False,False,False,Vendredi-10-12h,NON,Vendredi,2020-03-27 10:00
16045,282,True,False,True,True,False,False,False,False,False,False,False,False,False,False,Vendredi-10-12h,OUI,Vendredi,2020-03-27 10:00
16046,147,False,False,False,False,False,False,False,False,False,False,False,False,False,False,Vendredi-10-12h,NON,Vendredi,2020-03-27 10:00
16047,238,False,False,False,False,False,False,False,False,False,False,False,True,False,False,Vendredi-10-12h,NON,Vendredi,2020-03-27 10:00
16048,201,False,False,False,False,False,False,False,False,False,False,False,False,False,False,Vendredi-10-12h,NON,Vendredi,2020-03-27 10:00
16049,152,False,True,False,False,False,False,False,False,False,False,False,False,False,False,Vendredi-10-12h,NON,Vendredi,2020-03-27 10:00
16050,222,False,False,False,False,False,True,False,False,True,True,False,False,False,False,Vendredi-10-12h,OUI,Vendredi,2020-03-27 10:00
16051,106,False,False,False,False,False,True,False,False,False,False,False,True,False,False,Vendredi-10-12h,NON,Vendredi,2020-03-27 10:00
16052,133,False,False,True,False,True,False,False,False,False,False,False,False,False,False,Vendredi-10-12h,OUI,Vendredi,2020-03-27 10:00
16053,163,False,False,False,False,True,False,False,False,False,False,False,False,False,False,Vendredi-10-12h,NON,Vendredi,2020-03-27 10:00
16054,231,False,False,False,False,False,False,False,False,False,False,False,False,False,False,Vendredi-10-12h,NON,Vendredi,2020-03-27 10:00
16055,25,False,False,False,False,True,False,False,False,False,False,False,False,False,False,Vendredi-10-12h,NON,Vendredi,2020-03-27 10:00
16056,196,False,False,True,False,True,False,False,True,False,False,False,False,False,False,Vendredi-10-12h,OUI,Vendredi,2020-03-27 10:00
16057,5,False,False,False,False,True,True,False,False,False,False,False,False,False,False,Vendredi-10-12h,OUI,Vendredi,2020-03-27 10:00
16058,90,False,True,False,False,False,False,False,False,False,False,False,False,False,False,Vendredi-10-12h,NON,Vendredi,2020-03-27 10:00
16059,244,True,False,True,False,False,False,False,False,False,False,False,False,False,False,Vendredi-10-12h,OUI,Vendredi,2020-03-27 10:00
16060,107,False,True,False,False,False,True,False,False,False,False,False,False,False,False,Vendredi-10-12h,OUI,Vendredi,2020-03-27 10:00
16061,218,False,True,False,False,True,True,False,False,False,False,False,False,False,False,Vendredi-10-12h,NON,Vendredi,2020-03-27 10:00
16062,62,False,True,True,False,True,True,False,False,False,False,False,False,False,False,Vendredi-10-12h,NON,Vendredi,2020-03-27 10:00
16063,79,False,True,False,False,False,False,False,False,False,False,False,False,False,False,Vendredi-10-12h,OUI,Vendredi,2020-03-27 10:00
16064,208,False,False,False,False,False,True,False,False,False,False,False,False,False,False,Vendredi-10-12h,OUI,Vendredi,2020-03-27 10:00
16065,270,False,False,False,False,False,False,False,False,True,False,False,False,False,False,Vendredi-10-12h,NON,Vendredi,2020-03-27 10:00
16066,166,True,False,False,False,True,True,False,False,False,False,False,False,False,False,Vendredi-10-12h,OUI,Vendredi,2020-03-27 10:00
16067,77,False,False,True,False,True,False,False,False,False,False,False,False,False,False,Vendredi-10-12h,NON,Vendredi,2020-03-27 10:00
16068,29,False,False,False,False,False,True,False,False,False,False,False,True,False,False,Vendredi-10-12h,OUI,Vendredi,2020-03-27 10:00
16069,240,False,False,False,False,False,True,False,False,False,False,False,False,False,False,Vendredi-10-12h,NON,Vendredi,2020-03-27 10:00
16070,184,False,True,False,False,False,False,False,False,False,False,False,False,False,False,Vendredi-10-12h,OUI,Vendredi,2020-03-27 10:00
16071,277,False,True,True,False,False,True,False,False,False,False,False,False,False,False,Vendredi-10-12h,OUI,Vendredi,2020-03-27 10:00
16072,80,True,False,False,False,False,True,False,False,False,True,False,False,False,False,Vendredi-10-12h,NON,Vendredi,2020-03-27 10:00
16073,185,True,True,True,False,False,True,False,False,False,False,True,False,True,False,Vendredi-10-12h,NON,Vendredi,2020-03-27 10:00
16074,204,False,False,False,False,True,True,False,False,False,False,False,True,False,False,Vendredi-10-12h,OUI,Vendredi,2020-03-27 10:00
16075,252,True,True,True,False,False,True,False,False,False,False,False,False,False,False,Vendredi-10-12h,NON,Vendredi,2020-03-27 10:00
16076,26,False,False,False,False,True,False,False,False,False,False,False,False,False,False,Vendredi-10-12h,NON,Vendredi,2020-03-27 10:00
16077,70,False,False,False,False,True,False,False,False,False,False,False,True,False,False,Vendredi-10-12h,OUI,Vendredi,2020-03-27 10:00
16078,233,False,False,False,False,True,False,False,False,False,False,False,False,False,False,Vendredi-10-12h,OUI,Vendredi,2020-03-27 10:00
16079,37,True,True,True,False,True,True,False,False,False,False,False,False,False,False,Vendredi-10-12h,NON,Vendredi,2020-03-27 10:00
16080,185,False,False,True,False,False,False,False,False,False,False,False,False,False,False,Vendredi-10-12h,OUI,Vendredi,2020-03-27 10:00
16081,138,True,False,False,False,True,True,False,False,False,False,False,False,False,False,Vendredi-10-12h,NON,Vendredi,2020-03-27 10:00
16082,224,True,False,True,False,False,False,False,False,False,False,False,False,False,False,Vendredi-10-12h,NON,Vendredi,2020-03-27 10:00
16083,66,False,False,False,False,True,True,False,False,False,False,False,False,True,False,Vendredi-10-12h,OUI,Vendredi,2020-03-27 10:00
16084,211,False,False,True,False,False,False,False,False,False,False,False,False,True,False,Vendredi-10-12h,NON,Vendredi,2020-03-27 10:00
16085,14,False,False,False,False,True,True,False,False,False,False,False,False,False,False,Vendredi-10-12h,NON,Vendredi,2020-03-27 10:00
16086,145,False,False,False,False,True,False,False,False,False,False,False,False,False,False,Vendredi-10-12h,NON,Vendredi,2020-03-27 10:00
16087,36,False,False,False,False,False,False,False,False,False,False,False,True,False,False,Vendredi-10-12h,OUI,Vendredi,2020-03-27 10:00
16088,60,True,True,True,False,False,True,False,False,False,False,False,False,False,False,Vendredi-10-12h,NON,Vendredi,2020-03-27 10:00
16089,137,True,True,True,False,False,True,False,False,False,False,True,False,False,False,Vendredi-10-12h,OUI,Vendredi,2020-03-27 10:00
16090,285,False,True,False,False,True,True,False,False,False,False,False,False,False,False,Vendredi-10-12h,OUI,Vendredi,2020-03-27 10:00
16091,40,False,True,True,False,True,True,False,False,False,False,False,False,False,False,Vendredi-10-12h,OUI,Vendredi,2020-03-27 10:00
16092,97,False,False,False,False,False,True,False,False,False,False,False,False,False,False,Vendredi-10-12h,NON,Vendredi,2020-03-27 10:00
16093,109,True,False,True,True,False,False,False,False,False,False,False,False,False,False,Vendredi-10-12h,NON,Vendredi,2020-03-27 10:00
16094,10,False,False,False,False,False,False,False,False,False,False,False,False,False,False,Vendredi-10-12h,NON,Vendredi,2020-03-27 10:00
16095,256,False,False,False,False,False,False,False,False,False,False,False,True,False,False,Vendredi-10-12h,NON,Vendredi,2020-03-27 10:00
16096,141,True,True,True,False,False,False,False,False,False,False,True,False,False,False,Vendredi-10-12h,NON,Vendredi,2020-03-27 10:00
16097,28,False,False,False,False,False,False,False,False,False,False,False,False,False,False,Vendredi-10-12h,NON,Vendredi,2020-03-27 10:00
16098,101,True,True,True,True,True,True,False,False,False,False,False,False,False,False,Vendredi-10-12h,OUI,Vendredi,2020-03-27 10:00
16099,48,True,False,True,False,True,False,False,False,False,False,False,False,True,False,Vendredi-10-12h,OUI,Vendredi,2020-03-27 10:00
16100,27,False,False,False,False,False,True,False,False,False,False,False,False,False,False,Vendredi-10-12h,OUI,Vendredi,2020-03-27 10:00
16101,142,True,False,True,False,False,False,False,False,False,False,True,False,True,False,Vendredi-10-12h,NON,Vendredi,2020-03-27 10:00
16102,234,False,False,True,False,False,False,False,False,False,False,True,False,False,False,Vendredi-10-12h,NON,Vendredi,2020-03-27 10:00
16103,23,False,False,False,False,True,False,False,False,False,False,False,False,False,False,Vendredi-10-12h,NON,Vendredi,2020-03-27 10:00
16104,195,False,False,False,False,True,False,False,False,True,False,False,False,False,False,Vendredi-10-12h,NON,Vendredi,2020-03-27 10:00
16105,275,False,False,False,False,False,False,False,False,False,False,False,True,False,False,Vendredi-10-12h,NON,Vendredi,2020-03-27 10:00
16106,226,False,False,False,False,True,True,False,False,False,False,False,False,False,False,Vendredi-10-12h,NON,Vendredi,2020-03-27 10:00
16107,207,False,False,True,False,False,False,False,False,False,False,False,False,False,False,Vendredi-10-12h,OUI,Vendredi,2020-03-27 10:00
16108,57,False,False,False,False,False,False,False,False,False,False,False,False,False,False,Vendredi-10-12h,NON,Vendredi,2020-03-27 10:00
16109,4,False,True,False,False,False,True,False,False,False,False,False,False,False,False,Vendredi-10-12h,NON,Vendredi,2020-03-27 10:00
16110,265,False,False,False,False,False,True,False,False,False,False,False,False,False,False,Vendredi-10-12h,OUI,Vendredi,2020-03-27 10:00
16111,88,False,True,False,False,False,False,False,False,False,False,False,False,False,False,Vendredi-10-12h,NON,Vendredi,2020-03-27 10:00
16112,198,False,False,False,False,False,False,False,False,False,False,True,False,False,False,Vendredi-10-12h,NON,Vendredi,2020-03-27 10:00
16113,249,True,True,True,False,False,False,False,False,False,False,False,False,False,False,Vendredi-10-12h,NON,Vendredi,2020-03-27 10:00
16114,263,False,False,False,False,True,True,False,False,False,False,False,False,False,False,Vendredi-10-12h,NON,Vendredi,2020-03-27 10:00
16115,217,True,False,True,False,False,False,False,False,False,False,False,False,True,False,Vendredi-10-12h,OUI,Vendredi,2020-03-27 10:00
16116,278,False,False,False,False,True,True,False,False,False,False,False,False,False,False,Vendredi-10-12h,NON,Vendredi,2020-03-27 10:00
16117,189,False,True,False,False,False,False,False,False,False,False,False,False,False,False,Vendredi-10-12h,NON,Vendredi,2020-03-27 10:00
16118,61,True,False,True,False,False,False,False,False,False,False,False,False,False,False,Vendredi-10-12h,NON,Vendredi,2020-03-27 10:00
16119,251,False,False,False,False,False,False,False,False,False,False,False,False,True,False,Vendredi-10-12h,OUI,Vendredi,2020-03-27 10:00
16120,281,False,True,False,False,False,False,False,False,False,False,False,False,False,False,Vendredi-10-12h,NON,Vendredi,2020-03-27 10:00
16121,134,False,True,False,False,False,False,False,False,False,False,False,False,False,False,Vendredi-10-12h,NON,Vendredi,2020-03-27 10:00
16122,293,False,True,False,False,False,True,False,False,False,False,False,False,False,False,Vendredi-10-12h,OUI,Vendredi,2020-03-27 10:00
16123,279,True,True,True,True,False,True,False,False,False,False,False,False,False,False,Vendredi-10-12h,OUI,Vendredi,2020-03-27 10:00
16124,81,True,False,True,True,False,False,False,True,False,False,False,False,False,False,Vendredi-10-12h,NON,Vendredi,2020-03-27 10:00
16125,92,True,False,False,True,False,False,False,False,False,False,True,False,False,False,Vendredi-10-12h,NON,Vendredi,2020-03-27 10:00
16126,147,False,False,False,False,False,False,False,False,False,False,False,False,False,False,Vendredi-10-12h,NON,Vendredi,2020-03-27 10:00
16127,33,False,True,False,False,True,False,False,False,False,False,False,False,False,False,Vendredi-10-12h,NON,Vendredi,2020-03-27 10:00
16128,266,False,False,False,False,False,False,False,False,False,False,False,False,False,False,Vendredi-10-12h,NON,Vendredi,2020-03-27 10:00
16129,225,True,False,False,False,False,True,False,False,False,False,False,False,False,False,Vendredi-10-12h,NON,Vendredi,2020-03-27 10:00
16130,83,True,False,True,False,False,False,False,False,False,False,False,False,False,False,Vendredi-10-12h,OUI,Vendredi,2020-03-27 10:00
16131,95,False,False,False,False,True,True,False,True,False,False,False,False,False,False,Vendredi-10-12h,NON,Vendredi,2020-03-27 10:00
16132,127,False,False,False,False,True,False,False,False,False,False,False,False,False,False,Vendredi-10-12h,OUI,Vendredi,2020-03-27 10:00
16133,20,False,False,False,False,False,False,False,False,False,False,False,False,False,False,Vendredi-10-12h,NON,Vendredi,2020-03-27 10:00
16134,89,False,False,False,False,False,False,False,False,True,False,False,False,False,False,Vendredi-10-12h,OUI,Vendredi,2020-03-27 10:00
16135,120,False,True,True,False,True,True,False,True,False,False,True,False,False,False,Vendredi-10-12h,NON,Vendredi,2020-03-27 10:00
16136,253,False,False,False,False,True,True,False,False,False,False,False,True,False,False,Vendredi-10-12h,NON,Vendredi,2020-03-27 10:00
16137,52,False,False,True,False,False,False,False,False,False,False,False,False,False,False,Vendredi-10-12h,OUI,Vendredi,2020-03-27 10:00
16138,168,True,False,True,False,False,False,False,True,False,False,False,False,False,False,Vendredi-10-12h,OUI,Vendredi,2020-03-27 10:00
16139,202,False,True,False,False,False,False,False,False,False,False,False,False,False,False,Vendredi-10-12h,NON,Vendredi,2020-03-27 10:00
16140,172,False,False,False,False,True,False,False,False,False,False,False,False,False,False,Vendredi-10-12h,NON,Vendredi,2020-03-27 10:00
16141,239,False,False,False,False,True,True,False,False,False,False,False,False,False,False,Vendredi-10-12h,NON,Vendredi,2020-03-27 10:00
16142,85,False,False,False,False,True,False,False,False,False,False,False,False,False,False,Vendredi-10-12h,NON,Vendredi,2020-03-27 10:00
16143,215,False,False,False,False,False,False,False,False,True,False,False,False,False,False,Vendredi-10-12h,OUI,Vendredi,2020-03-27 10:00
16144,260,True,False,True,False,False,False,False,False,False,False,False,False,False,False,Vendredi-10-12h,NON,Vendredi,2020-03-27 10:00
16145,286,True,True,False,False,True,False,False,False,False,False,False,False,False,False,Vendredi-10-12h,OUI,Vendredi,2020-03-27 10:00
16146,72,False,True,False,False,False,False,False,False,False,False,False,False,False,False,Vendredi-12-14h,OUI,Vendredi,2020-03-27 12:00
16147,167,True,True,True,True,True,True,False,False,False,False,False,False,False,False,Vendredi-12-14h,OUI,Vendredi,2020-03-27 12:00
16148,130,True,False,True,False,False,False,False,True,False,False,False,False,True,True,Vendredi-12-14h,NON,Vendredi,2020-03-27 12:00
16149,288,True,True,True,False,True,False,False,False,False,False,False,False,False,False,Vendredi-12-14h,OUI,Vendredi,2020-03-27 12:00
16150,59,False,False,False,False,False,True,False,False,False,False,False,False,False,False,Vendredi-12-14h,NON,Vendredi,2020-03-27 12:00
16151,178,True,False,False,False,False,False,False,False,False,False,True,False,False,False,Vendredi-12-14h,OUI,Vendredi,2020-03-27 12:00
16152,254,False,False,False,False,False,False,False,False,False,False,False,True,False,False,Vendredi-12-14h,NON,Vendredi,2020-03-27 12:00
16153,34,False,False,False,False,False,False,False,False,False,False,False,False,False,False,Vendredi-12-14h,NON,Vendredi,2020-03-27 12:00
16154,264,False,False,False,False,True,True,True,False,False,False,False,False,False,False,Vendredi-12-14h,OUI,Vendredi,2020-03-27 12:00
16155,158,True,False,False,False,True,False,False,False,False,True,False,False,False,False,Vendredi-12-14h,OUI,Vendredi,2020-03-27 12:00
16156,210,False,True,False,False,True,True,False,False,False,False,False,False,False,False,Vendredi-12-14h,OUI,Vendredi,2020-03-27 12:00
16157,93,False,False,False,False,True,False,False,False,False,False,False,False,True,False,Vendredi-12-14h,OUI,Vendredi,2020-03-27 12:00
16158,144,True,False,True,False,True,False,False,False,False,False,False,False,False,False,Vendredi-12-14h,OUI,Vendredi,2020-03-27 12:00
16159,164,False,True,False,False,True,True,False,False,False,False,False,False,False,False,Vendredi-12-14h,OUI,Vendredi,2020-03-27 12:00
16160,289,False,False,False,False,True,True,False,False,False,False,False,False,False,False,Vendredi-12-14h,NON,Vendredi,2020-03-27 12:00
16161,50,False,False,False,False,False,False,False,False,False,False,False,False,False,False,Vendredi-12-14h,NON,Vendredi,2020-03-27 12:00
16162,51,True,True,False,False,True,False,False,False,False,False,False,False,False,False,Vendredi-12-14h,OUI,Vendredi,2020-03-27 12:00
16163,247,False,False,True,False,False,False,False,False,False,False,False,False,False,False,Vendredi-12-14h,NON,Vendredi,2020-03-27 12:00
16164,159,False,False,False,False,False,False,False,True,False,False,False,False,False,False,Vendredi-12-14h,NON,Vendredi,2020-03-27 12:00
16165,54,False,False,False,False,False,True,False,False,False,False,False,False,False,False,Vendredi-12-14h,NON,Vendredi,2020-03-27 12:00
16166,55,True,False,False,False,True,True,False,True,False,False,False,False,False,False,Vendredi-12-14h,NON,Vendredi,2020-03-27 12:00
16167,257,False,False,False,False,True,False,False,False,False,False,False,False,False,False,Vendredi-12-14h,NON,Vendredi,2020-03-27 12:00
16168,67,False,False,False,False,False,False,False,False,False,False,False,False,False,False,Vendredi-12-14h,NON,Vendredi,2020-03-27 12:00
16169,71,True,False,True,False,False,False,False,False,False,False,False,False,False,False,Vendredi-12-14h,NON,Vendredi,2020-03-27 12:00
16170,280,False,False,False,False,False,True,False,False,False,False,False,False,False,False,Vendredi-12-14h,OUI,Vendredi,2020-03-27 12:00
16171,283,True,True,False,False,False,False,False,False,False,False,False,False,False,False,Vendredi-12-14h,OUI,Vendredi,2020-03-27 12:00
16172,154,False,False,False,False,True,True,False,False,False,False,False,True,False,False,Vendredi-12-14h,NON,Vendredi,2020-03-27 12:00
16173,171,False,False,False,False,False,False,False,False,False,False,False,True,False,False,Vendredi-12-14h,OUI,Vendredi,2020-03-27 12:00
16174,131,False,False,True,False,False,False,False,False,False,False,False,False,False,False,Vendredi-12-14h,OUI,Vendredi,2020-03-27 12:00
16175,237,True,False,False,False,False,True,True,False,False,False,False,False,True,False,Vendredi-12-14h,NON,Vendredi,2020-03-27 12:00
16176,75,False,False,False,False,True,True,False,False,False,False,False,False,False,False,Vendredi-12-14h,NON,Vendredi,2020-03-27 12:00
16177,235,True,False,False,False,True,False,False,False,False,False,False,False,False,False,Vendredi-12-14h,NON,Vendredi,2020-03-27 12:00
16178,180,False,False,False,False,True,True,False,False,False,False,False,False,False,False,Vendredi-12-14h,OUI,Vendredi,2020-03-27 12:00
16179,219,False,False,False,False,False,True,False,False,False,False,False,False,False,False,Vendredi-12-14h,OUI,Vendredi,2020-03-27 12:00
16180,250,False,False,False,False,False,False,False,False,True,False,False,False,False,False,Vendredi-12-14h,NON,Vendredi,2020-03-27 12:00
16181,267,True,True,False,False,False,False,False,False,False,False,False,False,False,False,Vendredi-12-14h,OUI,Vendredi,2020-03-27 12:00
16182,160,False,True,False,False,False,True,False,False,False,False,False,False,False,False,Vendredi-12-14h,NON,Vendredi,2020-03-27 12:00
16183,182,False,True,False,False,True,True,True,False,False,False,False,False,False,False,Vendredi-12-14h,OUI,Vendredi,2020-03-27 12:00
16184,143,False,False,False,False,False,False,False,True,False,False,True,False,False,False,Vendredi-12-14h,OUI,Vendredi,2020-03-27 12:00
16185,223,True,True,False,False,False,False,False,False,False,False,False,False,False,False,Vendredi-12-14h,NON,Vendredi,2020-03-27 12:00
16186,192,True,False,True,False,False,False,False,False,False,False,False,False,False,False,Vendredi-12-14h,NON,Vendredi,2020-03-27 12:00
16187,30,False,False,True,False,False,False,False,True,False,False,False,False,False,False,Vendredi-12-14h,OUI,Vendredi,2020-03-27 12:00
16188,125,True,False,False,False,True,False,False,True,False,False,False,False,False,False,Vendredi-12-14h,NON,Vendredi,2020-03-27 12:00
16189,39,False,False,True,False,True,False,False,True,False,False,False,False,False,False,Vendredi-12-14h,OUI,Vendredi,2020-03-27 12:00
16190,113,True,False,True,False,False,False,False,False,False,False,False,False,False,False,Vendredi-12-14h,OUI,Vendredi,2020-03-27 12:00
16191,121,True,False,True,False,False,False,False,True,False,False,False,False,False,False,Vendredi-12-14h,NON,Vendredi,2020-03-27 12:00
16192,228,False,False,False,False,False,False,False,False,False,False,True,False,False,False,Vendredi-12-14h,OUI,Vendredi,2020-03-27 12:00
16193,290,False,False,False,False,False,False,False,False,True,False,False,False,False,False,Vendredi-12-14h,NON,Vendredi,2020-03-27 12:00
16194,197,False,False,True,False,True,False,False,False,False,False,False,False,False,False,Vendredi-12-14h,NON,Vendredi,2020-03-27 12:00
16195,31,True,True,True,False,False,True,False,False,False,False,False,False,False,False,Vendredi-12-14h,NON,Vendredi,2020-03-27 12:00
16196,173,True,False,False,False,True,True,False,True,False,False,False,False,False,False,Vendredi-12-14h,NON,Vendredi,2020-03-27 12:00
16197,74,True,False,False,True,False,False,False,True,False,False,True,False,False,False,Vendredi-12-14h,NON,Vendredi,2020-03-27 12:00
16198,15,False,False,True,False,False,False,False,False,False,False,False,False,False,False,Vendredi-12-14h,NON,Vendredi,2020-03-27 12:00
16199,45,True,False,False,False,True,True,False,True,False,False,False,False,False,False,Vendredi-12-14h,OUI,Vendredi,2020-03-27 12:00
16200,63,False,False,True,False,False,False,False,False,False,False,False,False,False,False,Vendredi-12-14h,NON,Vendredi,2020-03-27 12:00
16201,3,False,False,False,False,False,True,False,False,False,False,False,True,False,False,Vendredi-12-14h,OUI,Vendredi,2020-03-27 12:00
16202,21,True,False,True,False,False,False,False,False,False,False,False,False,False,False,Vendredi-12-14h,OUI,Vendredi,2020-03-27 12:00
16203,78,False,True,True,False,True,True,False,True,False,False,False,False,False,False,Vendredi-12-14h,NON,Vendredi,2020-03-27 12:00
16204,47,False,True,False,False,False,False,False,False,False,False,False,False,False,False,Vendredi-12-14h,NON,Vendredi,2020-03-27 12:00
16205,151,True,True,False,False,True,False,False,True,False,False,False,False,False,False,Vendredi-12-14h,OUI,Vendredi,2020-03-27 12:00
16206,6,True,False,True,False,False,False,False,False,False,False,False,False,False,False,Vendredi-12-14h,NON,Vendredi,2020-03-27 12:00
16207,135,True,False,True,False,False,False,False,False,False,False,False,False,True,False,Vendredi-12-14h,NON,Vendredi,2020-03-27 12:00
16208,221,False,False,False,False,True,True,False,False,False,False,False,False,False,False,Vendredi-12-14h,NON,Vendredi,2020-03-27 12:00
16209,170,False,False,True,False,False,False,False,False,False,False,True,False,False,True,Vendredi-12-14h,NON,Vendredi,2020-03-27 12:00
16210,129,False,True,False,False,False,False,False,False,False,False,False,False,False,False,Vendredi-12-14h,NON,Vendredi,2020-03-27 12:00
16211,132,True,True,True,False,False,True,False,False,False,False,False,False,False,False,Vendredi-12-14h,OUI,Vendredi,2020-03-27 12:00
16212,110,False,True,False,False,False,False,False,False,False,False,False,False,False,False,Vendredi-12-14h,NON,Vendredi,2020-03-27 12:00
16213,191,False,False,False,False,False,True,False,False,False,False,False,False,False,False,Vendredi-12-14h,NON,Vendredi,2020-03-27 12:00
16214,94,True,True,True,False,False,True,False,False,False,False,True,False,True,False,Vendredi-12-14h,OUI,Vendredi,2020-03-27 12:00
16215,108,False,False,False,False,False,True,True,False,False,False,False,False,False,False,Vendredi-12-14h,OUI,Vendredi,2020-03-27 12:00
16216,236,False,False,False,False,True,True,False,False,False,False,False,False,False,False,Vendredi-12-14h,OUI,Vendredi,2020-03-27 12:00
16217,42,True,False,True,False,True,False,False,False,False,False,False,False,False,False,Vendredi-12-14h,OUI,Vendredi,2020-03-27 12:00
16218,155,True,False,False,False,True,False,False,False,False,False,False,False,False,False,Vendredi-12-14h,OUI,Vendredi,2020-03-27 12:00
16219,1,False,False,False,False,False,False,False,False,False,False,False,False,False,False,Vendredi-12-14h,NON,Vendredi,2020-03-27 12:00
16220,58,False,True,True,False,False,True,False,False,False,False,True,False,False,False,Vendredi-12-14h,OUI,Vendredi,2020-03-27 12:00
16221,0,False,True,False,False,False,False,False,False,False,False,False,False,False,False,Vendredi-12-14h,NON,Vendredi,2020-03-27 12:00
16222,269,False,False,False,False,False,False,False,False,False,False,False,False,False,False,Vendredi-12-14h,NON,Vendredi,2020-03-27 12:00
16223,2,True,False,True,False,False,False,False,False,False,False,False,False,False,False,Vendredi-12-14h,NON,Vendredi,2020-03-27 12:00
16224,103,False,False,False,False,True,False,False,False,False,False,False,False,False,False,Vendredi-12-14h,NON,Vendredi,2020-03-27 12:00
16225,12,False,True,False,False,True,False,False,False,False,False,False,False,False,False,Vendredi-12-14h,NON,Vendredi,2020-03-27 12:00
16226,245,True,False,False,False,True,True,False,True,False,False,False,False,False,False,Vendredi-12-14h,NON,Vendredi,2020-03-27 12:00
16227,161,False,False,True,False,False,False,False,False,False,False,True,False,False,False,Vendredi-12-14h,NON,Vendredi,2020-03-27 12:00
16228,38,False,False,False,False,False,False,False,False,True,False,False,False,False,False,Vendredi-12-14h,OUI,Vendredi,2020-03-27 12:00
16229,122,False,False,False,False,False,False,False,False,False,False,False,False,False,False,Vendredi-12-14h,NON,Vendredi,2020-03-27 12:00
16230,248,False,False,True,False,False,False,False,False,False,False,False,False,True,False,Vendredi-12-14h,NON,Vendredi,2020-03-27 12:00
16231,271,False,True,True,False,False,True,False,False,False,False,False,False,False,False,Vendredi-12-14h,OUI,Vendredi,2020-03-27 12:00
16232,116,False,False,True,False,False,False,False,False,False,False,False,False,False,False,Vendredi-12-14h,OUI,Vendredi,2020-03-27 12:00
16233,117,True,True,True,True,False,True,False,False,False,False,False,False,False,False,Vendredi-12-14h,NON,Vendredi,2020-03-27 12:00
16234,213,False,False,False,False,True,True,False,True,False,False,False,False,False,False,Vendredi-12-14h,NON,Vendredi,2020-03-27 12:00
16235,220,False,True,True,False,False,True,False,False,False,False,False,False,False,False,Vendredi-12-14h,OUI,Vendredi,2020-03-27 12:00
16236,176,False,False,True,False,False,False,False,False,False,False,False,False,False,False,Vendredi-12-14h,OUI,Vendredi,2020-03-27 12:00
16237,96,False,False,False,False,True,True,False,False,False,True,False,False,False,False,Vendredi-12-14h,NON,Vendredi,2020-03-27 12:00
16238,214,False,False,False,False,True,True,False,False,False,True,False,False,False,False,Vendredi-12-14h,OUI,Vendredi,2020-03-27 12:00
16239,11,True,False,False,True,False,False,False,False,False,False,True,False,False,False,Vendredi-12-14h,NON,Vendredi,2020-03-27 12:00
16240,255,True,False,True,False,False,False,False,True,False,False,False,False,False,False,Vendredi-12-14h,OUI,Vendredi,2020-03-27 12:00
16241,86,False,False,True,False,False,False,False,False,False,False,False,False,False,False,Vendredi-12-14h,OUI,Vendredi,2020-03-27 12:00
16242,209,True,False,False,False,True,True,False,True,False,False,False,False,False,False,Vendredi-12-14h,OUI,Vendredi,2020-03-27 12:00
16243,291,False,False,False,False,False,True,False,False,True,False,False,False,False,False,Vendredi-12-14h,NON,Vendredi,2020-03-27 12:00
16244,287,False,False,False,False,False,False,False,False,False,False,False,True,False,False,Vendredi-12-14h,NON,Vendredi,2020-03-27 12:00
16245,104,False,False,False,False,True,True,False,False,False,False,False,False,False,False,Vendredi-12-14h,NON,Vendredi,2020-03-27 12:00
16246,18,False,False,False,False,True,False,False,False,False,False,False,False,False,False,Vendredi-12-14h,OUI,Vendredi,2020-03-27 12:00
16247,123,False,True,False,False,True,True,False,False,False,False,False,False,False,False,Vendredi-12-14h,OUI,Vendredi,2020-03-27 12:00
16248,136,False,False,False,False,True,False,False,False,False,False,False,False,False,False,Vendredi-12-14h,NON,Vendredi,2020-03-27 12:00
16249,276,True,False,True,False,False,False,False,False,False,False,False,False,False,False,Vendredi-12-14h,OUI,Vendredi,2020-03-27 12:00
16250,53,False,False,False,False,True,True,False,False,False,False,False,False,False,False,Vendredi-12-14h,OUI,Vendredi,2020-03-27 12:00
16251,179,True,False,True,False,False,False,False,False,False,False,False,False,False,False,Vendredi-12-14h,OUI,Vendredi,2020-03-27 12:00
16252,200,False,False,False,False,False,False,False,False,False,False,False,False,False,False,Vendredi-12-14h,NON,Vendredi,2020-03-27 12:00
16253,73,False,False,False,False,False,False,False,False,False,False,False,False,False,False,Vendredi-12-14h,NON,Vendredi,2020-03-27 12:00
16254,156,False,False,False,False,True,True,False,False,False,False,False,False,False,False,Vendredi-12-14h,OUI,Vendredi,2020-03-27 12:00
16255,128,True,True,True,False,False,True,False,False,False,False,False,False,False,False,Vendredi-12-14h,NON,Vendredi,2020-03-27 12:00
16256,118,False,False,False,False,False,False,False,False,False,False,False,False,False,False,Vendredi-12-14h,NON,Vendredi,2020-03-27 12:00
16257,112,True,False,True,False,False,False,False,False,False,False,False,False,False,False,Vendredi-12-14h,OUI,Vendredi,2020-03-27 12:00
16258,35,False,False,False,False,True,True,False,False,False,False,False,False,False,False,Vendredi-12-14h,NON,Vendredi,2020-03-27 12:00
16259,32,False,False,False,False,False,False,False,False,False,False,False,True,False,False,Vendredi-12-14h,NON,Vendredi,2020-03-27 12:00
16260,199,True,False,True,False,False,False,False,False,False,False,False,False,False,False,Vendredi-12-14h,OUI,Vendredi,2020-03-27 12:00
16261,153,True,False,False,False,True,True,False,False,False,False,False,False,False,False,Vendredi-12-14h,NON,Vendredi,2020-03-27 12:00
16262,82,False,False,True,False,False,False,False,False,False,False,False,False,False,False,Vendredi-12-14h,OUI,Vendredi,2020-03-27 12:00
16263,292,False,True,False,False,False,False,False,False,False,False,False,False,False,False,Vendredi-12-14h,OUI,Vendredi,2020-03-27 12:00
16264,169,False,False,False,True,False,False,False,False,False,False,False,False,False,False,Vendredi-12-14h,OUI,Vendredi,2020-03-27 12:00
16265,16,False,False,False,False,True,True,False,False,False,False,False,False,False,False,Vendredi-12-14h,OUI,Vendredi,2020-03-27 12:00
16266,46,True,True,True,False,False,True,True,False,False,False,False,False,False,False,Vendredi-12-14h,NON,Vendredi,2020-03-27 12:00
16267,216,False,True,False,False,False,True,False,False,False,False,False,False,False,False,Vendredi-12-14h,OUI,Vendredi,2020-03-27 12:00
16268,174,False,True,True,False,False,True,False,False,False,False,True,False,False,False,Vendredi-12-14h,NON,Vendredi,2020-03-27 12:00
16269,43,False,False,False,False,True,False,False,False,False,False,False,False,False,False,Vendredi-12-14h,NON,Vendredi,2020-03-27 12:00
16270,165,False,False,False,False,True,True,False,False,False,False,False,False,False,False,Vendredi-12-14h,NON,Vendredi,2020-03-27 12:00
16271,126,False,True,False,False,False,True,False,False,False,False,False,False,False,False,Vendredi-12-14h,OUI,Vendredi,2020-03-27 12:00
16272,41,False,False,False,False,False,True,False,False,True,False,False,False,False,False,Vendredi-12-14h,OUI,Vendredi,2020-03-27 12:00
16273,157,False,False,True,False,False,False,False,False,False,False,False,False,False,False,Vendredi-12-14h,OUI,Vendredi,2020-03-27 12:00
16274,272,False,True,True,False,False,False,True,False,False,False,True,False,True,True,Vendredi-12-14h,OUI,Vendredi,2020-03-27 12:00
16275,115,True,False,True,False,False,False,False,False,False,False,False,False,False,False,Vendredi-12-14h,NON,Vendredi,2020-03-27 12:00
16276,84,False,False,False,False,False,False,False,False,False,False,False,True,False,False,Vendredi-12-14h,NON,Vendredi,2020-03-27 12:00
16277,183,True,True,True,True,False,False,False,False,False,False,False,False,False,False,Vendredi-12-14h,OUI,Vendredi,2020-03-27 12:00
16278,65,True,True,False,False,False,True,False,False,False,False,False,False,False,False,Vendredi-12-14h,NON,Vendredi,2020-03-27 12:00
16279,105,True,False,False,False,False,False,False,False,False,False,False,False,False,False,Vendredi-12-14h,OUI,Vendredi,2020-03-27 12:00
16280,187,True,False,False,False,False,True,False,False,False,False,False,False,False,False,Vendredi-12-14h,OUI,Vendredi,2020-03-27 12:00
16281,139,True,False,True,False,False,False,False,False,False,False,False,False,False,False,Vendredi-12-14h,NON,Vendredi,2020-03-27 12:00
16282,259,False,False,False,False,True,True,False,False,False,False,False,False,False,False,Vendredi-12-14h,OUI,Vendredi,2020-03-27 12:00
16283,124,True,False,True,False,False,False,False,False,False,False,True,False,False,False,Vendredi-12-14h,OUI,Vendredi,2020-03-27 12:00
16284,98,False,False,False,False,False,True,False,False,False,False,False,True,False,False,Vendredi-12-14h,OUI,Vendredi,2020-03-27 12:00
16285,284,False,True,True,False,False,True,False,False,False,False,False,False,True,False,Vendredi-12-14h,OUI,Vendredi,2020-03-27 12:00
16286,148,True,False,True,False,True,False,False,True,False,False,False,False,False,False,Vendredi-12-14h,OUI,Vendredi,2020-03-27 12:00
16287,258,True,False,True,False,False,False,False,False,False,False,False,False,False,False,Vendredi-12-14h,OUI,Vendredi,2020-03-27 12:00
16288,175,False,False,False,False,False,True,False,False,False,False,False,False,False,False,Vendredi-12-14h,OUI,Vendredi,2020-03-27 12:00
16289,119,False,False,False,False,False,False,False,False,False,False,True,False,False,False,Vendredi-12-14h,NON,Vendredi,2020-03-27 12:00
16290,229,True,False,True,False,False,False,False,True,False,False,False,False,False,False,Vendredi-12-14h,OUI,Vendredi,2020-03-27 12:00
16291,230,False,False,False,False,False,True,True,False,False,False,False,False,False,False,Vendredi-12-14h,NON,Vendredi,2020-03-27 12:00
16292,17,True,False,False,False,False,True,True,False,False,False,False,False,False,False,Vendredi-12-14h,OUI,Vendredi,2020-03-27 12:00
16293,177,False,False,False,False,False,False,False,False,False,False,False,False,False,False,Vendredi-12-14h,NON,Vendredi,2020-03-27 12:00
16294,7,False,False,False,False,False,False,False,False,False,False,False,False,False,False,Vendredi-12-14h,NON,Vendredi,2020-03-27 12:00
16295,241,False,False,True,False,False,False,False,False,False,False,False,False,False,False,Vendredi-12-14h,NON,Vendredi,2020-03-27 12:00
16296,8,True,False,False,False,True,True,False,True,False,False,False,False,False,False,Vendredi-12-14h,NON,Vendredi,2020-03-27 12:00
16297,268,False,True,False,False,False,True,False,False,False,False,False,False,False,False,Vendredi-12-14h,OUI,Vendredi,2020-03-27 12:00
16298,294,False,False,True,False,True,False,False,False,False,False,False,False,False,False,Vendredi-12-14h,OUI,Vendredi,2020-03-27 12:00
16299,242,True,False,False,False,True,True,False,False,False,False,False,False,False,False,Vendredi-12-14h,NON,Vendredi,2020-03-27 12:00
16300,194,False,False,False,False,False,True,False,False,False,False,False,False,False,False,Vendredi-12-14h,NON,Vendredi,2020-03-27 12:00
16301,243,False,False,False,False,True,True,False,False,False,False,False,False,False,False,Vendredi-12-14h,NON,Vendredi,2020-03-27 12:00
16302,212,True,True,True,False,False,True,False,False,False,False,False,False,False,False,Vendredi-12-14h,OUI,Vendredi,2020-03-27 12:00
16303,19,False,False,False,False,False,True,False,False,False,False,False,False,False,False,Vendredi-12-14h,OUI,Vendredi,2020-03-27 12:00
16304,114,False,False,False,False,True,False,False,False,False,False,False,False,False,False,Vendredi-12-14h,OUI,Vendredi,2020-03-27 12:00
16305,190,False,False,False,False,False,True,False,False,True,False,False,False,False,False,Vendredi-12-14h,NON,Vendredi,2020-03-27 12:00
16306,64,False,False,True,False,False,False,False,False,False,False,False,False,False,False,Vendredi-12-14h,OUI,Vendredi,2020-03-27 12:00
16307,227,False,False,False,False,False,False,False,False,False,False,False,False,False,False,Vendredi-12-14h,NON,Vendredi,2020-03-27 12:00
16308,232,False,False,False,False,False,True,False,False,False,False,False,False,False,False,Vendredi-12-14h,OUI,Vendredi,2020-03-27 12:00
16309,246,False,True,False,False,False,True,True,False,False,False,False,False,False,False,Vendredi-12-14h,NON,Vendredi,2020-03-27 12:00
16310,100,False,False,False,False,False,True,False,False,False,False,False,False,False,False,Vendredi-12-14h,NON,Vendredi,2020-03-27 12:00
16311,13,False,False,False,False,True,False,False,False,False,False,False,False,False,False,Vendredi-12-14h,NON,Vendredi,2020-03-27 12:00
16312,262,True,True,True,False,False,False,False,False,False,False,False,False,False,False,Vendredi-12-14h,NON,Vendredi,2020-03-27 12:00
16313,76,True,True,True,False,False,True,False,False,False,False,True,False,False,False,Vendredi-12-14h,NON,Vendredi,2020-03-27 12:00
16314,261,False,True,False,False,True,False,False,False,False,False,False,False,False,False,Vendredi-12-14h,OUI,Vendredi,2020-03-27 12:00
16315,150,False,True,False,False,False,False,False,False,False,False,False,False,False,False,Vendredi-12-14h,OUI,Vendredi,2020-03-27 12:00
16316,205,False,False,False,False,False,False,False,False,False,False,False,False,False,False,Vendredi-12-14h,NON,Vendredi,2020-03-27 12:00
16317,56,False,False,False,False,True,True,False,False,False,False,False,False,False,False,Vendredi-12-14h,OUI,Vendredi,2020-03-27 12:00
16318,186,False,False,False,False,True,False,False,False,False,False,False,False,False,False,Vendredi-12-14h,OUI,Vendredi,2020-03-27 12:00
16319,162,True,False,False,False,True,True,False,False,False,False,False,False,False,False,Vendredi-12-14h,NON,Vendredi,2020-03-27 12:00
16320,68,False,True,False,False,True,True,False,False,False,False,False,False,False,False,Vendredi-12-14h,OUI,Vendredi,2020-03-27 12:00
16321,146,False,False,False,False,False,True,False,False,False,False,False,True,False,False,Vendredi-12-14h,OUI,Vendredi,2020-03-27 12:00
16322,49,False,False,False,False,False,False,False,False,False,False,False,False,True,False,Vendredi-12-14h,NON,Vendredi,2020-03-27 12:00
16323,91,True,False,True,True,False,False,False,False,False,False,False,False,False,False,Vendredi-12-14h,OUI,Vendredi,2020-03-27 12:00
16324,22,False,False,False,False,False,False,False,False,False,True,False,False,False,False,Vendredi-12-14h,NON,Vendredi,2020-03-27 12:00
16325,151,False,False,False,False,True,False,False,False,False,False,False,False,False,False,Vendredi-12-14h,NON,Vendredi,2020-03-27 12:00
16326,193,False,False,False,False,True,True,False,False,False,False,False,False,False,False,Vendredi-12-14h,OUI,Vendredi,2020-03-27 12:00
16327,9,True,True,False,False,False,False,False,False,False,False,False,False,False,False,Vendredi-12-14h,NON,Vendredi,2020-03-27 12:00
16328,99,True,False,True,False,False,False,False,False,False,False,False,False,False,False,Vendredi-12-14h,OUI,Vendredi,2020-03-27 12:00
16329,181,False,False,False,False,True,True,False,False,False,False,False,False,False,False,Vendredi-12-14h,OUI,Vendredi,2020-03-27 12:00
16330,111,False,False,False,False,False,True,False,True,False,False,False,False,False,False,Vendredi-12-14h,OUI,Vendredi,2020-03-27 12:00
16331,44,False,True,False,False,False,True,False,False,False,False,False,False,False,False,Vendredi-12-14h,NON,Vendredi,2020-03-27 12:00
16332,24,False,False,False,False,True,False,False,True,False,False,False,False,False,False,Vendredi-12-14h,NON,Vendredi,2020-03-27 12:00
16333,102,False,False,False,False,True,True,False,True,False,False,False,False,False,False,Vendredi-12-14h,NON,Vendredi,2020-03-27 12:00
16334,203,True,True,False,False,False,False,False,True,False,False,False,False,False,False,Vendredi-12-14h,NON,Vendredi,2020-03-27 12:00
16335,140,False,False,False,False,True,True,False,True,False,False,False,False,False,False,Vendredi-12-14h,NON,Vendredi,2020-03-27 12:00
16336,188,False,False,False,False,False,True,False,False,True,False,False,False,False,False,Vendredi-12-14h,OUI,Vendredi,2020-03-27 12:00
16337,206,False,False,False,True,False,False,False,False,False,False,True,False,False,False,Vendredi-12-14h,OUI,Vendredi,2020-03-27 12:00
16338,273,False,False,False,False,False,False,False,False,False,False,False,True,False,False,Vendredi-12-14h,OUI,Vendredi,2020-03-27 12:00
16339,69,True,False,True,False,False,False,False,False,False,False,False,False,False,False,Vendredi-12-14h,OUI,Vendredi,2020-03-27 12:00
16340,87,True,False,False,True,False,False,False,False,False,False,True,False,False,False,Vendredi-12-14h,NON,Vendredi,2020-03-27 12:00
16341,83,True,False,True,False,False,False,False,False,False,False,False,False,False,False,Vendredi-12-14h,OUI,Vendredi,2020-03-27 12:00
16342,149,True,False,True,True,False,False,False,False,False,False,False,False,False,False,Vendredi-12-14h,NON,Vendredi,2020-03-27 12:00
16343,274,False,False,False,False,False,True,False,False,False,False,False,False,False,False,Vendredi-12-14h,NON,Vendredi,2020-03-27 12:00
16344,282,True,False,True,True,False,False,False,False,False,False,False,False,False,False,Vendredi-12-14h,OUI,Vendredi,2020-03-27 12:00
16345,147,False,False,False,False,False,False,False,False,False,False,False,False,False,False,Vendredi-12-14h,NON,Vendredi,2020-03-27 12:00
16346,238,False,False,False,False,False,False,False,False,False,False,False,True,False,False,Vendredi-12-14h,NON,Vendredi,2020-03-27 12:00
16347,201,False,False,False,False,False,False,False,False,False,False,False,False,False,False,Vendredi-12-14h,NON,Vendredi,2020-03-27 12:00
16348,152,False,True,False,False,False,False,False,False,False,False,False,False,False,False,Vendredi-12-14h,NON,Vendredi,2020-03-27 12:00
16349,222,False,False,False,False,False,True,False,False,True,True,False,False,False,False,Vendredi-12-14h,OUI,Vendredi,2020-03-27 12:00
16350,106,False,False,False,False,False,True,False,False,False,False,False,True,False,False,Vendredi-12-14h,NON,Vendredi,2020-03-27 12:00
16351,133,False,False,True,False,True,False,False,False,False,False,False,False,False,False,Vendredi-12-14h,OUI,Vendredi,2020-03-27 12:00
16352,163,False,False,False,False,True,False,False,False,False,False,False,False,False,False,Vendredi-12-14h,OUI,Vendredi,2020-03-27 12:00
16353,231,False,False,False,False,False,False,False,False,False,False,False,False,False,False,Vendredi-12-14h,NON,Vendredi,2020-03-27 12:00
16354,25,False,False,False,False,True,False,False,False,False,False,False,False,False,False,Vendredi-12-14h,NON,Vendredi,2020-03-27 12:00
16355,196,False,False,True,False,True,False,False,True,False,False,False,False,False,False,Vendredi-12-14h,OUI,Vendredi,2020-03-27 12:00
16356,5,False,False,False,False,True,True,False,False,False,False,False,False,False,False,Vendredi-12-14h,OUI,Vendredi,2020-03-27 12:00
16357,90,False,True,False,False,False,False,False,False,False,False,False,False,False,False,Vendredi-12-14h,NON,Vendredi,2020-03-27 12:00
16358,244,True,False,True,False,False,False,False,False,False,False,False,False,False,False,Vendredi-12-14h,OUI,Vendredi,2020-03-27 12:00
16359,107,False,True,False,False,False,True,False,False,False,False,False,False,False,False,Vendredi-12-14h,OUI,Vendredi,2020-03-27 12:00
16360,218,False,True,False,False,True,True,False,False,False,False,False,False,False,False,Vendredi-12-14h,NON,Vendredi,2020-03-27 12:00
16361,62,False,True,True,False,True,True,False,False,False,False,False,False,False,False,Vendredi-12-14h,NON,Vendredi,2020-03-27 12:00
16362,79,False,True,False,False,False,False,False,False,False,False,False,False,False,False,Vendredi-12-14h,OUI,Vendredi,2020-03-27 12:00
16363,208,False,False,False,False,False,True,False,False,False,False,False,False,False,False,Vendredi-12-14h,OUI,Vendredi,2020-03-27 12:00
16364,270,False,False,False,False,False,False,False,False,True,False,False,False,False,False,Vendredi-12-14h,NON,Vendredi,2020-03-27 12:00
16365,166,True,False,False,False,True,True,False,False,False,False,False,False,False,False,Vendredi-12-14h,OUI,Vendredi,2020-03-27 12:00
16366,77,False,False,True,False,True,False,False,False,False,False,False,False,False,False,Vendredi-12-14h,NON,Vendredi,2020-03-27 12:00
16367,29,False,False,False,False,False,True,False,False,False,False,False,True,False,False,Vendredi-12-14h,OUI,Vendredi,2020-03-27 12:00
16368,240,False,False,False,False,False,True,False,False,False,False,False,False,False,False,Vendredi-12-14h,NON,Vendredi,2020-03-27 12:00
16369,184,False,True,False,False,False,False,False,False,False,False,False,False,False,False,Vendredi-12-14h,OUI,Vendredi,2020-03-27 12:00
16370,277,False,True,True,False,False,True,False,False,False,False,False,False,False,False,Vendredi-12-14h,OUI,Vendredi,2020-03-27 12:00
16371,80,True,False,False,False,False,True,False,False,False,True,False,False,False,False,Vendredi-12-14h,OUI,Vendredi,2020-03-27 12:00
16372,185,True,True,True,False,False,True,False,False,False,False,True,False,True,False,Vendredi-12-14h,NON,Vendredi,2020-03-27 12:00
16373,204,False,False,False,False,True,True,False,False,False,False,False,True,False,False,Vendredi-12-14h,OUI,Vendredi,2020-03-27 12:00
16374,252,True,True,True,False,False,True,False,False,False,False,False,False,False,False,Vendredi-12-14h,NON,Vendredi,2020-03-27 12:00
16375,26,False,False,False,False,True,False,False,False,False,False,False,False,False,False,Vendredi-12-14h,NON,Vendredi,2020-03-27 12:00
16376,70,False,False,False,False,True,False,False,False,False,False,False,True,False,False,Vendredi-12-14h,NON,Vendredi,2020-03-27 12:00
16377,233,False,False,False,False,True,False,False,False,False,False,False,False,False,False,Vendredi-12-14h,OUI,Vendredi,2020-03-27 12:00
16378,37,True,True,True,False,True,True,False,False,False,False,False,False,False,False,Vendredi-12-14h,NON,Vendredi,2020-03-27 12:00
16379,185,False,False,True,False,False,False,False,False,False,False,False,False,False,False,Vendredi-12-14h,OUI,Vendredi,2020-03-27 12:00
16380,138,True,False,False,False,True,True,False,False,False,False,False,False,False,False,Vendredi-12-14h,NON,Vendredi,2020-03-27 12:00
16381,224,True,False,True,False,False,False,False,False,False,False,False,False,False,False,Vendredi-12-14h,NON,Vendredi,2020-03-27 12:00
16382,66,False,False,False,False,True,True,False,False,False,False,False,False,True,False,Vendredi-12-14h,OUI,Vendredi,2020-03-27 12:00
16383,211,False,False,True,False,False,False,False,False,False,False,False,False,True,False,Vendredi-12-14h,NON,Vendredi,2020-03-27 12:00
16384,14,False,False,False,False,True,True,False,False,False,False,False,False,False,False,Vendredi-12-14h,NON,Vendredi,2020-03-27 12:00
16385,145,False,False,False,False,True,False,False,False,False,False,False,False,False,False,Vendredi-12-14h,NON,Vendredi,2020-03-27 12:00
16386,36,False,False,False,False,False,False,False,False,False,False,False,True,False,False,Vendredi-12-14h,OUI,Vendredi,2020-03-27 12:00
16387,60,True,True,True,False,False,True,False,False,False,False,False,False,False,False,Vendredi-12-14h,OUI,Vendredi,2020-03-27 12:00
16388,137,True,True,True,False,False,True,False,False,False,False,True,False,False,False,Vendredi-12-14h,OUI,Vendredi,2020-03-27 12:00
16389,285,False,True,False,False,True,True,False,False,False,False,False,False,False,False,Vendredi-12-14h,OUI,Vendredi,2020-03-27 12:00
16390,40,False,True,True,False,True,True,False,False,False,False,False,False,False,False,Vendredi-12-14h,OUI,Vendredi,2020-03-27 12:00
16391,97,False,False,False,False,False,True,False,False,False,False,False,False,False,False,Vendredi-12-14h,NON,Vendredi,2020-03-27 12:00
16392,109,True,False,True,True,False,False,False,False,False,False,False,False,False,False,Vendredi-12-14h,NON,Vendredi,2020-03-27 12:00
16393,10,False,False,False,False,False,False,False,False,False,False,False,False,False,False,Vendredi-12-14h,NON,Vendredi,2020-03-27 12:00
16394,256,False,False,False,False,False,False,False,False,False,False,False,True,False,False,Vendredi-12-14h,NON,Vendredi,2020-03-27 12:00
16395,141,True,True,True,False,False,False,False,False,False,False,True,False,False,False,Vendredi-12-14h,NON,Vendredi,2020-03-27 12:00
16396,28,False,False,False,False,False,False,False,False,False,False,False,False,False,False,Vendredi-12-14h,NON,Vendredi,2020-03-27 12:00
16397,101,True,True,True,True,True,True,False,False,False,False,False,False,False,False,Vendredi-12-14h,OUI,Vendredi,2020-03-27 12:00
16398,48,True,False,True,False,True,False,False,False,False,False,False,False,True,False,Vendredi-12-14h,OUI,Vendredi,2020-03-27 12:00
16399,27,False,False,False,False,False,True,False,False,False,False,False,False,False,False,Vendredi-12-14h,OUI,Vendredi,2020-03-27 12:00
16400,142,True,False,True,False,False,False,False,False,False,False,True,False,True,False,Vendredi-12-14h,NON,Vendredi,2020-03-27 12:00
16401,234,False,False,True,False,False,False,False,False,False,False,True,False,False,False,Vendredi-12-14h,NON,Vendredi,2020-03-27 12:00
16402,23,False,False,False,False,True,False,False,False,False,False,False,False,False,False,Vendredi-12-14h,NON,Vendredi,2020-03-27 12:00
16403,195,False,False,False,False,True,False,False,False,True,False,False,False,False,False,Vendredi-12-14h,NON,Vendredi,2020-03-27 12:00
16404,275,False,False,False,False,False,False,False,False,False,False,False,True,False,False,Vendredi-12-14h,NON,Vendredi,2020-03-27 12:00
16405,226,False,False,False,False,True,True,False,False,False,False,False,False,False,False,Vendredi-12-14h,NON,Vendredi,2020-03-27 12:00
16406,207,False,False,True,False,False,False,False,False,False,False,False,False,False,False,Vendredi-12-14h,OUI,Vendredi,2020-03-27 12:00
16407,57,False,False,False,False,False,False,False,False,False,False,False,False,False,False,Vendredi-12-14h,NON,Vendredi,2020-03-27 12:00
16408,4,False,True,False,False,False,True,False,False,False,False,False,False,False,False,Vendredi-12-14h,NON,Vendredi,2020-03-27 12:00
16409,265,False,False,False,False,False,True,False,False,False,False,False,False,False,False,Vendredi-12-14h,OUI,Vendredi,2020-03-27 12:00
16410,88,False,True,False,False,False,False,False,False,False,False,False,False,False,False,Vendredi-12-14h,NON,Vendredi,2020-03-27 12:00
16411,198,False,False,False,False,False,False,False,False,False,False,True,False,False,False,Vendredi-12-14h,NON,Vendredi,2020-03-27 12:00
16412,249,True,True,True,False,False,False,False,False,False,False,False,False,False,False,Vendredi-12-14h,NON,Vendredi,2020-03-27 12:00
16413,263,False,False,False,False,True,True,False,False,False,False,False,False,False,False,Vendredi-12-14h,OUI,Vendredi,2020-03-27 12:00
16414,217,True,False,True,False,False,False,False,False,False,False,False,False,True,False,Vendredi-12-14h,OUI,Vendredi,2020-03-27 12:00
16415,278,False,False,False,False,True,True,False,False,False,False,False,False,False,False,Vendredi-12-14h,NON,Vendredi,2020-03-27 12:00
16416,189,False,True,False,False,False,False,False,False,False,False,False,False,False,False,Vendredi-12-14h,NON,Vendredi,2020-03-27 12:00
16417,61,True,False,True,False,False,False,False,False,False,False,False,False,False,False,Vendredi-12-14h,NON,Vendredi,2020-03-27 12:00
16418,251,False,False,False,False,False,False,False,False,False,False,False,False,True,False,Vendredi-12-14h,OUI,Vendredi,2020-03-27 12:00
16419,281,False,True,False,False,False,False,False,False,False,False,False,False,False,False,Vendredi-12-14h,NON,Vendredi,2020-03-27 12:00
16420,134,False,True,False,False,False,False,False,False,False,False,False,False,False,False,Vendredi-12-14h,NON,Vendredi,2020-03-27 12:00
16421,293,False,True,False,False,False,True,False,False,False,False,False,False,False,False,Vendredi-12-14h,OUI,Vendredi,2020-03-27 12:00
16422,279,True,True,True,True,False,True,False,False,False,False,False,False,False,False,Vendredi-12-14h,OUI,Vendredi,2020-03-27 12:00
16423,81,True,False,True,True,False,False,False,True,False,False,False,False,False,False,Vendredi-12-14h,NON,Vendredi,2020-03-27 12:00
16424,92,True,False,False,True,False,False,False,False,False,False,True,False,False,False,Vendredi-12-14h,NON,Vendredi,2020-03-27 12:00
16425,147,False,False,False,False,False,False,False,False,False,False,False,False,False,False,Vendredi-12-14h,NON,Vendredi,2020-03-27 12:00
16426,33,False,True,False,False,True,False,False,False,False,False,False,False,False,False,Vendredi-12-14h,NON,Vendredi,2020-03-27 12:00
16427,266,False,False,False,False,False,False,False,False,False,False,False,False,False,False,Vendredi-12-14h,NON,Vendredi,2020-03-27 12:00
16428,225,True,False,False,False,False,True,False,False,False,False,False,False,False,False,Vendredi-12-14h,NON,Vendredi,2020-03-27 12:00
16429,83,True,False,True,False,False,False,False,False,False,False,False,False,False,False,Vendredi-12-14h,OUI,Vendredi,2020-03-27 12:00
16430,95,False,False,False,False,True,True,False,True,False,False,False,False,False,False,Vendredi-12-14h,NON,Vendredi,2020-03-27 12:00
16431,127,False,False,False,False,True,False,False,False,False,False,False,False,False,False,Vendredi-12-14h,OUI,Vendredi,2020-03-27 12:00
16432,20,False,False,False,False,False,False,False,False,False,False,False,False,False,False,Vendredi-12-14h,NON,Vendredi,2020-03-27 12:00
16433,89,False,False,False,False,False,False,False,False,True,False,False,False,False,False,Vendredi-12-14h,NON,Vendredi,2020-03-27 12:00
16434,120,False,True,True,False,True,True,False,True,False,False,True,False,False,False,Vendredi-12-14h,NON,Vendredi,2020-03-27 12:00
16435,253,False,False,False,False,True,True,False,False,False,False,False,True,False,False,Vendredi-12-14h,NON,Vendredi,2020-03-27 12:00
16436,52,False,False,True,False,False,False,False,False,False,False,False,False,False,False,Vendredi-12-14h,OUI,Vendredi,2020-03-27 12:00
16437,168,True,False,True,False,False,False,False,True,False,False,False,False,False,False,Vendredi-12-14h,OUI,Vendredi,2020-03-27 12:00
16438,202,False,True,False,False,False,False,False,False,False,False,False,False,False,False,Vendredi-12-14h,NON,Vendredi,2020-03-27 12:00
16439,172,False,False,False,False,True,False,False,False,False,False,False,False,False,False,Vendredi-12-14h,OUI,Vendredi,2020-03-27 12:00
16440,239,False,False,False,False,True,True,False,False,False,False,False,False,False,False,Vendredi-12-14h,NON,Vendredi,2020-03-27 12:00
16441,85,False,False,False,False,True,False,False,False,False,False,False,False,False,False,Vendredi-12-14h,NON,Vendredi,2020-03-27 12:00
16442,215,False,False,False,False,False,False,False,False,True,False,False,False,False,False,Vendredi-12-14h,OUI,Vendredi,2020-03-27 12:00
16443,260,True,False,True,False,False,False,False,False,False,False,False,False,False,False,Vendredi-12-14h,NON,Vendredi,2020-03-27 12:00
16444,286,True,True,False,False,True,False,False,False,False,False,False,False,False,False,Vendredi-12-14h,OUI,Vendredi,2020-03-27 12:00
16445,72,False,True,False,False,False,False,False,False,False,False,False,False,False,False,Vendredi-14-16h,OUI,Vendredi,2020-03-27 14:00
16446,167,True,True,True,True,True,True,False,False,False,False,False,False,False,False,Vendredi-14-16h,OUI,Vendredi,2020-03-27 14:00
16447,130,True,False,True,False,False,False,False,True,False,False,False,False,True,True,Vendredi-14-16h,NON,Vendredi,2020-03-27 14:00
16448,288,True,True,True,False,True,False,False,False,False,False,False,False,False,False,Vendredi-14-16h,OUI,Vendredi,2020-03-27 14:00
16449,59,False,False,False,False,False,True,False,False,False,False,False,False,False,False,Vendredi-14-16h,NON,Vendredi,2020-03-27 14:00
16450,178,True,False,False,False,False,False,False,False,False,False,True,False,False,False,Vendredi-14-16h,OUI,Vendredi,2020-03-27 14:00
16451,254,False,False,False,False,False,False,False,False,False,False,False,True,False,False,Vendredi-14-16h,OUI,Vendredi,2020-03-27 14:00
16452,34,False,False,False,False,False,False,False,False,False,False,False,False,False,False,Vendredi-14-16h,NON,Vendredi,2020-03-27 14:00
16453,264,False,False,False,False,True,True,True,False,False,False,False,False,False,False,Vendredi-14-16h,OUI,Vendredi,2020-03-27 14:00
16454,158,True,False,False,False,True,False,False,False,False,True,False,False,False,False,Vendredi-14-16h,OUI,Vendredi,2020-03-27 14:00
16455,210,False,True,False,False,True,True,False,False,False,False,False,False,False,False,Vendredi-14-16h,OUI,Vendredi,2020-03-27 14:00
16456,93,False,False,False,False,True,False,False,False,False,False,False,False,True,False,Vendredi-14-16h,OUI,Vendredi,2020-03-27 14:00
16457,144,True,False,True,False,True,False,False,False,False,False,False,False,False,False,Vendredi-14-16h,OUI,Vendredi,2020-03-27 14:00
16458,164,False,True,False,False,True,True,False,False,False,False,False,False,False,False,Vendredi-14-16h,OUI,Vendredi,2020-03-27 14:00
16459,289,False,False,False,False,True,True,False,False,False,False,False,False,False,False,Vendredi-14-16h,NON,Vendredi,2020-03-27 14:00
16460,50,False,False,False,False,False,False,False,False,False,False,False,False,False,False,Vendredi-14-16h,NON,Vendredi,2020-03-27 14:00
16461,51,True,True,False,False,True,False,False,False,False,False,False,False,False,False,Vendredi-14-16h,OUI,Vendredi,2020-03-27 14:00
16462,247,False,False,True,False,False,False,False,False,False,False,False,False,False,False,Vendredi-14-16h,NON,Vendredi,2020-03-27 14:00
16463,159,False,False,False,False,False,False,False,True,False,False,False,False,False,False,Vendredi-14-16h,NON,Vendredi,2020-03-27 14:00
16464,54,False,False,False,False,False,True,False,False,False,False,False,False,False,False,Vendredi-14-16h,NON,Vendredi,2020-03-27 14:00
16465,55,True,False,False,False,True,True,False,True,False,False,False,False,False,False,Vendredi-14-16h,NON,Vendredi,2020-03-27 14:00
16466,257,False,False,False,False,True,False,False,False,False,False,False,False,False,False,Vendredi-14-16h,OUI,Vendredi,2020-03-27 14:00
16467,67,False,False,False,False,False,False,False,False,False,False,False,False,False,False,Vendredi-14-16h,NON,Vendredi,2020-03-27 14:00
16468,71,True,False,True,False,False,False,False,False,False,False,False,False,False,False,Vendredi-14-16h,NON,Vendredi,2020-03-27 14:00
16469,280,False,False,False,False,False,True,False,False,False,False,False,False,False,False,Vendredi-14-16h,OUI,Vendredi,2020-03-27 14:00
16470,283,True,True,False,False,False,False,False,False,False,False,False,False,False,False,Vendredi-14-16h,OUI,Vendredi,2020-03-27 14:00
16471,154,False,False,False,False,True,True,False,False,False,False,False,True,False,False,Vendredi-14-16h,NON,Vendredi,2020-03-27 14:00
16472,171,False,False,False,False,False,False,False,False,False,False,False,True,False,False,Vendredi-14-16h,OUI,Vendredi,2020-03-27 14:00
16473,131,False,False,True,False,False,False,False,False,False,False,False,False,False,False,Vendredi-14-16h,OUI,Vendredi,2020-03-27 14:00
16474,237,True,False,False,False,False,True,True,False,False,False,False,False,True,False,Vendredi-14-16h,NON,Vendredi,2020-03-27 14:00
16475,75,False,False,False,False,True,True,False,False,False,False,False,False,False,False,Vendredi-14-16h,NON,Vendredi,2020-03-27 14:00
16476,235,True,False,False,False,True,False,False,False,False,False,False,False,False,False,Vendredi-14-16h,NON,Vendredi,2020-03-27 14:00
16477,180,False,False,False,False,True,True,False,False,False,False,False,False,False,False,Vendredi-14-16h,OUI,Vendredi,2020-03-27 14:00
16478,219,False,False,False,False,False,True,False,False,False,False,False,False,False,False,Vendredi-14-16h,OUI,Vendredi,2020-03-27 14:00
16479,250,False,False,False,False,False,False,False,False,True,False,False,False,False,False,Vendredi-14-16h,NON,Vendredi,2020-03-27 14:00
16480,267,True,True,False,False,False,False,False,False,False,False,False,False,False,False,Vendredi-14-16h,OUI,Vendredi,2020-03-27 14:00
16481,160,False,True,False,False,False,True,False,False,False,False,False,False,False,False,Vendredi-14-16h,NON,Vendredi,2020-03-27 14:00
16482,182,False,True,False,False,True,True,True,False,False,False,False,False,False,False,Vendredi-14-16h,OUI,Vendredi,2020-03-27 14:00
16483,143,False,False,False,False,False,False,False,True,False,False,True,False,False,False,Vendredi-14-16h,OUI,Vendredi,2020-03-27 14:00
16484,223,True,True,False,False,False,False,False,False,False,False,False,False,False,False,Vendredi-14-16h,NON,Vendredi,2020-03-27 14:00
16485,192,True,False,True,False,False,False,False,False,False,False,False,False,False,False,Vendredi-14-16h,NON,Vendredi,2020-03-27 14:00
16486,30,False,False,True,False,False,False,False,True,False,False,False,False,False,False,Vendredi-14-16h,OUI,Vendredi,2020-03-27 14:00
16487,125,True,False,False,False,True,False,False,True,False,False,False,False,False,False,Vendredi-14-16h,NON,Vendredi,2020-03-27 14:00
16488,39,False,False,True,False,True,False,False,True,False,False,False,False,False,False,Vendredi-14-16h,OUI,Vendredi,2020-03-27 14:00
16489,113,True,False,True,False,False,False,False,False,False,False,False,False,False,False,Vendredi-14-16h,OUI,Vendredi,2020-03-27 14:00
16490,121,True,False,True,False,False,False,False,True,False,False,False,False,False,False,Vendredi-14-16h,NON,Vendredi,2020-03-27 14:00
16491,228,False,False,False,False,False,False,False,False,False,False,True,False,False,False,Vendredi-14-16h,OUI,Vendredi,2020-03-27 14:00
16492,290,False,False,False,False,False,False,False,False,True,False,False,False,False,False,Vendredi-14-16h,NON,Vendredi,2020-03-27 14:00
16493,197,False,False,True,False,True,False,False,False,False,False,False,False,False,False,Vendredi-14-16h,NON,Vendredi,2020-03-27 14:00
16494,31,True,True,True,False,False,True,False,False,False,False,False,False,False,False,Vendredi-14-16h,NON,Vendredi,2020-03-27 14:00
16495,173,True,False,False,False,True,True,False,True,False,False,False,False,False,False,Vendredi-14-16h,NON,Vendredi,2020-03-27 14:00
16496,74,True,False,False,True,False,False,False,True,False,False,True,False,False,False,Vendredi-14-16h,NON,Vendredi,2020-03-27 14:00
16497,15,False,False,True,False,False,False,False,False,False,False,False,False,False,False,Vendredi-14-16h,NON,Vendredi,2020-03-27 14:00
16498,45,True,False,False,False,True,True,False,True,False,False,False,False,False,False,Vendredi-14-16h,OUI,Vendredi,2020-03-27 14:00
16499,63,False,False,True,False,False,False,False,False,False,False,False,False,False,False,Vendredi-14-16h,NON,Vendredi,2020-03-27 14:00
16500,3,False,False,False,False,False,True,False,False,False,False,False,True,False,False,Vendredi-14-16h,OUI,Vendredi,2020-03-27 14:00
16501,21,True,False,True,False,False,False,False,False,False,False,False,False,False,False,Vendredi-14-16h,OUI,Vendredi,2020-03-27 14:00
16502,78,False,True,True,False,True,True,False,True,False,False,False,False,False,False,Vendredi-14-16h,NON,Vendredi,2020-03-27 14:00
16503,47,False,True,False,False,False,False,False,False,False,False,False,False,False,False,Vendredi-14-16h,NON,Vendredi,2020-03-27 14:00
16504,151,True,True,False,False,True,False,False,True,False,False,False,False,False,False,Vendredi-14-16h,NON,Vendredi,2020-03-27 14:00
16505,6,True,False,True,False,False,False,False,False,False,False,False,False,False,False,Vendredi-14-16h,NON,Vendredi,2020-03-27 14:00
16506,135,True,False,True,False,False,False,False,False,False,False,False,False,True,False,Vendredi-14-16h,NON,Vendredi,2020-03-27 14:00
16507,221,False,False,False,False,True,True,False,False,False,False,False,False,False,False,Vendredi-14-16h,NON,Vendredi,2020-03-27 14:00
16508,170,False,False,True,False,False,False,False,False,False,False,True,False,False,True,Vendredi-14-16h,NON,Vendredi,2020-03-27 14:00
16509,129,False,True,False,False,False,False,False,False,False,False,False,False,False,False,Vendredi-14-16h,NON,Vendredi,2020-03-27 14:00
16510,132,True,True,True,False,False,True,False,False,False,False,False,False,False,False,Vendredi-14-16h,OUI,Vendredi,2020-03-27 14:00
16511,110,False,True,False,False,False,False,False,False,False,False,False,False,False,False,Vendredi-14-16h,NON,Vendredi,2020-03-27 14:00
16512,191,False,False,False,False,False,True,False,False,False,False,False,False,False,False,Vendredi-14-16h,NON,Vendredi,2020-03-27 14:00
16513,94,True,True,True,False,False,True,False,False,False,False,True,False,True,False,Vendredi-14-16h,OUI,Vendredi,2020-03-27 14:00
16514,108,False,False,False,False,False,True,True,False,False,False,False,False,False,False,Vendredi-14-16h,OUI,Vendredi,2020-03-27 14:00
16515,236,False,False,False,False,True,True,False,False,False,False,False,False,False,False,Vendredi-14-16h,OUI,Vendredi,2020-03-27 14:00
16516,42,True,False,True,False,True,False,False,False,False,False,False,False,False,False,Vendredi-14-16h,OUI,Vendredi,2020-03-27 14:00
16517,155,True,False,False,False,True,False,False,False,False,False,False,False,False,False,Vendredi-14-16h,NON,Vendredi,2020-03-27 14:00
16518,1,False,False,False,False,False,False,False,False,False,False,False,False,False,False,Vendredi-14-16h,NON,Vendredi,2020-03-27 14:00
16519,58,False,True,True,False,False,True,False,False,False,False,True,False,False,False,Vendredi-14-16h,OUI,Vendredi,2020-03-27 14:00
16520,0,False,True,False,False,False,False,False,False,False,False,False,False,False,False,Vendredi-14-16h,NON,Vendredi,2020-03-27 14:00
16521,269,False,False,False,False,False,False,False,False,False,False,False,False,False,False,Vendredi-14-16h,NON,Vendredi,2020-03-27 14:00
16522,2,True,False,True,False,False,False,False,False,False,False,False,False,False,False,Vendredi-14-16h,NON,Vendredi,2020-03-27 14:00
16523,103,False,False,False,False,True,False,False,False,False,False,False,False,False,False,Vendredi-14-16h,NON,Vendredi,2020-03-27 14:00
16524,12,False,True,False,False,True,False,False,False,False,False,False,False,False,False,Vendredi-14-16h,NON,Vendredi,2020-03-27 14:00
16525,245,True,False,False,False,True,True,False,True,False,False,False,False,False,False,Vendredi-14-16h,OUI,Vendredi,2020-03-27 14:00
16526,161,False,False,True,False,False,False,False,False,False,False,True,False,False,False,Vendredi-14-16h,NON,Vendredi,2020-03-27 14:00
16527,38,False,False,False,False,False,False,False,False,True,False,False,False,False,False,Vendredi-14-16h,OUI,Vendredi,2020-03-27 14:00
16528,122,False,False,False,False,False,False,False,False,False,False,False,False,False,False,Vendredi-14-16h,NON,Vendredi,2020-03-27 14:00
16529,248,False,False,True,False,False,False,False,False,False,False,False,False,True,False,Vendredi-14-16h,NON,Vendredi,2020-03-27 14:00
16530,271,False,True,True,False,False,True,False,False,False,False,False,False,False,False,Vendredi-14-16h,OUI,Vendredi,2020-03-27 14:00
16531,116,False,False,True,False,False,False,False,False,False,False,False,False,False,False,Vendredi-14-16h,OUI,Vendredi,2020-03-27 14:00
16532,117,True,True,True,True,False,True,False,False,False,False,False,False,False,False,Vendredi-14-16h,NON,Vendredi,2020-03-27 14:00
16533,213,False,False,False,False,True,True,False,True,False,False,False,False,False,False,Vendredi-14-16h,NON,Vendredi,2020-03-27 14:00
16534,220,False,True,True,False,False,True,False,False,False,False,False,False,False,False,Vendredi-14-16h,OUI,Vendredi,2020-03-27 14:00
16535,176,False,False,True,False,False,False,False,False,False,False,False,False,False,False,Vendredi-14-16h,OUI,Vendredi,2020-03-27 14:00
16536,96,False,False,False,False,True,True,False,False,False,True,False,False,False,False,Vendredi-14-16h,OUI,Vendredi,2020-03-27 14:00
16537,214,False,False,False,False,True,True,False,False,False,True,False,False,False,False,Vendredi-14-16h,OUI,Vendredi,2020-03-27 14:00
16538,11,True,False,False,True,False,False,False,False,False,False,True,False,False,False,Vendredi-14-16h,NON,Vendredi,2020-03-27 14:00
16539,255,True,False,True,False,False,False,False,True,False,False,False,False,False,False,Vendredi-14-16h,OUI,Vendredi,2020-03-27 14:00
16540,86,False,False,True,False,False,False,False,False,False,False,False,False,False,False,Vendredi-14-16h,OUI,Vendredi,2020-03-27 14:00
16541,209,True,False,False,False,True,True,False,True,False,False,False,False,False,False,Vendredi-14-16h,OUI,Vendredi,2020-03-27 14:00
16542,291,False,False,False,False,False,True,False,False,True,False,False,False,False,False,Vendredi-14-16h,NON,Vendredi,2020-03-27 14:00
16543,287,False,False,False,False,False,False,False,False,False,False,False,True,False,False,Vendredi-14-16h,NON,Vendredi,2020-03-27 14:00
16544,104,False,False,False,False,True,True,False,False,False,False,False,False,False,False,Vendredi-14-16h,NON,Vendredi,2020-03-27 14:00
16545,18,False,False,False,False,True,False,False,False,False,False,False,False,False,False,Vendredi-14-16h,OUI,Vendredi,2020-03-27 14:00
16546,123,False,True,False,False,True,True,False,False,False,False,False,False,False,False,Vendredi-14-16h,OUI,Vendredi,2020-03-27 14:00
16547,136,False,False,False,False,True,False,False,False,False,False,False,False,False,False,Vendredi-14-16h,NON,Vendredi,2020-03-27 14:00
16548,276,True,False,True,False,False,False,False,False,False,False,False,False,False,False,Vendredi-14-16h,OUI,Vendredi,2020-03-27 14:00
16549,53,False,False,False,False,True,True,False,False,False,False,False,False,False,False,Vendredi-14-16h,OUI,Vendredi,2020-03-27 14:00
16550,179,True,False,True,False,False,False,False,False,False,False,False,False,False,False,Vendredi-14-16h,OUI,Vendredi,2020-03-27 14:00
16551,200,False,False,False,False,False,False,False,False,False,False,False,False,False,False,Vendredi-14-16h,NON,Vendredi,2020-03-27 14:00
16552,73,False,False,False,False,False,False,False,False,False,False,False,False,False,False,Vendredi-14-16h,NON,Vendredi,2020-03-27 14:00
16553,156,False,False,False,False,True,True,False,False,False,False,False,False,False,False,Vendredi-14-16h,OUI,Vendredi,2020-03-27 14:00
16554,128,True,True,True,False,False,True,False,False,False,False,False,False,False,False,Vendredi-14-16h,NON,Vendredi,2020-03-27 14:00
16555,118,False,False,False,False,False,False,False,False,False,False,False,False,False,False,Vendredi-14-16h,NON,Vendredi,2020-03-27 14:00
16556,112,True,False,True,False,False,False,False,False,False,False,False,False,False,False,Vendredi-14-16h,OUI,Vendredi,2020-03-27 14:00
16557,35,False,False,False,False,True,True,False,False,False,False,False,False,False,False,Vendredi-14-16h,NON,Vendredi,2020-03-27 14:00
16558,32,False,False,False,False,False,False,False,False,False,False,False,True,False,False,Vendredi-14-16h,NON,Vendredi,2020-03-27 14:00
16559,199,True,False,True,False,False,False,False,False,False,False,False,False,False,False,Vendredi-14-16h,OUI,Vendredi,2020-03-27 14:00
16560,153,True,False,False,False,True,True,False,False,False,False,False,False,False,False,Vendredi-14-16h,NON,Vendredi,2020-03-27 14:00
16561,82,False,False,True,False,False,False,False,False,False,False,False,False,False,False,Vendredi-14-16h,OUI,Vendredi,2020-03-27 14:00
16562,292,False,True,False,False,False,False,False,False,False,False,False,False,False,False,Vendredi-14-16h,OUI,Vendredi,2020-03-27 14:00
16563,169,False,False,False,True,False,False,False,False,False,False,False,False,False,False,Vendredi-14-16h,OUI,Vendredi,2020-03-27 14:00
16564,16,False,False,False,False,True,True,False,False,False,False,False,False,False,False,Vendredi-14-16h,OUI,Vendredi,2020-03-27 14:00
16565,46,True,True,True,False,False,True,True,False,False,False,False,False,False,False,Vendredi-14-16h,NON,Vendredi,2020-03-27 14:00
16566,216,False,True,False,False,False,True,False,False,False,False,False,False,False,False,Vendredi-14-16h,OUI,Vendredi,2020-03-27 14:00
16567,174,False,True,True,False,False,True,False,False,False,False,True,False,False,False,Vendredi-14-16h,NON,Vendredi,2020-03-27 14:00
16568,43,False,False,False,False,True,False,False,False,False,False,False,False,False,False,Vendredi-14-16h,NON,Vendredi,2020-03-27 14:00
16569,165,False,False,False,False,True,True,False,False,False,False,False,False,False,False,Vendredi-14-16h,NON,Vendredi,2020-03-27 14:00
16570,126,False,True,False,False,False,True,False,False,False,False,False,False,False,False,Vendredi-14-16h,OUI,Vendredi,2020-03-27 14:00
16571,41,False,False,False,False,False,True,False,False,True,False,False,False,False,False,Vendredi-14-16h,OUI,Vendredi,2020-03-27 14:00
16572,157,False,False,True,False,False,False,False,False,False,False,False,False,False,False,Vendredi-14-16h,OUI,Vendredi,2020-03-27 14:00
16573,272,False,True,True,False,False,False,True,False,False,False,True,False,True,True,Vendredi-14-16h,OUI,Vendredi,2020-03-27 14:00
16574,115,True,False,True,False,False,False,False,False,False,False,False,False,False,False,Vendredi-14-16h,NON,Vendredi,2020-03-27 14:00
16575,84,False,False,False,False,False,False,False,False,False,False,False,True,False,False,Vendredi-14-16h,NON,Vendredi,2020-03-27 14:00
16576,183,True,True,True,True,False,False,False,False,False,False,False,False,False,False,Vendredi-14-16h,OUI,Vendredi,2020-03-27 14:00
16577,65,True,True,False,False,False,True,False,False,False,False,False,False,False,False,Vendredi-14-16h,NON,Vendredi,2020-03-27 14:00
16578,105,True,False,False,False,False,False,False,False,False,False,False,False,False,False,Vendredi-14-16h,OUI,Vendredi,2020-03-27 14:00
16579,187,True,False,False,False,False,True,False,False,False,False,False,False,False,False,Vendredi-14-16h,OUI,Vendredi,2020-03-27 14:00
16580,139,True,False,True,False,False,False,False,False,False,False,False,False,False,False,Vendredi-14-16h,NON,Vendredi,2020-03-27 14:00
16581,259,False,False,False,False,True,True,False,False,False,False,False,False,False,False,Vendredi-14-16h,OUI,Vendredi,2020-03-27 14:00
16582,124,True,False,True,False,False,False,False,False,False,False,True,False,False,False,Vendredi-14-16h,OUI,Vendredi,2020-03-27 14:00
16583,98,False,False,False,False,False,True,False,False,False,False,False,True,False,False,Vendredi-14-16h,OUI,Vendredi,2020-03-27 14:00
16584,284,False,True,True,False,False,True,False,False,False,False,False,False,True,False,Vendredi-14-16h,OUI,Vendredi,2020-03-27 14:00
16585,148,True,False,True,False,True,False,False,True,False,False,False,False,False,False,Vendredi-14-16h,OUI,Vendredi,2020-03-27 14:00
16586,258,True,False,True,False,False,False,False,False,False,False,False,False,False,False,Vendredi-14-16h,OUI,Vendredi,2020-03-27 14:00
16587,175,False,False,False,False,False,True,False,False,False,False,False,False,False,False,Vendredi-14-16h,OUI,Vendredi,2020-03-27 14:00
16588,119,False,False,False,False,False,False,False,False,False,False,True,False,False,False,Vendredi-14-16h,NON,Vendredi,2020-03-27 14:00
16589,229,True,False,True,False,False,False,False,True,False,False,False,False,False,False,Vendredi-14-16h,OUI,Vendredi,2020-03-27 14:00
16590,230,False,False,False,False,False,True,True,False,False,False,False,False,False,False,Vendredi-14-16h,NON,Vendredi,2020-03-27 14:00
16591,17,True,False,False,False,False,True,True,False,False,False,False,False,False,False,Vendredi-14-16h,OUI,Vendredi,2020-03-27 14:00
16592,177,False,False,False,False,False,False,False,False,False,False,False,False,False,False,Vendredi-14-16h,NON,Vendredi,2020-03-27 14:00
16593,7,False,False,False,False,False,False,False,False,False,False,False,False,False,False,Vendredi-14-16h,NON,Vendredi,2020-03-27 14:00
16594,241,False,False,True,False,False,False,False,False,False,False,False,False,False,False,Vendredi-14-16h,NON,Vendredi,2020-03-27 14:00
16595,8,True,False,False,False,True,True,False,True,False,False,False,False,False,False,Vendredi-14-16h,NON,Vendredi,2020-03-27 14:00
16596,268,False,True,False,False,False,True,False,False,False,False,False,False,False,False,Vendredi-14-16h,OUI,Vendredi,2020-03-27 14:00
16597,294,False,False,True,False,True,False,False,False,False,False,False,False,False,False,Vendredi-14-16h,OUI,Vendredi,2020-03-27 14:00
16598,242,True,False,False,False,True,True,False,False,False,False,False,False,False,False,Vendredi-14-16h,NON,Vendredi,2020-03-27 14:00
16599,194,False,False,False,False,False,True,False,False,False,False,False,False,False,False,Vendredi-14-16h,NON,Vendredi,2020-03-27 14:00
16600,243,False,False,False,False,True,True,False,False,False,False,False,False,False,False,Vendredi-14-16h,NON,Vendredi,2020-03-27 14:00
16601,212,True,True,True,False,False,True,False,False,False,False,False,False,False,False,Vendredi-14-16h,OUI,Vendredi,2020-03-27 14:00
16602,19,False,False,False,False,False,True,False,False,False,False,False,False,False,False,Vendredi-14-16h,OUI,Vendredi,2020-03-27 14:00
16603,114,False,False,False,False,True,False,False,False,False,False,False,False,False,False,Vendredi-14-16h,OUI,Vendredi,2020-03-27 14:00
16604,190,False,False,False,False,False,True,False,False,True,False,False,False,False,False,Vendredi-14-16h,NON,Vendredi,2020-03-27 14:00
16605,64,False,False,True,False,False,False,False,False,False,False,False,False,False,False,Vendredi-14-16h,OUI,Vendredi,2020-03-27 14:00
16606,227,False,False,False,False,False,False,False,False,False,False,False,False,False,False,Vendredi-14-16h,NON,Vendredi,2020-03-27 14:00
16607,232,False,False,False,False,False,True,False,False,False,False,False,False,False,False,Vendredi-14-16h,OUI,Vendredi,2020-03-27 14:00
16608,246,False,True,False,False,False,True,True,False,False,False,False,False,False,False,Vendredi-14-16h,NON,Vendredi,2020-03-27 14:00
16609,100,False,False,False,False,False,True,False,False,False,False,False,False,False,False,Vendredi-14-16h,NON,Vendredi,2020-03-27 14:00
16610,13,False,False,False,False,True,False,False,False,False,False,False,False,False,False,Vendredi-14-16h,NON,Vendredi,2020-03-27 14:00
16611,262,True,True,True,False,False,False,False,False,False,False,False,False,False,False,Vendredi-14-16h,NON,Vendredi,2020-03-27 14:00
16612,76,True,True,True,False,False,True,False,False,False,False,True,False,False,False,Vendredi-14-16h,NON,Vendredi,2020-03-27 14:00
16613,261,False,True,False,False,True,False,False,False,False,False,False,False,False,False,Vendredi-14-16h,OUI,Vendredi,2020-03-27 14:00
16614,150,False,True,False,False,False,False,False,False,False,False,False,False,False,False,Vendredi-14-16h,OUI,Vendredi,2020-03-27 14:00
16615,205,False,False,False,False,False,False,False,False,False,False,False,False,False,False,Vendredi-14-16h,NON,Vendredi,2020-03-27 14:00
16616,56,False,False,False,False,True,True,False,False,False,False,False,False,False,False,Vendredi-14-16h,OUI,Vendredi,2020-03-27 14:00
16617,186,False,False,False,False,True,False,False,False,False,False,False,False,False,False,Vendredi-14-16h,OUI,Vendredi,2020-03-27 14:00
16618,162,True,False,False,False,True,True,False,False,False,False,False,False,False,False,Vendredi-14-16h,NON,Vendredi,2020-03-27 14:00
16619,68,False,True,False,False,True,True,False,False,False,False,False,False,False,False,Vendredi-14-16h,OUI,Vendredi,2020-03-27 14:00
16620,146,False,False,False,False,False,True,False,False,False,False,False,True,False,False,Vendredi-14-16h,OUI,Vendredi,2020-03-27 14:00
16621,49,False,False,False,False,False,False,False,False,False,False,False,False,True,False,Vendredi-14-16h,NON,Vendredi,2020-03-27 14:00
16622,91,True,False,True,True,False,False,False,False,False,False,False,False,False,False,Vendredi-14-16h,OUI,Vendredi,2020-03-27 14:00
16623,22,False,False,False,False,False,False,False,False,False,True,False,False,False,False,Vendredi-14-16h,NON,Vendredi,2020-03-27 14:00
16624,151,False,False,False,False,True,False,False,False,False,False,False,False,False,False,Vendredi-14-16h,NON,Vendredi,2020-03-27 14:00
16625,193,False,False,False,False,True,True,False,False,False,False,False,False,False,False,Vendredi-14-16h,NON,Vendredi,2020-03-27 14:00
16626,9,True,True,False,False,False,False,False,False,False,False,False,False,False,False,Vendredi-14-16h,NON,Vendredi,2020-03-27 14:00
16627,99,True,False,True,False,False,False,False,False,False,False,False,False,False,False,Vendredi-14-16h,OUI,Vendredi,2020-03-27 14:00
16628,181,False,False,False,False,True,True,False,False,False,False,False,False,False,False,Vendredi-14-16h,OUI,Vendredi,2020-03-27 14:00
16629,111,False,False,False,False,False,True,False,True,False,False,False,False,False,False,Vendredi-14-16h,OUI,Vendredi,2020-03-27 14:00
16630,44,False,True,False,False,False,True,False,False,False,False,False,False,False,False,Vendredi-14-16h,NON,Vendredi,2020-03-27 14:00
16631,24,False,False,False,False,True,False,False,True,False,False,False,False,False,False,Vendredi-14-16h,NON,Vendredi,2020-03-27 14:00
16632,102,False,False,False,False,True,True,False,True,False,False,False,False,False,False,Vendredi-14-16h,NON,Vendredi,2020-03-27 14:00
16633,203,True,True,False,False,False,False,False,True,False,False,False,False,False,False,Vendredi-14-16h,NON,Vendredi,2020-03-27 14:00
16634,140,False,False,False,False,True,True,False,True,False,False,False,False,False,False,Vendredi-14-16h,OUI,Vendredi,2020-03-27 14:00
16635,188,False,False,False,False,False,True,False,False,True,False,False,False,False,False,Vendredi-14-16h,OUI,Vendredi,2020-03-27 14:00
16636,206,False,False,False,True,False,False,False,False,False,False,True,False,False,False,Vendredi-14-16h,OUI,Vendredi,2020-03-27 14:00
16637,273,False,False,False,False,False,False,False,False,False,False,False,True,False,False,Vendredi-14-16h,OUI,Vendredi,2020-03-27 14:00
16638,69,True,False,True,False,False,False,False,False,False,False,False,False,False,False,Vendredi-14-16h,OUI,Vendredi,2020-03-27 14:00
16639,87,True,False,False,True,False,False,False,False,False,False,True,False,False,False,Vendredi-14-16h,NON,Vendredi,2020-03-27 14:00
16640,83,True,False,True,False,False,False,False,False,False,False,False,False,False,False,Vendredi-14-16h,OUI,Vendredi,2020-03-27 14:00
16641,149,True,False,True,True,False,False,False,False,False,False,False,False,False,False,Vendredi-14-16h,NON,Vendredi,2020-03-27 14:00
16642,274,False,False,False,False,False,True,False,False,False,False,False,False,False,False,Vendredi-14-16h,NON,Vendredi,2020-03-27 14:00
16643,282,True,False,True,True,False,False,False,False,False,False,False,False,False,False,Vendredi-14-16h,OUI,Vendredi,2020-03-27 14:00
16644,147,False,False,False,False,False,False,False,False,False,False,False,False,False,False,Vendredi-14-16h,NON,Vendredi,2020-03-27 14:00
16645,238,False,False,False,False,False,False,False,False,False,False,False,True,False,False,Vendredi-14-16h,NON,Vendredi,2020-03-27 14:00
16646,201,False,False,False,False,False,False,False,False,False,False,False,False,False,False,Vendredi-14-16h,NON,Vendredi,2020-03-27 14:00
16647,152,False,True,False,False,False,False,False,False,False,False,False,False,False,False,Vendredi-14-16h,NON,Vendredi,2020-03-27 14:00
16648,222,False,False,False,False,False,True,False,False,True,True,False,False,False,False,Vendredi-14-16h,OUI,Vendredi,2020-03-27 14:00
16649,106,False,False,False,False,False,True,False,False,False,False,False,True,False,False,Vendredi-14-16h,NON,Vendredi,2020-03-27 14:00
16650,133,False,False,True,False,True,False,False,False,False,False,False,False,False,False,Vendredi-14-16h,OUI,Vendredi,2020-03-27 14:00
16651,163,False,False,False,False,True,False,False,False,False,False,False,False,False,False,Vendredi-14-16h,OUI,Vendredi,2020-03-27 14:00
16652,231,False,False,False,False,False,False,False,False,False,False,False,False,False,False,Vendredi-14-16h,NON,Vendredi,2020-03-27 14:00
16653,25,False,False,False,False,True,False,False,False,False,False,False,False,False,False,Vendredi-14-16h,NON,Vendredi,2020-03-27 14:00
16654,196,False,False,True,False,True,False,False,True,False,False,False,False,False,False,Vendredi-14-16h,OUI,Vendredi,2020-03-27 14:00
16655,5,False,False,False,False,True,True,False,False,False,False,False,False,False,False,Vendredi-14-16h,OUI,Vendredi,2020-03-27 14:00
16656,90,False,True,False,False,False,False,False,False,False,False,False,False,False,False,Vendredi-14-16h,NON,Vendredi,2020-03-27 14:00
16657,244,True,False,True,False,False,False,False,False,False,False,False,False,False,False,Vendredi-14-16h,OUI,Vendredi,2020-03-27 14:00
16658,107,False,True,False,False,False,True,False,False,False,False,False,False,False,False,Vendredi-14-16h,OUI,Vendredi,2020-03-27 14:00
16659,218,False,True,False,False,True,True,False,False,False,False,False,False,False,False,Vendredi-14-16h,NON,Vendredi,2020-03-27 14:00
16660,62,False,True,True,False,True,True,False,False,False,False,False,False,False,False,Vendredi-14-16h,NON,Vendredi,2020-03-27 14:00
16661,79,False,True,False,False,False,False,False,False,False,False,False,False,False,False,Vendredi-14-16h,OUI,Vendredi,2020-03-27 14:00
16662,208,False,False,False,False,False,True,False,False,False,False,False,False,False,False,Vendredi-14-16h,OUI,Vendredi,2020-03-27 14:00
16663,270,False,False,False,False,False,False,False,False,True,False,False,False,False,False,Vendredi-14-16h,OUI,Vendredi,2020-03-27 14:00
16664,166,True,False,False,False,True,True,False,False,False,False,False,False,False,False,Vendredi-14-16h,OUI,Vendredi,2020-03-27 14:00
16665,77,False,False,True,False,True,False,False,False,False,False,False,False,False,False,Vendredi-14-16h,NON,Vendredi,2020-03-27 14:00
16666,29,False,False,False,False,False,True,False,False,False,False,False,True,False,False,Vendredi-14-16h,OUI,Vendredi,2020-03-27 14:00
16667,240,False,False,False,False,False,True,False,False,False,False,False,False,False,False,Vendredi-14-16h,NON,Vendredi,2020-03-27 14:00
16668,184,False,True,False,False,False,False,False,False,False,False,False,False,False,False,Vendredi-14-16h,OUI,Vendredi,2020-03-27 14:00
16669,277,False,True,True,False,False,True,False,False,False,False,False,False,False,False,Vendredi-14-16h,OUI,Vendredi,2020-03-27 14:00
16670,80,True,False,False,False,False,True,False,False,False,True,False,False,False,False,Vendredi-14-16h,OUI,Vendredi,2020-03-27 14:00
16671,185,True,True,True,False,False,True,False,False,False,False,True,False,True,False,Vendredi-14-16h,NON,Vendredi,2020-03-27 14:00
16672,204,False,False,False,False,True,True,False,False,False,False,False,True,False,False,Vendredi-14-16h,OUI,Vendredi,2020-03-27 14:00
16673,252,True,True,True,False,False,True,False,False,False,False,False,False,False,False,Vendredi-14-16h,NON,Vendredi,2020-03-27 14:00
16674,26,False,False,False,False,True,False,False,False,False,False,False,False,False,False,Vendredi-14-16h,NON,Vendredi,2020-03-27 14:00
16675,70,False,False,False,False,True,False,False,False,False,False,False,True,False,False,Vendredi-14-16h,NON,Vendredi,2020-03-27 14:00
16676,233,False,False,False,False,True,False,False,False,False,False,False,False,False,False,Vendredi-14-16h,OUI,Vendredi,2020-03-27 14:00
16677,37,True,True,True,False,True,True,False,False,False,False,False,False,False,False,Vendredi-14-16h,OUI,Vendredi,2020-03-27 14:00
16678,185,False,False,True,False,False,False,False,False,False,False,False,False,False,False,Vendredi-14-16h,OUI,Vendredi,2020-03-27 14:00
16679,138,True,False,False,False,True,True,False,False,False,False,False,False,False,False,Vendredi-14-16h,NON,Vendredi,2020-03-27 14:00
16680,224,True,False,True,False,False,False,False,False,False,False,False,False,False,False,Vendredi-14-16h,NON,Vendredi,2020-03-27 14:00
16681,66,False,False,False,False,True,True,False,False,False,False,False,False,True,False,Vendredi-14-16h,OUI,Vendredi,2020-03-27 14:00
16682,211,False,False,True,False,False,False,False,False,False,False,False,False,True,False,Vendredi-14-16h,NON,Vendredi,2020-03-27 14:00
16683,14,False,False,False,False,True,True,False,False,False,False,False,False,False,False,Vendredi-14-16h,NON,Vendredi,2020-03-27 14:00
16684,145,False,False,False,False,True,False,False,False,False,False,False,False,False,False,Vendredi-14-16h,NON,Vendredi,2020-03-27 14:00
16685,36,False,False,False,False,False,False,False,False,False,False,False,True,False,False,Vendredi-14-16h,OUI,Vendredi,2020-03-27 14:00
16686,60,True,True,True,False,False,True,False,False,False,False,False,False,False,False,Vendredi-14-16h,OUI,Vendredi,2020-03-27 14:00
16687,137,True,True,True,False,False,True,False,False,False,False,True,False,False,False,Vendredi-14-16h,OUI,Vendredi,2020-03-27 14:00
16688,285,False,True,False,False,True,True,False,False,False,False,False,False,False,False,Vendredi-14-16h,OUI,Vendredi,2020-03-27 14:00
16689,40,False,True,True,False,True,True,False,False,False,False,False,False,False,False,Vendredi-14-16h,OUI,Vendredi,2020-03-27 14:00
16690,97,False,False,False,False,False,True,False,False,False,False,False,False,False,False,Vendredi-14-16h,NON,Vendredi,2020-03-27 14:00
16691,109,True,False,True,True,False,False,False,False,False,False,False,False,False,False,Vendredi-14-16h,NON,Vendredi,2020-03-27 14:00
16692,10,False,False,False,False,False,False,False,False,False,False,False,False,False,False,Vendredi-14-16h,NON,Vendredi,2020-03-27 14:00
16693,256,False,False,False,False,False,False,False,False,False,False,False,True,False,False,Vendredi-14-16h,NON,Vendredi,2020-03-27 14:00
16694,141,True,True,True,False,False,False,False,False,False,False,True,False,False,False,Vendredi-14-16h,NON,Vendredi,2020-03-27 14:00
16695,28,False,False,False,False,False,False,False,False,False,False,False,False,False,False,Vendredi-14-16h,NON,Vendredi,2020-03-27 14:00
16696,101,True,True,True,True,True,True,False,False,False,False,False,False,False,False,Vendredi-14-16h,OUI,Vendredi,2020-03-27 14:00
16697,48,True,False,True,False,True,False,False,False,False,False,False,False,True,False,Vendredi-14-16h,OUI,Vendredi,2020-03-27 14:00
16698,27,False,False,False,False,False,True,False,False,False,False,False,False,False,False,Vendredi-14-16h,OUI,Vendredi,2020-03-27 14:00
16699,142,True,False,True,False,False,False,False,False,False,False,True,False,True,False,Vendredi-14-16h,NON,Vendredi,2020-03-27 14:00
16700,234,False,False,True,False,False,False,False,False,False,False,True,False,False,False,Vendredi-14-16h,NON,Vendredi,2020-03-27 14:00
16701,23,False,False,False,False,True,False,False,False,False,False,False,False,False,False,Vendredi-14-16h,NON,Vendredi,2020-03-27 14:00
16702,195,False,False,False,False,True,False,False,False,True,False,False,False,False,False,Vendredi-14-16h,NON,Vendredi,2020-03-27 14:00
16703,275,False,False,False,False,False,False,False,False,False,False,False,True,False,False,Vendredi-14-16h,NON,Vendredi,2020-03-27 14:00
16704,226,False,False,False,False,True,True,False,False,False,False,False,False,False,False,Vendredi-14-16h,NON,Vendredi,2020-03-27 14:00
16705,207,False,False,True,False,False,False,False,False,False,False,False,False,False,False,Vendredi-14-16h,OUI,Vendredi,2020-03-27 14:00
16706,57,False,False,False,False,False,False,False,False,False,False,False,False,False,False,Vendredi-14-16h,NON,Vendredi,2020-03-27 14:00
16707,4,False,True,False,False,False,True,False,False,False,False,False,False,False,False,Vendredi-14-16h,NON,Vendredi,2020-03-27 14:00
16708,265,False,False,False,False,False,True,False,False,False,False,False,False,False,False,Vendredi-14-16h,OUI,Vendredi,2020-03-27 14:00
16709,88,False,True,False,False,False,False,False,False,False,False,False,False,False,False,Vendredi-14-16h,NON,Vendredi,2020-03-27 14:00
16710,198,False,False,False,False,False,False,False,False,False,False,True,False,False,False,Vendredi-14-16h,NON,Vendredi,2020-03-27 14:00
16711,249,True,True,True,False,False,False,False,False,False,False,False,False,False,False,Vendredi-14-16h,NON,Vendredi,2020-03-27 14:00
16712,263,False,False,False,False,True,True,False,False,False,False,False,False,False,False,Vendredi-14-16h,OUI,Vendredi,2020-03-27 14:00
16713,217,True,False,True,False,False,False,False,False,False,False,False,False,True,False,Vendredi-14-16h,OUI,Vendredi,2020-03-27 14:00
16714,278,False,False,False,False,True,True,False,False,False,False,False,False,False,False,Vendredi-14-16h,NON,Vendredi,2020-03-27 14:00
16715,189,False,True,False,False,False,False,False,False,False,False,False,False,False,False,Vendredi-14-16h,NON,Vendredi,2020-03-27 14:00
16716,61,True,False,True,False,False,False,False,False,False,False,False,False,False,False,Vendredi-14-16h,NON,Vendredi,2020-03-27 14:00
16717,251,False,False,False,False,False,False,False,False,False,False,False,False,True,False,Vendredi-14-16h,OUI,Vendredi,2020-03-27 14:00
16718,281,False,True,False,False,False,False,False,False,False,False,False,False,False,False,Vendredi-14-16h,NON,Vendredi,2020-03-27 14:00
16719,134,False,True,False,False,False,False,False,False,False,False,False,False,False,False,Vendredi-14-16h,NON,Vendredi,2020-03-27 14:00
16720,293,False,True,False,False,False,True,False,False,False,False,False,False,False,False,Vendredi-14-16h,OUI,Vendredi,2020-03-27 14:00
16721,279,True,True,True,True,False,True,False,False,False,False,False,False,False,False,Vendredi-14-16h,OUI,Vendredi,2020-03-27 14:00
16722,81,True,False,True,True,False,False,False,True,False,False,False,False,False,False,Vendredi-14-16h,NON,Vendredi,2020-03-27 14:00
16723,92,True,False,False,True,False,False,False,False,False,False,True,False,False,False,Vendredi-14-16h,NON,Vendredi,2020-03-27 14:00
16724,147,False,False,False,False,False,False,False,False,False,False,False,False,False,False,Vendredi-14-16h,NON,Vendredi,2020-03-27 14:00
16725,33,False,True,False,False,True,False,False,False,False,False,False,False,False,False,Vendredi-14-16h,NON,Vendredi,2020-03-27 14:00
16726,266,False,False,False,False,False,False,False,False,False,False,False,False,False,False,Vendredi-14-16h,NON,Vendredi,2020-03-27 14:00
16727,225,True,False,False,False,False,True,False,False,False,False,False,False,False,False,Vendredi-14-16h,NON,Vendredi,2020-03-27 14:00
16728,83,True,False,True,False,False,False,False,False,False,False,False,False,False,False,Vendredi-14-16h,OUI,Vendredi,2020-03-27 14:00
16729,95,False,False,False,False,True,True,False,True,False,False,False,False,False,False,Vendredi-14-16h,NON,Vendredi,2020-03-27 14:00
16730,127,False,False,False,False,True,False,False,False,False,False,False,False,False,False,Vendredi-14-16h,OUI,Vendredi,2020-03-27 14:00
16731,20,False,False,False,False,False,False,False,False,False,False,False,False,False,False,Vendredi-14-16h,NON,Vendredi,2020-03-27 14:00
16732,89,False,False,False,False,False,False,False,False,True,False,False,False,False,False,Vendredi-14-16h,NON,Vendredi,2020-03-27 14:00
16733,120,False,True,True,False,True,True,False,True,False,False,True,False,False,False,Vendredi-14-16h,NON,Vendredi,2020-03-27 14:00
16734,253,False,False,False,False,True,True,False,False,False,False,False,True,False,False,Vendredi-14-16h,NON,Vendredi,2020-03-27 14:00
16735,52,False,False,True,False,False,False,False,False,False,False,False,False,False,False,Vendredi-14-16h,OUI,Vendredi,2020-03-27 14:00
16736,168,True,False,True,False,False,False,False,True,False,False,False,False,False,False,Vendredi-14-16h,OUI,Vendredi,2020-03-27 14:00
16737,202,False,True,False,False,False,False,False,False,False,False,False,False,False,False,Vendredi-14-16h,NON,Vendredi,2020-03-27 14:00
16738,172,False,False,False,False,True,False,False,False,False,False,False,False,False,False,Vendredi-14-16h,NON,Vendredi,2020-03-27 14:00
16739,239,False,False,False,False,True,True,False,False,False,False,False,False,False,False,Vendredi-14-16h,NON,Vendredi,2020-03-27 14:00
16740,85,False,False,False,False,True,False,False,False,False,False,False,False,False,False,Vendredi-14-16h,NON,Vendredi,2020-03-27 14:00
16741,215,False,False,False,False,False,False,False,False,True,False,False,False,False,False,Vendredi-14-16h,OUI,Vendredi,2020-03-27 14:00
16742,260,True,False,True,False,False,False,False,False,False,False,False,False,False,False,Vendredi-14-16h,NON,Vendredi,2020-03-27 14:00
16743,286,True,True,False,False,True,False,False,False,False,False,False,False,False,False,Vendredi-14-16h,OUI,Vendredi,2020-03-27 14:00
16744,72,False,True,False,False,False,False,False,False,False,False,False,False,False,False,Vendredi-16-18h,OUI,Vendredi,2020-03-27 16:00
16745,167,True,True,True,True,True,True,False,False,False,False,False,False,False,False,Vendredi-16-18h,OUI,Vendredi,2020-03-27 16:00
16746,130,True,False,True,False,False,False,False,True,False,False,False,False,True,True,Vendredi-16-18h,NON,Vendredi,2020-03-27 16:00
16747,288,True,True,True,False,True,False,False,False,False,False,False,False,False,False,Vendredi-16-18h,OUI,Vendredi,2020-03-27 16:00
16748,59,False,False,False,False,False,True,False,False,False,False,False,False,False,False,Vendredi-16-18h,OUI,Vendredi,2020-03-27 16:00
16749,178,True,False,False,False,False,False,False,False,False,False,True,False,False,False,Vendredi-16-18h,OUI,Vendredi,2020-03-27 16:00
16750,254,False,False,False,False,False,False,False,False,False,False,False,True,False,False,Vendredi-16-18h,OUI,Vendredi,2020-03-27 16:00
16751,34,False,False,False,False,False,False,False,False,False,False,False,False,False,False,Vendredi-16-18h,NON,Vendredi,2020-03-27 16:00
16752,264,False,False,False,False,True,True,True,False,False,False,False,False,False,False,Vendredi-16-18h,OUI,Vendredi,2020-03-27 16:00
16753,158,True,False,False,False,True,False,False,False,False,True,False,False,False,False,Vendredi-16-18h,OUI,Vendredi,2020-03-27 16:00
16754,210,False,True,False,False,True,True,False,False,False,False,False,False,False,False,Vendredi-16-18h,OUI,Vendredi,2020-03-27 16:00
16755,93,False,False,False,False,True,False,False,False,False,False,False,False,True,False,Vendredi-16-18h,OUI,Vendredi,2020-03-27 16:00
16756,144,True,False,True,False,True,False,False,False,False,False,False,False,False,False,Vendredi-16-18h,OUI,Vendredi,2020-03-27 16:00
16757,164,False,True,False,False,True,True,False,False,False,False,False,False,False,False,Vendredi-16-18h,OUI,Vendredi,2020-03-27 16:00
16758,289,False,False,False,False,True,True,False,False,False,False,False,False,False,False,Vendredi-16-18h,NON,Vendredi,2020-03-27 16:00
16759,50,False,False,False,False,False,False,False,False,False,False,False,False,False,False,Vendredi-16-18h,NON,Vendredi,2020-03-27 16:00
16760,51,True,True,False,False,True,False,False,False,False,False,False,False,False,False,Vendredi-16-18h,OUI,Vendredi,2020-03-27 16:00
16761,247,False,False,True,False,False,False,False,False,False,False,False,False,False,False,Vendredi-16-18h,NON,Vendredi,2020-03-27 16:00
16762,159,False,False,False,False,False,False,False,True,False,False,False,False,False,False,Vendredi-16-18h,NON,Vendredi,2020-03-27 16:00
16763,54,False,False,False,False,False,True,False,False,False,False,False,False,False,False,Vendredi-16-18h,NON,Vendredi,2020-03-27 16:00
16764,55,True,False,False,False,True,True,False,True,False,False,False,False,False,False,Vendredi-16-18h,NON,Vendredi,2020-03-27 16:00
16765,257,False,False,False,False,True,False,False,False,False,False,False,False,False,False,Vendredi-16-18h,OUI,Vendredi,2020-03-27 16:00
16766,67,False,False,False,False,False,False,False,False,False,False,False,False,False,False,Vendredi-16-18h,NON,Vendredi,2020-03-27 16:00
16767,71,True,False,True,False,False,False,False,False,False,False,False,False,False,False,Vendredi-16-18h,NON,Vendredi,2020-03-27 16:00
16768,280,False,False,False,False,False,True,False,False,False,False,False,False,False,False,Vendredi-16-18h,OUI,Vendredi,2020-03-27 16:00
16769,283,True,True,False,False,False,False,False,False,False,False,False,False,False,False,Vendredi-16-18h,OUI,Vendredi,2020-03-27 16:00
16770,154,False,False,False,False,True,True,False,False,False,False,False,True,False,False,Vendredi-16-18h,NON,Vendredi,2020-03-27 16:00
16771,171,False,False,False,False,False,False,False,False,False,False,False,True,False,False,Vendredi-16-18h,OUI,Vendredi,2020-03-27 16:00
16772,131,False,False,True,False,False,False,False,False,False,False,False,False,False,False,Vendredi-16-18h,OUI,Vendredi,2020-03-27 16:00
16773,237,True,False,False,False,False,True,True,False,False,False,False,False,True,False,Vendredi-16-18h,NON,Vendredi,2020-03-27 16:00
16774,75,False,False,False,False,True,True,False,False,False,False,False,False,False,False,Vendredi-16-18h,NON,Vendredi,2020-03-27 16:00
16775,235,True,False,False,False,True,False,False,False,False,False,False,False,False,False,Vendredi-16-18h,NON,Vendredi,2020-03-27 16:00
16776,180,False,False,False,False,True,True,False,False,False,False,False,False,False,False,Vendredi-16-18h,OUI,Vendredi,2020-03-27 16:00
16777,219,False,False,False,False,False,True,False,False,False,False,False,False,False,False,Vendredi-16-18h,OUI,Vendredi,2020-03-27 16:00
16778,250,False,False,False,False,False,False,False,False,True,False,False,False,False,False,Vendredi-16-18h,OUI,Vendredi,2020-03-27 16:00
16779,267,True,True,False,False,False,False,False,False,False,False,False,False,False,False,Vendredi-16-18h,OUI,Vendredi,2020-03-27 16:00
16780,160,False,True,False,False,False,True,False,False,False,False,False,False,False,False,Vendredi-16-18h,NON,Vendredi,2020-03-27 16:00
16781,182,False,True,False,False,True,True,True,False,False,False,False,False,False,False,Vendredi-16-18h,OUI,Vendredi,2020-03-27 16:00
16782,143,False,False,False,False,False,False,False,True,False,False,True,False,False,False,Vendredi-16-18h,OUI,Vendredi,2020-03-27 16:00
16783,223,True,True,False,False,False,False,False,False,False,False,False,False,False,False,Vendredi-16-18h,OUI,Vendredi,2020-03-27 16:00
16784,192,True,False,True,False,False,False,False,False,False,False,False,False,False,False,Vendredi-16-18h,NON,Vendredi,2020-03-27 16:00
16785,30,False,False,True,False,False,False,False,True,False,False,False,False,False,False,Vendredi-16-18h,OUI,Vendredi,2020-03-27 16:00
16786,125,True,False,False,False,True,False,False,True,False,False,False,False,False,False,Vendredi-16-18h,NON,Vendredi,2020-03-27 16:00
16787,39,False,False,True,False,True,False,False,True,False,False,False,False,False,False,Vendredi-16-18h,OUI,Vendredi,2020-03-27 16:00
16788,113,True,False,True,False,False,False,False,False,False,False,False,False,False,False,Vendredi-16-18h,OUI,Vendredi,2020-03-27 16:00
16789,121,True,False,True,False,False,False,False,True,False,False,False,False,False,False,Vendredi-16-18h,NON,Vendredi,2020-03-27 16:00
16790,228,False,False,False,False,False,False,False,False,False,False,True,False,False,False,Vendredi-16-18h,OUI,Vendredi,2020-03-27 16:00
16791,290,False,False,False,False,False,False,False,False,True,False,False,False,False,False,Vendredi-16-18h,NON,Vendredi,2020-03-27 16:00
16792,197,False,False,True,False,True,False,False,False,False,False,False,False,False,False,Vendredi-16-18h,NON,Vendredi,2020-03-27 16:00
16793,31,True,True,True,False,False,True,False,False,False,False,False,False,False,False,Vendredi-16-18h,NON,Vendredi,2020-03-27 16:00
16794,173,True,False,False,False,True,True,False,True,False,False,False,False,False,False,Vendredi-16-18h,NON,Vendredi,2020-03-27 16:00
16795,74,True,False,False,True,False,False,False,True,False,False,True,False,False,False,Vendredi-16-18h,NON,Vendredi,2020-03-27 16:00
16796,15,False,False,True,False,False,False,False,False,False,False,False,False,False,False,Vendredi-16-18h,NON,Vendredi,2020-03-27 16:00
16797,45,True,False,False,False,True,True,False,True,False,False,False,False,False,False,Vendredi-16-18h,OUI,Vendredi,2020-03-27 16:00
16798,63,False,False,True,False,False,False,False,False,False,False,False,False,False,False,Vendredi-16-18h,NON,Vendredi,2020-03-27 16:00
16799,3,False,False,False,False,False,True,False,False,False,False,False,True,False,False,Vendredi-16-18h,OUI,Vendredi,2020-03-27 16:00
16800,21,True,False,True,False,False,False,False,False,False,False,False,False,False,False,Vendredi-16-18h,OUI,Vendredi,2020-03-27 16:00
16801,78,False,True,True,False,True,True,False,True,False,False,False,False,False,False,Vendredi-16-18h,NON,Vendredi,2020-03-27 16:00
16802,47,False,True,False,False,False,False,False,False,False,False,False,False,False,False,Vendredi-16-18h,OUI,Vendredi,2020-03-27 16:00
16803,151,True,True,False,False,True,False,False,True,False,False,False,False,False,False,Vendredi-16-18h,NON,Vendredi,2020-03-27 16:00
16804,6,True,False,True,False,False,False,False,False,False,False,False,False,False,False,Vendredi-16-18h,NON,Vendredi,2020-03-27 16:00
16805,135,True,False,True,False,False,False,False,False,False,False,False,False,True,False,Vendredi-16-18h,NON,Vendredi,2020-03-27 16:00
16806,221,False,False,False,False,True,True,False,False,False,False,False,False,False,False,Vendredi-16-18h,NON,Vendredi,2020-03-27 16:00
16807,170,False,False,True,False,False,False,False,False,False,False,True,False,False,True,Vendredi-16-18h,NON,Vendredi,2020-03-27 16:00
16808,129,False,True,False,False,False,False,False,False,False,False,False,False,False,False,Vendredi-16-18h,NON,Vendredi,2020-03-27 16:00
16809,132,True,True,True,False,False,True,False,False,False,False,False,False,False,False,Vendredi-16-18h,OUI,Vendredi,2020-03-27 16:00
16810,110,False,True,False,False,False,False,False,False,False,False,False,False,False,False,Vendredi-16-18h,OUI,Vendredi,2020-03-27 16:00
16811,191,False,False,False,False,False,True,False,False,False,False,False,False,False,False,Vendredi-16-18h,NON,Vendredi,2020-03-27 16:00
16812,94,True,True,True,False,False,True,False,False,False,False,True,False,True,False,Vendredi-16-18h,NON,Vendredi,2020-03-27 16:00
16813,108,False,False,False,False,False,True,True,False,False,False,False,False,False,False,Vendredi-16-18h,OUI,Vendredi,2020-03-27 16:00
16814,236,False,False,False,False,True,True,False,False,False,False,False,False,False,False,Vendredi-16-18h,OUI,Vendredi,2020-03-27 16:00
16815,42,True,False,True,False,True,False,False,False,False,False,False,False,False,False,Vendredi-16-18h,OUI,Vendredi,2020-03-27 16:00
16816,155,True,False,False,False,True,False,False,False,False,False,False,False,False,False,Vendredi-16-18h,OUI,Vendredi,2020-03-27 16:00
16817,1,False,False,False,False,False,False,False,False,False,False,False,False,False,False,Vendredi-16-18h,NON,Vendredi,2020-03-27 16:00
16818,58,False,True,True,False,False,True,False,False,False,False,True,False,False,False,Vendredi-16-18h,OUI,Vendredi,2020-03-27 16:00
16819,0,False,True,False,False,False,False,False,False,False,False,False,False,False,False,Vendredi-16-18h,NON,Vendredi,2020-03-27 16:00
16820,269,False,False,False,False,False,False,False,False,False,False,False,False,False,False,Vendredi-16-18h,NON,Vendredi,2020-03-27 16:00
16821,2,True,False,True,False,False,False,False,False,False,False,False,False,False,False,Vendredi-16-18h,NON,Vendredi,2020-03-27 16:00
16822,103,False,False,False,False,True,False,False,False,False,False,False,False,False,False,Vendredi-16-18h,OUI,Vendredi,2020-03-27 16:00
16823,12,False,True,False,False,True,False,False,False,False,False,False,False,False,False,Vendredi-16-18h,OUI,Vendredi,2020-03-27 16:00
16824,245,True,False,False,False,True,True,False,True,False,False,False,False,False,False,Vendredi-16-18h,OUI,Vendredi,2020-03-27 16:00
16825,161,False,False,True,False,False,False,False,False,False,False,True,False,False,False,Vendredi-16-18h,NON,Vendredi,2020-03-27 16:00
16826,38,False,False,False,False,False,False,False,False,True,False,False,False,False,False,Vendredi-16-18h,OUI,Vendredi,2020-03-27 16:00
16827,122,False,False,False,False,False,False,False,False,False,False,False,False,False,False,Vendredi-16-18h,NON,Vendredi,2020-03-27 16:00
16828,248,False,False,True,False,False,False,False,False,False,False,False,False,True,False,Vendredi-16-18h,NON,Vendredi,2020-03-27 16:00
16829,271,False,True,True,False,False,True,False,False,False,False,False,False,False,False,Vendredi-16-18h,OUI,Vendredi,2020-03-27 16:00
16830,116,False,False,True,False,False,False,False,False,False,False,False,False,False,False,Vendredi-16-18h,OUI,Vendredi,2020-03-27 16:00
16831,117,True,True,True,True,False,True,False,False,False,False,False,False,False,False,Vendredi-16-18h,NON,Vendredi,2020-03-27 16:00
16832,213,False,False,False,False,True,True,False,True,False,False,False,False,False,False,Vendredi-16-18h,NON,Vendredi,2020-03-27 16:00
16833,220,False,True,True,False,False,True,False,False,False,False,False,False,False,False,Vendredi-16-18h,OUI,Vendredi,2020-03-27 16:00
16834,176,False,False,True,False,False,False,False,False,False,False,False,False,False,False,Vendredi-16-18h,OUI,Vendredi,2020-03-27 16:00
16835,96,False,False,False,False,True,True,False,False,False,True,False,False,False,False,Vendredi-16-18h,OUI,Vendredi,2020-03-27 16:00
16836,214,False,False,False,False,True,True,False,False,False,True,False,False,False,False,Vendredi-16-18h,OUI,Vendredi,2020-03-27 16:00
16837,11,True,False,False,True,False,False,False,False,False,False,True,False,False,False,Vendredi-16-18h,NON,Vendredi,2020-03-27 16:00
16838,255,True,False,True,False,False,False,False,True,False,False,False,False,False,False,Vendredi-16-18h,OUI,Vendredi,2020-03-27 16:00
16839,86,False,False,True,False,False,False,False,False,False,False,False,False,False,False,Vendredi-16-18h,OUI,Vendredi,2020-03-27 16:00
16840,209,True,False,False,False,True,True,False,True,False,False,False,False,False,False,Vendredi-16-18h,OUI,Vendredi,2020-03-27 16:00
16841,291,False,False,False,False,False,True,False,False,True,False,False,False,False,False,Vendredi-16-18h,OUI,Vendredi,2020-03-27 16:00
16842,287,False,False,False,False,False,False,False,False,False,False,False,True,False,False,Vendredi-16-18h,NON,Vendredi,2020-03-27 16:00
16843,104,False,False,False,False,True,True,False,False,False,False,False,False,False,False,Vendredi-16-18h,NON,Vendredi,2020-03-27 16:00
16844,18,False,False,False,False,True,False,False,False,False,False,False,False,False,False,Vendredi-16-18h,OUI,Vendredi,2020-03-27 16:00
16845,123,False,True,False,False,True,True,False,False,False,False,False,False,False,False,Vendredi-16-18h,OUI,Vendredi,2020-03-27 16:00
16846,136,False,False,False,False,True,False,False,False,False,False,False,False,False,False,Vendredi-16-18h,NON,Vendredi,2020-03-27 16:00
16847,276,True,False,True,False,False,False,False,False,False,False,False,False,False,False,Vendredi-16-18h,OUI,Vendredi,2020-03-27 16:00
16848,53,False,False,False,False,True,True,False,False,False,False,False,False,False,False,Vendredi-16-18h,OUI,Vendredi,2020-03-27 16:00
16849,179,True,False,True,False,False,False,False,False,False,False,False,False,False,False,Vendredi-16-18h,OUI,Vendredi,2020-03-27 16:00
16850,200,False,False,False,False,False,False,False,False,False,False,False,False,False,False,Vendredi-16-18h,NON,Vendredi,2020-03-27 16:00
16851,73,False,False,False,False,False,False,False,False,False,False,False,False,False,False,Vendredi-16-18h,NON,Vendredi,2020-03-27 16:00
16852,156,False,False,False,False,True,True,False,False,False,False,False,False,False,False,Vendredi-16-18h,OUI,Vendredi,2020-03-27 16:00
16853,128,True,True,True,False,False,True,False,False,False,False,False,False,False,False,Vendredi-16-18h,NON,Vendredi,2020-03-27 16:00
16854,118,False,False,False,False,False,False,False,False,False,False,False,False,False,False,Vendredi-16-18h,NON,Vendredi,2020-03-27 16:00
16855,112,True,False,True,False,False,False,False,False,False,False,False,False,False,False,Vendredi-16-18h,OUI,Vendredi,2020-03-27 16:00
16856,35,False,False,False,False,True,True,False,False,False,False,False,False,False,False,Vendredi-16-18h,NON,Vendredi,2020-03-27 16:00
16857,32,False,False,False,False,False,False,False,False,False,False,False,True,False,False,Vendredi-16-18h,NON,Vendredi,2020-03-27 16:00
16858,199,True,False,True,False,False,False,False,False,False,False,False,False,False,False,Vendredi-16-18h,OUI,Vendredi,2020-03-27 16:00
16859,153,True,False,False,False,True,True,False,False,False,False,False,False,False,False,Vendredi-16-18h,NON,Vendredi,2020-03-27 16:00
16860,82,False,False,True,False,False,False,False,False,False,False,False,False,False,False,Vendredi-16-18h,OUI,Vendredi,2020-03-27 16:00
16861,292,False,True,False,False,False,False,False,False,False,False,False,False,False,False,Vendredi-16-18h,OUI,Vendredi,2020-03-27 16:00
16862,169,False,False,False,True,False,False,False,False,False,False,False,False,False,False,Vendredi-16-18h,OUI,Vendredi,2020-03-27 16:00
16863,16,False,False,False,False,True,True,False,False,False,False,False,False,False,False,Vendredi-16-18h,OUI,Vendredi,2020-03-27 16:00
16864,46,True,True,True,False,False,True,True,False,False,False,False,False,False,False,Vendredi-16-18h,NON,Vendredi,2020-03-27 16:00
16865,216,False,True,False,False,False,True,False,False,False,False,False,False,False,False,Vendredi-16-18h,OUI,Vendredi,2020-03-27 16:00
16866,174,False,True,True,False,False,True,False,False,False,False,True,False,False,False,Vendredi-16-18h,OUI,Vendredi,2020-03-27 16:00
16867,43,False,False,False,False,True,False,False,False,False,False,False,False,False,False,Vendredi-16-18h,NON,Vendredi,2020-03-27 16:00
16868,165,False,False,False,False,True,True,False,False,False,False,False,False,False,False,Vendredi-16-18h,NON,Vendredi,2020-03-27 16:00
16869,126,False,True,False,False,False,True,False,False,False,False,False,False,False,False,Vendredi-16-18h,OUI,Vendredi,2020-03-27 16:00
16870,41,False,False,False,False,False,True,False,False,True,False,False,False,False,False,Vendredi-16-18h,OUI,Vendredi,2020-03-27 16:00
16871,157,False,False,True,False,False,False,False,False,False,False,False,False,False,False,Vendredi-16-18h,OUI,Vendredi,2020-03-27 16:00
16872,272,False,True,True,False,False,False,True,False,False,False,True,False,True,True,Vendredi-16-18h,OUI,Vendredi,2020-03-27 16:00
16873,115,True,False,True,False,False,False,False,False,False,False,False,False,False,False,Vendredi-16-18h,OUI,Vendredi,2020-03-27 16:00
16874,84,False,False,False,False,False,False,False,False,False,False,False,True,False,False,Vendredi-16-18h,NON,Vendredi,2020-03-27 16:00
16875,183,True,True,True,True,False,False,False,False,False,False,False,False,False,False,Vendredi-16-18h,OUI,Vendredi,2020-03-27 16:00
16876,65,True,True,False,False,False,True,False,False,False,False,False,False,False,False,Vendredi-16-18h,NON,Vendredi,2020-03-27 16:00
16877,105,True,False,False,False,False,False,False,False,False,False,False,False,False,False,Vendredi-16-18h,OUI,Vendredi,2020-03-27 16:00
16878,187,True,False,False,False,False,True,False,False,False,False,False,False,False,False,Vendredi-16-18h,OUI,Vendredi,2020-03-27 16:00
16879,139,True,False,True,False,False,False,False,False,False,False,False,False,False,False,Vendredi-16-18h,NON,Vendredi,2020-03-27 16:00
16880,259,False,False,False,False,True,True,False,False,False,False,False,False,False,False,Vendredi-16-18h,OUI,Vendredi,2020-03-27 16:00
16881,124,True,False,True,False,False,False,False,False,False,False,True,False,False,False,Vendredi-16-18h,OUI,Vendredi,2020-03-27 16:00
16882,98,False,False,False,False,False,True,False,False,False,False,False,True,False,False,Vendredi-16-18h,OUI,Vendredi,2020-03-27 16:00
16883,284,False,True,True,False,False,True,False,False,False,False,False,False,True,False,Vendredi-16-18h,OUI,Vendredi,2020-03-27 16:00
16884,148,True,False,True,False,True,False,False,True,False,False,False,False,False,False,Vendredi-16-18h,OUI,Vendredi,2020-03-27 16:00
16885,258,True,False,True,False,False,False,False,False,False,False,False,False,False,False,Vendredi-16-18h,OUI,Vendredi,2020-03-27 16:00
16886,175,False,False,False,False,False,True,False,False,False,False,False,False,False,False,Vendredi-16-18h,OUI,Vendredi,2020-03-27 16:00
16887,119,False,False,False,False,False,False,False,False,False,False,True,False,False,False,Vendredi-16-18h,NON,Vendredi,2020-03-27 16:00
16888,229,True,False,True,False,False,False,False,True,False,False,False,False,False,False,Vendredi-16-18h,OUI,Vendredi,2020-03-27 16:00
16889,230,False,False,False,False,False,True,True,False,False,False,False,False,False,False,Vendredi-16-18h,NON,Vendredi,2020-03-27 16:00
16890,17,True,False,False,False,False,True,True,False,False,False,False,False,False,False,Vendredi-16-18h,OUI,Vendredi,2020-03-27 16:00
16891,177,False,False,False,False,False,False,False,False,False,False,False,False,False,False,Vendredi-16-18h,NON,Vendredi,2020-03-27 16:00
16892,7,False,False,False,False,False,False,False,False,False,False,False,False,False,False,Vendredi-16-18h,NON,Vendredi,2020-03-27 16:00
16893,241,False,False,True,False,False,False,False,False,False,False,False,False,False,False,Vendredi-16-18h,NON,Vendredi,2020-03-27 16:00
16894,8,True,False,False,False,True,True,False,True,False,False,False,False,False,False,Vendredi-16-18h,NON,Vendredi,2020-03-27 16:00
16895,268,False,True,False,False,False,True,False,False,False,False,False,False,False,False,Vendredi-16-18h,OUI,Vendredi,2020-03-27 16:00
16896,294,False,False,True,False,True,False,False,False,False,False,False,False,False,False,Vendredi-16-18h,OUI,Vendredi,2020-03-27 16:00
16897,242,True,False,False,False,True,True,False,False,False,False,False,False,False,False,Vendredi-16-18h,NON,Vendredi,2020-03-27 16:00
16898,194,False,False,False,False,False,True,False,False,False,False,False,False,False,False,Vendredi-16-18h,NON,Vendredi,2020-03-27 16:00
16899,243,False,False,False,False,True,True,False,False,False,False,False,False,False,False,Vendredi-16-18h,NON,Vendredi,2020-03-27 16:00
16900,212,True,True,True,False,False,True,False,False,False,False,False,False,False,False,Vendredi-16-18h,OUI,Vendredi,2020-03-27 16:00
16901,19,False,False,False,False,False,True,False,False,False,False,False,False,False,False,Vendredi-16-18h,OUI,Vendredi,2020-03-27 16:00
16902,114,False,False,False,False,True,False,False,False,False,False,False,False,False,False,Vendredi-16-18h,OUI,Vendredi,2020-03-27 16:00
16903,190,False,False,False,False,False,True,False,False,True,False,False,False,False,False,Vendredi-16-18h,NON,Vendredi,2020-03-27 16:00
16904,64,False,False,True,False,False,False,False,False,False,False,False,False,False,False,Vendredi-16-18h,OUI,Vendredi,2020-03-27 16:00
16905,227,False,False,False,False,False,False,False,False,False,False,False,False,False,False,Vendredi-16-18h,NON,Vendredi,2020-03-27 16:00
16906,232,False,False,False,False,False,True,False,False,False,False,False,False,False,False,Vendredi-16-18h,OUI,Vendredi,2020-03-27 16:00
16907,246,False,True,False,False,False,True,True,False,False,False,False,False,False,False,Vendredi-16-18h,NON,Vendredi,2020-03-27 16:00
16908,100,False,False,False,False,False,True,False,False,False,False,False,False,False,False,Vendredi-16-18h,NON,Vendredi,2020-03-27 16:00
16909,13,False,False,False,False,True,False,False,False,False,False,False,False,False,False,Vendredi-16-18h,NON,Vendredi,2020-03-27 16:00
16910,262,True,True,True,False,False,False,False,False,False,False,False,False,False,False,Vendredi-16-18h,NON,Vendredi,2020-03-27 16:00
16911,76,True,True,True,False,False,True,False,False,False,False,True,False,False,False,Vendredi-16-18h,OUI,Vendredi,2020-03-27 16:00
16912,261,False,True,False,False,True,False,False,False,False,False,False,False,False,False,Vendredi-16-18h,OUI,Vendredi,2020-03-27 16:00
16913,150,False,True,False,False,False,False,False,False,False,False,False,False,False,False,Vendredi-16-18h,OUI,Vendredi,2020-03-27 16:00
16914,205,False,False,False,False,False,False,False,False,False,False,False,False,False,False,Vendredi-16-18h,NON,Vendredi,2020-03-27 16:00
16915,56,False,False,False,False,True,True,False,False,False,False,False,False,False,False,Vendredi-16-18h,OUI,Vendredi,2020-03-27 16:00
16916,186,False,False,False,False,True,False,False,False,False,False,False,False,False,False,Vendredi-16-18h,OUI,Vendredi,2020-03-27 16:00
16917,162,True,False,False,False,True,True,False,False,False,False,False,False,False,False,Vendredi-16-18h,NON,Vendredi,2020-03-27 16:00
16918,68,False,True,False,False,True,True,False,False,False,False,False,False,False,False,Vendredi-16-18h,OUI,Vendredi,2020-03-27 16:00
16919,146,False,False,False,False,False,True,False,False,False,False,False,True,False,False,Vendredi-16-18h,OUI,Vendredi,2020-03-27 16:00
16920,49,False,False,False,False,False,False,False,False,False,False,False,False,True,False,Vendredi-16-18h,NON,Vendredi,2020-03-27 16:00
16921,91,True,False,True,True,False,False,False,False,False,False,False,False,False,False,Vendredi-16-18h,OUI,Vendredi,2020-03-27 16:00
16922,22,False,False,False,False,False,False,False,False,False,True,False,False,False,False,Vendredi-16-18h,NON,Vendredi,2020-03-27 16:00
16923,151,False,False,False,False,True,False,False,False,False,False,False,False,False,False,Vendredi-16-18h,NON,Vendredi,2020-03-27 16:00
16924,193,False,False,False,False,True,True,False,False,False,False,False,False,False,False,Vendredi-16-18h,OUI,Vendredi,2020-03-27 16:00
16925,9,True,True,False,False,False,False,False,False,False,False,False,False,False,False,Vendredi-16-18h,NON,Vendredi,2020-03-27 16:00
16926,99,True,False,True,False,False,False,False,False,False,False,False,False,False,False,Vendredi-16-18h,OUI,Vendredi,2020-03-27 16:00
16927,181,False,False,False,False,True,True,False,False,False,False,False,False,False,False,Vendredi-16-18h,OUI,Vendredi,2020-03-27 16:00
16928,111,False,False,False,False,False,True,False,True,False,False,False,False,False,False,Vendredi-16-18h,OUI,Vendredi,2020-03-27 16:00
16929,44,False,True,False,False,False,True,False,False,False,False,False,False,False,False,Vendredi-16-18h,NON,Vendredi,2020-03-27 16:00
16930,24,False,False,False,False,True,False,False,True,False,False,False,False,False,False,Vendredi-16-18h,NON,Vendredi,2020-03-27 16:00
16931,102,False,False,False,False,True,True,False,True,False,False,False,False,False,False,Vendredi-16-18h,NON,Vendredi,2020-03-27 16:00
16932,203,True,True,False,False,False,False,False,True,False,False,False,False,False,False,Vendredi-16-18h,NON,Vendredi,2020-03-27 16:00
16933,140,False,False,False,False,True,True,False,True,False,False,False,False,False,False,Vendredi-16-18h,OUI,Vendredi,2020-03-27 16:00
16934,188,False,False,False,False,False,True,False,False,True,False,False,False,False,False,Vendredi-16-18h,OUI,Vendredi,2020-03-27 16:00
16935,206,False,False,False,True,False,False,False,False,False,False,True,False,False,False,Vendredi-16-18h,NON,Vendredi,2020-03-27 16:00
16936,273,False,False,False,False,False,False,False,False,False,False,False,True,False,False,Vendredi-16-18h,OUI,Vendredi,2020-03-27 16:00
16937,69,True,False,True,False,False,False,False,False,False,False,False,False,False,False,Vendredi-16-18h,OUI,Vendredi,2020-03-27 16:00
16938,87,True,False,False,True,False,False,False,False,False,False,True,False,False,False,Vendredi-16-18h,OUI,Vendredi,2020-03-27 16:00
16939,83,True,False,True,False,False,False,False,False,False,False,False,False,False,False,Vendredi-16-18h,OUI,Vendredi,2020-03-27 16:00
16940,149,True,False,True,True,False,False,False,False,False,False,False,False,False,False,Vendredi-16-18h,NON,Vendredi,2020-03-27 16:00
16941,274,False,False,False,False,False,True,False,False,False,False,False,False,False,False,Vendredi-16-18h,NON,Vendredi,2020-03-27 16:00
16942,282,True,False,True,True,False,False,False,False,False,False,False,False,False,False,Vendredi-16-18h,OUI,Vendredi,2020-03-27 16:00
16943,147,False,False,False,False,False,False,False,False,False,False,False,False,False,False,Vendredi-16-18h,NON,Vendredi,2020-03-27 16:00
16944,238,False,False,False,False,False,False,False,False,False,False,False,True,False,False,Vendredi-16-18h,NON,Vendredi,2020-03-27 16:00
16945,201,False,False,False,False,False,False,False,False,False,False,False,False,False,False,Vendredi-16-18h,NON,Vendredi,2020-03-27 16:00
16946,152,False,True,False,False,False,False,False,False,False,False,False,False,False,False,Vendredi-16-18h,NON,Vendredi,2020-03-27 16:00
16947,222,False,False,False,False,False,True,False,False,True,True,False,False,False,False,Vendredi-16-18h,OUI,Vendredi,2020-03-27 16:00
16948,106,False,False,False,False,False,True,False,False,False,False,False,True,False,False,Vendredi-16-18h,NON,Vendredi,2020-03-27 16:00
16949,133,False,False,True,False,True,False,False,False,False,False,False,False,False,False,Vendredi-16-18h,OUI,Vendredi,2020-03-27 16:00
16950,163,False,False,False,False,True,False,False,False,False,False,False,False,False,False,Vendredi-16-18h,OUI,Vendredi,2020-03-27 16:00
16951,231,False,False,False,False,False,False,False,False,False,False,False,False,False,False,Vendredi-16-18h,NON,Vendredi,2020-03-27 16:00
16952,25,False,False,False,False,True,False,False,False,False,False,False,False,False,False,Vendredi-16-18h,NON,Vendredi,2020-03-27 16:00
16953,196,False,False,True,False,True,False,False,True,False,False,False,False,False,False,Vendredi-16-18h,OUI,Vendredi,2020-03-27 16:00
16954,5,False,False,False,False,True,True,False,False,False,False,False,False,False,False,Vendredi-16-18h,OUI,Vendredi,2020-03-27 16:00
16955,90,False,True,False,False,False,False,False,False,False,False,False,False,False,False,Vendredi-16-18h,OUI,Vendredi,2020-03-27 16:00
16956,244,True,False,True,False,False,False,False,False,False,False,False,False,False,False,Vendredi-16-18h,OUI,Vendredi,2020-03-27 16:00
16957,107,False,True,False,False,False,True,False,False,False,False,False,False,False,False,Vendredi-16-18h,OUI,Vendredi,2020-03-27 16:00
16958,218,False,True,False,False,True,True,False,False,False,False,False,False,False,False,Vendredi-16-18h,NON,Vendredi,2020-03-27 16:00
16959,62,False,True,True,False,True,True,False,False,False,False,False,False,False,False,Vendredi-16-18h,NON,Vendredi,2020-03-27 16:00
16960,79,False,True,False,False,False,False,False,False,False,False,False,False,False,False,Vendredi-16-18h,OUI,Vendredi,2020-03-27 16:00
16961,208,False,False,False,False,False,True,False,False,False,False,False,False,False,False,Vendredi-16-18h,OUI,Vendredi,2020-03-27 16:00
16962,270,False,False,False,False,False,False,False,False,True,False,False,False,False,False,Vendredi-16-18h,OUI,Vendredi,2020-03-27 16:00
16963,166,True,False,False,False,True,True,False,False,False,False,False,False,False,False,Vendredi-16-18h,OUI,Vendredi,2020-03-27 16:00
16964,77,False,False,True,False,True,False,False,False,False,False,False,False,False,False,Vendredi-16-18h,NON,Vendredi,2020-03-27 16:00
16965,29,False,False,False,False,False,True,False,False,False,False,False,True,False,False,Vendredi-16-18h,OUI,Vendredi,2020-03-27 16:00
16966,240,False,False,False,False,False,True,False,False,False,False,False,False,False,False,Vendredi-16-18h,NON,Vendredi,2020-03-27 16:00
16967,184,False,True,False,False,False,False,False,False,False,False,False,False,False,False,Vendredi-16-18h,OUI,Vendredi,2020-03-27 16:00
16968,277,False,True,True,False,False,True,False,False,False,False,False,False,False,False,Vendredi-16-18h,OUI,Vendredi,2020-03-27 16:00
16969,80,True,False,False,False,False,True,False,False,False,True,False,False,False,False,Vendredi-16-18h,OUI,Vendredi,2020-03-27 16:00
16970,185,True,True,True,False,False,True,False,False,False,False,True,False,True,False,Vendredi-16-18h,NON,Vendredi,2020-03-27 16:00
16971,204,False,False,False,False,True,True,False,False,False,False,False,True,False,False,Vendredi-16-18h,OUI,Vendredi,2020-03-27 16:00
16972,252,True,True,True,False,False,True,False,False,False,False,False,False,False,False,Vendredi-16-18h,NON,Vendredi,2020-03-27 16:00
16973,26,False,False,False,False,True,False,False,False,False,False,False,False,False,False,Vendredi-16-18h,NON,Vendredi,2020-03-27 16:00
16974,70,False,False,False,False,True,False,False,False,False,False,False,True,False,False,Vendredi-16-18h,OUI,Vendredi,2020-03-27 16:00
16975,233,False,False,False,False,True,False,False,False,False,False,False,False,False,False,Vendredi-16-18h,OUI,Vendredi,2020-03-27 16:00
16976,37,True,True,True,False,True,True,False,False,False,False,False,False,False,False,Vendredi-16-18h,OUI,Vendredi,2020-03-27 16:00
16977,185,False,False,True,False,False,False,False,False,False,False,False,False,False,False,Vendredi-16-18h,OUI,Vendredi,2020-03-27 16:00
16978,138,True,False,False,False,True,True,False,False,False,False,False,False,False,False,Vendredi-16-18h,NON,Vendredi,2020-03-27 16:00
16979,224,True,False,True,False,False,False,False,False,False,False,False,False,False,False,Vendredi-16-18h,NON,Vendredi,2020-03-27 16:00
16980,66,False,False,False,False,True,True,False,False,False,False,False,False,True,False,Vendredi-16-18h,OUI,Vendredi,2020-03-27 16:00
16981,211,False,False,True,False,False,False,False,False,False,False,False,False,True,False,Vendredi-16-18h,NON,Vendredi,2020-03-27 16:00
16982,14,False,False,False,False,True,True,False,False,False,False,False,False,False,False,Vendredi-16-18h,NON,Vendredi,2020-03-27 16:00
16983,145,False,False,False,False,True,False,False,False,False,False,False,False,False,False,Vendredi-16-18h,NON,Vendredi,2020-03-27 16:00
16984,36,False,False,False,False,False,False,False,False,False,False,False,True,False,False,Vendredi-16-18h,OUI,Vendredi,2020-03-27 16:00
16985,60,True,True,True,False,False,True,False,False,False,False,False,False,False,False,Vendredi-16-18h,OUI,Vendredi,2020-03-27 16:00
16986,137,True,True,True,False,False,True,False,False,False,False,True,False,False,False,Vendredi-16-18h,OUI,Vendredi,2020-03-27 16:00
16987,285,False,True,False,False,True,True,False,False,False,False,False,False,False,False,Vendredi-16-18h,OUI,Vendredi,2020-03-27 16:00
16988,40,False,True,True,False,True,True,False,False,False,False,False,False,False,False,Vendredi-16-18h,NON,Vendredi,2020-03-27 16:00
16989,97,False,False,False,False,False,True,False,False,False,False,False,False,False,False,Vendredi-16-18h,NON,Vendredi,2020-03-27 16:00
16990,109,True,False,True,True,False,False,False,False,False,False,False,False,False,False,Vendredi-16-18h,NON,Vendredi,2020-03-27 16:00
16991,10,False,False,False,False,False,False,False,False,False,False,False,False,False,False,Vendredi-16-18h,NON,Vendredi,2020-03-27 16:00
16992,256,False,False,False,False,False,False,False,False,False,False,False,True,False,False,Vendredi-16-18h,NON,Vendredi,2020-03-27 16:00
16993,141,True,True,True,False,False,False,False,False,False,False,True,False,False,False,Vendredi-16-18h,NON,Vendredi,2020-03-27 16:00
16994,28,False,False,False,False,False,False,False,False,False,False,False,False,False,False,Vendredi-16-18h,NON,Vendredi,2020-03-27 16:00
16995,101,True,True,True,True,True,True,False,False,False,False,False,False,False,False,Vendredi-16-18h,OUI,Vendredi,2020-03-27 16:00
16996,48,True,False,True,False,True,False,False,False,False,False,False,False,True,False,Vendredi-16-18h,OUI,Vendredi,2020-03-27 16:00
16997,27,False,False,False,False,False,True,False,False,False,False,False,False,False,False,Vendredi-16-18h,OUI,Vendredi,2020-03-27 16:00
16998,142,True,False,True,False,False,False,False,False,False,False,True,False,True,False,Vendredi-16-18h,NON,Vendredi,2020-03-27 16:00
16999,234,False,False,True,False,False,False,False,False,False,False,True,False,False,False,Vendredi-16-18h,NON,Vendredi,2020-03-27 16:00
17000,23,False,False,False,False,True,False,False,False,False,False,False,False,False,False,Vendredi-16-18h,NON,Vendredi,2020-03-27 16:00
17001,195,False,False,False,False,True,False,False,False,True,False,False,False,False,False,Vendredi-16-18h,OUI,Vendredi,2020-03-27 16:00
17002,275,False,False,False,False,False,False,False,False,False,False,False,True,False,False,Vendredi-16-18h,NON,Vendredi,2020-03-27 16:00
17003,226,False,False,False,False,True,True,False,False,False,False,False,False,False,False,Vendredi-16-18h,NON,Vendredi,2020-03-27 16:00
17004,207,False,False,True,False,False,False,False,False,False,False,False,False,False,False,Vendredi-16-18h,OUI,Vendredi,2020-03-27 16:00
17005,57,False,False,False,False,False,False,False,False,False,False,False,False,False,False,Vendredi-16-18h,NON,Vendredi,2020-03-27 16:00
17006,4,False,True,False,False,False,True,False,False,False,False,False,False,False,False,Vendredi-16-18h,NON,Vendredi,2020-03-27 16:00
17007,265,False,False,False,False,False,True,False,False,False,False,False,False,False,False,Vendredi-16-18h,OUI,Vendredi,2020-03-27 16:00
17008,88,False,True,False,False,False,False,False,False,False,False,False,False,False,False,Vendredi-16-18h,NON,Vendredi,2020-03-27 16:00
17009,198,False,False,False,False,False,False,False,False,False,False,True,False,False,False,Vendredi-16-18h,NON,Vendredi,2020-03-27 16:00
17010,249,True,True,True,False,False,False,False,False,False,False,False,False,False,False,Vendredi-16-18h,NON,Vendredi,2020-03-27 16:00
17011,263,False,False,False,False,True,True,False,False,False,False,False,False,False,False,Vendredi-16-18h,OUI,Vendredi,2020-03-27 16:00
17012,217,True,False,True,False,False,False,False,False,False,False,False,False,True,False,Vendredi-16-18h,OUI,Vendredi,2020-03-27 16:00
17013,278,False,False,False,False,True,True,False,False,False,False,False,False,False,False,Vendredi-16-18h,NON,Vendredi,2020-03-27 16:00
17014,189,False,True,False,False,False,False,False,False,False,False,False,False,False,False,Vendredi-16-18h,NON,Vendredi,2020-03-27 16:00
17015,61,True,False,True,False,False,False,False,False,False,False,False,False,False,False,Vendredi-16-18h,NON,Vendredi,2020-03-27 16:00
17016,251,False,False,False,False,False,False,False,False,False,False,False,False,True,False,Vendredi-16-18h,OUI,Vendredi,2020-03-27 16:00
17017,281,False,True,False,False,False,False,False,False,False,False,False,False,False,False,Vendredi-16-18h,NON,Vendredi,2020-03-27 16:00
17018,134,False,True,False,False,False,False,False,False,False,False,False,False,False,False,Vendredi-16-18h,NON,Vendredi,2020-03-27 16:00
17019,293,False,True,False,False,False,True,False,False,False,False,False,False,False,False,Vendredi-16-18h,OUI,Vendredi,2020-03-27 16:00
17020,279,True,True,True,True,False,True,False,False,False,False,False,False,False,False,Vendredi-16-18h,OUI,Vendredi,2020-03-27 16:00
17021,81,True,False,True,True,False,False,False,True,False,False,False,False,False,False,Vendredi-16-18h,OUI,Vendredi,2020-03-27 16:00
17022,92,True,False,False,True,False,False,False,False,False,False,True,False,False,False,Vendredi-16-18h,NON,Vendredi,2020-03-27 16:00
17023,147,False,False,False,False,False,False,False,False,False,False,False,False,False,False,Vendredi-16-18h,NON,Vendredi,2020-03-27 16:00
17024,33,False,True,False,False,True,False,False,False,False,False,False,False,False,False,Vendredi-16-18h,NON,Vendredi,2020-03-27 16:00
17025,266,False,False,False,False,False,False,False,False,False,False,False,False,False,False,Vendredi-16-18h,NON,Vendredi,2020-03-27 16:00
17026,225,True,False,False,False,False,True,False,False,False,False,False,False,False,False,Vendredi-16-18h,NON,Vendredi,2020-03-27 16:00
17027,83,True,False,True,False,False,False,False,False,False,False,False,False,False,False,Vendredi-16-18h,OUI,Vendredi,2020-03-27 16:00
17028,95,False,False,False,False,True,True,False,True,False,False,False,False,False,False,Vendredi-16-18h,NON,Vendredi,2020-03-27 16:00
17029,127,False,False,False,False,True,False,False,False,False,False,False,False,False,False,Vendredi-16-18h,OUI,Vendredi,2020-03-27 16:00
17030,20,False,False,False,False,False,False,False,False,False,False,False,False,False,False,Vendredi-16-18h,NON,Vendredi,2020-03-27 16:00
17031,89,False,False,False,False,False,False,False,False,True,False,False,False,False,False,Vendredi-16-18h,NON,Vendredi,2020-03-27 16:00
17032,120,False,True,True,False,True,True,False,True,False,False,True,False,False,False,Vendredi-16-18h,NON,Vendredi,2020-03-27 16:00
17033,253,False,False,False,False,True,True,False,False,False,False,False,True,False,False,Vendredi-16-18h,OUI,Vendredi,2020-03-27 16:00
17034,52,False,False,True,False,False,False,False,False,False,False,False,False,False,False,Vendredi-16-18h,OUI,Vendredi,2020-03-27 16:00
17035,168,True,False,True,False,False,False,False,True,False,False,False,False,False,False,Vendredi-16-18h,OUI,Vendredi,2020-03-27 16:00
17036,202,False,True,False,False,False,False,False,False,False,False,False,False,False,False,Vendredi-16-18h,NON,Vendredi,2020-03-27 16:00
17037,172,False,False,False,False,True,False,False,False,False,False,False,False,False,False,Vendredi-16-18h,OUI,Vendredi,2020-03-27 16:00
17038,239,False,False,False,False,True,True,False,False,False,False,False,False,False,False,Vendredi-16-18h,OUI,Vendredi,2020-03-27 16:00
17039,85,False,False,False,False,True,False,False,False,False,False,False,False,False,False,Vendredi-16-18h,NON,Vendredi,2020-03-27 16:00
17040,215,False,False,False,False,False,False,False,False,True,False,False,False,False,False,Vendredi-16-18h,OUI,Vendredi,2020-03-27 16:00
17041,260,True,False,True,False,False,False,False,False,False,False,False,False,False,False,Vendredi-16-18h,NON,Vendredi,2020-03-27 16:00
17042,286,True,True,False,False,True,False,False,False,False,False,False,False,False,False,Vendredi-16-18h,NON,Vendredi,2020-03-27 16:00
17043,72,False,True,False,False,False,False,False,False,False,False,False,False,False,False,Vendredi-18-20h,OUI,Vendredi,2020-03-27 18:00
17044,167,True,True,True,True,True,True,False,False,False,False,False,False,False,False,Vendredi-18-20h,OUI,Vendredi,2020-03-27 18:00
17045,130,True,False,True,False,False,False,False,True,False,False,False,False,True,True,Vendredi-18-20h,NON,Vendredi,2020-03-27 18:00
17046,288,True,True,True,False,True,False,False,False,False,False,False,False,False,False,Vendredi-18-20h,OUI,Vendredi,2020-03-27 18:00
17047,59,False,False,False,False,False,True,False,False,False,False,False,False,False,False,Vendredi-18-20h,OUI,Vendredi,2020-03-27 18:00
17048,178,True,False,False,False,False,False,False,False,False,False,True,False,False,False,Vendredi-18-20h,OUI,Vendredi,2020-03-27 18:00
17049,254,False,False,False,False,False,False,False,False,False,False,False,True,False,False,Vendredi-18-20h,NON,Vendredi,2020-03-27 18:00
17050,34,False,False,False,False,False,False,False,False,False,False,False,False,False,False,Vendredi-18-20h,NON,Vendredi,2020-03-27 18:00
17051,264,False,False,False,False,True,True,True,False,False,False,False,False,False,False,Vendredi-18-20h,OUI,Vendredi,2020-03-27 18:00
17052,158,True,False,False,False,True,False,False,False,False,True,False,False,False,False,Vendredi-18-20h,OUI,Vendredi,2020-03-27 18:00
17053,210,False,True,False,False,True,True,False,False,False,False,False,False,False,False,Vendredi-18-20h,OUI,Vendredi,2020-03-27 18:00
17054,93,False,False,False,False,True,False,False,False,False,False,False,False,True,False,Vendredi-18-20h,OUI,Vendredi,2020-03-27 18:00
17055,144,True,False,True,False,True,False,False,False,False,False,False,False,False,False,Vendredi-18-20h,OUI,Vendredi,2020-03-27 18:00
17056,164,False,True,False,False,True,True,False,False,False,False,False,False,False,False,Vendredi-18-20h,OUI,Vendredi,2020-03-27 18:00
17057,289,False,False,False,False,True,True,False,False,False,False,False,False,False,False,Vendredi-18-20h,OUI,Vendredi,2020-03-27 18:00
17058,50,False,False,False,False,False,False,False,False,False,False,False,False,False,False,Vendredi-18-20h,NON,Vendredi,2020-03-27 18:00
17059,51,True,True,False,False,True,False,False,False,False,False,False,False,False,False,Vendredi-18-20h,OUI,Vendredi,2020-03-27 18:00
17060,247,False,False,True,False,False,False,False,False,False,False,False,False,False,False,Vendredi-18-20h,NON,Vendredi,2020-03-27 18:00
17061,159,False,False,False,False,False,False,False,True,False,False,False,False,False,False,Vendredi-18-20h,NON,Vendredi,2020-03-27 18:00
17062,54,False,False,False,False,False,True,False,False,False,False,False,False,False,False,Vendredi-18-20h,NON,Vendredi,2020-03-27 18:00
17063,55,True,False,False,False,True,True,False,True,False,False,False,False,False,False,Vendredi-18-20h,OUI,Vendredi,2020-03-27 18:00
17064,257,False,False,False,False,True,False,False,False,False,False,False,False,False,False,Vendredi-18-20h,OUI,Vendredi,2020-03-27 18:00
17065,67,False,False,False,False,False,False,False,False,False,False,False,False,False,False,Vendredi-18-20h,NON,Vendredi,2020-03-27 18:00
17066,71,True,False,True,False,False,False,False,False,False,False,False,False,False,False,Vendredi-18-20h,NON,Vendredi,2020-03-27 18:00
17067,280,False,False,False,False,False,True,False,False,False,False,False,False,False,False,Vendredi-18-20h,OUI,Vendredi,2020-03-27 18:00
17068,283,True,True,False,False,False,False,False,False,False,False,False,False,False,False,Vendredi-18-20h,OUI,Vendredi,2020-03-27 18:00
17069,154,False,False,False,False,True,True,False,False,False,False,False,True,False,False,Vendredi-18-20h,NON,Vendredi,2020-03-27 18:00
17070,171,False,False,False,False,False,False,False,False,False,False,False,True,False,False,Vendredi-18-20h,OUI,Vendredi,2020-03-27 18:00
17071,131,False,False,True,False,False,False,False,False,False,False,False,False,False,False,Vendredi-18-20h,OUI,Vendredi,2020-03-27 18:00
17072,237,True,False,False,False,False,True,True,False,False,False,False,False,True,False,Vendredi-18-20h,OUI,Vendredi,2020-03-27 18:00
17073,75,False,False,False,False,True,True,False,False,False,False,False,False,False,False,Vendredi-18-20h,NON,Vendredi,2020-03-27 18:00
17074,235,True,False,False,False,True,False,False,False,False,False,False,False,False,False,Vendredi-18-20h,NON,Vendredi,2020-03-27 18:00
17075,180,False,False,False,False,True,True,False,False,False,False,False,False,False,False,Vendredi-18-20h,OUI,Vendredi,2020-03-27 18:00
17076,219,False,False,False,False,False,True,False,False,False,False,False,False,False,False,Vendredi-18-20h,NON,Vendredi,2020-03-27 18:00
17077,250,False,False,False,False,False,False,False,False,True,False,False,False,False,False,Vendredi-18-20h,OUI,Vendredi,2020-03-27 18:00
17078,267,True,True,False,False,False,False,False,False,False,False,False,False,False,False,Vendredi-18-20h,OUI,Vendredi,2020-03-27 18:00
17079,160,False,True,False,False,False,True,False,False,False,False,False,False,False,False,Vendredi-18-20h,OUI,Vendredi,2020-03-27 18:00
17080,182,False,True,False,False,True,True,True,False,False,False,False,False,False,False,Vendredi-18-20h,OUI,Vendredi,2020-03-27 18:00
17081,143,False,False,False,False,False,False,False,True,False,False,True,False,False,False,Vendredi-18-20h,OUI,Vendredi,2020-03-27 18:00
17082,223,True,True,False,False,False,False,False,False,False,False,False,False,False,False,Vendredi-18-20h,OUI,Vendredi,2020-03-27 18:00
17083,192,True,False,True,False,False,False,False,False,False,False,False,False,False,False,Vendredi-18-20h,NON,Vendredi,2020-03-27 18:00
17084,30,False,False,True,False,False,False,False,True,False,False,False,False,False,False,Vendredi-18-20h,OUI,Vendredi,2020-03-27 18:00
17085,125,True,False,False,False,True,False,False,True,False,False,False,False,False,False,Vendredi-18-20h,NON,Vendredi,2020-03-27 18:00
17086,39,False,False,True,False,True,False,False,True,False,False,False,False,False,False,Vendredi-18-20h,OUI,Vendredi,2020-03-27 18:00
17087,113,True,False,True,False,False,False,False,False,False,False,False,False,False,False,Vendredi-18-20h,OUI,Vendredi,2020-03-27 18:00
17088,121,True,False,True,False,False,False,False,True,False,False,False,False,False,False,Vendredi-18-20h,OUI,Vendredi,2020-03-27 18:00
17089,228,False,False,False,False,False,False,False,False,False,False,True,False,False,False,Vendredi-18-20h,OUI,Vendredi,2020-03-27 18:00
17090,290,False,False,False,False,False,False,False,False,True,False,False,False,False,False,Vendredi-18-20h,NON,Vendredi,2020-03-27 18:00
17091,197,False,False,True,False,True,False,False,False,False,False,False,False,False,False,Vendredi-18-20h,NON,Vendredi,2020-03-27 18:00
17092,31,True,True,True,False,False,True,False,False,False,False,False,False,False,False,Vendredi-18-20h,NON,Vendredi,2020-03-27 18:00
17093,173,True,False,False,False,True,True,False,True,False,False,False,False,False,False,Vendredi-18-20h,NON,Vendredi,2020-03-27 18:00
17094,74,True,False,False,True,False,False,False,True,False,False,True,False,False,False,Vendredi-18-20h,NON,Vendredi,2020-03-27 18:00
17095,15,False,False,True,False,False,False,False,False,False,False,False,False,False,False,Vendredi-18-20h,OUI,Vendredi,2020-03-27 18:00
17096,45,True,False,False,False,True,True,False,True,False,False,False,False,False,False,Vendredi-18-20h,NON,Vendredi,2020-03-27 18:00
17097,63,False,False,True,False,False,False,False,False,False,False,False,False,False,False,Vendredi-18-20h,OUI,Vendredi,2020-03-27 18:00
17098,3,False,False,False,False,False,True,False,False,False,False,False,True,False,False,Vendredi-18-20h,OUI,Vendredi,2020-03-27 18:00
17099,21,True,False,True,False,False,False,False,False,False,False,False,False,False,False,Vendredi-18-20h,OUI,Vendredi,2020-03-27 18:00
17100,78,False,True,True,False,True,True,False,True,False,False,False,False,False,False,Vendredi-18-20h,NON,Vendredi,2020-03-27 18:00
17101,47,False,True,False,False,False,False,False,False,False,False,False,False,False,False,Vendredi-18-20h,OUI,Vendredi,2020-03-27 18:00
17102,151,True,True,False,False,True,False,False,True,False,False,False,False,False,False,Vendredi-18-20h,OUI,Vendredi,2020-03-27 18:00
17103,6,True,False,True,False,False,False,False,False,False,False,False,False,False,False,Vendredi-18-20h,OUI,Vendredi,2020-03-27 18:00
17104,135,True,False,True,False,False,False,False,False,False,False,False,False,True,False,Vendredi-18-20h,NON,Vendredi,2020-03-27 18:00
17105,221,False,False,False,False,True,True,False,False,False,False,False,False,False,False,Vendredi-18-20h,OUI,Vendredi,2020-03-27 18:00
17106,170,False,False,True,False,False,False,False,False,False,False,True,False,False,True,Vendredi-18-20h,NON,Vendredi,2020-03-27 18:00
17107,129,False,True,False,False,False,False,False,False,False,False,False,False,False,False,Vendredi-18-20h,OUI,Vendredi,2020-03-27 18:00
17108,132,True,True,True,False,False,True,False,False,False,False,False,False,False,False,Vendredi-18-20h,OUI,Vendredi,2020-03-27 18:00
17109,110,False,True,False,False,False,False,False,False,False,False,False,False,False,False,Vendredi-18-20h,OUI,Vendredi,2020-03-27 18:00
17110,191,False,False,False,False,False,True,False,False,False,False,False,False,False,False,Vendredi-18-20h,OUI,Vendredi,2020-03-27 18:00
17111,94,True,True,True,False,False,True,False,False,False,False,True,False,True,False,Vendredi-18-20h,NON,Vendredi,2020-03-27 18:00
17112,108,False,False,False,False,False,True,True,False,False,False,False,False,False,False,Vendredi-18-20h,OUI,Vendredi,2020-03-27 18:00
17113,236,False,False,False,False,True,True,False,False,False,False,False,False,False,False,Vendredi-18-20h,OUI,Vendredi,2020-03-27 18:00
17114,42,True,False,True,False,True,False,False,False,False,False,False,False,False,False,Vendredi-18-20h,OUI,Vendredi,2020-03-27 18:00
17115,155,True,False,False,False,True,False,False,False,False,False,False,False,False,False,Vendredi-18-20h,OUI,Vendredi,2020-03-27 18:00
17116,1,False,False,False,False,False,False,False,False,False,False,False,False,False,False,Vendredi-18-20h,NON,Vendredi,2020-03-27 18:00
17117,58,False,True,True,False,False,True,False,False,False,False,True,False,False,False,Vendredi-18-20h,OUI,Vendredi,2020-03-27 18:00
17118,0,False,True,False,False,False,False,False,False,False,False,False,False,False,False,Vendredi-18-20h,OUI,Vendredi,2020-03-27 18:00
17119,269,False,False,False,False,False,False,False,False,False,False,False,False,False,False,Vendredi-18-20h,NON,Vendredi,2020-03-27 18:00
17120,2,True,False,True,False,False,False,False,False,False,False,False,False,False,False,Vendredi-18-20h,NON,Vendredi,2020-03-27 18:00
17121,103,False,False,False,False,True,False,False,False,False,False,False,False,False,False,Vendredi-18-20h,OUI,Vendredi,2020-03-27 18:00
17122,12,False,True,False,False,True,False,False,False,False,False,False,False,False,False,Vendredi-18-20h,OUI,Vendredi,2020-03-27 18:00
17123,245,True,False,False,False,True,True,False,True,False,False,False,False,False,False,Vendredi-18-20h,NON,Vendredi,2020-03-27 18:00
17124,161,False,False,True,False,False,False,False,False,False,False,True,False,False,False,Vendredi-18-20h,NON,Vendredi,2020-03-27 18:00
17125,38,False,False,False,False,False,False,False,False,True,False,False,False,False,False,Vendredi-18-20h,OUI,Vendredi,2020-03-27 18:00
17126,122,False,False,False,False,False,False,False,False,False,False,False,False,False,False,Vendredi-18-20h,NON,Vendredi,2020-03-27 18:00
17127,248,False,False,True,False,False,False,False,False,False,False,False,False,True,False,Vendredi-18-20h,OUI,Vendredi,2020-03-27 18:00
17128,271,False,True,True,False,False,True,False,False,False,False,False,False,False,False,Vendredi-18-20h,OUI,Vendredi,2020-03-27 18:00
17129,116,False,False,True,False,False,False,False,False,False,False,False,False,False,False,Vendredi-18-20h,OUI,Vendredi,2020-03-27 18:00
17130,117,True,True,True,True,False,True,False,False,False,False,False,False,False,False,Vendredi-18-20h,NON,Vendredi,2020-03-27 18:00
17131,213,False,False,False,False,True,True,False,True,False,False,False,False,False,False,Vendredi-18-20h,NON,Vendredi,2020-03-27 18:00
17132,220,False,True,True,False,False,True,False,False,False,False,False,False,False,False,Vendredi-18-20h,OUI,Vendredi,2020-03-27 18:00
17133,176,False,False,True,False,False,False,False,False,False,False,False,False,False,False,Vendredi-18-20h,OUI,Vendredi,2020-03-27 18:00
17134,96,False,False,False,False,True,True,False,False,False,True,False,False,False,False,Vendredi-18-20h,NON,Vendredi,2020-03-27 18:00
17135,214,False,False,False,False,True,True,False,False,False,True,False,False,False,False,Vendredi-18-20h,OUI,Vendredi,2020-03-27 18:00
17136,11,True,False,False,True,False,False,False,False,False,False,True,False,False,False,Vendredi-18-20h,OUI,Vendredi,2020-03-27 18:00
17137,255,True,False,True,False,False,False,False,True,False,False,False,False,False,False,Vendredi-18-20h,OUI,Vendredi,2020-03-27 18:00
17138,86,False,False,True,False,False,False,False,False,False,False,False,False,False,False,Vendredi-18-20h,OUI,Vendredi,2020-03-27 18:00
17139,209,True,False,False,False,True,True,False,True,False,False,False,False,False,False,Vendredi-18-20h,OUI,Vendredi,2020-03-27 18:00
17140,291,False,False,False,False,False,True,False,False,True,False,False,False,False,False,Vendredi-18-20h,OUI,Vendredi,2020-03-27 18:00
17141,287,False,False,False,False,False,False,False,False,False,False,False,True,False,False,Vendredi-18-20h,NON,Vendredi,2020-03-27 18:00
17142,104,False,False,False,False,True,True,False,False,False,False,False,False,False,False,Vendredi-18-20h,NON,Vendredi,2020-03-27 18:00
17143,18,False,False,False,False,True,False,False,False,False,False,False,False,False,False,Vendredi-18-20h,OUI,Vendredi,2020-03-27 18:00
17144,123,False,True,False,False,True,True,False,False,False,False,False,False,False,False,Vendredi-18-20h,OUI,Vendredi,2020-03-27 18:00
17145,136,False,False,False,False,True,False,False,False,False,False,False,False,False,False,Vendredi-18-20h,OUI,Vendredi,2020-03-27 18:00
17146,276,True,False,True,False,False,False,False,False,False,False,False,False,False,False,Vendredi-18-20h,OUI,Vendredi,2020-03-27 18:00
17147,53,False,False,False,False,True,True,False,False,False,False,False,False,False,False,Vendredi-18-20h,OUI,Vendredi,2020-03-27 18:00
17148,179,True,False,True,False,False,False,False,False,False,False,False,False,False,False,Vendredi-18-20h,OUI,Vendredi,2020-03-27 18:00
17149,200,False,False,False,False,False,False,False,False,False,False,False,False,False,False,Vendredi-18-20h,NON,Vendredi,2020-03-27 18:00
17150,73,False,False,False,False,False,False,False,False,False,False,False,False,False,False,Vendredi-18-20h,NON,Vendredi,2020-03-27 18:00
17151,156,False,False,False,False,True,True,False,False,False,False,False,False,False,False,Vendredi-18-20h,NON,Vendredi,2020-03-27 18:00
17152,128,True,True,True,False,False,True,False,False,False,False,False,False,False,False,Vendredi-18-20h,OUI,Vendredi,2020-03-27 18:00
17153,118,False,False,False,False,False,False,False,False,False,False,False,False,False,False,Vendredi-18-20h,NON,Vendredi,2020-03-27 18:00
17154,112,True,False,True,False,False,False,False,False,False,False,False,False,False,False,Vendredi-18-20h,OUI,Vendredi,2020-03-27 18:00
17155,35,False,False,False,False,True,True,False,False,False,False,False,False,False,False,Vendredi-18-20h,NON,Vendredi,2020-03-27 18:00
17156,32,False,False,False,False,False,False,False,False,False,False,False,True,False,False,Vendredi-18-20h,NON,Vendredi,2020-03-27 18:00
17157,199,True,False,True,False,False,False,False,False,False,False,False,False,False,False,Vendredi-18-20h,OUI,Vendredi,2020-03-27 18:00
17158,153,True,False,False,False,True,True,False,False,False,False,False,False,False,False,Vendredi-18-20h,NON,Vendredi,2020-03-27 18:00
17159,82,False,False,True,False,False,False,False,False,False,False,False,False,False,False,Vendredi-18-20h,OUI,Vendredi,2020-03-27 18:00
17160,292,False,True,False,False,False,False,False,False,False,False,False,False,False,False,Vendredi-18-20h,OUI,Vendredi,2020-03-27 18:00
17161,169,False,False,False,True,False,False,False,False,False,False,False,False,False,False,Vendredi-18-20h,OUI,Vendredi,2020-03-27 18:00
17162,16,False,False,False,False,True,True,False,False,False,False,False,False,False,False,Vendredi-18-20h,OUI,Vendredi,2020-03-27 18:00
17163,46,True,True,True,False,False,True,True,False,False,False,False,False,False,False,Vendredi-18-20h,NON,Vendredi,2020-03-27 18:00
17164,216,False,True,False,False,False,True,False,False,False,False,False,False,False,False,Vendredi-18-20h,OUI,Vendredi,2020-03-27 18:00
17165,174,False,True,True,False,False,True,False,False,False,False,True,False,False,False,Vendredi-18-20h,OUI,Vendredi,2020-03-27 18:00
17166,43,False,False,False,False,True,False,False,False,False,False,False,False,False,False,Vendredi-18-20h,NON,Vendredi,2020-03-27 18:00
17167,165,False,False,False,False,True,True,False,False,False,False,False,False,False,False,Vendredi-18-20h,NON,Vendredi,2020-03-27 18:00
17168,126,False,True,False,False,False,True,False,False,False,False,False,False,False,False,Vendredi-18-20h,OUI,Vendredi,2020-03-27 18:00
17169,41,False,False,False,False,False,True,False,False,True,False,False,False,False,False,Vendredi-18-20h,NON,Vendredi,2020-03-27 18:00
17170,157,False,False,True,False,False,False,False,False,False,False,False,False,False,False,Vendredi-18-20h,OUI,Vendredi,2020-03-27 18:00
17171,272,False,True,True,False,False,False,True,False,False,False,True,False,True,True,Vendredi-18-20h,OUI,Vendredi,2020-03-27 18:00
17172,115,True,False,True,False,False,False,False,False,False,False,False,False,False,False,Vendredi-18-20h,OUI,Vendredi,2020-03-27 18:00
17173,84,False,False,False,False,False,False,False,False,False,False,False,True,False,False,Vendredi-18-20h,NON,Vendredi,2020-03-27 18:00
17174,183,True,True,True,True,False,False,False,False,False,False,False,False,False,False,Vendredi-18-20h,NON,Vendredi,2020-03-27 18:00
17175,65,True,True,False,False,False,True,False,False,False,False,False,False,False,False,Vendredi-18-20h,OUI,Vendredi,2020-03-27 18:00
17176,105,True,False,False,False,False,False,False,False,False,False,False,False,False,False,Vendredi-18-20h,OUI,Vendredi,2020-03-27 18:00
17177,187,True,False,False,False,False,True,False,False,False,False,False,False,False,False,Vendredi-18-20h,OUI,Vendredi,2020-03-27 18:00
17178,139,True,False,True,False,False,False,False,False,False,False,False,False,False,False,Vendredi-18-20h,NON,Vendredi,2020-03-27 18:00
17179,259,False,False,False,False,True,True,False,False,False,False,False,False,False,False,Vendredi-18-20h,OUI,Vendredi,2020-03-27 18:00
17180,124,True,False,True,False,False,False,False,False,False,False,True,False,False,False,Vendredi-18-20h,OUI,Vendredi,2020-03-27 18:00
17181,98,False,False,False,False,False,True,False,False,False,False,False,True,False,False,Vendredi-18-20h,OUI,Vendredi,2020-03-27 18:00
17182,284,False,True,True,False,False,True,False,False,False,False,False,False,True,False,Vendredi-18-20h,OUI,Vendredi,2020-03-27 18:00
17183,148,True,False,True,False,True,False,False,True,False,False,False,False,False,False,Vendredi-18-20h,OUI,Vendredi,2020-03-27 18:00
17184,258,True,False,True,False,False,False,False,False,False,False,False,False,False,False,Vendredi-18-20h,OUI,Vendredi,2020-03-27 18:00
17185,175,False,False,False,False,False,True,False,False,False,False,False,False,False,False,Vendredi-18-20h,OUI,Vendredi,2020-03-27 18:00
17186,119,False,False,False,False,False,False,False,False,False,False,True,False,False,False,Vendredi-18-20h,NON,Vendredi,2020-03-27 18:00
17187,229,True,False,True,False,False,False,False,True,False,False,False,False,False,False,Vendredi-18-20h,OUI,Vendredi,2020-03-27 18:00
17188,230,False,False,False,False,False,True,True,False,False,False,False,False,False,False,Vendredi-18-20h,NON,Vendredi,2020-03-27 18:00
17189,17,True,False,False,False,False,True,True,False,False,False,False,False,False,False,Vendredi-18-20h,OUI,Vendredi,2020-03-27 18:00
17190,177,False,False,False,False,False,False,False,False,False,False,False,False,False,False,Vendredi-18-20h,NON,Vendredi,2020-03-27 18:00
17191,7,False,False,False,False,False,False,False,False,False,False,False,False,False,False,Vendredi-18-20h,NON,Vendredi,2020-03-27 18:00
17192,241,False,False,True,False,False,False,False,False,False,False,False,False,False,False,Vendredi-18-20h,OUI,Vendredi,2020-03-27 18:00
17193,8,True,False,False,False,True,True,False,True,False,False,False,False,False,False,Vendredi-18-20h,OUI,Vendredi,2020-03-27 18:00
17194,268,False,True,False,False,False,True,False,False,False,False,False,False,False,False,Vendredi-18-20h,OUI,Vendredi,2020-03-27 18:00
17195,294,False,False,True,False,True,False,False,False,False,False,False,False,False,False,Vendredi-18-20h,OUI,Vendredi,2020-03-27 18:00
17196,242,True,False,False,False,True,True,False,False,False,False,False,False,False,False,Vendredi-18-20h,NON,Vendredi,2020-03-27 18:00
17197,194,False,False,False,False,False,True,False,False,False,False,False,False,False,False,Vendredi-18-20h,NON,Vendredi,2020-03-27 18:00
17198,243,False,False,False,False,True,True,False,False,False,False,False,False,False,False,Vendredi-18-20h,OUI,Vendredi,2020-03-27 18:00
17199,212,True,True,True,False,False,True,False,False,False,False,False,False,False,False,Vendredi-18-20h,OUI,Vendredi,2020-03-27 18:00
17200,19,False,False,False,False,False,True,False,False,False,False,False,False,False,False,Vendredi-18-20h,OUI,Vendredi,2020-03-27 18:00
17201,114,False,False,False,False,True,False,False,False,False,False,False,False,False,False,Vendredi-18-20h,OUI,Vendredi,2020-03-27 18:00
17202,190,False,False,False,False,False,True,False,False,True,False,False,False,False,False,Vendredi-18-20h,NON,Vendredi,2020-03-27 18:00
17203,64,False,False,True,False,False,False,False,False,False,False,False,False,False,False,Vendredi-18-20h,OUI,Vendredi,2020-03-27 18:00
17204,227,False,False,False,False,False,False,False,False,False,False,False,False,False,False,Vendredi-18-20h,NON,Vendredi,2020-03-27 18:00
17205,232,False,False,False,False,False,True,False,False,False,False,False,False,False,False,Vendredi-18-20h,OUI,Vendredi,2020-03-27 18:00
17206,246,False,True,False,False,False,True,True,False,False,False,False,False,False,False,Vendredi-18-20h,OUI,Vendredi,2020-03-27 18:00
17207,100,False,False,False,False,False,True,False,False,False,False,False,False,False,False,Vendredi-18-20h,OUI,Vendredi,2020-03-27 18:00
17208,13,False,False,False,False,True,False,False,False,False,False,False,False,False,False,Vendredi-18-20h,OUI,Vendredi,2020-03-27 18:00
17209,262,True,True,True,False,False,False,False,False,False,False,False,False,False,False,Vendredi-18-20h,NON,Vendredi,2020-03-27 18:00
17210,76,True,True,True,False,False,True,False,False,False,False,True,False,False,False,Vendredi-18-20h,OUI,Vendredi,2020-03-27 18:00
17211,261,False,True,False,False,True,False,False,False,False,False,False,False,False,False,Vendredi-18-20h,OUI,Vendredi,2020-03-27 18:00
17212,150,False,True,False,False,False,False,False,False,False,False,False,False,False,False,Vendredi-18-20h,OUI,Vendredi,2020-03-27 18:00
17213,205,False,False,False,False,False,False,False,False,False,False,False,False,False,False,Vendredi-18-20h,NON,Vendredi,2020-03-27 18:00
17214,56,False,False,False,False,True,True,False,False,False,False,False,False,False,False,Vendredi-18-20h,OUI,Vendredi,2020-03-27 18:00
17215,186,False,False,False,False,True,False,False,False,False,False,False,False,False,False,Vendredi-18-20h,OUI,Vendredi,2020-03-27 18:00
17216,162,True,False,False,False,True,True,False,False,False,False,False,False,False,False,Vendredi-18-20h,NON,Vendredi,2020-03-27 18:00
17217,68,False,True,False,False,True,True,False,False,False,False,False,False,False,False,Vendredi-18-20h,OUI,Vendredi,2020-03-27 18:00
17218,146,False,False,False,False,False,True,False,False,False,False,False,True,False,False,Vendredi-18-20h,OUI,Vendredi,2020-03-27 18:00
17219,49,False,False,False,False,False,False,False,False,False,False,False,False,True,False,Vendredi-18-20h,OUI,Vendredi,2020-03-27 18:00
17220,91,True,False,True,True,False,False,False,False,False,False,False,False,False,False,Vendredi-18-20h,OUI,Vendredi,2020-03-27 18:00
17221,22,False,False,False,False,False,False,False,False,False,True,False,False,False,False,Vendredi-18-20h,NON,Vendredi,2020-03-27 18:00
17222,151,False,False,False,False,True,False,False,False,False,False,False,False,False,False,Vendredi-18-20h,OUI,Vendredi,2020-03-27 18:00
17223,193,False,False,False,False,True,True,False,False,False,False,False,False,False,False,Vendredi-18-20h,OUI,Vendredi,2020-03-27 18:00
17224,9,True,True,False,False,False,False,False,False,False,False,False,False,False,False,Vendredi-18-20h,OUI,Vendredi,2020-03-27 18:00
17225,99,True,False,True,False,False,False,False,False,False,False,False,False,False,False,Vendredi-18-20h,NON,Vendredi,2020-03-27 18:00
17226,181,False,False,False,False,True,True,False,False,False,False,False,False,False,False,Vendredi-18-20h,OUI,Vendredi,2020-03-27 18:00
17227,111,False,False,False,False,False,True,False,True,False,False,False,False,False,False,Vendredi-18-20h,OUI,Vendredi,2020-03-27 18:00
17228,44,False,True,False,False,False,True,False,False,False,False,False,False,False,False,Vendredi-18-20h,NON,Vendredi,2020-03-27 18:00
17229,24,False,False,False,False,True,False,False,True,False,False,False,False,False,False,Vendredi-18-20h,OUI,Vendredi,2020-03-27 18:00
17230,102,False,False,False,False,True,True,False,True,False,False,False,False,False,False,Vendredi-18-20h,OUI,Vendredi,2020-03-27 18:00
17231,203,True,True,False,False,False,False,False,True,False,False,False,False,False,False,Vendredi-18-20h,NON,Vendredi,2020-03-27 18:00
17232,140,False,False,False,False,True,True,False,True,False,False,False,False,False,False,Vendredi-18-20h,NON,Vendredi,2020-03-27 18:00
17233,188,False,False,False,False,False,True,False,False,True,False,False,False,False,False,Vendredi-18-20h,NON,Vendredi,2020-03-27 18:00
17234,206,False,False,False,True,False,False,False,False,False,False,True,False,False,False,Vendredi-18-20h,NON,Vendredi,2020-03-27 18:00
17235,273,False,False,False,False,False,False,False,False,False,False,False,True,False,False,Vendredi-18-20h,OUI,Vendredi,2020-03-27 18:00
17236,69,True,False,True,False,False,False,False,False,False,False,False,False,False,False,Vendredi-18-20h,OUI,Vendredi,2020-03-27 18:00
17237,87,True,False,False,True,False,False,False,False,False,False,True,False,False,False,Vendredi-18-20h,OUI,Vendredi,2020-03-27 18:00
17238,83,True,False,True,False,False,False,False,False,False,False,False,False,False,False,Vendredi-18-20h,OUI,Vendredi,2020-03-27 18:00
17239,149,True,False,True,True,False,False,False,False,False,False,False,False,False,False,Vendredi-18-20h,OUI,Vendredi,2020-03-27 18:00
17240,274,False,False,False,False,False,True,False,False,False,False,False,False,False,False,Vendredi-18-20h,OUI,Vendredi,2020-03-27 18:00
17241,282,True,False,True,True,False,False,False,False,False,False,False,False,False,False,Vendredi-18-20h,OUI,Vendredi,2020-03-27 18:00
17242,147,False,False,False,False,False,False,False,False,False,False,False,False,False,False,Vendredi-18-20h,NON,Vendredi,2020-03-27 18:00
17243,238,False,False,False,False,False,False,False,False,False,False,False,True,False,False,Vendredi-18-20h,OUI,Vendredi,2020-03-27 18:00
17244,201,False,False,False,False,False,False,False,False,False,False,False,False,False,False,Vendredi-18-20h,NON,Vendredi,2020-03-27 18:00
17245,152,False,True,False,False,False,False,False,False,False,False,False,False,False,False,Vendredi-18-20h,NON,Vendredi,2020-03-27 18:00
17246,222,False,False,False,False,False,True,False,False,True,True,False,False,False,False,Vendredi-18-20h,OUI,Vendredi,2020-03-27 18:00
17247,106,False,False,False,False,False,True,False,False,False,False,False,True,False,False,Vendredi-18-20h,OUI,Vendredi,2020-03-27 18:00
17248,133,False,False,True,False,True,False,False,False,False,False,False,False,False,False,Vendredi-18-20h,OUI,Vendredi,2020-03-27 18:00
17249,163,False,False,False,False,True,False,False,False,False,False,False,False,False,False,Vendredi-18-20h,NON,Vendredi,2020-03-27 18:00
17250,231,False,False,False,False,False,False,False,False,False,False,False,False,False,False,Vendredi-18-20h,NON,Vendredi,2020-03-27 18:00
17251,25,False,False,False,False,True,False,False,False,False,False,False,False,False,False,Vendredi-18-20h,NON,Vendredi,2020-03-27 18:00
17252,196,False,False,True,False,True,False,False,True,False,False,False,False,False,False,Vendredi-18-20h,OUI,Vendredi,2020-03-27 18:00
17253,5,False,False,False,False,True,True,False,False,False,False,False,False,False,False,Vendredi-18-20h,OUI,Vendredi,2020-03-27 18:00
17254,90,False,True,False,False,False,False,False,False,False,False,False,False,False,False,Vendredi-18-20h,OUI,Vendredi,2020-03-27 18:00
17255,244,True,False,True,False,False,False,False,False,False,False,False,False,False,False,Vendredi-18-20h,OUI,Vendredi,2020-03-27 18:00
17256,107,False,True,False,False,False,True,False,False,False,False,False,False,False,False,Vendredi-18-20h,OUI,Vendredi,2020-03-27 18:00
17257,218,False,True,False,False,True,True,False,False,False,False,False,False,False,False,Vendredi-18-20h,OUI,Vendredi,2020-03-27 18:00
17258,62,False,True,True,False,True,True,False,False,False,False,False,False,False,False,Vendredi-18-20h,NON,Vendredi,2020-03-27 18:00
17259,79,False,True,False,False,False,False,False,False,False,False,False,False,False,False,Vendredi-18-20h,OUI,Vendredi,2020-03-27 18:00
17260,208,False,False,False,False,False,True,False,False,False,False,False,False,False,False,Vendredi-18-20h,OUI,Vendredi,2020-03-27 18:00
17261,270,False,False,False,False,False,False,False,False,True,False,False,False,False,False,Vendredi-18-20h,OUI,Vendredi,2020-03-27 18:00
17262,166,True,False,False,False,True,True,False,False,False,False,False,False,False,False,Vendredi-18-20h,OUI,Vendredi,2020-03-27 18:00
17263,77,False,False,True,False,True,False,False,False,False,False,False,False,False,False,Vendredi-18-20h,NON,Vendredi,2020-03-27 18:00
17264,29,False,False,False,False,False,True,False,False,False,False,False,True,False,False,Vendredi-18-20h,OUI,Vendredi,2020-03-27 18:00
17265,240,False,False,False,False,False,True,False,False,False,False,False,False,False,False,Vendredi-18-20h,OUI,Vendredi,2020-03-27 18:00
17266,184,False,True,False,False,False,False,False,False,False,False,False,False,False,False,Vendredi-18-20h,OUI,Vendredi,2020-03-27 18:00
17267,277,False,True,True,False,False,True,False,False,False,False,False,False,False,False,Vendredi-18-20h,OUI,Vendredi,2020-03-27 18:00
17268,80,True,False,False,False,False,True,False,False,False,True,False,False,False,False,Vendredi-18-20h,OUI,Vendredi,2020-03-27 18:00
17269,185,True,True,True,False,False,True,False,False,False,False,True,False,True,False,Vendredi-18-20h,NON,Vendredi,2020-03-27 18:00
17270,204,False,False,False,False,True,True,False,False,False,False,False,True,False,False,Vendredi-18-20h,OUI,Vendredi,2020-03-27 18:00
17271,252,True,True,True,False,False,True,False,False,False,False,False,False,False,False,Vendredi-18-20h,NON,Vendredi,2020-03-27 18:00
17272,26,False,False,False,False,True,False,False,False,False,False,False,False,False,False,Vendredi-18-20h,OUI,Vendredi,2020-03-27 18:00
17273,70,False,False,False,False,True,False,False,False,False,False,False,True,False,False,Vendredi-18-20h,NON,Vendredi,2020-03-27 18:00
17274,233,False,False,False,False,True,False,False,False,False,False,False,False,False,False,Vendredi-18-20h,OUI,Vendredi,2020-03-27 18:00
17275,37,True,True,True,False,True,True,False,False,False,False,False,False,False,False,Vendredi-18-20h,OUI,Vendredi,2020-03-27 18:00
17276,185,False,False,True,False,False,False,False,False,False,False,False,False,False,False,Vendredi-18-20h,OUI,Vendredi,2020-03-27 18:00
17277,138,True,False,False,False,True,True,False,False,False,False,False,False,False,False,Vendredi-18-20h,OUI,Vendredi,2020-03-27 18:00
17278,224,True,False,True,False,False,False,False,False,False,False,False,False,False,False,Vendredi-18-20h,NON,Vendredi,2020-03-27 18:00
17279,66,False,False,False,False,True,True,False,False,False,False,False,False,True,False,Vendredi-18-20h,OUI,Vendredi,2020-03-27 18:00
17280,211,False,False,True,False,False,False,False,False,False,False,False,False,True,False,Vendredi-18-20h,OUI,Vendredi,2020-03-27 18:00
17281,14,False,False,False,False,True,True,False,False,False,False,False,False,False,False,Vendredi-18-20h,NON,Vendredi,2020-03-27 18:00
17282,145,False,False,False,False,True,False,False,False,False,False,False,False,False,False,Vendredi-18-20h,NON,Vendredi,2020-03-27 18:00
17283,36,False,False,False,False,False,False,False,False,False,False,False,True,False,False,Vendredi-18-20h,OUI,Vendredi,2020-03-27 18:00
17284,60,True,True,True,False,False,True,False,False,False,False,False,False,False,False,Vendredi-18-20h,NON,Vendredi,2020-03-27 18:00
17285,137,True,True,True,False,False,True,False,False,False,False,True,False,False,False,Vendredi-18-20h,OUI,Vendredi,2020-03-27 18:00
17286,285,False,True,False,False,True,True,False,False,False,False,False,False,False,False,Vendredi-18-20h,OUI,Vendredi,2020-03-27 18:00
17287,40,False,True,True,False,True,True,False,False,False,False,False,False,False,False,Vendredi-18-20h,NON,Vendredi,2020-03-27 18:00
17288,97,False,False,False,False,False,True,False,False,False,False,False,False,False,False,Vendredi-18-20h,OUI,Vendredi,2020-03-27 18:00
17289,109,True,False,True,True,False,False,False,False,False,False,False,False,False,False,Vendredi-18-20h,NON,Vendredi,2020-03-27 18:00
17290,10,False,False,False,False,False,False,False,False,False,False,False,False,False,False,Vendredi-18-20h,NON,Vendredi,2020-03-27 18:00
17291,256,False,False,False,False,False,False,False,False,False,False,False,True,False,False,Vendredi-18-20h,NON,Vendredi,2020-03-27 18:00
17292,141,True,True,True,False,False,False,False,False,False,False,True,False,False,False,Vendredi-18-20h,NON,Vendredi,2020-03-27 18:00
17293,28,False,False,False,False,False,False,False,False,False,False,False,False,False,False,Vendredi-18-20h,NON,Vendredi,2020-03-27 18:00
17294,101,True,True,True,True,True,True,False,False,False,False,False,False,False,False,Vendredi-18-20h,OUI,Vendredi,2020-03-27 18:00
17295,48,True,False,True,False,True,False,False,False,False,False,False,False,True,False,Vendredi-18-20h,OUI,Vendredi,2020-03-27 18:00
17296,27,False,False,False,False,False,True,False,False,False,False,False,False,False,False,Vendredi-18-20h,OUI,Vendredi,2020-03-27 18:00
17297,142,True,False,True,False,False,False,False,False,False,False,True,False,True,False,Vendredi-18-20h,NON,Vendredi,2020-03-27 18:00
17298,234,False,False,True,False,False,False,False,False,False,False,True,False,False,False,Vendredi-18-20h,OUI,Vendredi,2020-03-27 18:00
17299,23,False,False,False,False,True,False,False,False,False,False,False,False,False,False,Vendredi-18-20h,OUI,Vendredi,2020-03-27 18:00
17300,195,False,False,False,False,True,False,False,False,True,False,False,False,False,False,Vendredi-18-20h,OUI,Vendredi,2020-03-27 18:00
17301,275,False,False,False,False,False,False,False,False,False,False,False,True,False,False,Vendredi-18-20h,NON,Vendredi,2020-03-27 18:00
17302,226,False,False,False,False,True,True,False,False,False,False,False,False,False,False,Vendredi-18-20h,NON,Vendredi,2020-03-27 18:00
17303,207,False,False,True,False,False,False,False,False,False,False,False,False,False,False,Vendredi-18-20h,OUI,Vendredi,2020-03-27 18:00
17304,57,False,False,False,False,False,False,False,False,False,False,False,False,False,False,Vendredi-18-20h,NON,Vendredi,2020-03-27 18:00
17305,4,False,True,False,False,False,True,False,False,False,False,False,False,False,False,Vendredi-18-20h,NON,Vendredi,2020-03-27 18:00
17306,265,False,False,False,False,False,True,False,False,False,False,False,False,False,False,Vendredi-18-20h,NON,Vendredi,2020-03-27 18:00
17307,88,False,True,False,False,False,False,False,False,False,False,False,False,False,False,Vendredi-18-20h,NON,Vendredi,2020-03-27 18:00
17308,198,False,False,False,False,False,False,False,False,False,False,True,False,False,False,Vendredi-18-20h,OUI,Vendredi,2020-03-27 18:00
17309,249,True,True,True,False,False,False,False,False,False,False,False,False,False,False,Vendredi-18-20h,OUI,Vendredi,2020-03-27 18:00
17310,263,False,False,False,False,True,True,False,False,False,False,False,False,False,False,Vendredi-18-20h,OUI,Vendredi,2020-03-27 18:00
17311,217,True,False,True,False,False,False,False,False,False,False,False,False,True,False,Vendredi-18-20h,OUI,Vendredi,2020-03-27 18:00
17312,278,False,False,False,False,True,True,False,False,False,False,False,False,False,False,Vendredi-18-20h,NON,Vendredi,2020-03-27 18:00
17313,189,False,True,False,False,False,False,False,False,False,False,False,False,False,False,Vendredi-18-20h,NON,Vendredi,2020-03-27 18:00
17314,61,True,False,True,False,False,False,False,False,False,False,False,False,False,False,Vendredi-18-20h,OUI,Vendredi,2020-03-27 18:00
17315,251,False,False,False,False,False,False,False,False,False,False,False,False,True,False,Vendredi-18-20h,OUI,Vendredi,2020-03-27 18:00
17316,281,False,True,False,False,False,False,False,False,False,False,False,False,False,False,Vendredi-18-20h,OUI,Vendredi,2020-03-27 18:00
17317,134,False,True,False,False,False,False,False,False,False,False,False,False,False,False,Vendredi-18-20h,NON,Vendredi,2020-03-27 18:00
17318,293,False,True,False,False,False,True,False,False,False,False,False,False,False,False,Vendredi-18-20h,OUI,Vendredi,2020-03-27 18:00
17319,279,True,True,True,True,False,True,False,False,False,False,False,False,False,False,Vendredi-18-20h,OUI,Vendredi,2020-03-27 18:00
17320,81,True,False,True,True,False,False,False,True,False,False,False,False,False,False,Vendredi-18-20h,OUI,Vendredi,2020-03-27 18:00
17321,92,True,False,False,True,False,False,False,False,False,False,True,False,False,False,Vendredi-18-20h,OUI,Vendredi,2020-03-27 18:00
17322,147,False,False,False,False,False,False,False,False,False,False,False,False,False,False,Vendredi-18-20h,NON,Vendredi,2020-03-27 18:00
17323,33,False,True,False,False,True,False,False,False,False,False,False,False,False,False,Vendredi-18-20h,NON,Vendredi,2020-03-27 18:00
17324,266,False,False,False,False,False,False,False,False,False,False,False,False,False,False,Vendredi-18-20h,NON,Vendredi,2020-03-27 18:00
17325,225,True,False,False,False,False,True,False,False,False,False,False,False,False,False,Vendredi-18-20h,NON,Vendredi,2020-03-27 18:00
17326,83,True,False,True,False,False,False,False,False,False,False,False,False,False,False,Vendredi-18-20h,OUI,Vendredi,2020-03-27 18:00
17327,95,False,False,False,False,True,True,False,True,False,False,False,False,False,False,Vendredi-18-20h,OUI,Vendredi,2020-03-27 18:00
17328,127,False,False,False,False,True,False,False,False,False,False,False,False,False,False,Vendredi-18-20h,OUI,Vendredi,2020-03-27 18:00
17329,20,False,False,False,False,False,False,False,False,False,False,False,False,False,False,Vendredi-18-20h,NON,Vendredi,2020-03-27 18:00
17330,89,False,False,False,False,False,False,False,False,True,False,False,False,False,False,Vendredi-18-20h,NON,Vendredi,2020-03-27 18:00
17331,120,False,True,True,False,True,True,False,True,False,False,True,False,False,False,Vendredi-18-20h,NON,Vendredi,2020-03-27 18:00
17332,253,False,False,False,False,True,True,False,False,False,False,False,True,False,False,Vendredi-18-20h,OUI,Vendredi,2020-03-27 18:00
17333,52,False,False,True,False,False,False,False,False,False,False,False,False,False,False,Vendredi-18-20h,OUI,Vendredi,2020-03-27 18:00
17334,168,True,False,True,False,False,False,False,True,False,False,False,False,False,False,Vendredi-18-20h,OUI,Vendredi,2020-03-27 18:00
17335,202,False,True,False,False,False,False,False,False,False,False,False,False,False,False,Vendredi-18-20h,OUI,Vendredi,2020-03-27 18:00
17336,172,False,False,False,False,True,False,False,False,False,False,False,False,False,False,Vendredi-18-20h,OUI,Vendredi,2020-03-27 18:00
17337,239,False,False,False,False,True,True,False,False,False,False,False,False,False,False,Vendredi-18-20h,OUI,Vendredi,2020-03-27 18:00
17338,85,False,False,False,False,True,False,False,False,False,False,False,False,False,False,Vendredi-18-20h,NON,Vendredi,2020-03-27 18:00
17339,215,False,False,False,False,False,False,False,False,True,False,False,False,False,False,Vendredi-18-20h,OUI,Vendredi,2020-03-27 18:00
17340,260,True,False,True,False,False,False,False,False,False,False,False,False,False,False,Vendredi-18-20h,OUI,Vendredi,2020-03-27 18:00
17341,286,True,True,False,False,True,False,False,False,False,False,False,False,False,False,Vendredi-18-20h,NON,Vendredi,2020-03-27 18:00
17342,72,False,True,False,False,False,False,False,False,False,False,False,False,False,False,Vendredi-20-22h,OUI,Vendredi,2020-03-27 20:00
17343,167,True,True,True,True,True,True,False,False,False,False,False,False,False,False,Vendredi-20-22h,OUI,Vendredi,2020-03-27 20:00
17344,130,True,False,True,False,False,False,False,True,False,False,False,False,True,True,Vendredi-20-22h,NON,Vendredi,2020-03-27 20:00
17345,288,True,True,True,False,True,False,False,False,False,False,False,False,False,False,Vendredi-20-22h,OUI,Vendredi,2020-03-27 20:00
17346,59,False,False,False,False,False,True,False,False,False,False,False,False,False,False,Vendredi-20-22h,NON,Vendredi,2020-03-27 20:00
17347,178,True,False,False,False,False,False,False,False,False,False,True,False,False,False,Vendredi-20-22h,OUI,Vendredi,2020-03-27 20:00
17348,254,False,False,False,False,False,False,False,False,False,False,False,True,False,False,Vendredi-20-22h,NON,Vendredi,2020-03-27 20:00
17349,34,False,False,False,False,False,False,False,False,False,False,False,False,False,False,Vendredi-20-22h,NON,Vendredi,2020-03-27 20:00
17350,264,False,False,False,False,True,True,True,False,False,False,False,False,False,False,Vendredi-20-22h,OUI,Vendredi,2020-03-27 20:00
17351,158,True,False,False,False,True,False,False,False,False,True,False,False,False,False,Vendredi-20-22h,OUI,Vendredi,2020-03-27 20:00
17352,210,False,True,False,False,True,True,False,False,False,False,False,False,False,False,Vendredi-20-22h,OUI,Vendredi,2020-03-27 20:00
17353,93,False,False,False,False,True,False,False,False,False,False,False,False,True,False,Vendredi-20-22h,OUI,Vendredi,2020-03-27 20:00
17354,144,True,False,True,False,True,False,False,False,False,False,False,False,False,False,Vendredi-20-22h,OUI,Vendredi,2020-03-27 20:00
17355,164,False,True,False,False,True,True,False,False,False,False,False,False,False,False,Vendredi-20-22h,OUI,Vendredi,2020-03-27 20:00
17356,289,False,False,False,False,True,True,False,False,False,False,False,False,False,False,Vendredi-20-22h,OUI,Vendredi,2020-03-27 20:00
17357,50,False,False,False,False,False,False,False,False,False,False,False,False,False,False,Vendredi-20-22h,NON,Vendredi,2020-03-27 20:00
17358,51,True,True,False,False,True,False,False,False,False,False,False,False,False,False,Vendredi-20-22h,OUI,Vendredi,2020-03-27 20:00
17359,247,False,False,True,False,False,False,False,False,False,False,False,False,False,False,Vendredi-20-22h,NON,Vendredi,2020-03-27 20:00
17360,159,False,False,False,False,False,False,False,True,False,False,False,False,False,False,Vendredi-20-22h,OUI,Vendredi,2020-03-27 20:00
17361,54,False,False,False,False,False,True,False,False,False,False,False,False,False,False,Vendredi-20-22h,NON,Vendredi,2020-03-27 20:00
17362,55,True,False,False,False,True,True,False,True,False,False,False,False,False,False,Vendredi-20-22h,OUI,Vendredi,2020-03-27 20:00
17363,257,False,False,False,False,True,False,False,False,False,False,False,False,False,False,Vendredi-20-22h,OUI,Vendredi,2020-03-27 20:00
17364,67,False,False,False,False,False,False,False,False,False,False,False,False,False,False,Vendredi-20-22h,NON,Vendredi,2020-03-27 20:00
17365,71,True,False,True,False,False,False,False,False,False,False,False,False,False,False,Vendredi-20-22h,NON,Vendredi,2020-03-27 20:00
17366,280,False,False,False,False,False,True,False,False,False,False,False,False,False,False,Vendredi-20-22h,OUI,Vendredi,2020-03-27 20:00
17367,283,True,True,False,False,False,False,False,False,False,False,False,False,False,False,Vendredi-20-22h,OUI,Vendredi,2020-03-27 20:00
17368,154,False,False,False,False,True,True,False,False,False,False,False,True,False,False,Vendredi-20-22h,NON,Vendredi,2020-03-27 20:00
17369,171,False,False,False,False,False,False,False,False,False,False,False,True,False,False,Vendredi-20-22h,OUI,Vendredi,2020-03-27 20:00
17370,131,False,False,True,False,False,False,False,False,False,False,False,False,False,False,Vendredi-20-22h,NON,Vendredi,2020-03-27 20:00
17371,237,True,False,False,False,False,True,True,False,False,False,False,False,True,False,Vendredi-20-22h,OUI,Vendredi,2020-03-27 20:00
17372,75,False,False,False,False,True,True,False,False,False,False,False,False,False,False,Vendredi-20-22h,NON,Vendredi,2020-03-27 20:00
17373,235,True,False,False,False,True,False,False,False,False,False,False,False,False,False,Vendredi-20-22h,NON,Vendredi,2020-03-27 20:00
17374,180,False,False,False,False,True,True,False,False,False,False,False,False,False,False,Vendredi-20-22h,OUI,Vendredi,2020-03-27 20:00
17375,219,False,False,False,False,False,True,False,False,False,False,False,False,False,False,Vendredi-20-22h,NON,Vendredi,2020-03-27 20:00
17376,250,False,False,False,False,False,False,False,False,True,False,False,False,False,False,Vendredi-20-22h,NON,Vendredi,2020-03-27 20:00
17377,267,True,True,False,False,False,False,False,False,False,False,False,False,False,False,Vendredi-20-22h,OUI,Vendredi,2020-03-27 20:00
17378,160,False,True,False,False,False,True,False,False,False,False,False,False,False,False,Vendredi-20-22h,OUI,Vendredi,2020-03-27 20:00
17379,182,False,True,False,False,True,True,True,False,False,False,False,False,False,False,Vendredi-20-22h,OUI,Vendredi,2020-03-27 20:00
17380,143,False,False,False,False,False,False,False,True,False,False,True,False,False,False,Vendredi-20-22h,OUI,Vendredi,2020-03-27 20:00
17381,223,True,True,False,False,False,False,False,False,False,False,False,False,False,False,Vendredi-20-22h,OUI,Vendredi,2020-03-27 20:00
17382,192,True,False,True,False,False,False,False,False,False,False,False,False,False,False,Vendredi-20-22h,NON,Vendredi,2020-03-27 20:00
17383,30,False,False,True,False,False,False,False,True,False,False,False,False,False,False,Vendredi-20-22h,OUI,Vendredi,2020-03-27 20:00
17384,125,True,False,False,False,True,False,False,True,False,False,False,False,False,False,Vendredi-20-22h,OUI,Vendredi,2020-03-27 20:00
17385,39,False,False,True,False,True,False,False,True,False,False,False,False,False,False,Vendredi-20-22h,OUI,Vendredi,2020-03-27 20:00
17386,113,True,False,True,False,False,False,False,False,False,False,False,False,False,False,Vendredi-20-22h,OUI,Vendredi,2020-03-27 20:00
17387,121,True,False,True,False,False,False,False,True,False,False,False,False,False,False,Vendredi-20-22h,OUI,Vendredi,2020-03-27 20:00
17388,228,False,False,False,False,False,False,False,False,False,False,True,False,False,False,Vendredi-20-22h,OUI,Vendredi,2020-03-27 20:00
17389,290,False,False,False,False,False,False,False,False,True,False,False,False,False,False,Vendredi-20-22h,OUI,Vendredi,2020-03-27 20:00
17390,197,False,False,True,False,True,False,False,False,False,False,False,False,False,False,Vendredi-20-22h,NON,Vendredi,2020-03-27 20:00
17391,31,True,True,True,False,False,True,False,False,False,False,False,False,False,False,Vendredi-20-22h,NON,Vendredi,2020-03-27 20:00
17392,173,True,False,False,False,True,True,False,True,False,False,False,False,False,False,Vendredi-20-22h,OUI,Vendredi,2020-03-27 20:00
17393,74,True,False,False,True,False,False,False,True,False,False,True,False,False,False,Vendredi-20-22h,NON,Vendredi,2020-03-27 20:00
17394,15,False,False,True,False,False,False,False,False,False,False,False,False,False,False,Vendredi-20-22h,OUI,Vendredi,2020-03-27 20:00
17395,45,True,False,False,False,True,True,False,True,False,False,False,False,False,False,Vendredi-20-22h,NON,Vendredi,2020-03-27 20:00
17396,63,False,False,True,False,False,False,False,False,False,False,False,False,False,False,Vendredi-20-22h,OUI,Vendredi,2020-03-27 20:00
17397,3,False,False,False,False,False,True,False,False,False,False,False,True,False,False,Vendredi-20-22h,OUI,Vendredi,2020-03-27 20:00
17398,21,True,False,True,False,False,False,False,False,False,False,False,False,False,False,Vendredi-20-22h,OUI,Vendredi,2020-03-27 20:00
17399,78,False,True,True,False,True,True,False,True,False,False,False,False,False,False,Vendredi-20-22h,OUI,Vendredi,2020-03-27 20:00
17400,47,False,True,False,False,False,False,False,False,False,False,False,False,False,False,Vendredi-20-22h,OUI,Vendredi,2020-03-27 20:00
17401,151,True,True,False,False,True,False,False,True,False,False,False,False,False,False,Vendredi-20-22h,OUI,Vendredi,2020-03-27 20:00
17402,6,True,False,True,False,False,False,False,False,False,False,False,False,False,False,Vendredi-20-22h,OUI,Vendredi,2020-03-27 20:00
17403,135,True,False,True,False,False,False,False,False,False,False,False,False,True,False,Vendredi-20-22h,OUI,Vendredi,2020-03-27 20:00
17404,221,False,False,False,False,True,True,False,False,False,False,False,False,False,False,Vendredi-20-22h,OUI,Vendredi,2020-03-27 20:00
17405,170,False,False,True,False,False,False,False,False,False,False,True,False,False,True,Vendredi-20-22h,NON,Vendredi,2020-03-27 20:00
17406,129,False,True,False,False,False,False,False,False,False,False,False,False,False,False,Vendredi-20-22h,OUI,Vendredi,2020-03-27 20:00
17407,132,True,True,True,False,False,True,False,False,False,False,False,False,False,False,Vendredi-20-22h,OUI,Vendredi,2020-03-27 20:00
17408,110,False,True,False,False,False,False,False,False,False,False,False,False,False,False,Vendredi-20-22h,OUI,Vendredi,2020-03-27 20:00
17409,191,False,False,False,False,False,True,False,False,False,False,False,False,False,False,Vendredi-20-22h,OUI,Vendredi,2020-03-27 20:00
17410,94,True,True,True,False,False,True,False,False,False,False,True,False,True,False,Vendredi-20-22h,NON,Vendredi,2020-03-27 20:00
17411,108,False,False,False,False,False,True,True,False,False,False,False,False,False,False,Vendredi-20-22h,OUI,Vendredi,2020-03-27 20:00
17412,236,False,False,False,False,True,True,False,False,False,False,False,False,False,False,Vendredi-20-22h,OUI,Vendredi,2020-03-27 20:00
17413,42,True,False,True,False,True,False,False,False,False,False,False,False,False,False,Vendredi-20-22h,OUI,Vendredi,2020-03-27 20:00
17414,155,True,False,False,False,True,False,False,False,False,False,False,False,False,False,Vendredi-20-22h,OUI,Vendredi,2020-03-27 20:00
17415,1,False,False,False,False,False,False,False,False,False,False,False,False,False,False,Vendredi-20-22h,NON,Vendredi,2020-03-27 20:00
17416,58,False,True,True,False,False,True,False,False,False,False,True,False,False,False,Vendredi-20-22h,OUI,Vendredi,2020-03-27 20:00
17417,0,False,True,False,False,False,False,False,False,False,False,False,False,False,False,Vendredi-20-22h,OUI,Vendredi,2020-03-27 20:00
17418,269,False,False,False,False,False,False,False,False,False,False,False,False,False,False,Vendredi-20-22h,NON,Vendredi,2020-03-27 20:00
17419,2,True,False,True,False,False,False,False,False,False,False,False,False,False,False,Vendredi-20-22h,NON,Vendredi,2020-03-27 20:00
17420,103,False,False,False,False,True,False,False,False,False,False,False,False,False,False,Vendredi-20-22h,NON,Vendredi,2020-03-27 20:00
17421,12,False,True,False,False,True,False,False,False,False,False,False,False,False,False,Vendredi-20-22h,OUI,Vendredi,2020-03-27 20:00
17422,245,True,False,False,False,True,True,False,True,False,False,False,False,False,False,Vendredi-20-22h,OUI,Vendredi,2020-03-27 20:00
17423,161,False,False,True,False,False,False,False,False,False,False,True,False,False,False,Vendredi-20-22h,NON,Vendredi,2020-03-27 20:00
17424,38,False,False,False,False,False,False,False,False,True,False,False,False,False,False,Vendredi-20-22h,NON,Vendredi,2020-03-27 20:00
17425,122,False,False,False,False,False,False,False,False,False,False,False,False,False,False,Vendredi-20-22h,NON,Vendredi,2020-03-27 20:00
17426,248,False,False,True,False,False,False,False,False,False,False,False,False,True,False,Vendredi-20-22h,OUI,Vendredi,2020-03-27 20:00
17427,271,False,True,True,False,False,True,False,False,False,False,False,False,False,False,Vendredi-20-22h,OUI,Vendredi,2020-03-27 20:00
17428,116,False,False,True,False,False,False,False,False,False,False,False,False,False,False,Vendredi-20-22h,OUI,Vendredi,2020-03-27 20:00
17429,117,True,True,True,True,False,True,False,False,False,False,False,False,False,False,Vendredi-20-22h,NON,Vendredi,2020-03-27 20:00
17430,213,False,False,False,False,True,True,False,True,False,False,False,False,False,False,Vendredi-20-22h,NON,Vendredi,2020-03-27 20:00
17431,220,False,True,True,False,False,True,False,False,False,False,False,False,False,False,Vendredi-20-22h,OUI,Vendredi,2020-03-27 20:00
17432,176,False,False,True,False,False,False,False,False,False,False,False,False,False,False,Vendredi-20-22h,OUI,Vendredi,2020-03-27 20:00
17433,96,False,False,False,False,True,True,False,False,False,True,False,False,False,False,Vendredi-20-22h,NON,Vendredi,2020-03-27 20:00
17434,214,False,False,False,False,True,True,False,False,False,True,False,False,False,False,Vendredi-20-22h,OUI,Vendredi,2020-03-27 20:00
17435,11,True,False,False,True,False,False,False,False,False,False,True,False,False,False,Vendredi-20-22h,OUI,Vendredi,2020-03-27 20:00
17436,255,True,False,True,False,False,False,False,True,False,False,False,False,False,False,Vendredi-20-22h,OUI,Vendredi,2020-03-27 20:00
17437,86,False,False,True,False,False,False,False,False,False,False,False,False,False,False,Vendredi-20-22h,OUI,Vendredi,2020-03-27 20:00
17438,209,True,False,False,False,True,True,False,True,False,False,False,False,False,False,Vendredi-20-22h,OUI,Vendredi,2020-03-27 20:00
17439,291,False,False,False,False,False,True,False,False,True,False,False,False,False,False,Vendredi-20-22h,OUI,Vendredi,2020-03-27 20:00
17440,287,False,False,False,False,False,False,False,False,False,False,False,True,False,False,Vendredi-20-22h,OUI,Vendredi,2020-03-27 20:00
17441,104,False,False,False,False,True,True,False,False,False,False,False,False,False,False,Vendredi-20-22h,NON,Vendredi,2020-03-27 20:00
17442,18,False,False,False,False,True,False,False,False,False,False,False,False,False,False,Vendredi-20-22h,OUI,Vendredi,2020-03-27 20:00
17443,123,False,True,False,False,True,True,False,False,False,False,False,False,False,False,Vendredi-20-22h,NON,Vendredi,2020-03-27 20:00
17444,136,False,False,False,False,True,False,False,False,False,False,False,False,False,False,Vendredi-20-22h,OUI,Vendredi,2020-03-27 20:00
17445,276,True,False,True,False,False,False,False,False,False,False,False,False,False,False,Vendredi-20-22h,OUI,Vendredi,2020-03-27 20:00
17446,53,False,False,False,False,True,True,False,False,False,False,False,False,False,False,Vendredi-20-22h,OUI,Vendredi,2020-03-27 20:00
17447,179,True,False,True,False,False,False,False,False,False,False,False,False,False,False,Vendredi-20-22h,OUI,Vendredi,2020-03-27 20:00
17448,200,False,False,False,False,False,False,False,False,False,False,False,False,False,False,Vendredi-20-22h,NON,Vendredi,2020-03-27 20:00
17449,73,False,False,False,False,False,False,False,False,False,False,False,False,False,False,Vendredi-20-22h,NON,Vendredi,2020-03-27 20:00
17450,156,False,False,False,False,True,True,False,False,False,False,False,False,False,False,Vendredi-20-22h,NON,Vendredi,2020-03-27 20:00
17451,128,True,True,True,False,False,True,False,False,False,False,False,False,False,False,Vendredi-20-22h,OUI,Vendredi,2020-03-27 20:00
17452,118,False,False,False,False,False,False,False,False,False,False,False,False,False,False,Vendredi-20-22h,NON,Vendredi,2020-03-27 20:00
17453,112,True,False,True,False,False,False,False,False,False,False,False,False,False,False,Vendredi-20-22h,OUI,Vendredi,2020-03-27 20:00
17454,35,False,False,False,False,True,True,False,False,False,False,False,False,False,False,Vendredi-20-22h,OUI,Vendredi,2020-03-27 20:00
17455,32,False,False,False,False,False,False,False,False,False,False,False,True,False,False,Vendredi-20-22h,NON,Vendredi,2020-03-27 20:00
17456,199,True,False,True,False,False,False,False,False,False,False,False,False,False,False,Vendredi-20-22h,OUI,Vendredi,2020-03-27 20:00
17457,153,True,False,False,False,True,True,False,False,False,False,False,False,False,False,Vendredi-20-22h,NON,Vendredi,2020-03-27 20:00
17458,82,False,False,True,False,False,False,False,False,False,False,False,False,False,False,Vendredi-20-22h,OUI,Vendredi,2020-03-27 20:00
17459,292,False,True,False,False,False,False,False,False,False,False,False,False,False,False,Vendredi-20-22h,OUI,Vendredi,2020-03-27 20:00
17460,169,False,False,False,True,False,False,False,False,False,False,False,False,False,False,Vendredi-20-22h,OUI,Vendredi,2020-03-27 20:00
17461,16,False,False,False,False,True,True,False,False,False,False,False,False,False,False,Vendredi-20-22h,OUI,Vendredi,2020-03-27 20:00
17462,46,True,True,True,False,False,True,True,False,False,False,False,False,False,False,Vendredi-20-22h,NON,Vendredi,2020-03-27 20:00
17463,216,False,True,False,False,False,True,False,False,False,False,False,False,False,False,Vendredi-20-22h,OUI,Vendredi,2020-03-27 20:00
17464,174,False,True,True,False,False,True,False,False,False,False,True,False,False,False,Vendredi-20-22h,OUI,Vendredi,2020-03-27 20:00
17465,43,False,False,False,False,True,False,False,False,False,False,False,False,False,False,Vendredi-20-22h,NON,Vendredi,2020-03-27 20:00
17466,165,False,False,False,False,True,True,False,False,False,False,False,False,False,False,Vendredi-20-22h,NON,Vendredi,2020-03-27 20:00
17467,126,False,True,False,False,False,True,False,False,False,False,False,False,False,False,Vendredi-20-22h,OUI,Vendredi,2020-03-27 20:00
17468,41,False,False,False,False,False,True,False,False,True,False,False,False,False,False,Vendredi-20-22h,NON,Vendredi,2020-03-27 20:00
17469,157,False,False,True,False,False,False,False,False,False,False,False,False,False,False,Vendredi-20-22h,OUI,Vendredi,2020-03-27 20:00
17470,272,False,True,True,False,False,False,True,False,False,False,True,False,True,True,Vendredi-20-22h,OUI,Vendredi,2020-03-27 20:00
17471,115,True,False,True,False,False,False,False,False,False,False,False,False,False,False,Vendredi-20-22h,OUI,Vendredi,2020-03-27 20:00
17472,84,False,False,False,False,False,False,False,False,False,False,False,True,False,False,Vendredi-20-22h,NON,Vendredi,2020-03-27 20:00
17473,183,True,True,True,True,False,False,False,False,False,False,False,False,False,False,Vendredi-20-22h,NON,Vendredi,2020-03-27 20:00
17474,65,True,True,False,False,False,True,False,False,False,False,False,False,False,False,Vendredi-20-22h,OUI,Vendredi,2020-03-27 20:00
17475,105,True,False,False,False,False,False,False,False,False,False,False,False,False,False,Vendredi-20-22h,OUI,Vendredi,2020-03-27 20:00
17476,187,True,False,False,False,False,True,False,False,False,False,False,False,False,False,Vendredi-20-22h,OUI,Vendredi,2020-03-27 20:00
17477,139,True,False,True,False,False,False,False,False,False,False,False,False,False,False,Vendredi-20-22h,NON,Vendredi,2020-03-27 20:00
17478,259,False,False,False,False,True,True,False,False,False,False,False,False,False,False,Vendredi-20-22h,OUI,Vendredi,2020-03-27 20:00
17479,124,True,False,True,False,False,False,False,False,False,False,True,False,False,False,Vendredi-20-22h,NON,Vendredi,2020-03-27 20:00
17480,98,False,False,False,False,False,True,False,False,False,False,False,True,False,False,Vendredi-20-22h,OUI,Vendredi,2020-03-27 20:00
17481,284,False,True,True,False,False,True,False,False,False,False,False,False,True,False,Vendredi-20-22h,OUI,Vendredi,2020-03-27 20:00
17482,148,True,False,True,False,True,False,False,True,False,False,False,False,False,False,Vendredi-20-22h,OUI,Vendredi,2020-03-27 20:00
17483,258,True,False,True,False,False,False,False,False,False,False,False,False,False,False,Vendredi-20-22h,OUI,Vendredi,2020-03-27 20:00
17484,175,False,False,False,False,False,True,False,False,False,False,False,False,False,False,Vendredi-20-22h,OUI,Vendredi,2020-03-27 20:00
17485,119,False,False,False,False,False,False,False,False,False,False,True,False,False,False,Vendredi-20-22h,NON,Vendredi,2020-03-27 20:00
17486,229,True,False,True,False,False,False,False,True,False,False,False,False,False,False,Vendredi-20-22h,OUI,Vendredi,2020-03-27 20:00
17487,230,False,False,False,False,False,True,True,False,False,False,False,False,False,False,Vendredi-20-22h,NON,Vendredi,2020-03-27 20:00
17488,17,True,False,False,False,False,True,True,False,False,False,False,False,False,False,Vendredi-20-22h,OUI,Vendredi,2020-03-27 20:00
17489,177,False,False,False,False,False,False,False,False,False,False,False,False,False,False,Vendredi-20-22h,NON,Vendredi,2020-03-27 20:00
17490,7,False,False,False,False,False,False,False,False,False,False,False,False,False,False,Vendredi-20-22h,NON,Vendredi,2020-03-27 20:00
17491,241,False,False,True,False,False,False,False,False,False,False,False,False,False,False,Vendredi-20-22h,NON,Vendredi,2020-03-27 20:00
17492,8,True,False,False,False,True,True,False,True,False,False,False,False,False,False,Vendredi-20-22h,OUI,Vendredi,2020-03-27 20:00
17493,268,False,True,False,False,False,True,False,False,False,False,False,False,False,False,Vendredi-20-22h,OUI,Vendredi,2020-03-27 20:00
17494,294,False,False,True,False,True,False,False,False,False,False,False,False,False,False,Vendredi-20-22h,OUI,Vendredi,2020-03-27 20:00
17495,242,True,False,False,False,True,True,False,False,False,False,False,False,False,False,Vendredi-20-22h,NON,Vendredi,2020-03-27 20:00
17496,194,False,False,False,False,False,True,False,False,False,False,False,False,False,False,Vendredi-20-22h,NON,Vendredi,2020-03-27 20:00
17497,243,False,False,False,False,True,True,False,False,False,False,False,False,False,False,Vendredi-20-22h,OUI,Vendredi,2020-03-27 20:00
17498,212,True,True,True,False,False,True,False,False,False,False,False,False,False,False,Vendredi-20-22h,OUI,Vendredi,2020-03-27 20:00
17499,19,False,False,False,False,False,True,False,False,False,False,False,False,False,False,Vendredi-20-22h,OUI,Vendredi,2020-03-27 20:00
17500,114,False,False,False,False,True,False,False,False,False,False,False,False,False,False,Vendredi-20-22h,OUI,Vendredi,2020-03-27 20:00
17501,190,False,False,False,False,False,True,False,False,True,False,False,False,False,False,Vendredi-20-22h,NON,Vendredi,2020-03-27 20:00
17502,64,False,False,True,False,False,False,False,False,False,False,False,False,False,False,Vendredi-20-22h,NON,Vendredi,2020-03-27 20:00
17503,227,False,False,False,False,False,False,False,False,False,False,False,False,False,False,Vendredi-20-22h,NON,Vendredi,2020-03-27 20:00
17504,232,False,False,False,False,False,True,False,False,False,False,False,False,False,False,Vendredi-20-22h,OUI,Vendredi,2020-03-27 20:00
17505,246,False,True,False,False,False,True,True,False,False,False,False,False,False,False,Vendredi-20-22h,OUI,Vendredi,2020-03-27 20:00
17506,100,False,False,False,False,False,True,False,False,False,False,False,False,False,False,Vendredi-20-22h,OUI,Vendredi,2020-03-27 20:00
17507,13,False,False,False,False,True,False,False,False,False,False,False,False,False,False,Vendredi-20-22h,OUI,Vendredi,2020-03-27 20:00
17508,262,True,True,True,False,False,False,False,False,False,False,False,False,False,False,Vendredi-20-22h,NON,Vendredi,2020-03-27 20:00
17509,76,True,True,True,False,False,True,False,False,False,False,True,False,False,False,Vendredi-20-22h,OUI,Vendredi,2020-03-27 20:00
17510,261,False,True,False,False,True,False,False,False,False,False,False,False,False,False,Vendredi-20-22h,OUI,Vendredi,2020-03-27 20:00
17511,150,False,True,False,False,False,False,False,False,False,False,False,False,False,False,Vendredi-20-22h,OUI,Vendredi,2020-03-27 20:00
17512,205,False,False,False,False,False,False,False,False,False,False,False,False,False,False,Vendredi-20-22h,NON,Vendredi,2020-03-27 20:00
17513,56,False,False,False,False,True,True,False,False,False,False,False,False,False,False,Vendredi-20-22h,OUI,Vendredi,2020-03-27 20:00
17514,186,False,False,False,False,True,False,False,False,False,False,False,False,False,False,Vendredi-20-22h,OUI,Vendredi,2020-03-27 20:00
17515,162,True,False,False,False,True,True,False,False,False,False,False,False,False,False,Vendredi-20-22h,NON,Vendredi,2020-03-27 20:00
17516,68,False,True,False,False,True,True,False,False,False,False,False,False,False,False,Vendredi-20-22h,OUI,Vendredi,2020-03-27 20:00
17517,146,False,False,False,False,False,True,False,False,False,False,False,True,False,False,Vendredi-20-22h,OUI,Vendredi,2020-03-27 20:00
17518,49,False,False,False,False,False,False,False,False,False,False,False,False,True,False,Vendredi-20-22h,OUI,Vendredi,2020-03-27 20:00
17519,91,True,False,True,True,False,False,False,False,False,False,False,False,False,False,Vendredi-20-22h,OUI,Vendredi,2020-03-27 20:00
17520,22,False,False,False,False,False,False,False,False,False,True,False,False,False,False,Vendredi-20-22h,NON,Vendredi,2020-03-27 20:00
17521,151,False,False,False,False,True,False,False,False,False,False,False,False,False,False,Vendredi-20-22h,OUI,Vendredi,2020-03-27 20:00
17522,193,False,False,False,False,True,True,False,False,False,False,False,False,False,False,Vendredi-20-22h,OUI,Vendredi,2020-03-27 20:00
17523,9,True,True,False,False,False,False,False,False,False,False,False,False,False,False,Vendredi-20-22h,OUI,Vendredi,2020-03-27 20:00
17524,99,True,False,True,False,False,False,False,False,False,False,False,False,False,False,Vendredi-20-22h,NON,Vendredi,2020-03-27 20:00
17525,181,False,False,False,False,True,True,False,False,False,False,False,False,False,False,Vendredi-20-22h,OUI,Vendredi,2020-03-27 20:00
17526,111,False,False,False,False,False,True,False,True,False,False,False,False,False,False,Vendredi-20-22h,OUI,Vendredi,2020-03-27 20:00
17527,44,False,True,False,False,False,True,False,False,False,False,False,False,False,False,Vendredi-20-22h,NON,Vendredi,2020-03-27 20:00
17528,24,False,False,False,False,True,False,False,True,False,False,False,False,False,False,Vendredi-20-22h,OUI,Vendredi,2020-03-27 20:00
17529,102,False,False,False,False,True,True,False,True,False,False,False,False,False,False,Vendredi-20-22h,OUI,Vendredi,2020-03-27 20:00
17530,203,True,True,False,False,False,False,False,True,False,False,False,False,False,False,Vendredi-20-22h,NON,Vendredi,2020-03-27 20:00
17531,140,False,False,False,False,True,True,False,True,False,False,False,False,False,False,Vendredi-20-22h,NON,Vendredi,2020-03-27 20:00
17532,188,False,False,False,False,False,True,False,False,True,False,False,False,False,False,Vendredi-20-22h,NON,Vendredi,2020-03-27 20:00
17533,206,False,False,False,True,False,False,False,False,False,False,True,False,False,False,Vendredi-20-22h,NON,Vendredi,2020-03-27 20:00
17534,273,False,False,False,False,False,False,False,False,False,False,False,True,False,False,Vendredi-20-22h,OUI,Vendredi,2020-03-27 20:00
17535,69,True,False,True,False,False,False,False,False,False,False,False,False,False,False,Vendredi-20-22h,OUI,Vendredi,2020-03-27 20:00
17536,87,True,False,False,True,False,False,False,False,False,False,True,False,False,False,Vendredi-20-22h,OUI,Vendredi,2020-03-27 20:00
17537,83,True,False,True,False,False,False,False,False,False,False,False,False,False,False,Vendredi-20-22h,OUI,Vendredi,2020-03-27 20:00
17538,149,True,False,True,True,False,False,False,False,False,False,False,False,False,False,Vendredi-20-22h,OUI,Vendredi,2020-03-27 20:00
17539,274,False,False,False,False,False,True,False,False,False,False,False,False,False,False,Vendredi-20-22h,OUI,Vendredi,2020-03-27 20:00
17540,282,True,False,True,True,False,False,False,False,False,False,False,False,False,False,Vendredi-20-22h,OUI,Vendredi,2020-03-27 20:00
17541,147,False,False,False,False,False,False,False,False,False,False,False,False,False,False,Vendredi-20-22h,NON,Vendredi,2020-03-27 20:00
17542,238,False,False,False,False,False,False,False,False,False,False,False,True,False,False,Vendredi-20-22h,OUI,Vendredi,2020-03-27 20:00
17543,201,False,False,False,False,False,False,False,False,False,False,False,False,False,False,Vendredi-20-22h,NON,Vendredi,2020-03-27 20:00
17544,152,False,True,False,False,False,False,False,False,False,False,False,False,False,False,Vendredi-20-22h,OUI,Vendredi,2020-03-27 20:00
17545,222,False,False,False,False,False,True,False,False,True,True,False,False,False,False,Vendredi-20-22h,OUI,Vendredi,2020-03-27 20:00
17546,106,False,False,False,False,False,True,False,False,False,False,False,True,False,False,Vendredi-20-22h,OUI,Vendredi,2020-03-27 20:00
17547,133,False,False,True,False,True,False,False,False,False,False,False,False,False,False,Vendredi-20-22h,OUI,Vendredi,2020-03-27 20:00
17548,163,False,False,False,False,True,False,False,False,False,False,False,False,False,False,Vendredi-20-22h,NON,Vendredi,2020-03-27 20:00
17549,231,False,False,False,False,False,False,False,False,False,False,False,False,False,False,Vendredi-20-22h,NON,Vendredi,2020-03-27 20:00
17550,25,False,False,False,False,True,False,False,False,False,False,False,False,False,False,Vendredi-20-22h,NON,Vendredi,2020-03-27 20:00
17551,196,False,False,True,False,True,False,False,True,False,False,False,False,False,False,Vendredi-20-22h,OUI,Vendredi,2020-03-27 20:00
17552,5,False,False,False,False,True,True,False,False,False,False,False,False,False,False,Vendredi-20-22h,OUI,Vendredi,2020-03-27 20:00
17553,90,False,True,False,False,False,False,False,False,False,False,False,False,False,False,Vendredi-20-22h,OUI,Vendredi,2020-03-27 20:00
17554,244,True,False,True,False,False,False,False,False,False,False,False,False,False,False,Vendredi-20-22h,NON,Vendredi,2020-03-27 20:00
17555,107,False,True,False,False,False,True,False,False,False,False,False,False,False,False,Vendredi-20-22h,OUI,Vendredi,2020-03-27 20:00
17556,218,False,True,False,False,True,True,False,False,False,False,False,False,False,False,Vendredi-20-22h,OUI,Vendredi,2020-03-27 20:00
17557,62,False,True,True,False,True,True,False,False,False,False,False,False,False,False,Vendredi-20-22h,OUI,Vendredi,2020-03-27 20:00
17558,79,False,True,False,False,False,False,False,False,False,False,False,False,False,False,Vendredi-20-22h,OUI,Vendredi,2020-03-27 20:00
17559,208,False,False,False,False,False,True,False,False,False,False,False,False,False,False,Vendredi-20-22h,OUI,Vendredi,2020-03-27 20:00
17560,270,False,False,False,False,False,False,False,False,True,False,False,False,False,False,Vendredi-20-22h,OUI,Vendredi,2020-03-27 20:00
17561,166,True,False,False,False,True,True,False,False,False,False,False,False,False,False,Vendredi-20-22h,OUI,Vendredi,2020-03-27 20:00
17562,77,False,False,True,False,True,False,False,False,False,False,False,False,False,False,Vendredi-20-22h,OUI,Vendredi,2020-03-27 20:00
17563,29,False,False,False,False,False,True,False,False,False,False,False,True,False,False,Vendredi-20-22h,OUI,Vendredi,2020-03-27 20:00
17564,240,False,False,False,False,False,True,False,False,False,False,False,False,False,False,Vendredi-20-22h,OUI,Vendredi,2020-03-27 20:00
17565,184,False,True,False,False,False,False,False,False,False,False,False,False,False,False,Vendredi-20-22h,OUI,Vendredi,2020-03-27 20:00
17566,277,False,True,True,False,False,True,False,False,False,False,False,False,False,False,Vendredi-20-22h,OUI,Vendredi,2020-03-27 20:00
17567,80,True,False,False,False,False,True,False,False,False,True,False,False,False,False,Vendredi-20-22h,NON,Vendredi,2020-03-27 20:00
17568,185,True,True,True,False,False,True,False,False,False,False,True,False,True,False,Vendredi-20-22h,NON,Vendredi,2020-03-27 20:00
17569,204,False,False,False,False,True,True,False,False,False,False,False,True,False,False,Vendredi-20-22h,OUI,Vendredi,2020-03-27 20:00
17570,252,True,True,True,False,False,True,False,False,False,False,False,False,False,False,Vendredi-20-22h,NON,Vendredi,2020-03-27 20:00
17571,26,False,False,False,False,True,False,False,False,False,False,False,False,False,False,Vendredi-20-22h,OUI,Vendredi,2020-03-27 20:00
17572,70,False,False,False,False,True,False,False,False,False,False,False,True,False,False,Vendredi-20-22h,NON,Vendredi,2020-03-27 20:00
17573,233,False,False,False,False,True,False,False,False,False,False,False,False,False,False,Vendredi-20-22h,OUI,Vendredi,2020-03-27 20:00
17574,37,True,True,True,False,True,True,False,False,False,False,False,False,False,False,Vendredi-20-22h,OUI,Vendredi,2020-03-27 20:00
17575,185,False,False,True,False,False,False,False,False,False,False,False,False,False,False,Vendredi-20-22h,OUI,Vendredi,2020-03-27 20:00
17576,138,True,False,False,False,True,True,False,False,False,False,False,False,False,False,Vendredi-20-22h,OUI,Vendredi,2020-03-27 20:00
17577,224,True,False,True,False,False,False,False,False,False,False,False,False,False,False,Vendredi-20-22h,OUI,Vendredi,2020-03-27 20:00
17578,66,False,False,False,False,True,True,False,False,False,False,False,False,True,False,Vendredi-20-22h,NON,Vendredi,2020-03-27 20:00
17579,211,False,False,True,False,False,False,False,False,False,False,False,False,True,False,Vendredi-20-22h,OUI,Vendredi,2020-03-27 20:00
17580,14,False,False,False,False,True,True,False,False,False,False,False,False,False,False,Vendredi-20-22h,OUI,Vendredi,2020-03-27 20:00
17581,145,False,False,False,False,True,False,False,False,False,False,False,False,False,False,Vendredi-20-22h,NON,Vendredi,2020-03-27 20:00
17582,36,False,False,False,False,False,False,False,False,False,False,False,True,False,False,Vendredi-20-22h,NON,Vendredi,2020-03-27 20:00
17583,60,True,True,True,False,False,True,False,False,False,False,False,False,False,False,Vendredi-20-22h,NON,Vendredi,2020-03-27 20:00
17584,137,True,True,True,False,False,True,False,False,False,False,True,False,False,False,Vendredi-20-22h,OUI,Vendredi,2020-03-27 20:00
17585,285,False,True,False,False,True,True,False,False,False,False,False,False,False,False,Vendredi-20-22h,OUI,Vendredi,2020-03-27 20:00
17586,40,False,True,True,False,True,True,False,False,False,False,False,False,False,False,Vendredi-20-22h,NON,Vendredi,2020-03-27 20:00
17587,97,False,False,False,False,False,True,False,False,False,False,False,False,False,False,Vendredi-20-22h,OUI,Vendredi,2020-03-27 20:00
17588,109,True,False,True,True,False,False,False,False,False,False,False,False,False,False,Vendredi-20-22h,NON,Vendredi,2020-03-27 20:00
17589,10,False,False,False,False,False,False,False,False,False,False,False,False,False,False,Vendredi-20-22h,NON,Vendredi,2020-03-27 20:00
17590,256,False,False,False,False,False,False,False,False,False,False,False,True,False,False,Vendredi-20-22h,NON,Vendredi,2020-03-27 20:00
17591,141,True,True,True,False,False,False,False,False,False,False,True,False,False,False,Vendredi-20-22h,NON,Vendredi,2020-03-27 20:00
17592,28,False,False,False,False,False,False,False,False,False,False,False,False,False,False,Vendredi-20-22h,NON,Vendredi,2020-03-27 20:00
17593,101,True,True,True,True,True,True,False,False,False,False,False,False,False,False,Vendredi-20-22h,OUI,Vendredi,2020-03-27 20:00
17594,48,True,False,True,False,True,False,False,False,False,False,False,False,True,False,Vendredi-20-22h,OUI,Vendredi,2020-03-27 20:00
17595,27,False,False,False,False,False,True,False,False,False,False,False,False,False,False,Vendredi-20-22h,OUI,Vendredi,2020-03-27 20:00
17596,142,True,False,True,False,False,False,False,False,False,False,True,False,True,False,Vendredi-20-22h,NON,Vendredi,2020-03-27 20:00
17597,234,False,False,True,False,False,False,False,False,False,False,True,False,False,False,Vendredi-20-22h,OUI,Vendredi,2020-03-27 20:00
17598,23,False,False,False,False,True,False,False,False,False,False,False,False,False,False,Vendredi-20-22h,OUI,Vendredi,2020-03-27 20:00
17599,195,False,False,False,False,True,False,False,False,True,False,False,False,False,False,Vendredi-20-22h,OUI,Vendredi,2020-03-27 20:00
17600,275,False,False,False,False,False,False,False,False,False,False,False,True,False,False,Vendredi-20-22h,NON,Vendredi,2020-03-27 20:00
17601,226,False,False,False,False,True,True,False,False,False,False,False,False,False,False,Vendredi-20-22h,OUI,Vendredi,2020-03-27 20:00
17602,207,False,False,True,False,False,False,False,False,False,False,False,False,False,False,Vendredi-20-22h,OUI,Vendredi,2020-03-27 20:00
17603,57,False,False,False,False,False,False,False,False,False,False,False,False,False,False,Vendredi-20-22h,NON,Vendredi,2020-03-27 20:00
17604,4,False,True,False,False,False,True,False,False,False,False,False,False,False,False,Vendredi-20-22h,NON,Vendredi,2020-03-27 20:00
17605,265,False,False,False,False,False,True,False,False,False,False,False,False,False,False,Vendredi-20-22h,NON,Vendredi,2020-03-27 20:00
17606,88,False,True,False,False,False,False,False,False,False,False,False,False,False,False,Vendredi-20-22h,NON,Vendredi,2020-03-27 20:00
17607,198,False,False,False,False,False,False,False,False,False,False,True,False,False,False,Vendredi-20-22h,OUI,Vendredi,2020-03-27 20:00
17608,249,True,True,True,False,False,False,False,False,False,False,False,False,False,False,Vendredi-20-22h,OUI,Vendredi,2020-03-27 20:00
17609,263,False,False,False,False,True,True,False,False,False,False,False,False,False,False,Vendredi-20-22h,OUI,Vendredi,2020-03-27 20:00
17610,217,True,False,True,False,False,False,False,False,False,False,False,False,True,False,Vendredi-20-22h,OUI,Vendredi,2020-03-27 20:00
17611,278,False,False,False,False,True,True,False,False,False,False,False,False,False,False,Vendredi-20-22h,NON,Vendredi,2020-03-27 20:00
17612,189,False,True,False,False,False,False,False,False,False,False,False,False,False,False,Vendredi-20-22h,NON,Vendredi,2020-03-27 20:00
17613,61,True,False,True,False,False,False,False,False,False,False,False,False,False,False,Vendredi-20-22h,OUI,Vendredi,2020-03-27 20:00
17614,251,False,False,False,False,False,False,False,False,False,False,False,False,True,False,Vendredi-20-22h,OUI,Vendredi,2020-03-27 20:00
17615,281,False,True,False,False,False,False,False,False,False,False,False,False,False,False,Vendredi-20-22h,OUI,Vendredi,2020-03-27 20:00
17616,134,False,True,False,False,False,False,False,False,False,False,False,False,False,False,Vendredi-20-22h,NON,Vendredi,2020-03-27 20:00
17617,293,False,True,False,False,False,True,False,False,False,False,False,False,False,False,Vendredi-20-22h,OUI,Vendredi,2020-03-27 20:00
17618,279,True,True,True,True,False,True,False,False,False,False,False,False,False,False,Vendredi-20-22h,OUI,Vendredi,2020-03-27 20:00
17619,81,True,False,True,True,False,False,False,True,False,False,False,False,False,False,Vendredi-20-22h,OUI,Vendredi,2020-03-27 20:00
17620,92,True,False,False,True,False,False,False,False,False,False,True,False,False,False,Vendredi-20-22h,OUI,Vendredi,2020-03-27 20:00
17621,147,False,False,False,False,False,False,False,False,False,False,False,False,False,False,Vendredi-20-22h,NON,Vendredi,2020-03-27 20:00
17622,33,False,True,False,False,True,False,False,False,False,False,False,False,False,False,Vendredi-20-22h,NON,Vendredi,2020-03-27 20:00
17623,266,False,False,False,False,False,False,False,False,False,False,False,False,False,False,Vendredi-20-22h,NON,Vendredi,2020-03-27 20:00
17624,225,True,False,False,False,False,True,False,False,False,False,False,False,False,False,Vendredi-20-22h,OUI,Vendredi,2020-03-27 20:00
17625,83,True,False,True,False,False,False,False,False,False,False,False,False,False,False,Vendredi-20-22h,OUI,Vendredi,2020-03-27 20:00
17626,95,False,False,False,False,True,True,False,True,False,False,False,False,False,False,Vendredi-20-22h,OUI,Vendredi,2020-03-27 20:00
17627,127,False,False,False,False,True,False,False,False,False,False,False,False,False,False,Vendredi-20-22h,OUI,Vendredi,2020-03-27 20:00
17628,20,False,False,False,False,False,False,False,False,False,False,False,False,False,False,Vendredi-20-22h,NON,Vendredi,2020-03-27 20:00
17629,89,False,False,False,False,False,False,False,False,True,False,False,False,False,False,Vendredi-20-22h,OUI,Vendredi,2020-03-27 20:00
17630,120,False,True,True,False,True,True,False,True,False,False,True,False,False,False,Vendredi-20-22h,NON,Vendredi,2020-03-27 20:00
17631,253,False,False,False,False,True,True,False,False,False,False,False,True,False,False,Vendredi-20-22h,OUI,Vendredi,2020-03-27 20:00
17632,52,False,False,True,False,False,False,False,False,False,False,False,False,False,False,Vendredi-20-22h,OUI,Vendredi,2020-03-27 20:00
17633,168,True,False,True,False,False,False,False,True,False,False,False,False,False,False,Vendredi-20-22h,OUI,Vendredi,2020-03-27 20:00
17634,202,False,True,False,False,False,False,False,False,False,False,False,False,False,False,Vendredi-20-22h,OUI,Vendredi,2020-03-27 20:00
17635,172,False,False,False,False,True,False,False,False,False,False,False,False,False,False,Vendredi-20-22h,OUI,Vendredi,2020-03-27 20:00
17636,239,False,False,False,False,True,True,False,False,False,False,False,False,False,False,Vendredi-20-22h,NON,Vendredi,2020-03-27 20:00
17637,85,False,False,False,False,True,False,False,False,False,False,False,False,False,False,Vendredi-20-22h,NON,Vendredi,2020-03-27 20:00
17638,215,False,False,False,False,False,False,False,False,True,False,False,False,False,False,Vendredi-20-22h,OUI,Vendredi,2020-03-27 20:00
17639,260,True,False,True,False,False,False,False,False,False,False,False,False,False,False,Vendredi-20-22h,OUI,Vendredi,2020-03-27 20:00
17640,286,True,True,False,False,True,False,False,False,False,False,False,False,False,False,Vendredi-20-22h,NON,Vendredi,2020-03-27 20:00
17641,72,False,True,False,False,False,False,False,False,False,False,False,False,False,False,Vendredi-22-24h,OUI,Vendredi,2020-03-27 22:00
17642,167,True,True,True,True,True,True,False,False,False,False,False,False,False,False,Vendredi-22-24h,OUI,Vendredi,2020-03-27 22:00
17643,130,True,False,True,False,False,False,False,True,False,False,False,False,True,True,Vendredi-22-24h,NON,Vendredi,2020-03-27 22:00
17644,288,True,True,True,False,True,False,False,False,False,False,False,False,False,False,Vendredi-22-24h,OUI,Vendredi,2020-03-27 22:00
17645,59,False,False,False,False,False,True,False,False,False,False,False,False,False,False,Vendredi-22-24h,NON,Vendredi,2020-03-27 22:00
17646,178,True,False,False,False,False,False,False,False,False,False,True,False,False,False,Vendredi-22-24h,OUI,Vendredi,2020-03-27 22:00
17647,254,False,False,False,False,False,False,False,False,False,False,False,True,False,False,Vendredi-22-24h,NON,Vendredi,2020-03-27 22:00
17648,34,False,False,False,False,False,False,False,False,False,False,False,False,False,False,Vendredi-22-24h,NON,Vendredi,2020-03-27 22:00
17649,264,False,False,False,False,True,True,True,False,False,False,False,False,False,False,Vendredi-22-24h,OUI,Vendredi,2020-03-27 22:00
17650,158,True,False,False,False,True,False,False,False,False,True,False,False,False,False,Vendredi-22-24h,NON,Vendredi,2020-03-27 22:00
17651,210,False,True,False,False,True,True,False,False,False,False,False,False,False,False,Vendredi-22-24h,NON,Vendredi,2020-03-27 22:00
17652,93,False,False,False,False,True,False,False,False,False,False,False,False,True,False,Vendredi-22-24h,OUI,Vendredi,2020-03-27 22:00
17653,144,True,False,True,False,True,False,False,False,False,False,False,False,False,False,Vendredi-22-24h,OUI,Vendredi,2020-03-27 22:00
17654,164,False,True,False,False,True,True,False,False,False,False,False,False,False,False,Vendredi-22-24h,OUI,Vendredi,2020-03-27 22:00
17655,289,False,False,False,False,True,True,False,False,False,False,False,False,False,False,Vendredi-22-24h,OUI,Vendredi,2020-03-27 22:00
17656,50,False,False,False,False,False,False,False,False,False,False,False,False,False,False,Vendredi-22-24h,NON,Vendredi,2020-03-27 22:00
17657,51,True,True,False,False,True,False,False,False,False,False,False,False,False,False,Vendredi-22-24h,OUI,Vendredi,2020-03-27 22:00
17658,247,False,False,True,False,False,False,False,False,False,False,False,False,False,False,Vendredi-22-24h,NON,Vendredi,2020-03-27 22:00
17659,159,False,False,False,False,False,False,False,True,False,False,False,False,False,False,Vendredi-22-24h,OUI,Vendredi,2020-03-27 22:00
17660,54,False,False,False,False,False,True,False,False,False,False,False,False,False,False,Vendredi-22-24h,NON,Vendredi,2020-03-27 22:00
17661,55,True,False,False,False,True,True,False,True,False,False,False,False,False,False,Vendredi-22-24h,OUI,Vendredi,2020-03-27 22:00
17662,257,False,False,False,False,True,False,False,False,False,False,False,False,False,False,Vendredi-22-24h,OUI,Vendredi,2020-03-27 22:00
17663,67,False,False,False,False,False,False,False,False,False,False,False,False,False,False,Vendredi-22-24h,NON,Vendredi,2020-03-27 22:00
17664,71,True,False,True,False,False,False,False,False,False,False,False,False,False,False,Vendredi-22-24h,NON,Vendredi,2020-03-27 22:00
17665,280,False,False,False,False,False,True,False,False,False,False,False,False,False,False,Vendredi-22-24h,OUI,Vendredi,2020-03-27 22:00
17666,283,True,True,False,False,False,False,False,False,False,False,False,False,False,False,Vendredi-22-24h,OUI,Vendredi,2020-03-27 22:00
17667,154,False,False,False,False,True,True,False,False,False,False,False,True,False,False,Vendredi-22-24h,NON,Vendredi,2020-03-27 22:00
17668,171,False,False,False,False,False,False,False,False,False,False,False,True,False,False,Vendredi-22-24h,OUI,Vendredi,2020-03-27 22:00
17669,131,False,False,True,False,False,False,False,False,False,False,False,False,False,False,Vendredi-22-24h,NON,Vendredi,2020-03-27 22:00
17670,237,True,False,False,False,False,True,True,False,False,False,False,False,True,False,Vendredi-22-24h,OUI,Vendredi,2020-03-27 22:00
17671,75,False,False,False,False,True,True,False,False,False,False,False,False,False,False,Vendredi-22-24h,NON,Vendredi,2020-03-27 22:00
17672,235,True,False,False,False,True,False,False,False,False,False,False,False,False,False,Vendredi-22-24h,NON,Vendredi,2020-03-27 22:00
17673,180,False,False,False,False,True,True,False,False,False,False,False,False,False,False,Vendredi-22-24h,OUI,Vendredi,2020-03-27 22:00
17674,219,False,False,False,False,False,True,False,False,False,False,False,False,False,False,Vendredi-22-24h,NON,Vendredi,2020-03-27 22:00
17675,250,False,False,False,False,False,False,False,False,True,False,False,False,False,False,Vendredi-22-24h,NON,Vendredi,2020-03-27 22:00
17676,267,True,True,False,False,False,False,False,False,False,False,False,False,False,False,Vendredi-22-24h,OUI,Vendredi,2020-03-27 22:00
17677,160,False,True,False,False,False,True,False,False,False,False,False,False,False,False,Vendredi-22-24h,OUI,Vendredi,2020-03-27 22:00
17678,182,False,True,False,False,True,True,True,False,False,False,False,False,False,False,Vendredi-22-24h,OUI,Vendredi,2020-03-27 22:00
17679,143,False,False,False,False,False,False,False,True,False,False,True,False,False,False,Vendredi-22-24h,OUI,Vendredi,2020-03-27 22:00
17680,223,True,True,False,False,False,False,False,False,False,False,False,False,False,False,Vendredi-22-24h,OUI,Vendredi,2020-03-27 22:00
17681,192,True,False,True,False,False,False,False,False,False,False,False,False,False,False,Vendredi-22-24h,NON,Vendredi,2020-03-27 22:00
17682,30,False,False,True,False,False,False,False,True,False,False,False,False,False,False,Vendredi-22-24h,OUI,Vendredi,2020-03-27 22:00
17683,125,True,False,False,False,True,False,False,True,False,False,False,False,False,False,Vendredi-22-24h,OUI,Vendredi,2020-03-27 22:00
17684,39,False,False,True,False,True,False,False,True,False,False,False,False,False,False,Vendredi-22-24h,OUI,Vendredi,2020-03-27 22:00
17685,113,True,False,True,False,False,False,False,False,False,False,False,False,False,False,Vendredi-22-24h,OUI,Vendredi,2020-03-27 22:00
17686,121,True,False,True,False,False,False,False,True,False,False,False,False,False,False,Vendredi-22-24h,OUI,Vendredi,2020-03-27 22:00
17687,228,False,False,False,False,False,False,False,False,False,False,True,False,False,False,Vendredi-22-24h,OUI,Vendredi,2020-03-27 22:00
17688,290,False,False,False,False,False,False,False,False,True,False,False,False,False,False,Vendredi-22-24h,OUI,Vendredi,2020-03-27 22:00
17689,197,False,False,True,False,True,False,False,False,False,False,False,False,False,False,Vendredi-22-24h,NON,Vendredi,2020-03-27 22:00
17690,31,True,True,True,False,False,True,False,False,False,False,False,False,False,False,Vendredi-22-24h,NON,Vendredi,2020-03-27 22:00
17691,173,True,False,False,False,True,True,False,True,False,False,False,False,False,False,Vendredi-22-24h,OUI,Vendredi,2020-03-27 22:00
17692,74,True,False,False,True,False,False,False,True,False,False,True,False,False,False,Vendredi-22-24h,NON,Vendredi,2020-03-27 22:00
17693,15,False,False,True,False,False,False,False,False,False,False,False,False,False,False,Vendredi-22-24h,OUI,Vendredi,2020-03-27 22:00
17694,45,True,False,False,False,True,True,False,True,False,False,False,False,False,False,Vendredi-22-24h,NON,Vendredi,2020-03-27 22:00
17695,63,False,False,True,False,False,False,False,False,False,False,False,False,False,False,Vendredi-22-24h,OUI,Vendredi,2020-03-27 22:00
17696,3,False,False,False,False,False,True,False,False,False,False,False,True,False,False,Vendredi-22-24h,OUI,Vendredi,2020-03-27 22:00
17697,21,True,False,True,False,False,False,False,False,False,False,False,False,False,False,Vendredi-22-24h,OUI,Vendredi,2020-03-27 22:00
17698,78,False,True,True,False,True,True,False,True,False,False,False,False,False,False,Vendredi-22-24h,OUI,Vendredi,2020-03-27 22:00
17699,47,False,True,False,False,False,False,False,False,False,False,False,False,False,False,Vendredi-22-24h,OUI,Vendredi,2020-03-27 22:00
17700,151,True,True,False,False,True,False,False,True,False,False,False,False,False,False,Vendredi-22-24h,OUI,Vendredi,2020-03-27 22:00
17701,6,True,False,True,False,False,False,False,False,False,False,False,False,False,False,Vendredi-22-24h,OUI,Vendredi,2020-03-27 22:00
17702,135,True,False,True,False,False,False,False,False,False,False,False,False,True,False,Vendredi-22-24h,OUI,Vendredi,2020-03-27 22:00
17703,221,False,False,False,False,True,True,False,False,False,False,False,False,False,False,Vendredi-22-24h,OUI,Vendredi,2020-03-27 22:00
17704,170,False,False,True,False,False,False,False,False,False,False,True,False,False,True,Vendredi-22-24h,NON,Vendredi,2020-03-27 22:00
17705,129,False,True,False,False,False,False,False,False,False,False,False,False,False,False,Vendredi-22-24h,OUI,Vendredi,2020-03-27 22:00
17706,132,True,True,True,False,False,True,False,False,False,False,False,False,False,False,Vendredi-22-24h,OUI,Vendredi,2020-03-27 22:00
17707,110,False,True,False,False,False,False,False,False,False,False,False,False,False,False,Vendredi-22-24h,OUI,Vendredi,2020-03-27 22:00
17708,191,False,False,False,False,False,True,False,False,False,False,False,False,False,False,Vendredi-22-24h,OUI,Vendredi,2020-03-27 22:00
17709,94,True,True,True,False,False,True,False,False,False,False,True,False,True,False,Vendredi-22-24h,NON,Vendredi,2020-03-27 22:00
17710,108,False,False,False,False,False,True,True,False,False,False,False,False,False,False,Vendredi-22-24h,OUI,Vendredi,2020-03-27 22:00
17711,236,False,False,False,False,True,True,False,False,False,False,False,False,False,False,Vendredi-22-24h,OUI,Vendredi,2020-03-27 22:00
17712,42,True,False,True,False,True,False,False,False,False,False,False,False,False,False,Vendredi-22-24h,OUI,Vendredi,2020-03-27 22:00
17713,155,True,False,False,False,True,False,False,False,False,False,False,False,False,False,Vendredi-22-24h,OUI,Vendredi,2020-03-27 22:00
17714,1,False,False,False,False,False,False,False,False,False,False,False,False,False,False,Vendredi-22-24h,NON,Vendredi,2020-03-27 22:00
17715,58,False,True,True,False,False,True,False,False,False,False,True,False,False,False,Vendredi-22-24h,OUI,Vendredi,2020-03-27 22:00
17716,0,False,True,False,False,False,False,False,False,False,False,False,False,False,False,Vendredi-22-24h,OUI,Vendredi,2020-03-27 22:00
17717,269,False,False,False,False,False,False,False,False,False,False,False,False,False,False,Vendredi-22-24h,NON,Vendredi,2020-03-27 22:00
17718,2,True,False,True,False,False,False,False,False,False,False,False,False,False,False,Vendredi-22-24h,NON,Vendredi,2020-03-27 22:00
17719,103,False,False,False,False,True,False,False,False,False,False,False,False,False,False,Vendredi-22-24h,NON,Vendredi,2020-03-27 22:00
17720,12,False,True,False,False,True,False,False,False,False,False,False,False,False,False,Vendredi-22-24h,OUI,Vendredi,2020-03-27 22:00
17721,245,True,False,False,False,True,True,False,True,False,False,False,False,False,False,Vendredi-22-24h,NON,Vendredi,2020-03-27 22:00
17722,161,False,False,True,False,False,False,False,False,False,False,True,False,False,False,Vendredi-22-24h,NON,Vendredi,2020-03-27 22:00
17723,38,False,False,False,False,False,False,False,False,True,False,False,False,False,False,Vendredi-22-24h,NON,Vendredi,2020-03-27 22:00
17724,122,False,False,False,False,False,False,False,False,False,False,False,False,False,False,Vendredi-22-24h,NON,Vendredi,2020-03-27 22:00
17725,248,False,False,True,False,False,False,False,False,False,False,False,False,True,False,Vendredi-22-24h,OUI,Vendredi,2020-03-27 22:00
17726,271,False,True,True,False,False,True,False,False,False,False,False,False,False,False,Vendredi-22-24h,OUI,Vendredi,2020-03-27 22:00
17727,116,False,False,True,False,False,False,False,False,False,False,False,False,False,False,Vendredi-22-24h,OUI,Vendredi,2020-03-27 22:00
17728,117,True,True,True,True,False,True,False,False,False,False,False,False,False,False,Vendredi-22-24h,NON,Vendredi,2020-03-27 22:00
17729,213,False,False,False,False,True,True,False,True,False,False,False,False,False,False,Vendredi-22-24h,NON,Vendredi,2020-03-27 22:00
17730,220,False,True,True,False,False,True,False,False,False,False,False,False,False,False,Vendredi-22-24h,OUI,Vendredi,2020-03-27 22:00
17731,176,False,False,True,False,False,False,False,False,False,False,False,False,False,False,Vendredi-22-24h,OUI,Vendredi,2020-03-27 22:00
17732,96,False,False,False,False,True,True,False,False,False,True,False,False,False,False,Vendredi-22-24h,NON,Vendredi,2020-03-27 22:00
17733,214,False,False,False,False,True,True,False,False,False,True,False,False,False,False,Vendredi-22-24h,OUI,Vendredi,2020-03-27 22:00
17734,11,True,False,False,True,False,False,False,False,False,False,True,False,False,False,Vendredi-22-24h,OUI,Vendredi,2020-03-27 22:00
17735,255,True,False,True,False,False,False,False,True,False,False,False,False,False,False,Vendredi-22-24h,OUI,Vendredi,2020-03-27 22:00
17736,86,False,False,True,False,False,False,False,False,False,False,False,False,False,False,Vendredi-22-24h,OUI,Vendredi,2020-03-27 22:00
17737,209,True,False,False,False,True,True,False,True,False,False,False,False,False,False,Vendredi-22-24h,OUI,Vendredi,2020-03-27 22:00
17738,291,False,False,False,False,False,True,False,False,True,False,False,False,False,False,Vendredi-22-24h,OUI,Vendredi,2020-03-27 22:00
17739,287,False,False,False,False,False,False,False,False,False,False,False,True,False,False,Vendredi-22-24h,OUI,Vendredi,2020-03-27 22:00
17740,104,False,False,False,False,True,True,False,False,False,False,False,False,False,False,Vendredi-22-24h,NON,Vendredi,2020-03-27 22:00
17741,18,False,False,False,False,True,False,False,False,False,False,False,False,False,False,Vendredi-22-24h,OUI,Vendredi,2020-03-27 22:00
17742,123,False,True,False,False,True,True,False,False,False,False,False,False,False,False,Vendredi-22-24h,NON,Vendredi,2020-03-27 22:00
17743,136,False,False,False,False,True,False,False,False,False,False,False,False,False,False,Vendredi-22-24h,OUI,Vendredi,2020-03-27 22:00
17744,276,True,False,True,False,False,False,False,False,False,False,False,False,False,False,Vendredi-22-24h,OUI,Vendredi,2020-03-27 22:00
17745,53,False,False,False,False,True,True,False,False,False,False,False,False,False,False,Vendredi-22-24h,OUI,Vendredi,2020-03-27 22:00
17746,179,True,False,True,False,False,False,False,False,False,False,False,False,False,False,Vendredi-22-24h,OUI,Vendredi,2020-03-27 22:00
17747,200,False,False,False,False,False,False,False,False,False,False,False,False,False,False,Vendredi-22-24h,NON,Vendredi,2020-03-27 22:00
17748,73,False,False,False,False,False,False,False,False,False,False,False,False,False,False,Vendredi-22-24h,NON,Vendredi,2020-03-27 22:00
17749,156,False,False,False,False,True,True,False,False,False,False,False,False,False,False,Vendredi-22-24h,NON,Vendredi,2020-03-27 22:00
17750,128,True,True,True,False,False,True,False,False,False,False,False,False,False,False,Vendredi-22-24h,OUI,Vendredi,2020-03-27 22:00
17751,118,False,False,False,False,False,False,False,False,False,False,False,False,False,False,Vendredi-22-24h,NON,Vendredi,2020-03-27 22:00
17752,112,True,False,True,False,False,False,False,False,False,False,False,False,False,False,Vendredi-22-24h,OUI,Vendredi,2020-03-27 22:00
17753,35,False,False,False,False,True,True,False,False,False,False,False,False,False,False,Vendredi-22-24h,OUI,Vendredi,2020-03-27 22:00
17754,32,False,False,False,False,False,False,False,False,False,False,False,True,False,False,Vendredi-22-24h,NON,Vendredi,2020-03-27 22:00
17755,199,True,False,True,False,False,False,False,False,False,False,False,False,False,False,Vendredi-22-24h,OUI,Vendredi,2020-03-27 22:00
17756,153,True,False,False,False,True,True,False,False,False,False,False,False,False,False,Vendredi-22-24h,NON,Vendredi,2020-03-27 22:00
17757,82,False,False,True,False,False,False,False,False,False,False,False,False,False,False,Vendredi-22-24h,OUI,Vendredi,2020-03-27 22:00
17758,292,False,True,False,False,False,False,False,False,False,False,False,False,False,False,Vendredi-22-24h,OUI,Vendredi,2020-03-27 22:00
17759,169,False,False,False,True,False,False,False,False,False,False,False,False,False,False,Vendredi-22-24h,NON,Vendredi,2020-03-27 22:00
17760,16,False,False,False,False,True,True,False,False,False,False,False,False,False,False,Vendredi-22-24h,OUI,Vendredi,2020-03-27 22:00
17761,46,True,True,True,False,False,True,True,False,False,False,False,False,False,False,Vendredi-22-24h,NON,Vendredi,2020-03-27 22:00
17762,216,False,True,False,False,False,True,False,False,False,False,False,False,False,False,Vendredi-22-24h,OUI,Vendredi,2020-03-27 22:00
17763,174,False,True,True,False,False,True,False,False,False,False,True,False,False,False,Vendredi-22-24h,OUI,Vendredi,2020-03-27 22:00
17764,43,False,False,False,False,True,False,False,False,False,False,False,False,False,False,Vendredi-22-24h,NON,Vendredi,2020-03-27 22:00
17765,165,False,False,False,False,True,True,False,False,False,False,False,False,False,False,Vendredi-22-24h,NON,Vendredi,2020-03-27 22:00
17766,126,False,True,False,False,False,True,False,False,False,False,False,False,False,False,Vendredi-22-24h,OUI,Vendredi,2020-03-27 22:00
17767,41,False,False,False,False,False,True,False,False,True,False,False,False,False,False,Vendredi-22-24h,NON,Vendredi,2020-03-27 22:00
17768,157,False,False,True,False,False,False,False,False,False,False,False,False,False,False,Vendredi-22-24h,OUI,Vendredi,2020-03-27 22:00
17769,272,False,True,True,False,False,False,True,False,False,False,True,False,True,True,Vendredi-22-24h,OUI,Vendredi,2020-03-27 22:00
17770,115,True,False,True,False,False,False,False,False,False,False,False,False,False,False,Vendredi-22-24h,OUI,Vendredi,2020-03-27 22:00
17771,84,False,False,False,False,False,False,False,False,False,False,False,True,False,False,Vendredi-22-24h,NON,Vendredi,2020-03-27 22:00
17772,183,True,True,True,True,False,False,False,False,False,False,False,False,False,False,Vendredi-22-24h,NON,Vendredi,2020-03-27 22:00
17773,65,True,True,False,False,False,True,False,False,False,False,False,False,False,False,Vendredi-22-24h,OUI,Vendredi,2020-03-27 22:00
17774,105,True,False,False,False,False,False,False,False,False,False,False,False,False,False,Vendredi-22-24h,OUI,Vendredi,2020-03-27 22:00
17775,187,True,False,False,False,False,True,False,False,False,False,False,False,False,False,Vendredi-22-24h,OUI,Vendredi,2020-03-27 22:00
17776,139,True,False,True,False,False,False,False,False,False,False,False,False,False,False,Vendredi-22-24h,NON,Vendredi,2020-03-27 22:00
17777,259,False,False,False,False,True,True,False,False,False,False,False,False,False,False,Vendredi-22-24h,OUI,Vendredi,2020-03-27 22:00
17778,124,True,False,True,False,False,False,False,False,False,False,True,False,False,False,Vendredi-22-24h,NON,Vendredi,2020-03-27 22:00
17779,98,False,False,False,False,False,True,False,False,False,False,False,True,False,False,Vendredi-22-24h,OUI,Vendredi,2020-03-27 22:00
17780,284,False,True,True,False,False,True,False,False,False,False,False,False,True,False,Vendredi-22-24h,OUI,Vendredi,2020-03-27 22:00
17781,148,True,False,True,False,True,False,False,True,False,False,False,False,False,False,Vendredi-22-24h,OUI,Vendredi,2020-03-27 22:00
17782,258,True,False,True,False,False,False,False,False,False,False,False,False,False,False,Vendredi-22-24h,OUI,Vendredi,2020-03-27 22:00
17783,175,False,False,False,False,False,True,False,False,False,False,False,False,False,False,Vendredi-22-24h,OUI,Vendredi,2020-03-27 22:00
17784,119,False,False,False,False,False,False,False,False,False,False,True,False,False,False,Vendredi-22-24h,NON,Vendredi,2020-03-27 22:00
17785,229,True,False,True,False,False,False,False,True,False,False,False,False,False,False,Vendredi-22-24h,OUI,Vendredi,2020-03-27 22:00
17786,230,False,False,False,False,False,True,True,False,False,False,False,False,False,False,Vendredi-22-24h,NON,Vendredi,2020-03-27 22:00
17787,17,True,False,False,False,False,True,True,False,False,False,False,False,False,False,Vendredi-22-24h,OUI,Vendredi,2020-03-27 22:00
17788,177,False,False,False,False,False,False,False,False,False,False,False,False,False,False,Vendredi-22-24h,NON,Vendredi,2020-03-27 22:00
17789,7,False,False,False,False,False,False,False,False,False,False,False,False,False,False,Vendredi-22-24h,NON,Vendredi,2020-03-27 22:00
17790,241,False,False,True,False,False,False,False,False,False,False,False,False,False,False,Vendredi-22-24h,NON,Vendredi,2020-03-27 22:00
17791,8,True,False,False,False,True,True,False,True,False,False,False,False,False,False,Vendredi-22-24h,OUI,Vendredi,2020-03-27 22:00
17792,268,False,True,False,False,False,True,False,False,False,False,False,False,False,False,Vendredi-22-24h,OUI,Vendredi,2020-03-27 22:00
17793,294,False,False,True,False,True,False,False,False,False,False,False,False,False,False,Vendredi-22-24h,OUI,Vendredi,2020-03-27 22:00
17794,242,True,False,False,False,True,True,False,False,False,False,False,False,False,False,Vendredi-22-24h,NON,Vendredi,2020-03-27 22:00
17795,194,False,False,False,False,False,True,False,False,False,False,False,False,False,False,Vendredi-22-24h,NON,Vendredi,2020-03-27 22:00
17796,243,False,False,False,False,True,True,False,False,False,False,False,False,False,False,Vendredi-22-24h,OUI,Vendredi,2020-03-27 22:00
17797,212,True,True,True,False,False,True,False,False,False,False,False,False,False,False,Vendredi-22-24h,OUI,Vendredi,2020-03-27 22:00
17798,19,False,False,False,False,False,True,False,False,False,False,False,False,False,False,Vendredi-22-24h,OUI,Vendredi,2020-03-27 22:00
17799,114,False,False,False,False,True,False,False,False,False,False,False,False,False,False,Vendredi-22-24h,OUI,Vendredi,2020-03-27 22:00
17800,190,False,False,False,False,False,True,False,False,True,False,False,False,False,False,Vendredi-22-24h,NON,Vendredi,2020-03-27 22:00
17801,64,False,False,True,False,False,False,False,False,False,False,False,False,False,False,Vendredi-22-24h,NON,Vendredi,2020-03-27 22:00
17802,227,False,False,False,False,False,False,False,False,False,False,False,False,False,False,Vendredi-22-24h,NON,Vendredi,2020-03-27 22:00
17803,232,False,False,False,False,False,True,False,False,False,False,False,False,False,False,Vendredi-22-24h,OUI,Vendredi,2020-03-27 22:00
17804,246,False,True,False,False,False,True,True,False,False,False,False,False,False,False,Vendredi-22-24h,OUI,Vendredi,2020-03-27 22:00
17805,100,False,False,False,False,False,True,False,False,False,False,False,False,False,False,Vendredi-22-24h,OUI,Vendredi,2020-03-27 22:00
17806,13,False,False,False,False,True,False,False,False,False,False,False,False,False,False,Vendredi-22-24h,NON,Vendredi,2020-03-27 22:00
17807,262,True,True,True,False,False,False,False,False,False,False,False,False,False,False,Vendredi-22-24h,NON,Vendredi,2020-03-27 22:00
17808,76,True,True,True,False,False,True,False,False,False,False,True,False,False,False,Vendredi-22-24h,OUI,Vendredi,2020-03-27 22:00
17809,261,False,True,False,False,True,False,False,False,False,False,False,False,False,False,Vendredi-22-24h,NON,Vendredi,2020-03-27 22:00
17810,150,False,True,False,False,False,False,False,False,False,False,False,False,False,False,Vendredi-22-24h,OUI,Vendredi,2020-03-27 22:00
17811,205,False,False,False,False,False,False,False,False,False,False,False,False,False,False,Vendredi-22-24h,NON,Vendredi,2020-03-27 22:00
17812,56,False,False,False,False,True,True,False,False,False,False,False,False,False,False,Vendredi-22-24h,OUI,Vendredi,2020-03-27 22:00
17813,186,False,False,False,False,True,False,False,False,False,False,False,False,False,False,Vendredi-22-24h,OUI,Vendredi,2020-03-27 22:00
17814,162,True,False,False,False,True,True,False,False,False,False,False,False,False,False,Vendredi-22-24h,NON,Vendredi,2020-03-27 22:00
17815,68,False,True,False,False,True,True,False,False,False,False,False,False,False,False,Vendredi-22-24h,OUI,Vendredi,2020-03-27 22:00
17816,146,False,False,False,False,False,True,False,False,False,False,False,True,False,False,Vendredi-22-24h,OUI,Vendredi,2020-03-27 22:00
17817,49,False,False,False,False,False,False,False,False,False,False,False,False,True,False,Vendredi-22-24h,OUI,Vendredi,2020-03-27 22:00
17818,91,True,False,True,True,False,False,False,False,False,False,False,False,False,False,Vendredi-22-24h,OUI,Vendredi,2020-03-27 22:00
17819,22,False,False,False,False,False,False,False,False,False,True,False,False,False,False,Vendredi-22-24h,NON,Vendredi,2020-03-27 22:00
17820,151,False,False,False,False,True,False,False,False,False,False,False,False,False,False,Vendredi-22-24h,OUI,Vendredi,2020-03-27 22:00
17821,193,False,False,False,False,True,True,False,False,False,False,False,False,False,False,Vendredi-22-24h,OUI,Vendredi,2020-03-27 22:00
17822,9,True,True,False,False,False,False,False,False,False,False,False,False,False,False,Vendredi-22-24h,OUI,Vendredi,2020-03-27 22:00
17823,99,True,False,True,False,False,False,False,False,False,False,False,False,False,False,Vendredi-22-24h,NON,Vendredi,2020-03-27 22:00
17824,181,False,False,False,False,True,True,False,False,False,False,False,False,False,False,Vendredi-22-24h,OUI,Vendredi,2020-03-27 22:00
17825,111,False,False,False,False,False,True,False,True,False,False,False,False,False,False,Vendredi-22-24h,OUI,Vendredi,2020-03-27 22:00
17826,44,False,True,False,False,False,True,False,False,False,False,False,False,False,False,Vendredi-22-24h,NON,Vendredi,2020-03-27 22:00
17827,24,False,False,False,False,True,False,False,True,False,False,False,False,False,False,Vendredi-22-24h,OUI,Vendredi,2020-03-27 22:00
17828,102,False,False,False,False,True,True,False,True,False,False,False,False,False,False,Vendredi-22-24h,OUI,Vendredi,2020-03-27 22:00
17829,203,True,True,False,False,False,False,False,True,False,False,False,False,False,False,Vendredi-22-24h,NON,Vendredi,2020-03-27 22:00
17830,140,False,False,False,False,True,True,False,True,False,False,False,False,False,False,Vendredi-22-24h,NON,Vendredi,2020-03-27 22:00
17831,188,False,False,False,False,False,True,False,False,True,False,False,False,False,False,Vendredi-22-24h,NON,Vendredi,2020-03-27 22:00
17832,206,False,False,False,True,False,False,False,False,False,False,True,False,False,False,Vendredi-22-24h,NON,Vendredi,2020-03-27 22:00
17833,273,False,False,False,False,False,False,False,False,False,False,False,True,False,False,Vendredi-22-24h,NON,Vendredi,2020-03-27 22:00
17834,69,True,False,True,False,False,False,False,False,False,False,False,False,False,False,Vendredi-22-24h,OUI,Vendredi,2020-03-27 22:00
17835,87,True,False,False,True,False,False,False,False,False,False,True,False,False,False,Vendredi-22-24h,OUI,Vendredi,2020-03-27 22:00
17836,83,True,False,True,False,False,False,False,False,False,False,False,False,False,False,Vendredi-22-24h,OUI,Vendredi,2020-03-27 22:00
17837,149,True,False,True,True,False,False,False,False,False,False,False,False,False,False,Vendredi-22-24h,OUI,Vendredi,2020-03-27 22:00
17838,274,False,False,False,False,False,True,False,False,False,False,False,False,False,False,Vendredi-22-24h,NON,Vendredi,2020-03-27 22:00
17839,282,True,False,True,True,False,False,False,False,False,False,False,False,False,False,Vendredi-22-24h,OUI,Vendredi,2020-03-27 22:00
17840,147,False,False,False,False,False,False,False,False,False,False,False,False,False,False,Vendredi-22-24h,NON,Vendredi,2020-03-27 22:00
17841,238,False,False,False,False,False,False,False,False,False,False,False,True,False,False,Vendredi-22-24h,OUI,Vendredi,2020-03-27 22:00
17842,201,False,False,False,False,False,False,False,False,False,False,False,False,False,False,Vendredi-22-24h,NON,Vendredi,2020-03-27 22:00
17843,152,False,True,False,False,False,False,False,False,False,False,False,False,False,False,Vendredi-22-24h,OUI,Vendredi,2020-03-27 22:00
17844,222,False,False,False,False,False,True,False,False,True,True,False,False,False,False,Vendredi-22-24h,NON,Vendredi,2020-03-27 22:00
17845,106,False,False,False,False,False,True,False,False,False,False,False,True,False,False,Vendredi-22-24h,OUI,Vendredi,2020-03-27 22:00
17846,133,False,False,True,False,True,False,False,False,False,False,False,False,False,False,Vendredi-22-24h,OUI,Vendredi,2020-03-27 22:00
17847,163,False,False,False,False,True,False,False,False,False,False,False,False,False,False,Vendredi-22-24h,NON,Vendredi,2020-03-27 22:00
17848,231,False,False,False,False,False,False,False,False,False,False,False,False,False,False,Vendredi-22-24h,NON,Vendredi,2020-03-27 22:00
17849,25,False,False,False,False,True,False,False,False,False,False,False,False,False,False,Vendredi-22-24h,NON,Vendredi,2020-03-27 22:00
17850,196,False,False,True,False,True,False,False,True,False,False,False,False,False,False,Vendredi-22-24h,OUI,Vendredi,2020-03-27 22:00
17851,5,False,False,False,False,True,True,False,False,False,False,False,False,False,False,Vendredi-22-24h,OUI,Vendredi,2020-03-27 22:00
17852,90,False,True,False,False,False,False,False,False,False,False,False,False,False,False,Vendredi-22-24h,OUI,Vendredi,2020-03-27 22:00
17853,244,True,False,True,False,False,False,False,False,False,False,False,False,False,False,Vendredi-22-24h,NON,Vendredi,2020-03-27 22:00
17854,107,False,True,False,False,False,True,False,False,False,False,False,False,False,False,Vendredi-22-24h,OUI,Vendredi,2020-03-27 22:00
17855,218,False,True,False,False,True,True,False,False,False,False,False,False,False,False,Vendredi-22-24h,OUI,Vendredi,2020-03-27 22:00
17856,62,False,True,True,False,True,True,False,False,False,False,False,False,False,False,Vendredi-22-24h,OUI,Vendredi,2020-03-27 22:00
17857,79,False,True,False,False,False,False,False,False,False,False,False,False,False,False,Vendredi-22-24h,OUI,Vendredi,2020-03-27 22:00
17858,208,False,False,False,False,False,True,False,False,False,False,False,False,False,False,Vendredi-22-24h,OUI,Vendredi,2020-03-27 22:00
17859,270,False,False,False,False,False,False,False,False,True,False,False,False,False,False,Vendredi-22-24h,OUI,Vendredi,2020-03-27 22:00
17860,166,True,False,False,False,True,True,False,False,False,False,False,False,False,False,Vendredi-22-24h,OUI,Vendredi,2020-03-27 22:00
17861,77,False,False,True,False,True,False,False,False,False,False,False,False,False,False,Vendredi-22-24h,OUI,Vendredi,2020-03-27 22:00
17862,29,False,False,False,False,False,True,False,False,False,False,False,True,False,False,Vendredi-22-24h,OUI,Vendredi,2020-03-27 22:00
17863,240,False,False,False,False,False,True,False,False,False,False,False,False,False,False,Vendredi-22-24h,OUI,Vendredi,2020-03-27 22:00
17864,184,False,True,False,False,False,False,False,False,False,False,False,False,False,False,Vendredi-22-24h,OUI,Vendredi,2020-03-27 22:00
17865,277,False,True,True,False,False,True,False,False,False,False,False,False,False,False,Vendredi-22-24h,OUI,Vendredi,2020-03-27 22:00
17866,80,True,False,False,False,False,True,False,False,False,True,False,False,False,False,Vendredi-22-24h,NON,Vendredi,2020-03-27 22:00
17867,185,True,True,True,False,False,True,False,False,False,False,True,False,True,False,Vendredi-22-24h,NON,Vendredi,2020-03-27 22:00
17868,204,False,False,False,False,True,True,False,False,False,False,False,True,False,False,Vendredi-22-24h,OUI,Vendredi,2020-03-27 22:00
17869,252,True,True,True,False,False,True,False,False,False,False,False,False,False,False,Vendredi-22-24h,OUI,Vendredi,2020-03-27 22:00
17870,26,False,False,False,False,True,False,False,False,False,False,False,False,False,False,Vendredi-22-24h,NON,Vendredi,2020-03-27 22:00
17871,70,False,False,False,False,True,False,False,False,False,False,False,True,False,False,Vendredi-22-24h,NON,Vendredi,2020-03-27 22:00
17872,233,False,False,False,False,True,False,False,False,False,False,False,False,False,False,Vendredi-22-24h,OUI,Vendredi,2020-03-27 22:00
17873,37,True,True,True,False,True,True,False,False,False,False,False,False,False,False,Vendredi-22-24h,OUI,Vendredi,2020-03-27 22:00
17874,185,False,False,True,False,False,False,False,False,False,False,False,False,False,False,Vendredi-22-24h,OUI,Vendredi,2020-03-27 22:00
17875,138,True,False,False,False,True,True,False,False,False,False,False,False,False,False,Vendredi-22-24h,OUI,Vendredi,2020-03-27 22:00
17876,224,True,False,True,False,False,False,False,False,False,False,False,False,False,False,Vendredi-22-24h,OUI,Vendredi,2020-03-27 22:00
17877,66,False,False,False,False,True,True,False,False,False,False,False,False,True,False,Vendredi-22-24h,NON,Vendredi,2020-03-27 22:00
17878,211,False,False,True,False,False,False,False,False,False,False,False,False,True,False,Vendredi-22-24h,OUI,Vendredi,2020-03-27 22:00
17879,14,False,False,False,False,True,True,False,False,False,False,False,False,False,False,Vendredi-22-24h,OUI,Vendredi,2020-03-27 22:00
17880,145,False,False,False,False,True,False,False,False,False,False,False,False,False,False,Vendredi-22-24h,NON,Vendredi,2020-03-27 22:00
17881,36,False,False,False,False,False,False,False,False,False,False,False,True,False,False,Vendredi-22-24h,NON,Vendredi,2020-03-27 22:00
17882,60,True,True,True,False,False,True,False,False,False,False,False,False,False,False,Vendredi-22-24h,NON,Vendredi,2020-03-27 22:00
17883,137,True,True,True,False,False,True,False,False,False,False,True,False,False,False,Vendredi-22-24h,OUI,Vendredi,2020-03-27 22:00
17884,285,False,True,False,False,True,True,False,False,False,False,False,False,False,False,Vendredi-22-24h,OUI,Vendredi,2020-03-27 22:00
17885,40,False,True,True,False,True,True,False,False,False,False,False,False,False,False,Vendredi-22-24h,NON,Vendredi,2020-03-27 22:00
17886,97,False,False,False,False,False,True,False,False,False,False,False,False,False,False,Vendredi-22-24h,OUI,Vendredi,2020-03-27 22:00
17887,109,True,False,True,True,False,False,False,False,False,False,False,False,False,False,Vendredi-22-24h,NON,Vendredi,2020-03-27 22:00
17888,10,False,False,False,False,False,False,False,False,False,False,False,False,False,False,Vendredi-22-24h,NON,Vendredi,2020-03-27 22:00
17889,256,False,False,False,False,False,False,False,False,False,False,False,True,False,False,Vendredi-22-24h,NON,Vendredi,2020-03-27 22:00
17890,141,True,True,True,False,False,False,False,False,False,False,True,False,False,False,Vendredi-22-24h,NON,Vendredi,2020-03-27 22:00
17891,28,False,False,False,False,False,False,False,False,False,False,False,False,False,False,Vendredi-22-24h,NON,Vendredi,2020-03-27 22:00
17892,101,True,True,True,True,True,True,False,False,False,False,False,False,False,False,Vendredi-22-24h,OUI,Vendredi,2020-03-27 22:00
17893,48,True,False,True,False,True,False,False,False,False,False,False,False,True,False,Vendredi-22-24h,OUI,Vendredi,2020-03-27 22:00
17894,27,False,False,False,False,False,True,False,False,False,False,False,False,False,False,Vendredi-22-24h,OUI,Vendredi,2020-03-27 22:00
17895,142,True,False,True,False,False,False,False,False,False,False,True,False,True,False,Vendredi-22-24h,NON,Vendredi,2020-03-27 22:00
17896,234,False,False,True,False,False,False,False,False,False,False,True,False,False,False,Vendredi-22-24h,OUI,Vendredi,2020-03-27 22:00
17897,23,False,False,False,False,True,False,False,False,False,False,False,False,False,False,Vendredi-22-24h,NON,Vendredi,2020-03-27 22:00
17898,195,False,False,False,False,True,False,False,False,True,False,False,False,False,False,Vendredi-22-24h,OUI,Vendredi,2020-03-27 22:00
17899,275,False,False,False,False,False,False,False,False,False,False,False,True,False,False,Vendredi-22-24h,NON,Vendredi,2020-03-27 22:00
17900,226,False,False,False,False,True,True,False,False,False,False,False,False,False,False,Vendredi-22-24h,OUI,Vendredi,2020-03-27 22:00
17901,207,False,False,True,False,False,False,False,False,False,False,False,False,False,False,Vendredi-22-24h,NON,Vendredi,2020-03-27 22:00
17902,57,False,False,False,False,False,False,False,False,False,False,False,False,False,False,Vendredi-22-24h,NON,Vendredi,2020-03-27 22:00
17903,4,False,True,False,False,False,True,False,False,False,False,False,False,False,False,Vendredi-22-24h,NON,Vendredi,2020-03-27 22:00
17904,265,False,False,False,False,False,True,False,False,False,False,False,False,False,False,Vendredi-22-24h,NON,Vendredi,2020-03-27 22:00
17905,88,False,True,False,False,False,False,False,False,False,False,False,False,False,False,Vendredi-22-24h,NON,Vendredi,2020-03-27 22:00
17906,198,False,False,False,False,False,False,False,False,False,False,True,False,False,False,Vendredi-22-24h,OUI,Vendredi,2020-03-27 22:00
17907,249,True,True,True,False,False,False,False,False,False,False,False,False,False,False,Vendredi-22-24h,OUI,Vendredi,2020-03-27 22:00
17908,263,False,False,False,False,True,True,False,False,False,False,False,False,False,False,Vendredi-22-24h,OUI,Vendredi,2020-03-27 22:00
17909,217,True,False,True,False,False,False,False,False,False,False,False,False,True,False,Vendredi-22-24h,NON,Vendredi,2020-03-27 22:00
17910,278,False,False,False,False,True,True,False,False,False,False,False,False,False,False,Vendredi-22-24h,NON,Vendredi,2020-03-27 22:00
17911,189,False,True,False,False,False,False,False,False,False,False,False,False,False,False,Vendredi-22-24h,NON,Vendredi,2020-03-27 22:00
17912,61,True,False,True,False,False,False,False,False,False,False,False,False,False,False,Vendredi-22-24h,OUI,Vendredi,2020-03-27 22:00
17913,251,False,False,False,False,False,False,False,False,False,False,False,False,True,False,Vendredi-22-24h,NON,Vendredi,2020-03-27 22:00
17914,281,False,True,False,False,False,False,False,False,False,False,False,False,False,False,Vendredi-22-24h,OUI,Vendredi,2020-03-27 22:00
17915,134,False,True,False,False,False,False,False,False,False,False,False,False,False,False,Vendredi-22-24h,NON,Vendredi,2020-03-27 22:00
17916,293,False,True,False,False,False,True,False,False,False,False,False,False,False,False,Vendredi-22-24h,NON,Vendredi,2020-03-27 22:00
17917,279,True,True,True,True,False,True,False,False,False,False,False,False,False,False,Vendredi-22-24h,NON,Vendredi,2020-03-27 22:00
17918,81,True,False,True,True,False,False,False,True,False,False,False,False,False,False,Vendredi-22-24h,OUI,Vendredi,2020-03-27 22:00
17919,92,True,False,False,True,False,False,False,False,False,False,True,False,False,False,Vendredi-22-24h,OUI,Vendredi,2020-03-27 22:00
17920,147,False,False,False,False,False,False,False,False,False,False,False,False,False,False,Vendredi-22-24h,NON,Vendredi,2020-03-27 22:00
17921,33,False,True,False,False,True,False,False,False,False,False,False,False,False,False,Vendredi-22-24h,NON,Vendredi,2020-03-27 22:00
17922,266,False,False,False,False,False,False,False,False,False,False,False,False,False,False,Vendredi-22-24h,NON,Vendredi,2020-03-27 22:00
17923,225,True,False,False,False,False,True,False,False,False,False,False,False,False,False,Vendredi-22-24h,OUI,Vendredi,2020-03-27 22:00
17924,83,True,False,True,False,False,False,False,False,False,False,False,False,False,False,Vendredi-22-24h,OUI,Vendredi,2020-03-27 22:00
17925,95,False,False,False,False,True,True,False,True,False,False,False,False,False,False,Vendredi-22-24h,NON,Vendredi,2020-03-27 22:00
17926,127,False,False,False,False,True,False,False,False,False,False,False,False,False,False,Vendredi-22-24h,OUI,Vendredi,2020-03-27 22:00
17927,20,False,False,False,False,False,False,False,False,False,False,False,False,False,False,Vendredi-22-24h,NON,Vendredi,2020-03-27 22:00
17928,89,False,False,False,False,False,False,False,False,True,False,False,False,False,False,Vendredi-22-24h,OUI,Vendredi,2020-03-27 22:00
17929,120,False,True,True,False,True,True,False,True,False,False,True,False,False,False,Vendredi-22-24h,NON,Vendredi,2020-03-27 22:00
17930,253,False,False,False,False,True,True,False,False,False,False,False,True,False,False,Vendredi-22-24h,OUI,Vendredi,2020-03-27 22:00
17931,52,False,False,True,False,False,False,False,False,False,False,False,False,False,False,Vendredi-22-24h,OUI,Vendredi,2020-03-27 22:00
17932,168,True,False,True,False,False,False,False,True,False,False,False,False,False,False,Vendredi-22-24h,OUI,Vendredi,2020-03-27 22:00
17933,202,False,True,False,False,False,False,False,False,False,False,False,False,False,False,Vendredi-22-24h,OUI,Vendredi,2020-03-27 22:00
17934,172,False,False,False,False,True,False,False,False,False,False,False,False,False,False,Vendredi-22-24h,OUI,Vendredi,2020-03-27 22:00
17935,239,False,False,False,False,True,True,False,False,False,False,False,False,False,False,Vendredi-22-24h,NON,Vendredi,2020-03-27 22:00
17936,85,False,False,False,False,True,False,False,False,False,False,False,False,False,False,Vendredi-22-24h,NON,Vendredi,2020-03-27 22:00
17937,215,False,False,False,False,False,False,False,False,True,False,False,False,False,False,Vendredi-22-24h,OUI,Vendredi,2020-03-27 22:00
17938,260,True,False,True,False,False,False,False,False,False,False,False,False,False,False,Vendredi-22-24h,NON,Vendredi,2020-03-27 22:00
17939,286,True,True,False,False,True,False,False,False,False,False,False,False,False,False,Vendredi-22-24h,NON,Vendredi,2020-03-27 22:00
17940,72,False,True,False,False,False,False,False,False,False,False,False,False,False,False,Samedi-00-02h,NON,Samedi,2020-03-28 00:00
17941,167,True,True,True,True,True,True,False,False,False,False,False,False,False,False,Samedi-00-02h,OUI,Samedi,2020-03-28 00:00
17942,130,True,False,True,False,False,False,False,True,False,False,False,False,True,True,Samedi-00-02h,NON,Samedi,2020-03-28 00:00
17943,288,True,True,True,False,True,False,False,False,False,False,False,False,False,False,Samedi-00-02h,OUI,Samedi,2020-03-28 00:00
17944,59,False,False,False,False,False,True,False,False,False,False,False,False,False,False,Samedi-00-02h,NON,Samedi,2020-03-28 00:00
17945,178,True,False,False,False,False,False,False,False,False,False,True,False,False,False,Samedi-00-02h,OUI,Samedi,2020-03-28 00:00
17946,254,False,False,False,False,False,False,False,False,False,False,False,True,False,False,Samedi-00-02h,NON,Samedi,2020-03-28 00:00
17947,34,False,False,False,False,False,False,False,False,False,False,False,False,False,False,Samedi-00-02h,NON,Samedi,2020-03-28 00:00
17948,264,False,False,False,False,True,True,True,False,False,False,False,False,False,False,Samedi-00-02h,OUI,Samedi,2020-03-28 00:00
17949,158,True,False,False,False,True,False,False,False,False,True,False,False,False,False,Samedi-00-02h,NON,Samedi,2020-03-28 00:00
17950,210,False,True,False,False,True,True,False,False,False,False,False,False,False,False,Samedi-00-02h,NON,Samedi,2020-03-28 00:00
17951,93,False,False,False,False,True,False,False,False,False,False,False,False,True,False,Samedi-00-02h,OUI,Samedi,2020-03-28 00:00
17952,144,True,False,True,False,True,False,False,False,False,False,False,False,False,False,Samedi-00-02h,OUI,Samedi,2020-03-28 00:00
17953,164,False,True,False,False,True,True,False,False,False,False,False,False,False,False,Samedi-00-02h,OUI,Samedi,2020-03-28 00:00
17954,289,False,False,False,False,True,True,False,False,False,False,False,False,False,False,Samedi-00-02h,OUI,Samedi,2020-03-28 00:00
17955,50,False,False,False,False,False,False,False,False,False,False,False,False,False,False,Samedi-00-02h,NON,Samedi,2020-03-28 00:00
17956,51,True,True,False,False,True,False,False,False,False,False,False,False,False,False,Samedi-00-02h,OUI,Samedi,2020-03-28 00:00
17957,247,False,False,True,False,False,False,False,False,False,False,False,False,False,False,Samedi-00-02h,NON,Samedi,2020-03-28 00:00
17958,159,False,False,False,False,False,False,False,True,False,False,False,False,False,False,Samedi-00-02h,NON,Samedi,2020-03-28 00:00
17959,54,False,False,False,False,False,True,False,False,False,False,False,False,False,False,Samedi-00-02h,NON,Samedi,2020-03-28 00:00
17960,55,True,False,False,False,True,True,False,True,False,False,False,False,False,False,Samedi-00-02h,OUI,Samedi,2020-03-28 00:00
17961,257,False,False,False,False,True,False,False,False,False,False,False,False,False,False,Samedi-00-02h,NON,Samedi,2020-03-28 00:00
17962,67,False,False,False,False,False,False,False,False,False,False,False,False,False,False,Samedi-00-02h,NON,Samedi,2020-03-28 00:00
17963,71,True,False,True,False,False,False,False,False,False,False,False,False,False,False,Samedi-00-02h,NON,Samedi,2020-03-28 00:00
17964,280,False,False,False,False,False,True,False,False,False,False,False,False,False,False,Samedi-00-02h,OUI,Samedi,2020-03-28 00:00
17965,283,True,True,False,False,False,False,False,False,False,False,False,False,False,False,Samedi-00-02h,OUI,Samedi,2020-03-28 00:00
17966,154,False,False,False,False,True,True,False,False,False,False,False,True,False,False,Samedi-00-02h,NON,Samedi,2020-03-28 00:00
17967,171,False,False,False,False,False,False,False,False,False,False,False,True,False,False,Samedi-00-02h,OUI,Samedi,2020-03-28 00:00
17968,131,False,False,True,False,False,False,False,False,False,False,False,False,False,False,Samedi-00-02h,NON,Samedi,2020-03-28 00:00
17969,237,True,False,False,False,False,True,True,False,False,False,False,False,True,False,Samedi-00-02h,OUI,Samedi,2020-03-28 00:00
17970,75,False,False,False,False,True,True,False,False,False,False,False,False,False,False,Samedi-00-02h,NON,Samedi,2020-03-28 00:00
17971,235,True,False,False,False,True,False,False,False,False,False,False,False,False,False,Samedi-00-02h,NON,Samedi,2020-03-28 00:00
17972,180,False,False,False,False,True,True,False,False,False,False,False,False,False,False,Samedi-00-02h,OUI,Samedi,2020-03-28 00:00
17973,219,False,False,False,False,False,True,False,False,False,False,False,False,False,False,Samedi-00-02h,NON,Samedi,2020-03-28 00:00
17974,250,False,False,False,False,False,False,False,False,True,False,False,False,False,False,Samedi-00-02h,NON,Samedi,2020-03-28 00:00
17975,267,True,True,False,False,False,False,False,False,False,False,False,False,False,False,Samedi-00-02h,OUI,Samedi,2020-03-28 00:00
17976,160,False,True,False,False,False,True,False,False,False,False,False,False,False,False,Samedi-00-02h,OUI,Samedi,2020-03-28 00:00
17977,182,False,True,False,False,True,True,True,False,False,False,False,False,False,False,Samedi-00-02h,OUI,Samedi,2020-03-28 00:00
17978,143,False,False,False,False,False,False,False,True,False,False,True,False,False,False,Samedi-00-02h,NON,Samedi,2020-03-28 00:00
17979,223,True,True,False,False,False,False,False,False,False,False,False,False,False,False,Samedi-00-02h,NON,Samedi,2020-03-28 00:00
17980,192,True,False,True,False,False,False,False,False,False,False,False,False,False,False,Samedi-00-02h,NON,Samedi,2020-03-28 00:00
17981,30,False,False,True,False,False,False,False,True,False,False,False,False,False,False,Samedi-00-02h,OUI,Samedi,2020-03-28 00:00
17982,125,True,False,False,False,True,False,False,True,False,False,False,False,False,False,Samedi-00-02h,NON,Samedi,2020-03-28 00:00
17983,39,False,False,True,False,True,False,False,True,False,False,False,False,False,False,Samedi-00-02h,NON,Samedi,2020-03-28 00:00
17984,113,True,False,True,False,False,False,False,False,False,False,False,False,False,False,Samedi-00-02h,OUI,Samedi,2020-03-28 00:00
17985,121,True,False,True,False,False,False,False,True,False,False,False,False,False,False,Samedi-00-02h,NON,Samedi,2020-03-28 00:00
17986,228,False,False,False,False,False,False,False,False,False,False,True,False,False,False,Samedi-00-02h,OUI,Samedi,2020-03-28 00:00
17987,290,False,False,False,False,False,False,False,False,True,False,False,False,False,False,Samedi-00-02h,NON,Samedi,2020-03-28 00:00
17988,197,False,False,True,False,True,False,False,False,False,False,False,False,False,False,Samedi-00-02h,NON,Samedi,2020-03-28 00:00
17989,31,True,True,True,False,False,True,False,False,False,False,False,False,False,False,Samedi-00-02h,OUI,Samedi,2020-03-28 00:00
17990,173,True,False,False,False,True,True,False,True,False,False,False,False,False,False,Samedi-00-02h,NON,Samedi,2020-03-28 00:00
17991,74,True,False,False,True,False,False,False,True,False,False,True,False,False,False,Samedi-00-02h,NON,Samedi,2020-03-28 00:00
17992,15,False,False,True,False,False,False,False,False,False,False,False,False,False,False,Samedi-00-02h,NON,Samedi,2020-03-28 00:00
17993,45,True,False,False,False,True,True,False,True,False,False,False,False,False,False,Samedi-00-02h,OUI,Samedi,2020-03-28 00:00
17994,63,False,False,True,False,False,False,False,False,False,False,False,False,False,False,Samedi-00-02h,OUI,Samedi,2020-03-28 00:00
17995,3,False,False,False,False,False,True,False,False,False,False,False,True,False,False,Samedi-00-02h,OUI,Samedi,2020-03-28 00:00
17996,21,True,False,True,False,False,False,False,False,False,False,False,False,False,False,Samedi-00-02h,OUI,Samedi,2020-03-28 00:00
17997,78,False,True,True,False,True,True,False,True,False,False,False,False,False,False,Samedi-00-02h,OUI,Samedi,2020-03-28 00:00
17998,47,False,True,False,False,False,False,False,False,False,False,False,False,False,False,Samedi-00-02h,NON,Samedi,2020-03-28 00:00
17999,151,True,True,False,False,True,False,False,True,False,False,False,False,False,False,Samedi-00-02h,OUI,Samedi,2020-03-28 00:00
18000,6,True,False,True,False,False,False,False,False,False,False,False,False,False,False,Samedi-00-02h,OUI,Samedi,2020-03-28 00:00
18001,135,True,False,True,False,False,False,False,False,False,False,False,False,True,False,Samedi-00-02h,OUI,Samedi,2020-03-28 00:00
18002,221,False,False,False,False,True,True,False,False,False,False,False,False,False,False,Samedi-00-02h,OUI,Samedi,2020-03-28 00:00
18003,170,False,False,True,False,False,False,False,False,False,False,True,False,False,True,Samedi-00-02h,NON,Samedi,2020-03-28 00:00
18004,129,False,True,False,False,False,False,False,False,False,False,False,False,False,False,Samedi-00-02h,OUI,Samedi,2020-03-28 00:00
18005,132,True,True,True,False,False,True,False,False,False,False,False,False,False,False,Samedi-00-02h,OUI,Samedi,2020-03-28 00:00
18006,110,False,True,False,False,False,False,False,False,False,False,False,False,False,False,Samedi-00-02h,OUI,Samedi,2020-03-28 00:00
18007,191,False,False,False,False,False,True,False,False,False,False,False,False,False,False,Samedi-00-02h,OUI,Samedi,2020-03-28 00:00
18008,94,True,True,True,False,False,True,False,False,False,False,True,False,True,False,Samedi-00-02h,NON,Samedi,2020-03-28 00:00
18009,108,False,False,False,False,False,True,True,False,False,False,False,False,False,False,Samedi-00-02h,OUI,Samedi,2020-03-28 00:00
18010,236,False,False,False,False,True,True,False,False,False,False,False,False,False,False,Samedi-00-02h,OUI,Samedi,2020-03-28 00:00
18011,42,True,False,True,False,True,False,False,False,False,False,False,False,False,False,Samedi-00-02h,NON,Samedi,2020-03-28 00:00
18012,155,True,False,False,False,True,False,False,False,False,False,False,False,False,False,Samedi-00-02h,NON,Samedi,2020-03-28 00:00
18013,1,False,False,False,False,False,False,False,False,False,False,False,False,False,False,Samedi-00-02h,NON,Samedi,2020-03-28 00:00
18014,58,False,True,True,False,False,True,False,False,False,False,True,False,False,False,Samedi-00-02h,OUI,Samedi,2020-03-28 00:00
18015,0,False,True,False,False,False,False,False,False,False,False,False,False,False,False,Samedi-00-02h,OUI,Samedi,2020-03-28 00:00
18016,269,False,False,False,False,False,False,False,False,False,False,False,False,False,False,Samedi-00-02h,NON,Samedi,2020-03-28 00:00
18017,2,True,False,True,False,False,False,False,False,False,False,False,False,False,False,Samedi-00-02h,NON,Samedi,2020-03-28 00:00
18018,103,False,False,False,False,True,False,False,False,False,False,False,False,False,False,Samedi-00-02h,NON,Samedi,2020-03-28 00:00
18019,12,False,True,False,False,True,False,False,False,False,False,False,False,False,False,Samedi-00-02h,OUI,Samedi,2020-03-28 00:00
18020,245,True,False,False,False,True,True,False,True,False,False,False,False,False,False,Samedi-00-02h,NON,Samedi,2020-03-28 00:00
18021,161,False,False,True,False,False,False,False,False,False,False,True,False,False,False,Samedi-00-02h,NON,Samedi,2020-03-28 00:00
18022,38,False,False,False,False,False,False,False,False,True,False,False,False,False,False,Samedi-00-02h,NON,Samedi,2020-03-28 00:00
18023,122,False,False,False,False,False,False,False,False,False,False,False,False,False,False,Samedi-00-02h,NON,Samedi,2020-03-28 00:00
18024,248,False,False,True,False,False,False,False,False,False,False,False,False,True,False,Samedi-00-02h,OUI,Samedi,2020-03-28 00:00
18025,271,False,True,True,False,False,True,False,False,False,False,False,False,False,False,Samedi-00-02h,OUI,Samedi,2020-03-28 00:00
18026,116,False,False,True,False,False,False,False,False,False,False,False,False,False,False,Samedi-00-02h,OUI,Samedi,2020-03-28 00:00
18027,117,True,True,True,True,False,True,False,False,False,False,False,False,False,False,Samedi-00-02h,NON,Samedi,2020-03-28 00:00
18028,213,False,False,False,False,True,True,False,True,False,False,False,False,False,False,Samedi-00-02h,NON,Samedi,2020-03-28 00:00
18029,220,False,True,True,False,False,True,False,False,False,False,False,False,False,False,Samedi-00-02h,OUI,Samedi,2020-03-28 00:00
18030,176,False,False,True,False,False,False,False,False,False,False,False,False,False,False,Samedi-00-02h,NON,Samedi,2020-03-28 00:00
18031,96,False,False,False,False,True,True,False,False,False,True,False,False,False,False,Samedi-00-02h,NON,Samedi,2020-03-28 00:00
18032,214,False,False,False,False,True,True,False,False,False,True,False,False,False,False,Samedi-00-02h,OUI,Samedi,2020-03-28 00:00
18033,11,True,False,False,True,False,False,False,False,False,False,True,False,False,False,Samedi-00-02h,NON,Samedi,2020-03-28 00:00
18034,255,True,False,True,False,False,False,False,True,False,False,False,False,False,False,Samedi-00-02h,OUI,Samedi,2020-03-28 00:00
18035,86,False,False,True,False,False,False,False,False,False,False,False,False,False,False,Samedi-00-02h,OUI,Samedi,2020-03-28 00:00
18036,209,True,False,False,False,True,True,False,True,False,False,False,False,False,False,Samedi-00-02h,OUI,Samedi,2020-03-28 00:00
18037,291,False,False,False,False,False,True,False,False,True,False,False,False,False,False,Samedi-00-02h,OUI,Samedi,2020-03-28 00:00
18038,287,False,False,False,False,False,False,False,False,False,False,False,True,False,False,Samedi-00-02h,OUI,Samedi,2020-03-28 00:00
18039,104,False,False,False,False,True,True,False,False,False,False,False,False,False,False,Samedi-00-02h,NON,Samedi,2020-03-28 00:00
18040,18,False,False,False,False,True,False,False,False,False,False,False,False,False,False,Samedi-00-02h,OUI,Samedi,2020-03-28 00:00
18041,123,False,True,False,False,True,True,False,False,False,False,False,False,False,False,Samedi-00-02h,NON,Samedi,2020-03-28 00:00
18042,136,False,False,False,False,True,False,False,False,False,False,False,False,False,False,Samedi-00-02h,NON,Samedi,2020-03-28 00:00
18043,276,True,False,True,False,False,False,False,False,False,False,False,False,False,False,Samedi-00-02h,NON,Samedi,2020-03-28 00:00
18044,53,False,False,False,False,True,True,False,False,False,False,False,False,False,False,Samedi-00-02h,OUI,Samedi,2020-03-28 00:00
18045,179,True,False,True,False,False,False,False,False,False,False,False,False,False,False,Samedi-00-02h,OUI,Samedi,2020-03-28 00:00
18046,200,False,False,False,False,False,False,False,False,False,False,False,False,False,False,Samedi-00-02h,NON,Samedi,2020-03-28 00:00
18047,73,False,False,False,False,False,False,False,False,False,False,False,False,False,False,Samedi-00-02h,NON,Samedi,2020-03-28 00:00
18048,156,False,False,False,False,True,True,False,False,False,False,False,False,False,False,Samedi-00-02h,NON,Samedi,2020-03-28 00:00
18049,128,True,True,True,False,False,True,False,False,False,False,False,False,False,False,Samedi-00-02h,OUI,Samedi,2020-03-28 00:00
18050,118,False,False,False,False,False,False,False,False,False,False,False,False,False,False,Samedi-00-02h,NON,Samedi,2020-03-28 00:00
18051,112,True,False,True,False,False,False,False,False,False,False,False,False,False,False,Samedi-00-02h,OUI,Samedi,2020-03-28 00:00
18052,35,False,False,False,False,True,True,False,False,False,False,False,False,False,False,Samedi-00-02h,NON,Samedi,2020-03-28 00:00
18053,32,False,False,False,False,False,False,False,False,False,False,False,True,False,False,Samedi-00-02h,NON,Samedi,2020-03-28 00:00
18054,199,True,False,True,False,False,False,False,False,False,False,False,False,False,False,Samedi-00-02h,OUI,Samedi,2020-03-28 00:00
18055,153,True,False,False,False,True,True,False,False,False,False,False,False,False,False,Samedi-00-02h,NON,Samedi,2020-03-28 00:00
18056,82,False,False,True,False,False,False,False,False,False,False,False,False,False,False,Samedi-00-02h,OUI,Samedi,2020-03-28 00:00
18057,292,False,True,False,False,False,False,False,False,False,False,False,False,False,False,Samedi-00-02h,OUI,Samedi,2020-03-28 00:00
18058,169,False,False,False,True,False,False,False,False,False,False,False,False,False,False,Samedi-00-02h,NON,Samedi,2020-03-28 00:00
18059,16,False,False,False,False,True,True,False,False,False,False,False,False,False,False,Samedi-00-02h,OUI,Samedi,2020-03-28 00:00
18060,46,True,True,True,False,False,True,True,False,False,False,False,False,False,False,Samedi-00-02h,OUI,Samedi,2020-03-28 00:00
18061,216,False,True,False,False,False,True,False,False,False,False,False,False,False,False,Samedi-00-02h,OUI,Samedi,2020-03-28 00:00
18062,174,False,True,True,False,False,True,False,False,False,False,True,False,False,False,Samedi-00-02h,OUI,Samedi,2020-03-28 00:00
18063,43,False,False,False,False,True,False,False,False,False,False,False,False,False,False,Samedi-00-02h,NON,Samedi,2020-03-28 00:00
18064,165,False,False,False,False,True,True,False,False,False,False,False,False,False,False,Samedi-00-02h,NON,Samedi,2020-03-28 00:00
18065,126,False,True,False,False,False,True,False,False,False,False,False,False,False,False,Samedi-00-02h,OUI,Samedi,2020-03-28 00:00
18066,41,False,False,False,False,False,True,False,False,True,False,False,False,False,False,Samedi-00-02h,NON,Samedi,2020-03-28 00:00
18067,157,False,False,True,False,False,False,False,False,False,False,False,False,False,False,Samedi-00-02h,NON,Samedi,2020-03-28 00:00
18068,272,False,True,True,False,False,False,True,False,False,False,True,False,True,True,Samedi-00-02h,OUI,Samedi,2020-03-28 00:00
18069,115,True,False,True,False,False,False,False,False,False,False,False,False,False,False,Samedi-00-02h,OUI,Samedi,2020-03-28 00:00
18070,84,False,False,False,False,False,False,False,False,False,False,False,True,False,False,Samedi-00-02h,OUI,Samedi,2020-03-28 00:00
18071,183,True,True,True,True,False,False,False,False,False,False,False,False,False,False,Samedi-00-02h,NON,Samedi,2020-03-28 00:00
18072,65,True,True,False,False,False,True,False,False,False,False,False,False,False,False,Samedi-00-02h,OUI,Samedi,2020-03-28 00:00
18073,105,True,False,False,False,False,False,False,False,False,False,False,False,False,False,Samedi-00-02h,OUI,Samedi,2020-03-28 00:00
18074,187,True,False,False,False,False,True,False,False,False,False,False,False,False,False,Samedi-00-02h,NON,Samedi,2020-03-28 00:00
18075,139,True,False,True,False,False,False,False,False,False,False,False,False,False,False,Samedi-00-02h,NON,Samedi,2020-03-28 00:00
18076,259,False,False,False,False,True,True,False,False,False,False,False,False,False,False,Samedi-00-02h,NON,Samedi,2020-03-28 00:00
18077,124,True,False,True,False,False,False,False,False,False,False,True,False,False,False,Samedi-00-02h,NON,Samedi,2020-03-28 00:00
18078,98,False,False,False,False,False,True,False,False,False,False,False,True,False,False,Samedi-00-02h,OUI,Samedi,2020-03-28 00:00
18079,284,False,True,True,False,False,True,False,False,False,False,False,False,True,False,Samedi-00-02h,OUI,Samedi,2020-03-28 00:00
18080,148,True,False,True,False,True,False,False,True,False,False,False,False,False,False,Samedi-00-02h,NON,Samedi,2020-03-28 00:00
18081,258,True,False,True,False,False,False,False,False,False,False,False,False,False,False,Samedi-00-02h,OUI,Samedi,2020-03-28 00:00
18082,175,False,False,False,False,False,True,False,False,False,False,False,False,False,False,Samedi-00-02h,NON,Samedi,2020-03-28 00:00
18083,119,False,False,False,False,False,False,False,False,False,False,True,False,False,False,Samedi-00-02h,NON,Samedi,2020-03-28 00:00
18084,229,True,False,True,False,False,False,False,True,False,False,False,False,False,False,Samedi-00-02h,OUI,Samedi,2020-03-28 00:00
18085,230,False,False,False,False,False,True,True,False,False,False,False,False,False,False,Samedi-00-02h,NON,Samedi,2020-03-28 00:00
18086,17,True,False,False,False,False,True,True,False,False,False,False,False,False,False,Samedi-00-02h,NON,Samedi,2020-03-28 00:00
18087,177,False,False,False,False,False,False,False,False,False,False,False,False,False,False,Samedi-00-02h,NON,Samedi,2020-03-28 00:00
18088,7,False,False,False,False,False,False,False,False,False,False,False,False,False,False,Samedi-00-02h,NON,Samedi,2020-03-28 00:00
18089,241,False,False,True,False,False,False,False,False,False,False,False,False,False,False,Samedi-00-02h,NON,Samedi,2020-03-28 00:00
18090,8,True,False,False,False,True,True,False,True,False,False,False,False,False,False,Samedi-00-02h,NON,Samedi,2020-03-28 00:00
18091,268,False,True,False,False,False,True,False,False,False,False,False,False,False,False,Samedi-00-02h,OUI,Samedi,2020-03-28 00:00
18092,294,False,False,True,False,True,False,False,False,False,False,False,False,False,False,Samedi-00-02h,OUI,Samedi,2020-03-28 00:00
18093,242,True,False,False,False,True,True,False,False,False,False,False,False,False,False,Samedi-00-02h,NON,Samedi,2020-03-28 00:00
18094,194,False,False,False,False,False,True,False,False,False,False,False,False,False,False,Samedi-00-02h,NON,Samedi,2020-03-28 00:00
18095,243,False,False,False,False,True,True,False,False,False,False,False,False,False,False,Samedi-00-02h,OUI,Samedi,2020-03-28 00:00
18096,212,True,True,True,False,False,True,False,False,False,False,False,False,False,False,Samedi-00-02h,OUI,Samedi,2020-03-28 00:00
18097,19,False,False,False,False,False,True,False,False,False,False,False,False,False,False,Samedi-00-02h,OUI,Samedi,2020-03-28 00:00
18098,114,False,False,False,False,True,False,False,False,False,False,False,False,False,False,Samedi-00-02h,OUI,Samedi,2020-03-28 00:00
18099,190,False,False,False,False,False,True,False,False,True,False,False,False,False,False,Samedi-00-02h,NON,Samedi,2020-03-28 00:00
18100,64,False,False,True,False,False,False,False,False,False,False,False,False,False,False,Samedi-00-02h,NON,Samedi,2020-03-28 00:00
18101,227,False,False,False,False,False,False,False,False,False,False,False,False,False,False,Samedi-00-02h,NON,Samedi,2020-03-28 00:00
18102,232,False,False,False,False,False,True,False,False,False,False,False,False,False,False,Samedi-00-02h,OUI,Samedi,2020-03-28 00:00
18103,246,False,True,False,False,False,True,True,False,False,False,False,False,False,False,Samedi-00-02h,OUI,Samedi,2020-03-28 00:00
18104,100,False,False,False,False,False,True,False,False,False,False,False,False,False,False,Samedi-00-02h,OUI,Samedi,2020-03-28 00:00
18105,13,False,False,False,False,True,False,False,False,False,False,False,False,False,False,Samedi-00-02h,NON,Samedi,2020-03-28 00:00
18106,262,True,True,True,False,False,False,False,False,False,False,False,False,False,False,Samedi-00-02h,NON,Samedi,2020-03-28 00:00
18107,76,True,True,True,False,False,True,False,False,False,False,True,False,False,False,Samedi-00-02h,NON,Samedi,2020-03-28 00:00
18108,261,False,True,False,False,True,False,False,False,False,False,False,False,False,False,Samedi-00-02h,NON,Samedi,2020-03-28 00:00
18109,150,False,True,False,False,False,False,False,False,False,False,False,False,False,False,Samedi-00-02h,OUI,Samedi,2020-03-28 00:00
18110,205,False,False,False,False,False,False,False,False,False,False,False,False,False,False,Samedi-00-02h,NON,Samedi,2020-03-28 00:00
18111,56,False,False,False,False,True,True,False,False,False,False,False,False,False,False,Samedi-00-02h,OUI,Samedi,2020-03-28 00:00
18112,186,False,False,False,False,True,False,False,False,False,False,False,False,False,False,Samedi-00-02h,OUI,Samedi,2020-03-28 00:00
18113,162,True,False,False,False,True,True,False,False,False,False,False,False,False,False,Samedi-00-02h,NON,Samedi,2020-03-28 00:00
18114,68,False,True,False,False,True,True,False,False,False,False,False,False,False,False,Samedi-00-02h,OUI,Samedi,2020-03-28 00:00
18115,146,False,False,False,False,False,True,False,False,False,False,False,True,False,False,Samedi-00-02h,OUI,Samedi,2020-03-28 00:00
18116,49,False,False,False,False,False,False,False,False,False,False,False,False,True,False,Samedi-00-02h,OUI,Samedi,2020-03-28 00:00
18117,91,True,False,True,True,False,False,False,False,False,False,False,False,False,False,Samedi-00-02h,OUI,Samedi,2020-03-28 00:00
18118,22,False,False,False,False,False,False,False,False,False,True,False,False,False,False,Samedi-00-02h,NON,Samedi,2020-03-28 00:00
18119,151,False,False,False,False,True,False,False,False,False,False,False,False,False,False,Samedi-00-02h,OUI,Samedi,2020-03-28 00:00
18120,193,False,False,False,False,True,True,False,False,False,False,False,False,False,False,Samedi-00-02h,OUI,Samedi,2020-03-28 00:00
18121,9,True,True,False,False,False,False,False,False,False,False,False,False,False,False,Samedi-00-02h,NON,Samedi,2020-03-28 00:00
18122,99,True,False,True,False,False,False,False,False,False,False,False,False,False,False,Samedi-00-02h,NON,Samedi,2020-03-28 00:00
18123,181,False,False,False,False,True,True,False,False,False,False,False,False,False,False,Samedi-00-02h,OUI,Samedi,2020-03-28 00:00
18124,111,False,False,False,False,False,True,False,True,False,False,False,False,False,False,Samedi-00-02h,OUI,Samedi,2020-03-28 00:00
18125,44,False,True,False,False,False,True,False,False,False,False,False,False,False,False,Samedi-00-02h,NON,Samedi,2020-03-28 00:00
18126,24,False,False,False,False,True,False,False,True,False,False,False,False,False,False,Samedi-00-02h,NON,Samedi,2020-03-28 00:00
18127,102,False,False,False,False,True,True,False,True,False,False,False,False,False,False,Samedi-00-02h,OUI,Samedi,2020-03-28 00:00
18128,203,True,True,False,False,False,False,False,True,False,False,False,False,False,False,Samedi-00-02h,NON,Samedi,2020-03-28 00:00
18129,140,False,False,False,False,True,True,False,True,False,False,False,False,False,False,Samedi-00-02h,NON,Samedi,2020-03-28 00:00
18130,188,False,False,False,False,False,True,False,False,True,False,False,False,False,False,Samedi-00-02h,NON,Samedi,2020-03-28 00:00
18131,206,False,False,False,True,False,False,False,False,False,False,True,False,False,False,Samedi-00-02h,NON,Samedi,2020-03-28 00:00
18132,273,False,False,False,False,False,False,False,False,False,False,False,True,False,False,Samedi-00-02h,NON,Samedi,2020-03-28 00:00
18133,69,True,False,True,False,False,False,False,False,False,False,False,False,False,False,Samedi-00-02h,NON,Samedi,2020-03-28 00:00
18134,87,True,False,False,True,False,False,False,False,False,False,True,False,False,False,Samedi-00-02h,OUI,Samedi,2020-03-28 00:00
18135,83,True,False,True,False,False,False,False,False,False,False,False,False,False,False,Samedi-00-02h,NON,Samedi,2020-03-28 00:00
18136,149,True,False,True,True,False,False,False,False,False,False,False,False,False,False,Samedi-00-02h,OUI,Samedi,2020-03-28 00:00
18137,274,False,False,False,False,False,True,False,False,False,False,False,False,False,False,Samedi-00-02h,NON,Samedi,2020-03-28 00:00
18138,282,True,False,True,True,False,False,False,False,False,False,False,False,False,False,Samedi-00-02h,OUI,Samedi,2020-03-28 00:00
18139,147,False,False,False,False,False,False,False,False,False,False,False,False,False,False,Samedi-00-02h,NON,Samedi,2020-03-28 00:00
18140,238,False,False,False,False,False,False,False,False,False,False,False,True,False,False,Samedi-00-02h,NON,Samedi,2020-03-28 00:00
18141,201,False,False,False,False,False,False,False,False,False,False,False,False,False,False,Samedi-00-02h,NON,Samedi,2020-03-28 00:00
18142,152,False,True,False,False,False,False,False,False,False,False,False,False,False,False,Samedi-00-02h,NON,Samedi,2020-03-28 00:00
18143,222,False,False,False,False,False,True,False,False,True,True,False,False,False,False,Samedi-00-02h,NON,Samedi,2020-03-28 00:00
18144,106,False,False,False,False,False,True,False,False,False,False,False,True,False,False,Samedi-00-02h,OUI,Samedi,2020-03-28 00:00
18145,133,False,False,True,False,True,False,False,False,False,False,False,False,False,False,Samedi-00-02h,NON,Samedi,2020-03-28 00:00
18146,163,False,False,False,False,True,False,False,False,False,False,False,False,False,False,Samedi-00-02h,NON,Samedi,2020-03-28 00:00
18147,231,False,False,False,False,False,False,False,False,False,False,False,False,False,False,Samedi-00-02h,NON,Samedi,2020-03-28 00:00
18148,25,False,False,False,False,True,False,False,False,False,False,False,False,False,False,Samedi-00-02h,NON,Samedi,2020-03-28 00:00
18149,196,False,False,True,False,True,False,False,True,False,False,False,False,False,False,Samedi-00-02h,OUI,Samedi,2020-03-28 00:00
18150,5,False,False,False,False,True,True,False,False,False,False,False,False,False,False,Samedi-00-02h,NON,Samedi,2020-03-28 00:00
18151,90,False,True,False,False,False,False,False,False,False,False,False,False,False,False,Samedi-00-02h,OUI,Samedi,2020-03-28 00:00
18152,244,True,False,True,False,False,False,False,False,False,False,False,False,False,False,Samedi-00-02h,NON,Samedi,2020-03-28 00:00
18153,107,False,True,False,False,False,True,False,False,False,False,False,False,False,False,Samedi-00-02h,OUI,Samedi,2020-03-28 00:00
18154,218,False,True,False,False,True,True,False,False,False,False,False,False,False,False,Samedi-00-02h,OUI,Samedi,2020-03-28 00:00
18155,62,False,True,True,False,True,True,False,False,False,False,False,False,False,False,Samedi-00-02h,OUI,Samedi,2020-03-28 00:00
18156,79,False,True,False,False,False,False,False,False,False,False,False,False,False,False,Samedi-00-02h,OUI,Samedi,2020-03-28 00:00
18157,208,False,False,False,False,False,True,False,False,False,False,False,False,False,False,Samedi-00-02h,NON,Samedi,2020-03-28 00:00
18158,270,False,False,False,False,False,False,False,False,True,False,False,False,False,False,Samedi-00-02h,NON,Samedi,2020-03-28 00:00
18159,166,True,False,False,False,True,True,False,False,False,False,False,False,False,False,Samedi-00-02h,OUI,Samedi,2020-03-28 00:00
18160,77,False,False,True,False,True,False,False,False,False,False,False,False,False,False,Samedi-00-02h,NON,Samedi,2020-03-28 00:00
18161,29,False,False,False,False,False,True,False,False,False,False,False,True,False,False,Samedi-00-02h,OUI,Samedi,2020-03-28 00:00
18162,240,False,False,False,False,False,True,False,False,False,False,False,False,False,False,Samedi-00-02h,OUI,Samedi,2020-03-28 00:00
18163,184,False,True,False,False,False,False,False,False,False,False,False,False,False,False,Samedi-00-02h,OUI,Samedi,2020-03-28 00:00
18164,277,False,True,True,False,False,True,False,False,False,False,False,False,False,False,Samedi-00-02h,NON,Samedi,2020-03-28 00:00
18165,80,True,False,False,False,False,True,False,False,False,True,False,False,False,False,Samedi-00-02h,NON,Samedi,2020-03-28 00:00
18166,185,True,True,True,False,False,True,False,False,False,False,True,False,True,False,Samedi-00-02h,NON,Samedi,2020-03-28 00:00
18167,204,False,False,False,False,True,True,False,False,False,False,False,True,False,False,Samedi-00-02h,OUI,Samedi,2020-03-28 00:00
18168,252,True,True,True,False,False,True,False,False,False,False,False,False,False,False,Samedi-00-02h,OUI,Samedi,2020-03-28 00:00
18169,26,False,False,False,False,True,False,False,False,False,False,False,False,False,False,Samedi-00-02h,NON,Samedi,2020-03-28 00:00
18170,70,False,False,False,False,True,False,False,False,False,False,False,True,False,False,Samedi-00-02h,NON,Samedi,2020-03-28 00:00
18171,233,False,False,False,False,True,False,False,False,False,False,False,False,False,False,Samedi-00-02h,NON,Samedi,2020-03-28 00:00
18172,37,True,True,True,False,True,True,False,False,False,False,False,False,False,False,Samedi-00-02h,OUI,Samedi,2020-03-28 00:00
18173,185,False,False,True,False,False,False,False,False,False,False,False,False,False,False,Samedi-00-02h,OUI,Samedi,2020-03-28 00:00
18174,138,True,False,False,False,True,True,False,False,False,False,False,False,False,False,Samedi-00-02h,OUI,Samedi,2020-03-28 00:00
18175,224,True,False,True,False,False,False,False,False,False,False,False,False,False,False,Samedi-00-02h,OUI,Samedi,2020-03-28 00:00
18176,66,False,False,False,False,True,True,False,False,False,False,False,False,True,False,Samedi-00-02h,OUI,Samedi,2020-03-28 00:00
18177,211,False,False,True,False,False,False,False,False,False,False,False,False,True,False,Samedi-00-02h,NON,Samedi,2020-03-28 00:00
18178,14,False,False,False,False,True,True,False,False,False,False,False,False,False,False,Samedi-00-02h,NON,Samedi,2020-03-28 00:00
18179,145,False,False,False,False,True,False,False,False,False,False,False,False,False,False,Samedi-00-02h,NON,Samedi,2020-03-28 00:00
18180,36,False,False,False,False,False,False,False,False,False,False,False,True,False,False,Samedi-00-02h,NON,Samedi,2020-03-28 00:00
18181,60,True,True,True,False,False,True,False,False,False,False,False,False,False,False,Samedi-00-02h,NON,Samedi,2020-03-28 00:00
18182,137,True,True,True,False,False,True,False,False,False,False,True,False,False,False,Samedi-00-02h,OUI,Samedi,2020-03-28 00:00
18183,285,False,True,False,False,True,True,False,False,False,False,False,False,False,False,Samedi-00-02h,NON,Samedi,2020-03-28 00:00
18184,40,False,True,True,False,True,True,False,False,False,False,False,False,False,False,Samedi-00-02h,OUI,Samedi,2020-03-28 00:00
18185,97,False,False,False,False,False,True,False,False,False,False,False,False,False,False,Samedi-00-02h,OUI,Samedi,2020-03-28 00:00
18186,109,True,False,True,True,False,False,False,False,False,False,False,False,False,False,Samedi-00-02h,NON,Samedi,2020-03-28 00:00
18187,10,False,False,False,False,False,False,False,False,False,False,False,False,False,False,Samedi-00-02h,NON,Samedi,2020-03-28 00:00
18188,256,False,False,False,False,False,False,False,False,False,False,False,True,False,False,Samedi-00-02h,NON,Samedi,2020-03-28 00:00
18189,141,True,True,True,False,False,False,False,False,False,False,True,False,False,False,Samedi-00-02h,NON,Samedi,2020-03-28 00:00
18190,28,False,False,False,False,False,False,False,False,False,False,False,False,False,False,Samedi-00-02h,NON,Samedi,2020-03-28 00:00
18191,101,True,True,True,True,True,True,False,False,False,False,False,False,False,False,Samedi-00-02h,OUI,Samedi,2020-03-28 00:00
18192,48,True,False,True,False,True,False,False,False,False,False,False,False,True,False,Samedi-00-02h,OUI,Samedi,2020-03-28 00:00
18193,27,False,False,False,False,False,True,False,False,False,False,False,False,False,False,Samedi-00-02h,OUI,Samedi,2020-03-28 00:00
18194,142,True,False,True,False,False,False,False,False,False,False,True,False,True,False,Samedi-00-02h,NON,Samedi,2020-03-28 00:00
18195,234,False,False,True,False,False,False,False,False,False,False,True,False,False,False,Samedi-00-02h,OUI,Samedi,2020-03-28 00:00
18196,23,False,False,False,False,True,False,False,False,False,False,False,False,False,False,Samedi-00-02h,NON,Samedi,2020-03-28 00:00
18197,195,False,False,False,False,True,False,False,False,True,False,False,False,False,False,Samedi-00-02h,NON,Samedi,2020-03-28 00:00
18198,275,False,False,False,False,False,False,False,False,False,False,False,True,False,False,Samedi-00-02h,NON,Samedi,2020-03-28 00:00
18199,226,False,False,False,False,True,True,False,False,False,False,False,False,False,False,Samedi-00-02h,NON,Samedi,2020-03-28 00:00
18200,207,False,False,True,False,False,False,False,False,False,False,False,False,False,False,Samedi-00-02h,NON,Samedi,2020-03-28 00:00
18201,57,False,False,False,False,False,False,False,False,False,False,False,False,False,False,Samedi-00-02h,NON,Samedi,2020-03-28 00:00
18202,4,False,True,False,False,False,True,False,False,False,False,False,False,False,False,Samedi-00-02h,NON,Samedi,2020-03-28 00:00
18203,265,False,False,False,False,False,True,False,False,False,False,False,False,False,False,Samedi-00-02h,NON,Samedi,2020-03-28 00:00
18204,88,False,True,False,False,False,False,False,False,False,False,False,False,False,False,Samedi-00-02h,NON,Samedi,2020-03-28 00:00
18205,198,False,False,False,False,False,False,False,False,False,False,True,False,False,False,Samedi-00-02h,NON,Samedi,2020-03-28 00:00
18206,249,True,True,True,False,False,False,False,False,False,False,False,False,False,False,Samedi-00-02h,NON,Samedi,2020-03-28 00:00
18207,263,False,False,False,False,True,True,False,False,False,False,False,False,False,False,Samedi-00-02h,NON,Samedi,2020-03-28 00:00
18208,217,True,False,True,False,False,False,False,False,False,False,False,False,True,False,Samedi-00-02h,NON,Samedi,2020-03-28 00:00
18209,278,False,False,False,False,True,True,False,False,False,False,False,False,False,False,Samedi-00-02h,NON,Samedi,2020-03-28 00:00
18210,189,False,True,False,False,False,False,False,False,False,False,False,False,False,False,Samedi-00-02h,NON,Samedi,2020-03-28 00:00
18211,61,True,False,True,False,False,False,False,False,False,False,False,False,False,False,Samedi-00-02h,OUI,Samedi,2020-03-28 00:00
18212,251,False,False,False,False,False,False,False,False,False,False,False,False,True,False,Samedi-00-02h,NON,Samedi,2020-03-28 00:00
18213,281,False,True,False,False,False,False,False,False,False,False,False,False,False,False,Samedi-00-02h,OUI,Samedi,2020-03-28 00:00
18214,134,False,True,False,False,False,False,False,False,False,False,False,False,False,False,Samedi-00-02h,OUI,Samedi,2020-03-28 00:00
18215,293,False,True,False,False,False,True,False,False,False,False,False,False,False,False,Samedi-00-02h,NON,Samedi,2020-03-28 00:00
18216,279,True,True,True,True,False,True,False,False,False,False,False,False,False,False,Samedi-00-02h,NON,Samedi,2020-03-28 00:00
18217,81,True,False,True,True,False,False,False,True,False,False,False,False,False,False,Samedi-00-02h,OUI,Samedi,2020-03-28 00:00
18218,92,True,False,False,True,False,False,False,False,False,False,True,False,False,False,Samedi-00-02h,NON,Samedi,2020-03-28 00:00
18219,147,False,False,False,False,False,False,False,False,False,False,False,False,False,False,Samedi-00-02h,NON,Samedi,2020-03-28 00:00
18220,33,False,True,False,False,True,False,False,False,False,False,False,False,False,False,Samedi-00-02h,NON,Samedi,2020-03-28 00:00
18221,266,False,False,False,False,False,False,False,False,False,False,False,False,False,False,Samedi-00-02h,NON,Samedi,2020-03-28 00:00
18222,225,True,False,False,False,False,True,False,False,False,False,False,False,False,False,Samedi-00-02h,OUI,Samedi,2020-03-28 00:00
18223,83,True,False,True,False,False,False,False,False,False,False,False,False,False,False,Samedi-00-02h,NON,Samedi,2020-03-28 00:00
18224,95,False,False,False,False,True,True,False,True,False,False,False,False,False,False,Samedi-00-02h,NON,Samedi,2020-03-28 00:00
18225,127,False,False,False,False,True,False,False,False,False,False,False,False,False,False,Samedi-00-02h,NON,Samedi,2020-03-28 00:00
18226,20,False,False,False,False,False,False,False,False,False,False,False,False,False,False,Samedi-00-02h,NON,Samedi,2020-03-28 00:00
18227,89,False,False,False,False,False,False,False,False,True,False,False,False,False,False,Samedi-00-02h,OUI,Samedi,2020-03-28 00:00
18228,120,False,True,True,False,True,True,False,True,False,False,True,False,False,False,Samedi-00-02h,NON,Samedi,2020-03-28 00:00
18229,253,False,False,False,False,True,True,False,False,False,False,False,True,False,False,Samedi-00-02h,NON,Samedi,2020-03-28 00:00
18230,52,False,False,True,False,False,False,False,False,False,False,False,False,False,False,Samedi-00-02h,OUI,Samedi,2020-03-28 00:00
18231,168,True,False,True,False,False,False,False,True,False,False,False,False,False,False,Samedi-00-02h,OUI,Samedi,2020-03-28 00:00
18232,202,False,True,False,False,False,False,False,False,False,False,False,False,False,False,Samedi-00-02h,OUI,Samedi,2020-03-28 00:00
18233,172,False,False,False,False,True,False,False,False,False,False,False,False,False,False,Samedi-00-02h,NON,Samedi,2020-03-28 00:00
18234,239,False,False,False,False,True,True,False,False,False,False,False,False,False,False,Samedi-00-02h,NON,Samedi,2020-03-28 00:00
18235,85,False,False,False,False,True,False,False,False,False,False,False,False,False,False,Samedi-00-02h,NON,Samedi,2020-03-28 00:00
18236,215,False,False,False,False,False,False,False,False,True,False,False,False,False,False,Samedi-00-02h,OUI,Samedi,2020-03-28 00:00
18237,260,True,False,True,False,False,False,False,False,False,False,False,False,False,False,Samedi-00-02h,NON,Samedi,2020-03-28 00:00
18238,286,True,True,False,False,True,False,False,False,False,False,False,False,False,False,Samedi-00-02h,NON,Samedi,2020-03-28 00:00
18239,72,False,True,False,False,False,False,False,False,False,False,False,False,False,False,Samedi-02-04h,NON,Samedi,2020-03-28 02:00
18240,167,True,True,True,True,True,True,False,False,False,False,False,False,False,False,Samedi-02-04h,OUI,Samedi,2020-03-28 02:00
18241,130,True,False,True,False,False,False,False,True,False,False,False,False,True,True,Samedi-02-04h,NON,Samedi,2020-03-28 02:00
18242,288,True,True,True,False,True,False,False,False,False,False,False,False,False,False,Samedi-02-04h,OUI,Samedi,2020-03-28 02:00
18243,59,False,False,False,False,False,True,False,False,False,False,False,False,False,False,Samedi-02-04h,NON,Samedi,2020-03-28 02:00
18244,178,True,False,False,False,False,False,False,False,False,False,True,False,False,False,Samedi-02-04h,OUI,Samedi,2020-03-28 02:00
18245,254,False,False,False,False,False,False,False,False,False,False,False,True,False,False,Samedi-02-04h,NON,Samedi,2020-03-28 02:00
18246,34,False,False,False,False,False,False,False,False,False,False,False,False,False,False,Samedi-02-04h,NON,Samedi,2020-03-28 02:00
18247,264,False,False,False,False,True,True,True,False,False,False,False,False,False,False,Samedi-02-04h,OUI,Samedi,2020-03-28 02:00
18248,158,True,False,False,False,True,False,False,False,False,True,False,False,False,False,Samedi-02-04h,NON,Samedi,2020-03-28 02:00
18249,210,False,True,False,False,True,True,False,False,False,False,False,False,False,False,Samedi-02-04h,NON,Samedi,2020-03-28 02:00
18250,93,False,False,False,False,True,False,False,False,False,False,False,False,True,False,Samedi-02-04h,OUI,Samedi,2020-03-28 02:00
18251,144,True,False,True,False,True,False,False,False,False,False,False,False,False,False,Samedi-02-04h,OUI,Samedi,2020-03-28 02:00
18252,164,False,True,False,False,True,True,False,False,False,False,False,False,False,False,Samedi-02-04h,OUI,Samedi,2020-03-28 02:00
18253,289,False,False,False,False,True,True,False,False,False,False,False,False,False,False,Samedi-02-04h,OUI,Samedi,2020-03-28 02:00
18254,50,False,False,False,False,False,False,False,False,False,False,False,False,False,False,Samedi-02-04h,NON,Samedi,2020-03-28 02:00
18255,51,True,True,False,False,True,False,False,False,False,False,False,False,False,False,Samedi-02-04h,OUI,Samedi,2020-03-28 02:00
18256,247,False,False,True,False,False,False,False,False,False,False,False,False,False,False,Samedi-02-04h,NON,Samedi,2020-03-28 02:00
18257,159,False,False,False,False,False,False,False,True,False,False,False,False,False,False,Samedi-02-04h,NON,Samedi,2020-03-28 02:00
18258,54,False,False,False,False,False,True,False,False,False,False,False,False,False,False,Samedi-02-04h,NON,Samedi,2020-03-28 02:00
18259,55,True,False,False,False,True,True,False,True,False,False,False,False,False,False,Samedi-02-04h,OUI,Samedi,2020-03-28 02:00
18260,257,False,False,False,False,True,False,False,False,False,False,False,False,False,False,Samedi-02-04h,NON,Samedi,2020-03-28 02:00
18261,67,False,False,False,False,False,False,False,False,False,False,False,False,False,False,Samedi-02-04h,NON,Samedi,2020-03-28 02:00
18262,71,True,False,True,False,False,False,False,False,False,False,False,False,False,False,Samedi-02-04h,NON,Samedi,2020-03-28 02:00
18263,280,False,False,False,False,False,True,False,False,False,False,False,False,False,False,Samedi-02-04h,OUI,Samedi,2020-03-28 02:00
18264,283,True,True,False,False,False,False,False,False,False,False,False,False,False,False,Samedi-02-04h,OUI,Samedi,2020-03-28 02:00
18265,154,False,False,False,False,True,True,False,False,False,False,False,True,False,False,Samedi-02-04h,NON,Samedi,2020-03-28 02:00
18266,171,False,False,False,False,False,False,False,False,False,False,False,True,False,False,Samedi-02-04h,NON,Samedi,2020-03-28 02:00
18267,131,False,False,True,False,False,False,False,False,False,False,False,False,False,False,Samedi-02-04h,NON,Samedi,2020-03-28 02:00
18268,237,True,False,False,False,False,True,True,False,False,False,False,False,True,False,Samedi-02-04h,OUI,Samedi,2020-03-28 02:00
18269,75,False,False,False,False,True,True,False,False,False,False,False,False,False,False,Samedi-02-04h,NON,Samedi,2020-03-28 02:00
18270,235,True,False,False,False,True,False,False,False,False,False,False,False,False,False,Samedi-02-04h,NON,Samedi,2020-03-28 02:00
18271,180,False,False,False,False,True,True,False,False,False,False,False,False,False,False,Samedi-02-04h,OUI,Samedi,2020-03-28 02:00
18272,219,False,False,False,False,False,True,False,False,False,False,False,False,False,False,Samedi-02-04h,NON,Samedi,2020-03-28 02:00
18273,250,False,False,False,False,False,False,False,False,True,False,False,False,False,False,Samedi-02-04h,NON,Samedi,2020-03-28 02:00
18274,267,True,True,False,False,False,False,False,False,False,False,False,False,False,False,Samedi-02-04h,OUI,Samedi,2020-03-28 02:00
18275,160,False,True,False,False,False,True,False,False,False,False,False,False,False,False,Samedi-02-04h,OUI,Samedi,2020-03-28 02:00
18276,182,False,True,False,False,True,True,True,False,False,False,False,False,False,False,Samedi-02-04h,NON,Samedi,2020-03-28 02:00
18277,143,False,False,False,False,False,False,False,True,False,False,True,False,False,False,Samedi-02-04h,NON,Samedi,2020-03-28 02:00
18278,223,True,True,False,False,False,False,False,False,False,False,False,False,False,False,Samedi-02-04h,NON,Samedi,2020-03-28 02:00
18279,192,True,False,True,False,False,False,False,False,False,False,False,False,False,False,Samedi-02-04h,NON,Samedi,2020-03-28 02:00
18280,30,False,False,True,False,False,False,False,True,False,False,False,False,False,False,Samedi-02-04h,OUI,Samedi,2020-03-28 02:00
18281,125,True,False,False,False,True,False,False,True,False,False,False,False,False,False,Samedi-02-04h,NON,Samedi,2020-03-28 02:00
18282,39,False,False,True,False,True,False,False,True,False,False,False,False,False,False,Samedi-02-04h,NON,Samedi,2020-03-28 02:00
18283,113,True,False,True,False,False,False,False,False,False,False,False,False,False,False,Samedi-02-04h,OUI,Samedi,2020-03-28 02:00
18284,121,True,False,True,False,False,False,False,True,False,False,False,False,False,False,Samedi-02-04h,NON,Samedi,2020-03-28 02:00
18285,228,False,False,False,False,False,False,False,False,False,False,True,False,False,False,Samedi-02-04h,OUI,Samedi,2020-03-28 02:00
18286,290,False,False,False,False,False,False,False,False,True,False,False,False,False,False,Samedi-02-04h,NON,Samedi,2020-03-28 02:00
18287,197,False,False,True,False,True,False,False,False,False,False,False,False,False,False,Samedi-02-04h,NON,Samedi,2020-03-28 02:00
18288,31,True,True,True,False,False,True,False,False,False,False,False,False,False,False,Samedi-02-04h,OUI,Samedi,2020-03-28 02:00
18289,173,True,False,False,False,True,True,False,True,False,False,False,False,False,False,Samedi-02-04h,NON,Samedi,2020-03-28 02:00
18290,74,True,False,False,True,False,False,False,True,False,False,True,False,False,False,Samedi-02-04h,NON,Samedi,2020-03-28 02:00
18291,15,False,False,True,False,False,False,False,False,False,False,False,False,False,False,Samedi-02-04h,NON,Samedi,2020-03-28 02:00
18292,45,True,False,False,False,True,True,False,True,False,False,False,False,False,False,Samedi-02-04h,OUI,Samedi,2020-03-28 02:00
18293,63,False,False,True,False,False,False,False,False,False,False,False,False,False,False,Samedi-02-04h,OUI,Samedi,2020-03-28 02:00
18294,3,False,False,False,False,False,True,False,False,False,False,False,True,False,False,Samedi-02-04h,OUI,Samedi,2020-03-28 02:00
18295,21,True,False,True,False,False,False,False,False,False,False,False,False,False,False,Samedi-02-04h,OUI,Samedi,2020-03-28 02:00
18296,78,False,True,True,False,True,True,False,True,False,False,False,False,False,False,Samedi-02-04h,OUI,Samedi,2020-03-28 02:00
18297,47,False,True,False,False,False,False,False,False,False,False,False,False,False,False,Samedi-02-04h,NON,Samedi,2020-03-28 02:00
18298,151,True,True,False,False,True,False,False,True,False,False,False,False,False,False,Samedi-02-04h,OUI,Samedi,2020-03-28 02:00
18299,6,True,False,True,False,False,False,False,False,False,False,False,False,False,False,Samedi-02-04h,OUI,Samedi,2020-03-28 02:00
18300,135,True,False,True,False,False,False,False,False,False,False,False,False,True,False,Samedi-02-04h,OUI,Samedi,2020-03-28 02:00
18301,221,False,False,False,False,True,True,False,False,False,False,False,False,False,False,Samedi-02-04h,OUI,Samedi,2020-03-28 02:00
18302,170,False,False,True,False,False,False,False,False,False,False,True,False,False,True,Samedi-02-04h,NON,Samedi,2020-03-28 02:00
18303,129,False,True,False,False,False,False,False,False,False,False,False,False,False,False,Samedi-02-04h,OUI,Samedi,2020-03-28 02:00
18304,132,True,True,True,False,False,True,False,False,False,False,False,False,False,False,Samedi-02-04h,OUI,Samedi,2020-03-28 02:00
18305,110,False,True,False,False,False,False,False,False,False,False,False,False,False,False,Samedi-02-04h,OUI,Samedi,2020-03-28 02:00
18306,191,False,False,False,False,False,True,False,False,False,False,False,False,False,False,Samedi-02-04h,OUI,Samedi,2020-03-28 02:00
18307,94,True,True,True,False,False,True,False,False,False,False,True,False,True,False,Samedi-02-04h,NON,Samedi,2020-03-28 02:00
18308,108,False,False,False,False,False,True,True,False,False,False,False,False,False,False,Samedi-02-04h,OUI,Samedi,2020-03-28 02:00
18309,236,False,False,False,False,True,True,False,False,False,False,False,False,False,False,Samedi-02-04h,OUI,Samedi,2020-03-28 02:00
18310,42,True,False,True,False,True,False,False,False,False,False,False,False,False,False,Samedi-02-04h,NON,Samedi,2020-03-28 02:00
18311,155,True,False,False,False,True,False,False,False,False,False,False,False,False,False,Samedi-02-04h,NON,Samedi,2020-03-28 02:00
18312,1,False,False,False,False,False,False,False,False,False,False,False,False,False,False,Samedi-02-04h,NON,Samedi,2020-03-28 02:00
18313,58,False,True,True,False,False,True,False,False,False,False,True,False,False,False,Samedi-02-04h,OUI,Samedi,2020-03-28 02:00
18314,0,False,True,False,False,False,False,False,False,False,False,False,False,False,False,Samedi-02-04h,OUI,Samedi,2020-03-28 02:00
18315,269,False,False,False,False,False,False,False,False,False,False,False,False,False,False,Samedi-02-04h,NON,Samedi,2020-03-28 02:00
18316,2,True,False,True,False,False,False,False,False,False,False,False,False,False,False,Samedi-02-04h,NON,Samedi,2020-03-28 02:00
18317,103,False,False,False,False,True,False,False,False,False,False,False,False,False,False,Samedi-02-04h,NON,Samedi,2020-03-28 02:00
18318,12,False,True,False,False,True,False,False,False,False,False,False,False,False,False,Samedi-02-04h,OUI,Samedi,2020-03-28 02:00
18319,245,True,False,False,False,True,True,False,True,False,False,False,False,False,False,Samedi-02-04h,NON,Samedi,2020-03-28 02:00
18320,161,False,False,True,False,False,False,False,False,False,False,True,False,False,False,Samedi-02-04h,NON,Samedi,2020-03-28 02:00
18321,38,False,False,False,False,False,False,False,False,True,False,False,False,False,False,Samedi-02-04h,NON,Samedi,2020-03-28 02:00
18322,122,False,False,False,False,False,False,False,False,False,False,False,False,False,False,Samedi-02-04h,NON,Samedi,2020-03-28 02:00
18323,248,False,False,True,False,False,False,False,False,False,False,False,False,True,False,Samedi-02-04h,OUI,Samedi,2020-03-28 02:00
18324,271,False,True,True,False,False,True,False,False,False,False,False,False,False,False,Samedi-02-04h,OUI,Samedi,2020-03-28 02:00
18325,116,False,False,True,False,False,False,False,False,False,False,False,False,False,False,Samedi-02-04h,OUI,Samedi,2020-03-28 02:00
18326,117,True,True,True,True,False,True,False,False,False,False,False,False,False,False,Samedi-02-04h,NON,Samedi,2020-03-28 02:00
18327,213,False,False,False,False,True,True,False,True,False,False,False,False,False,False,Samedi-02-04h,NON,Samedi,2020-03-28 02:00
18328,220,False,True,True,False,False,True,False,False,False,False,False,False,False,False,Samedi-02-04h,OUI,Samedi,2020-03-28 02:00
18329,176,False,False,True,False,False,False,False,False,False,False,False,False,False,False,Samedi-02-04h,NON,Samedi,2020-03-28 02:00
18330,96,False,False,False,False,True,True,False,False,False,True,False,False,False,False,Samedi-02-04h,NON,Samedi,2020-03-28 02:00
18331,214,False,False,False,False,True,True,False,False,False,True,False,False,False,False,Samedi-02-04h,OUI,Samedi,2020-03-28 02:00
18332,11,True,False,False,True,False,False,False,False,False,False,True,False,False,False,Samedi-02-04h,NON,Samedi,2020-03-28 02:00
18333,255,True,False,True,False,False,False,False,True,False,False,False,False,False,False,Samedi-02-04h,OUI,Samedi,2020-03-28 02:00
18334,86,False,False,True,False,False,False,False,False,False,False,False,False,False,False,Samedi-02-04h,OUI,Samedi,2020-03-28 02:00
18335,209,True,False,False,False,True,True,False,True,False,False,False,False,False,False,Samedi-02-04h,OUI,Samedi,2020-03-28 02:00
18336,291,False,False,False,False,False,True,False,False,True,False,False,False,False,False,Samedi-02-04h,OUI,Samedi,2020-03-28 02:00
18337,287,False,False,False,False,False,False,False,False,False,False,False,True,False,False,Samedi-02-04h,OUI,Samedi,2020-03-28 02:00
18338,104,False,False,False,False,True,True,False,False,False,False,False,False,False,False,Samedi-02-04h,NON,Samedi,2020-03-28 02:00
18339,18,False,False,False,False,True,False,False,False,False,False,False,False,False,False,Samedi-02-04h,OUI,Samedi,2020-03-28 02:00
18340,123,False,True,False,False,True,True,False,False,False,False,False,False,False,False,Samedi-02-04h,NON,Samedi,2020-03-28 02:00
18341,136,False,False,False,False,True,False,False,False,False,False,False,False,False,False,Samedi-02-04h,NON,Samedi,2020-03-28 02:00
18342,276,True,False,True,False,False,False,False,False,False,False,False,False,False,False,Samedi-02-04h,NON,Samedi,2020-03-28 02:00
18343,53,False,False,False,False,True,True,False,False,False,False,False,False,False,False,Samedi-02-04h,OUI,Samedi,2020-03-28 02:00
18344,179,True,False,True,False,False,False,False,False,False,False,False,False,False,False,Samedi-02-04h,OUI,Samedi,2020-03-28 02:00
18345,200,False,False,False,False,False,False,False,False,False,False,False,False,False,False,Samedi-02-04h,NON,Samedi,2020-03-28 02:00
18346,73,False,False,False,False,False,False,False,False,False,False,False,False,False,False,Samedi-02-04h,NON,Samedi,2020-03-28 02:00
18347,156,False,False,False,False,True,True,False,False,False,False,False,False,False,False,Samedi-02-04h,NON,Samedi,2020-03-28 02:00
18348,128,True,True,True,False,False,True,False,False,False,False,False,False,False,False,Samedi-02-04h,OUI,Samedi,2020-03-28 02:00
18349,118,False,False,False,False,False,False,False,False,False,False,False,False,False,False,Samedi-02-04h,NON,Samedi,2020-03-28 02:00
18350,112,True,False,True,False,False,False,False,False,False,False,False,False,False,False,Samedi-02-04h,OUI,Samedi,2020-03-28 02:00
18351,35,False,False,False,False,True,True,False,False,False,False,False,False,False,False,Samedi-02-04h,NON,Samedi,2020-03-28 02:00
18352,32,False,False,False,False,False,False,False,False,False,False,False,True,False,False,Samedi-02-04h,NON,Samedi,2020-03-28 02:00
18353,199,True,False,True,False,False,False,False,False,False,False,False,False,False,False,Samedi-02-04h,OUI,Samedi,2020-03-28 02:00
18354,153,True,False,False,False,True,True,False,False,False,False,False,False,False,False,Samedi-02-04h,NON,Samedi,2020-03-28 02:00
18355,82,False,False,True,False,False,False,False,False,False,False,False,False,False,False,Samedi-02-04h,OUI,Samedi,2020-03-28 02:00
18356,292,False,True,False,False,False,False,False,False,False,False,False,False,False,False,Samedi-02-04h,OUI,Samedi,2020-03-28 02:00
18357,169,False,False,False,True,False,False,False,False,False,False,False,False,False,False,Samedi-02-04h,NON,Samedi,2020-03-28 02:00
18358,16,False,False,False,False,True,True,False,False,False,False,False,False,False,False,Samedi-02-04h,OUI,Samedi,2020-03-28 02:00
18359,46,True,True,True,False,False,True,True,False,False,False,False,False,False,False,Samedi-02-04h,OUI,Samedi,2020-03-28 02:00
18360,216,False,True,False,False,False,True,False,False,False,False,False,False,False,False,Samedi-02-04h,OUI,Samedi,2020-03-28 02:00
18361,174,False,True,True,False,False,True,False,False,False,False,True,False,False,False,Samedi-02-04h,NON,Samedi,2020-03-28 02:00
18362,43,False,False,False,False,True,False,False,False,False,False,False,False,False,False,Samedi-02-04h,NON,Samedi,2020-03-28 02:00
18363,165,False,False,False,False,True,True,False,False,False,False,False,False,False,False,Samedi-02-04h,NON,Samedi,2020-03-28 02:00
18364,126,False,True,False,False,False,True,False,False,False,False,False,False,False,False,Samedi-02-04h,OUI,Samedi,2020-03-28 02:00
18365,41,False,False,False,False,False,True,False,False,True,False,False,False,False,False,Samedi-02-04h,NON,Samedi,2020-03-28 02:00
18366,157,False,False,True,False,False,False,False,False,False,False,False,False,False,False,Samedi-02-04h,NON,Samedi,2020-03-28 02:00
18367,272,False,True,True,False,False,False,True,False,False,False,True,False,True,True,Samedi-02-04h,OUI,Samedi,2020-03-28 02:00
18368,115,True,False,True,False,False,False,False,False,False,False,False,False,False,False,Samedi-02-04h,OUI,Samedi,2020-03-28 02:00
18369,84,False,False,False,False,False,False,False,False,False,False,False,True,False,False,Samedi-02-04h,OUI,Samedi,2020-03-28 02:00
18370,183,True,True,True,True,False,False,False,False,False,False,False,False,False,False,Samedi-02-04h,NON,Samedi,2020-03-28 02:00
18371,65,True,True,False,False,False,True,False,False,False,False,False,False,False,False,Samedi-02-04h,OUI,Samedi,2020-03-28 02:00
18372,105,True,False,False,False,False,False,False,False,False,False,False,False,False,False,Samedi-02-04h,OUI,Samedi,2020-03-28 02:00
18373,187,True,False,False,False,False,True,False,False,False,False,False,False,False,False,Samedi-02-04h,NON,Samedi,2020-03-28 02:00
18374,139,True,False,True,False,False,False,False,False,False,False,False,False,False,False,Samedi-02-04h,NON,Samedi,2020-03-28 02:00
18375,259,False,False,False,False,True,True,False,False,False,False,False,False,False,False,Samedi-02-04h,NON,Samedi,2020-03-28 02:00
18376,124,True,False,True,False,False,False,False,False,False,False,True,False,False,False,Samedi-02-04h,NON,Samedi,2020-03-28 02:00
18377,98,False,False,False,False,False,True,False,False,False,False,False,True,False,False,Samedi-02-04h,OUI,Samedi,2020-03-28 02:00
18378,284,False,True,True,False,False,True,False,False,False,False,False,False,True,False,Samedi-02-04h,OUI,Samedi,2020-03-28 02:00
18379,148,True,False,True,False,True,False,False,True,False,False,False,False,False,False,Samedi-02-04h,NON,Samedi,2020-03-28 02:00
18380,258,True,False,True,False,False,False,False,False,False,False,False,False,False,False,Samedi-02-04h,OUI,Samedi,2020-03-28 02:00
18381,175,False,False,False,False,False,True,False,False,False,False,False,False,False,False,Samedi-02-04h,NON,Samedi,2020-03-28 02:00
18382,119,False,False,False,False,False,False,False,False,False,False,True,False,False,False,Samedi-02-04h,NON,Samedi,2020-03-28 02:00
18383,229,True,False,True,False,False,False,False,True,False,False,False,False,False,False,Samedi-02-04h,OUI,Samedi,2020-03-28 02:00
18384,230,False,False,False,False,False,True,True,False,False,False,False,False,False,False,Samedi-02-04h,NON,Samedi,2020-03-28 02:00
18385,17,True,False,False,False,False,True,True,False,False,False,False,False,False,False,Samedi-02-04h,NON,Samedi,2020-03-28 02:00
18386,177,False,False,False,False,False,False,False,False,False,False,False,False,False,False,Samedi-02-04h,NON,Samedi,2020-03-28 02:00
18387,7,False,False,False,False,False,False,False,False,False,False,False,False,False,False,Samedi-02-04h,NON,Samedi,2020-03-28 02:00
18388,241,False,False,True,False,False,False,False,False,False,False,False,False,False,False,Samedi-02-04h,NON,Samedi,2020-03-28 02:00
18389,8,True,False,False,False,True,True,False,True,False,False,False,False,False,False,Samedi-02-04h,NON,Samedi,2020-03-28 02:00
18390,268,False,True,False,False,False,True,False,False,False,False,False,False,False,False,Samedi-02-04h,OUI,Samedi,2020-03-28 02:00
18391,294,False,False,True,False,True,False,False,False,False,False,False,False,False,False,Samedi-02-04h,OUI,Samedi,2020-03-28 02:00
18392,242,True,False,False,False,True,True,False,False,False,False,False,False,False,False,Samedi-02-04h,NON,Samedi,2020-03-28 02:00
18393,194,False,False,False,False,False,True,False,False,False,False,False,False,False,False,Samedi-02-04h,NON,Samedi,2020-03-28 02:00
18394,243,False,False,False,False,True,True,False,False,False,False,False,False,False,False,Samedi-02-04h,OUI,Samedi,2020-03-28 02:00
18395,212,True,True,True,False,False,True,False,False,False,False,False,False,False,False,Samedi-02-04h,OUI,Samedi,2020-03-28 02:00
18396,19,False,False,False,False,False,True,False,False,False,False,False,False,False,False,Samedi-02-04h,OUI,Samedi,2020-03-28 02:00
18397,114,False,False,False,False,True,False,False,False,False,False,False,False,False,False,Samedi-02-04h,OUI,Samedi,2020-03-28 02:00
18398,190,False,False,False,False,False,True,False,False,True,False,False,False,False,False,Samedi-02-04h,NON,Samedi,2020-03-28 02:00
18399,64,False,False,True,False,False,False,False,False,False,False,False,False,False,False,Samedi-02-04h,NON,Samedi,2020-03-28 02:00
18400,227,False,False,False,False,False,False,False,False,False,False,False,False,False,False,Samedi-02-04h,NON,Samedi,2020-03-28 02:00
18401,232,False,False,False,False,False,True,False,False,False,False,False,False,False,False,Samedi-02-04h,OUI,Samedi,2020-03-28 02:00
18402,246,False,True,False,False,False,True,True,False,False,False,False,False,False,False,Samedi-02-04h,OUI,Samedi,2020-03-28 02:00
18403,100,False,False,False,False,False,True,False,False,False,False,False,False,False,False,Samedi-02-04h,OUI,Samedi,2020-03-28 02:00
18404,13,False,False,False,False,True,False,False,False,False,False,False,False,False,False,Samedi-02-04h,NON,Samedi,2020-03-28 02:00
18405,262,True,True,True,False,False,False,False,False,False,False,False,False,False,False,Samedi-02-04h,NON,Samedi,2020-03-28 02:00
18406,76,True,True,True,False,False,True,False,False,False,False,True,False,False,False,Samedi-02-04h,NON,Samedi,2020-03-28 02:00
18407,261,False,True,False,False,True,False,False,False,False,False,False,False,False,False,Samedi-02-04h,NON,Samedi,2020-03-28 02:00
18408,150,False,True,False,False,False,False,False,False,False,False,False,False,False,False,Samedi-02-04h,NON,Samedi,2020-03-28 02:00
18409,205,False,False,False,False,False,False,False,False,False,False,False,False,False,False,Samedi-02-04h,NON,Samedi,2020-03-28 02:00
18410,56,False,False,False,False,True,True,False,False,False,False,False,False,False,False,Samedi-02-04h,OUI,Samedi,2020-03-28 02:00
18411,186,False,False,False,False,True,False,False,False,False,False,False,False,False,False,Samedi-02-04h,OUI,Samedi,2020-03-28 02:00
18412,162,True,False,False,False,True,True,False,False,False,False,False,False,False,False,Samedi-02-04h,NON,Samedi,2020-03-28 02:00
18413,68,False,True,False,False,True,True,False,False,False,False,False,False,False,False,Samedi-02-04h,NON,Samedi,2020-03-28 02:00
18414,146,False,False,False,False,False,True,False,False,False,False,False,True,False,False,Samedi-02-04h,OUI,Samedi,2020-03-28 02:00
18415,49,False,False,False,False,False,False,False,False,False,False,False,False,True,False,Samedi-02-04h,OUI,Samedi,2020-03-28 02:00
18416,91,True,False,True,True,False,False,False,False,False,False,False,False,False,False,Samedi-02-04h,OUI,Samedi,2020-03-28 02:00
18417,22,False,False,False,False,False,False,False,False,False,True,False,False,False,False,Samedi-02-04h,NON,Samedi,2020-03-28 02:00
18418,151,False,False,False,False,True,False,False,False,False,False,False,False,False,False,Samedi-02-04h,OUI,Samedi,2020-03-28 02:00
18419,193,False,False,False,False,True,True,False,False,False,False,False,False,False,False,Samedi-02-04h,OUI,Samedi,2020-03-28 02:00
18420,9,True,True,False,False,False,False,False,False,False,False,False,False,False,False,Samedi-02-04h,NON,Samedi,2020-03-28 02:00
18421,99,True,False,True,False,False,False,False,False,False,False,False,False,False,False,Samedi-02-04h,NON,Samedi,2020-03-28 02:00
18422,181,False,False,False,False,True,True,False,False,False,False,False,False,False,False,Samedi-02-04h,OUI,Samedi,2020-03-28 02:00
18423,111,False,False,False,False,False,True,False,True,False,False,False,False,False,False,Samedi-02-04h,OUI,Samedi,2020-03-28 02:00
18424,44,False,True,False,False,False,True,False,False,False,False,False,False,False,False,Samedi-02-04h,NON,Samedi,2020-03-28 02:00
18425,24,False,False,False,False,True,False,False,True,False,False,False,False,False,False,Samedi-02-04h,NON,Samedi,2020-03-28 02:00
18426,102,False,False,False,False,True,True,False,True,False,False,False,False,False,False,Samedi-02-04h,OUI,Samedi,2020-03-28 02:00
18427,203,True,True,False,False,False,False,False,True,False,False,False,False,False,False,Samedi-02-04h,NON,Samedi,2020-03-28 02:00
18428,140,False,False,False,False,True,True,False,True,False,False,False,False,False,False,Samedi-02-04h,NON,Samedi,2020-03-28 02:00
18429,188,False,False,False,False,False,True,False,False,True,False,False,False,False,False,Samedi-02-04h,NON,Samedi,2020-03-28 02:00
18430,206,False,False,False,True,False,False,False,False,False,False,True,False,False,False,Samedi-02-04h,NON,Samedi,2020-03-28 02:00
18431,273,False,False,False,False,False,False,False,False,False,False,False,True,False,False,Samedi-02-04h,NON,Samedi,2020-03-28 02:00
18432,69,True,False,True,False,False,False,False,False,False,False,False,False,False,False,Samedi-02-04h,NON,Samedi,2020-03-28 02:00
18433,87,True,False,False,True,False,False,False,False,False,False,True,False,False,False,Samedi-02-04h,OUI,Samedi,2020-03-28 02:00
18434,83,True,False,True,False,False,False,False,False,False,False,False,False,False,False,Samedi-02-04h,NON,Samedi,2020-03-28 02:00
18435,149,True,False,True,True,False,False,False,False,False,False,False,False,False,False,Samedi-02-04h,OUI,Samedi,2020-03-28 02:00
18436,274,False,False,False,False,False,True,False,False,False,False,False,False,False,False,Samedi-02-04h,NON,Samedi,2020-03-28 02:00
18437,282,True,False,True,True,False,False,False,False,False,False,False,False,False,False,Samedi-02-04h,OUI,Samedi,2020-03-28 02:00
18438,147,False,False,False,False,False,False,False,False,False,False,False,False,False,False,Samedi-02-04h,NON,Samedi,2020-03-28 02:00
18439,238,False,False,False,False,False,False,False,False,False,False,False,True,False,False,Samedi-02-04h,NON,Samedi,2020-03-28 02:00
18440,201,False,False,False,False,False,False,False,False,False,False,False,False,False,False,Samedi-02-04h,NON,Samedi,2020-03-28 02:00
18441,152,False,True,False,False,False,False,False,False,False,False,False,False,False,False,Samedi-02-04h,NON,Samedi,2020-03-28 02:00
18442,222,False,False,False,False,False,True,False,False,True,True,False,False,False,False,Samedi-02-04h,NON,Samedi,2020-03-28 02:00
18443,106,False,False,False,False,False,True,False,False,False,False,False,True,False,False,Samedi-02-04h,OUI,Samedi,2020-03-28 02:00
18444,133,False,False,True,False,True,False,False,False,False,False,False,False,False,False,Samedi-02-04h,NON,Samedi,2020-03-28 02:00
18445,163,False,False,False,False,True,False,False,False,False,False,False,False,False,False,Samedi-02-04h,NON,Samedi,2020-03-28 02:00
18446,231,False,False,False,False,False,False,False,False,False,False,False,False,False,False,Samedi-02-04h,NON,Samedi,2020-03-28 02:00
18447,25,False,False,False,False,True,False,False,False,False,False,False,False,False,False,Samedi-02-04h,NON,Samedi,2020-03-28 02:00
18448,196,False,False,True,False,True,False,False,True,False,False,False,False,False,False,Samedi-02-04h,OUI,Samedi,2020-03-28 02:00
18449,5,False,False,False,False,True,True,False,False,False,False,False,False,False,False,Samedi-02-04h,NON,Samedi,2020-03-28 02:00
18450,90,False,True,False,False,False,False,False,False,False,False,False,False,False,False,Samedi-02-04h,OUI,Samedi,2020-03-28 02:00
18451,244,True,False,True,False,False,False,False,False,False,False,False,False,False,False,Samedi-02-04h,NON,Samedi,2020-03-28 02:00
18452,107,False,True,False,False,False,True,False,False,False,False,False,False,False,False,Samedi-02-04h,OUI,Samedi,2020-03-28 02:00
18453,218,False,True,False,False,True,True,False,False,False,False,False,False,False,False,Samedi-02-04h,OUI,Samedi,2020-03-28 02:00
18454,62,False,True,True,False,True,True,False,False,False,False,False,False,False,False,Samedi-02-04h,OUI,Samedi,2020-03-28 02:00
18455,79,False,True,False,False,False,False,False,False,False,False,False,False,False,False,Samedi-02-04h,OUI,Samedi,2020-03-28 02:00
18456,208,False,False,False,False,False,True,False,False,False,False,False,False,False,False,Samedi-02-04h,NON,Samedi,2020-03-28 02:00
18457,270,False,False,False,False,False,False,False,False,True,False,False,False,False,False,Samedi-02-04h,NON,Samedi,2020-03-28 02:00
18458,166,True,False,False,False,True,True,False,False,False,False,False,False,False,False,Samedi-02-04h,OUI,Samedi,2020-03-28 02:00
18459,77,False,False,True,False,True,False,False,False,False,False,False,False,False,False,Samedi-02-04h,NON,Samedi,2020-03-28 02:00
18460,29,False,False,False,False,False,True,False,False,False,False,False,True,False,False,Samedi-02-04h,OUI,Samedi,2020-03-28 02:00
18461,240,False,False,False,False,False,True,False,False,False,False,False,False,False,False,Samedi-02-04h,OUI,Samedi,2020-03-28 02:00
18462,184,False,True,False,False,False,False,False,False,False,False,False,False,False,False,Samedi-02-04h,OUI,Samedi,2020-03-28 02:00
18463,277,False,True,True,False,False,True,False,False,False,False,False,False,False,False,Samedi-02-04h,NON,Samedi,2020-03-28 02:00
18464,80,True,False,False,False,False,True,False,False,False,True,False,False,False,False,Samedi-02-04h,NON,Samedi,2020-03-28 02:00
18465,185,True,True,True,False,False,True,False,False,False,False,True,False,True,False,Samedi-02-04h,NON,Samedi,2020-03-28 02:00
18466,204,False,False,False,False,True,True,False,False,False,False,False,True,False,False,Samedi-02-04h,OUI,Samedi,2020-03-28 02:00
18467,252,True,True,True,False,False,True,False,False,False,False,False,False,False,False,Samedi-02-04h,OUI,Samedi,2020-03-28 02:00
18468,26,False,False,False,False,True,False,False,False,False,False,False,False,False,False,Samedi-02-04h,NON,Samedi,2020-03-28 02:00
18469,70,False,False,False,False,True,False,False,False,False,False,False,True,False,False,Samedi-02-04h,NON,Samedi,2020-03-28 02:00
18470,233,False,False,False,False,True,False,False,False,False,False,False,False,False,False,Samedi-02-04h,NON,Samedi,2020-03-28 02:00
18471,37,True,True,True,False,True,True,False,False,False,False,False,False,False,False,Samedi-02-04h,OUI,Samedi,2020-03-28 02:00
18472,185,False,False,True,False,False,False,False,False,False,False,False,False,False,False,Samedi-02-04h,OUI,Samedi,2020-03-28 02:00
18473,138,True,False,False,False,True,True,False,False,False,False,False,False,False,False,Samedi-02-04h,OUI,Samedi,2020-03-28 02:00
18474,224,True,False,True,False,False,False,False,False,False,False,False,False,False,False,Samedi-02-04h,OUI,Samedi,2020-03-28 02:00
18475,66,False,False,False,False,True,True,False,False,False,False,False,False,True,False,Samedi-02-04h,OUI,Samedi,2020-03-28 02:00
18476,211,False,False,True,False,False,False,False,False,False,False,False,False,True,False,Samedi-02-04h,NON,Samedi,2020-03-28 02:00
18477,14,False,False,False,False,True,True,False,False,False,False,False,False,False,False,Samedi-02-04h,NON,Samedi,2020-03-28 02:00
18478,145,False,False,False,False,True,False,False,False,False,False,False,False,False,False,Samedi-02-04h,NON,Samedi,2020-03-28 02:00
18479,36,False,False,False,False,False,False,False,False,False,False,False,True,False,False,Samedi-02-04h,NON,Samedi,2020-03-28 02:00
18480,60,True,True,True,False,False,True,False,False,False,False,False,False,False,False,Samedi-02-04h,NON,Samedi,2020-03-28 02:00
18481,137,True,True,True,False,False,True,False,False,False,False,True,False,False,False,Samedi-02-04h,OUI,Samedi,2020-03-28 02:00
18482,285,False,True,False,False,True,True,False,False,False,False,False,False,False,False,Samedi-02-04h,NON,Samedi,2020-03-28 02:00
18483,40,False,True,True,False,True,True,False,False,False,False,False,False,False,False,Samedi-02-04h,OUI,Samedi,2020-03-28 02:00
18484,97,False,False,False,False,False,True,False,False,False,False,False,False,False,False,Samedi-02-04h,OUI,Samedi,2020-03-28 02:00
18485,109,True,False,True,True,False,False,False,False,False,False,False,False,False,False,Samedi-02-04h,NON,Samedi,2020-03-28 02:00
18486,10,False,False,False,False,False,False,False,False,False,False,False,False,False,False,Samedi-02-04h,NON,Samedi,2020-03-28 02:00
18487,256,False,False,False,False,False,False,False,False,False,False,False,True,False,False,Samedi-02-04h,NON,Samedi,2020-03-28 02:00
18488,141,True,True,True,False,False,False,False,False,False,False,True,False,False,False,Samedi-02-04h,NON,Samedi,2020-03-28 02:00
18489,28,False,False,False,False,False,False,False,False,False,False,False,False,False,False,Samedi-02-04h,NON,Samedi,2020-03-28 02:00
18490,101,True,True,True,True,True,True,False,False,False,False,False,False,False,False,Samedi-02-04h,OUI,Samedi,2020-03-28 02:00
18491,48,True,False,True,False,True,False,False,False,False,False,False,False,True,False,Samedi-02-04h,OUI,Samedi,2020-03-28 02:00
18492,27,False,False,False,False,False,True,False,False,False,False,False,False,False,False,Samedi-02-04h,OUI,Samedi,2020-03-28 02:00
18493,142,True,False,True,False,False,False,False,False,False,False,True,False,True,False,Samedi-02-04h,NON,Samedi,2020-03-28 02:00
18494,234,False,False,True,False,False,False,False,False,False,False,True,False,False,False,Samedi-02-04h,OUI,Samedi,2020-03-28 02:00
18495,23,False,False,False,False,True,False,False,False,False,False,False,False,False,False,Samedi-02-04h,NON,Samedi,2020-03-28 02:00
18496,195,False,False,False,False,True,False,False,False,True,False,False,False,False,False,Samedi-02-04h,NON,Samedi,2020-03-28 02:00
18497,275,False,False,False,False,False,False,False,False,False,False,False,True,False,False,Samedi-02-04h,NON,Samedi,2020-03-28 02:00
18498,226,False,False,False,False,True,True,False,False,False,False,False,False,False,False,Samedi-02-04h,NON,Samedi,2020-03-28 02:00
18499,207,False,False,True,False,False,False,False,False,False,False,False,False,False,False,Samedi-02-04h,NON,Samedi,2020-03-28 02:00
18500,57,False,False,False,False,False,False,False,False,False,False,False,False,False,False,Samedi-02-04h,NON,Samedi,2020-03-28 02:00
18501,4,False,True,False,False,False,True,False,False,False,False,False,False,False,False,Samedi-02-04h,NON,Samedi,2020-03-28 02:00
18502,265,False,False,False,False,False,True,False,False,False,False,False,False,False,False,Samedi-02-04h,NON,Samedi,2020-03-28 02:00
18503,88,False,True,False,False,False,False,False,False,False,False,False,False,False,False,Samedi-02-04h,NON,Samedi,2020-03-28 02:00
18504,198,False,False,False,False,False,False,False,False,False,False,True,False,False,False,Samedi-02-04h,NON,Samedi,2020-03-28 02:00
18505,249,True,True,True,False,False,False,False,False,False,False,False,False,False,False,Samedi-02-04h,NON,Samedi,2020-03-28 02:00
18506,263,False,False,False,False,True,True,False,False,False,False,False,False,False,False,Samedi-02-04h,NON,Samedi,2020-03-28 02:00
18507,217,True,False,True,False,False,False,False,False,False,False,False,False,True,False,Samedi-02-04h,NON,Samedi,2020-03-28 02:00
18508,278,False,False,False,False,True,True,False,False,False,False,False,False,False,False,Samedi-02-04h,NON,Samedi,2020-03-28 02:00
18509,189,False,True,False,False,False,False,False,False,False,False,False,False,False,False,Samedi-02-04h,NON,Samedi,2020-03-28 02:00
18510,61,True,False,True,False,False,False,False,False,False,False,False,False,False,False,Samedi-02-04h,OUI,Samedi,2020-03-28 02:00
18511,251,False,False,False,False,False,False,False,False,False,False,False,False,True,False,Samedi-02-04h,NON,Samedi,2020-03-28 02:00
18512,281,False,True,False,False,False,False,False,False,False,False,False,False,False,False,Samedi-02-04h,NON,Samedi,2020-03-28 02:00
18513,134,False,True,False,False,False,False,False,False,False,False,False,False,False,False,Samedi-02-04h,OUI,Samedi,2020-03-28 02:00
18514,293,False,True,False,False,False,True,False,False,False,False,False,False,False,False,Samedi-02-04h,NON,Samedi,2020-03-28 02:00
18515,279,True,True,True,True,False,True,False,False,False,False,False,False,False,False,Samedi-02-04h,NON,Samedi,2020-03-28 02:00
18516,81,True,False,True,True,False,False,False,True,False,False,False,False,False,False,Samedi-02-04h,OUI,Samedi,2020-03-28 02:00
18517,92,True,False,False,True,False,False,False,False,False,False,True,False,False,False,Samedi-02-04h,NON,Samedi,2020-03-28 02:00
18518,147,False,False,False,False,False,False,False,False,False,False,False,False,False,False,Samedi-02-04h,NON,Samedi,2020-03-28 02:00
18519,33,False,True,False,False,True,False,False,False,False,False,False,False,False,False,Samedi-02-04h,NON,Samedi,2020-03-28 02:00
18520,266,False,False,False,False,False,False,False,False,False,False,False,False,False,False,Samedi-02-04h,NON,Samedi,2020-03-28 02:00
18521,225,True,False,False,False,False,True,False,False,False,False,False,False,False,False,Samedi-02-04h,OUI,Samedi,2020-03-28 02:00
18522,83,True,False,True,False,False,False,False,False,False,False,False,False,False,False,Samedi-02-04h,NON,Samedi,2020-03-28 02:00
18523,95,False,False,False,False,True,True,False,True,False,False,False,False,False,False,Samedi-02-04h,NON,Samedi,2020-03-28 02:00
18524,127,False,False,False,False,True,False,False,False,False,False,False,False,False,False,Samedi-02-04h,NON,Samedi,2020-03-28 02:00
18525,20,False,False,False,False,False,False,False,False,False,False,False,False,False,False,Samedi-02-04h,NON,Samedi,2020-03-28 02:00
18526,89,False,False,False,False,False,False,False,False,True,False,False,False,False,False,Samedi-02-04h,OUI,Samedi,2020-03-28 02:00
18527,120,False,True,True,False,True,True,False,True,False,False,True,False,False,False,Samedi-02-04h,NON,Samedi,2020-03-28 02:00
18528,253,False,False,False,False,True,True,False,False,False,False,False,True,False,False,Samedi-02-04h,NON,Samedi,2020-03-28 02:00
18529,52,False,False,True,False,False,False,False,False,False,False,False,False,False,False,Samedi-02-04h,OUI,Samedi,2020-03-28 02:00
18530,168,True,False,True,False,False,False,False,True,False,False,False,False,False,False,Samedi-02-04h,OUI,Samedi,2020-03-28 02:00
18531,202,False,True,False,False,False,False,False,False,False,False,False,False,False,False,Samedi-02-04h,OUI,Samedi,2020-03-28 02:00
18532,172,False,False,False,False,True,False,False,False,False,False,False,False,False,False,Samedi-02-04h,NON,Samedi,2020-03-28 02:00
18533,239,False,False,False,False,True,True,False,False,False,False,False,False,False,False,Samedi-02-04h,NON,Samedi,2020-03-28 02:00
18534,85,False,False,False,False,True,False,False,False,False,False,False,False,False,False,Samedi-02-04h,NON,Samedi,2020-03-28 02:00
18535,215,False,False,False,False,False,False,False,False,True,False,False,False,False,False,Samedi-02-04h,OUI,Samedi,2020-03-28 02:00
18536,260,True,False,True,False,False,False,False,False,False,False,False,False,False,False,Samedi-02-04h,NON,Samedi,2020-03-28 02:00
18537,286,True,True,False,False,True,False,False,False,False,False,False,False,False,False,Samedi-02-04h,NON,Samedi,2020-03-28 02:00
18538,72,False,True,False,False,False,False,False,False,False,False,False,False,False,False,Samedi-04-06h,NON,Samedi,2020-03-28 04:00
18539,167,True,True,True,True,True,True,False,False,False,False,False,False,False,False,Samedi-04-06h,OUI,Samedi,2020-03-28 04:00
18540,130,True,False,True,False,False,False,False,True,False,False,False,False,True,True,Samedi-04-06h,NON,Samedi,2020-03-28 04:00
18541,288,True,True,True,False,True,False,False,False,False,False,False,False,False,False,Samedi-04-06h,NON,Samedi,2020-03-28 04:00
18542,59,False,False,False,False,False,True,False,False,False,False,False,False,False,False,Samedi-04-06h,NON,Samedi,2020-03-28 04:00
18543,178,True,False,False,False,False,False,False,False,False,False,True,False,False,False,Samedi-04-06h,OUI,Samedi,2020-03-28 04:00
18544,254,False,False,False,False,False,False,False,False,False,False,False,True,False,False,Samedi-04-06h,NON,Samedi,2020-03-28 04:00
18545,34,False,False,False,False,False,False,False,False,False,False,False,False,False,False,Samedi-04-06h,NON,Samedi,2020-03-28 04:00
18546,264,False,False,False,False,True,True,True,False,False,False,False,False,False,False,Samedi-04-06h,OUI,Samedi,2020-03-28 04:00
18547,158,True,False,False,False,True,False,False,False,False,True,False,False,False,False,Samedi-04-06h,NON,Samedi,2020-03-28 04:00
18548,210,False,True,False,False,True,True,False,False,False,False,False,False,False,False,Samedi-04-06h,NON,Samedi,2020-03-28 04:00
18549,93,False,False,False,False,True,False,False,False,False,False,False,False,True,False,Samedi-04-06h,OUI,Samedi,2020-03-28 04:00
18550,144,True,False,True,False,True,False,False,False,False,False,False,False,False,False,Samedi-04-06h,OUI,Samedi,2020-03-28 04:00
18551,164,False,True,False,False,True,True,False,False,False,False,False,False,False,False,Samedi-04-06h,OUI,Samedi,2020-03-28 04:00
18552,289,False,False,False,False,True,True,False,False,False,False,False,False,False,False,Samedi-04-06h,OUI,Samedi,2020-03-28 04:00
18553,50,False,False,False,False,False,False,False,False,False,False,False,False,False,False,Samedi-04-06h,NON,Samedi,2020-03-28 04:00
18554,51,True,True,False,False,True,False,False,False,False,False,False,False,False,False,Samedi-04-06h,OUI,Samedi,2020-03-28 04:00
18555,247,False,False,True,False,False,False,False,False,False,False,False,False,False,False,Samedi-04-06h,NON,Samedi,2020-03-28 04:00
18556,159,False,False,False,False,False,False,False,True,False,False,False,False,False,False,Samedi-04-06h,NON,Samedi,2020-03-28 04:00
18557,54,False,False,False,False,False,True,False,False,False,False,False,False,False,False,Samedi-04-06h,NON,Samedi,2020-03-28 04:00
18558,55,True,False,False,False,True,True,False,True,False,False,False,False,False,False,Samedi-04-06h,OUI,Samedi,2020-03-28 04:00
18559,257,False,False,False,False,True,False,False,False,False,False,False,False,False,False,Samedi-04-06h,NON,Samedi,2020-03-28 04:00
18560,67,False,False,False,False,False,False,False,False,False,False,False,False,False,False,Samedi-04-06h,NON,Samedi,2020-03-28 04:00
18561,71,True,False,True,False,False,False,False,False,False,False,False,False,False,False,Samedi-04-06h,NON,Samedi,2020-03-28 04:00
18562,280,False,False,False,False,False,True,False,False,False,False,False,False,False,False,Samedi-04-06h,OUI,Samedi,2020-03-28 04:00
18563,283,True,True,False,False,False,False,False,False,False,False,False,False,False,False,Samedi-04-06h,OUI,Samedi,2020-03-28 04:00
18564,154,False,False,False,False,True,True,False,False,False,False,False,True,False,False,Samedi-04-06h,NON,Samedi,2020-03-28 04:00
18565,171,False,False,False,False,False,False,False,False,False,False,False,True,False,False,Samedi-04-06h,NON,Samedi,2020-03-28 04:00
18566,131,False,False,True,False,False,False,False,False,False,False,False,False,False,False,Samedi-04-06h,NON,Samedi,2020-03-28 04:00
18567,237,True,False,False,False,False,True,True,False,False,False,False,False,True,False,Samedi-04-06h,OUI,Samedi,2020-03-28 04:00
18568,75,False,False,False,False,True,True,False,False,False,False,False,False,False,False,Samedi-04-06h,NON,Samedi,2020-03-28 04:00
18569,235,True,False,False,False,True,False,False,False,False,False,False,False,False,False,Samedi-04-06h,NON,Samedi,2020-03-28 04:00
18570,180,False,False,False,False,True,True,False,False,False,False,False,False,False,False,Samedi-04-06h,OUI,Samedi,2020-03-28 04:00
18571,219,False,False,False,False,False,True,False,False,False,False,False,False,False,False,Samedi-04-06h,NON,Samedi,2020-03-28 04:00
18572,250,False,False,False,False,False,False,False,False,True,False,False,False,False,False,Samedi-04-06h,NON,Samedi,2020-03-28 04:00
18573,267,True,True,False,False,False,False,False,False,False,False,False,False,False,False,Samedi-04-06h,OUI,Samedi,2020-03-28 04:00
18574,160,False,True,False,False,False,True,False,False,False,False,False,False,False,False,Samedi-04-06h,OUI,Samedi,2020-03-28 04:00
18575,182,False,True,False,False,True,True,True,False,False,False,False,False,False,False,Samedi-04-06h,NON,Samedi,2020-03-28 04:00
18576,143,False,False,False,False,False,False,False,True,False,False,True,False,False,False,Samedi-04-06h,OUI,Samedi,2020-03-28 04:00
18577,223,True,True,False,False,False,False,False,False,False,False,False,False,False,False,Samedi-04-06h,NON,Samedi,2020-03-28 04:00
18578,192,True,False,True,False,False,False,False,False,False,False,False,False,False,False,Samedi-04-06h,NON,Samedi,2020-03-28 04:00
18579,30,False,False,True,False,False,False,False,True,False,False,False,False,False,False,Samedi-04-06h,OUI,Samedi,2020-03-28 04:00
18580,125,True,False,False,False,True,False,False,True,False,False,False,False,False,False,Samedi-04-06h,NON,Samedi,2020-03-28 04:00
18581,39,False,False,True,False,True,False,False,True,False,False,False,False,False,False,Samedi-04-06h,NON,Samedi,2020-03-28 04:00
18582,113,True,False,True,False,False,False,False,False,False,False,False,False,False,False,Samedi-04-06h,OUI,Samedi,2020-03-28 04:00
18583,121,True,False,True,False,False,False,False,True,False,False,False,False,False,False,Samedi-04-06h,NON,Samedi,2020-03-28 04:00
18584,228,False,False,False,False,False,False,False,False,False,False,True,False,False,False,Samedi-04-06h,OUI,Samedi,2020-03-28 04:00
18585,290,False,False,False,False,False,False,False,False,True,False,False,False,False,False,Samedi-04-06h,NON,Samedi,2020-03-28 04:00
18586,197,False,False,True,False,True,False,False,False,False,False,False,False,False,False,Samedi-04-06h,NON,Samedi,2020-03-28 04:00
18587,31,True,True,True,False,False,True,False,False,False,False,False,False,False,False,Samedi-04-06h,OUI,Samedi,2020-03-28 04:00
18588,173,True,False,False,False,True,True,False,True,False,False,False,False,False,False,Samedi-04-06h,NON,Samedi,2020-03-28 04:00
18589,74,True,False,False,True,False,False,False,True,False,False,True,False,False,False,Samedi-04-06h,NON,Samedi,2020-03-28 04:00
18590,15,False,False,True,False,False,False,False,False,False,False,False,False,False,False,Samedi-04-06h,NON,Samedi,2020-03-28 04:00
18591,45,True,False,False,False,True,True,False,True,False,False,False,False,False,False,Samedi-04-06h,OUI,Samedi,2020-03-28 04:00
18592,63,False,False,True,False,False,False,False,False,False,False,False,False,False,False,Samedi-04-06h,OUI,Samedi,2020-03-28 04:00
18593,3,False,False,False,False,False,True,False,False,False,False,False,True,False,False,Samedi-04-06h,OUI,Samedi,2020-03-28 04:00
18594,21,True,False,True,False,False,False,False,False,False,False,False,False,False,False,Samedi-04-06h,OUI,Samedi,2020-03-28 04:00
18595,78,False,True,True,False,True,True,False,True,False,False,False,False,False,False,Samedi-04-06h,OUI,Samedi,2020-03-28 04:00
18596,47,False,True,False,False,False,False,False,False,False,False,False,False,False,False,Samedi-04-06h,NON,Samedi,2020-03-28 04:00
18597,151,True,True,False,False,True,False,False,True,False,False,False,False,False,False,Samedi-04-06h,OUI,Samedi,2020-03-28 04:00
18598,6,True,False,True,False,False,False,False,False,False,False,False,False,False,False,Samedi-04-06h,OUI,Samedi,2020-03-28 04:00
18599,135,True,False,True,False,False,False,False,False,False,False,False,False,True,False,Samedi-04-06h,OUI,Samedi,2020-03-28 04:00
18600,221,False,False,False,False,True,True,False,False,False,False,False,False,False,False,Samedi-04-06h,OUI,Samedi,2020-03-28 04:00
18601,170,False,False,True,False,False,False,False,False,False,False,True,False,False,True,Samedi-04-06h,NON,Samedi,2020-03-28 04:00
18602,129,False,True,False,False,False,False,False,False,False,False,False,False,False,False,Samedi-04-06h,OUI,Samedi,2020-03-28 04:00
18603,132,True,True,True,False,False,True,False,False,False,False,False,False,False,False,Samedi-04-06h,OUI,Samedi,2020-03-28 04:00
18604,110,False,True,False,False,False,False,False,False,False,False,False,False,False,False,Samedi-04-06h,OUI,Samedi,2020-03-28 04:00
18605,191,False,False,False,False,False,True,False,False,False,False,False,False,False,False,Samedi-04-06h,OUI,Samedi,2020-03-28 04:00
18606,94,True,True,True,False,False,True,False,False,False,False,True,False,True,False,Samedi-04-06h,NON,Samedi,2020-03-28 04:00
18607,108,False,False,False,False,False,True,True,False,False,False,False,False,False,False,Samedi-04-06h,OUI,Samedi,2020-03-28 04:00
18608,236,False,False,False,False,True,True,False,False,False,False,False,False,False,False,Samedi-04-06h,OUI,Samedi,2020-03-28 04:00
18609,42,True,False,True,False,True,False,False,False,False,False,False,False,False,False,Samedi-04-06h,NON,Samedi,2020-03-28 04:00
18610,155,True,False,False,False,True,False,False,False,False,False,False,False,False,False,Samedi-04-06h,NON,Samedi,2020-03-28 04:00
18611,1,False,False,False,False,False,False,False,False,False,False,False,False,False,False,Samedi-04-06h,NON,Samedi,2020-03-28 04:00
18612,58,False,True,True,False,False,True,False,False,False,False,True,False,False,False,Samedi-04-06h,OUI,Samedi,2020-03-28 04:00
18613,0,False,True,False,False,False,False,False,False,False,False,False,False,False,False,Samedi-04-06h,OUI,Samedi,2020-03-28 04:00
18614,269,False,False,False,False,False,False,False,False,False,False,False,False,False,False,Samedi-04-06h,NON,Samedi,2020-03-28 04:00
18615,2,True,False,True,False,False,False,False,False,False,False,False,False,False,False,Samedi-04-06h,NON,Samedi,2020-03-28 04:00
18616,103,False,False,False,False,True,False,False,False,False,False,False,False,False,False,Samedi-04-06h,NON,Samedi,2020-03-28 04:00
18617,12,False,True,False,False,True,False,False,False,False,False,False,False,False,False,Samedi-04-06h,OUI,Samedi,2020-03-28 04:00
18618,245,True,False,False,False,True,True,False,True,False,False,False,False,False,False,Samedi-04-06h,NON,Samedi,2020-03-28 04:00
18619,161,False,False,True,False,False,False,False,False,False,False,True,False,False,False,Samedi-04-06h,NON,Samedi,2020-03-28 04:00
18620,38,False,False,False,False,False,False,False,False,True,False,False,False,False,False,Samedi-04-06h,NON,Samedi,2020-03-28 04:00
18621,122,False,False,False,False,False,False,False,False,False,False,False,False,False,False,Samedi-04-06h,NON,Samedi,2020-03-28 04:00
18622,248,False,False,True,False,False,False,False,False,False,False,False,False,True,False,Samedi-04-06h,OUI,Samedi,2020-03-28 04:00
18623,271,False,True,True,False,False,True,False,False,False,False,False,False,False,False,Samedi-04-06h,OUI,Samedi,2020-03-28 04:00
18624,116,False,False,True,False,False,False,False,False,False,False,False,False,False,False,Samedi-04-06h,OUI,Samedi,2020-03-28 04:00
18625,117,True,True,True,True,False,True,False,False,False,False,False,False,False,False,Samedi-04-06h,NON,Samedi,2020-03-28 04:00
18626,213,False,False,False,False,True,True,False,True,False,False,False,False,False,False,Samedi-04-06h,NON,Samedi,2020-03-28 04:00
18627,220,False,True,True,False,False,True,False,False,False,False,False,False,False,False,Samedi-04-06h,OUI,Samedi,2020-03-28 04:00
18628,176,False,False,True,False,False,False,False,False,False,False,False,False,False,False,Samedi-04-06h,NON,Samedi,2020-03-28 04:00
18629,96,False,False,False,False,True,True,False,False,False,True,False,False,False,False,Samedi-04-06h,NON,Samedi,2020-03-28 04:00
18630,214,False,False,False,False,True,True,False,False,False,True,False,False,False,False,Samedi-04-06h,OUI,Samedi,2020-03-28 04:00
18631,11,True,False,False,True,False,False,False,False,False,False,True,False,False,False,Samedi-04-06h,NON,Samedi,2020-03-28 04:00
18632,255,True,False,True,False,False,False,False,True,False,False,False,False,False,False,Samedi-04-06h,OUI,Samedi,2020-03-28 04:00
18633,86,False,False,True,False,False,False,False,False,False,False,False,False,False,False,Samedi-04-06h,OUI,Samedi,2020-03-28 04:00
18634,209,True,False,False,False,True,True,False,True,False,False,False,False,False,False,Samedi-04-06h,OUI,Samedi,2020-03-28 04:00
18635,291,False,False,False,False,False,True,False,False,True,False,False,False,False,False,Samedi-04-06h,OUI,Samedi,2020-03-28 04:00
18636,287,False,False,False,False,False,False,False,False,False,False,False,True,False,False,Samedi-04-06h,OUI,Samedi,2020-03-28 04:00
18637,104,False,False,False,False,True,True,False,False,False,False,False,False,False,False,Samedi-04-06h,NON,Samedi,2020-03-28 04:00
18638,18,False,False,False,False,True,False,False,False,False,False,False,False,False,False,Samedi-04-06h,OUI,Samedi,2020-03-28 04:00
18639,123,False,True,False,False,True,True,False,False,False,False,False,False,False,False,Samedi-04-06h,NON,Samedi,2020-03-28 04:00
18640,136,False,False,False,False,True,False,False,False,False,False,False,False,False,False,Samedi-04-06h,NON,Samedi,2020-03-28 04:00
18641,276,True,False,True,False,False,False,False,False,False,False,False,False,False,False,Samedi-04-06h,NON,Samedi,2020-03-28 04:00
18642,53,False,False,False,False,True,True,False,False,False,False,False,False,False,False,Samedi-04-06h,OUI,Samedi,2020-03-28 04:00
18643,179,True,False,True,False,False,False,False,False,False,False,False,False,False,False,Samedi-04-06h,OUI,Samedi,2020-03-28 04:00
18644,200,False,False,False,False,False,False,False,False,False,False,False,False,False,False,Samedi-04-06h,NON,Samedi,2020-03-28 04:00
18645,73,False,False,False,False,False,False,False,False,False,False,False,False,False,False,Samedi-04-06h,NON,Samedi,2020-03-28 04:00
18646,156,False,False,False,False,True,True,False,False,False,False,False,False,False,False,Samedi-04-06h,NON,Samedi,2020-03-28 04:00
18647,128,True,True,True,False,False,True,False,False,False,False,False,False,False,False,Samedi-04-06h,OUI,Samedi,2020-03-28 04:00
18648,118,False,False,False,False,False,False,False,False,False,False,False,False,False,False,Samedi-04-06h,NON,Samedi,2020-03-28 04:00
18649,112,True,False,True,False,False,False,False,False,False,False,False,False,False,False,Samedi-04-06h,OUI,Samedi,2020-03-28 04:00
18650,35,False,False,False,False,True,True,False,False,False,False,False,False,False,False,Samedi-04-06h,NON,Samedi,2020-03-28 04:00
18651,32,False,False,False,False,False,False,False,False,False,False,False,True,False,False,Samedi-04-06h,NON,Samedi,2020-03-28 04:00
18652,199,True,False,True,False,False,False,False,False,False,False,False,False,False,False,Samedi-04-06h,OUI,Samedi,2020-03-28 04:00
18653,153,True,False,False,False,True,True,False,False,False,False,False,False,False,False,Samedi-04-06h,NON,Samedi,2020-03-28 04:00
18654,82,False,False,True,False,False,False,False,False,False,False,False,False,False,False,Samedi-04-06h,OUI,Samedi,2020-03-28 04:00
18655,292,False,True,False,False,False,False,False,False,False,False,False,False,False,False,Samedi-04-06h,OUI,Samedi,2020-03-28 04:00
18656,169,False,False,False,True,False,False,False,False,False,False,False,False,False,False,Samedi-04-06h,NON,Samedi,2020-03-28 04:00
18657,16,False,False,False,False,True,True,False,False,False,False,False,False,False,False,Samedi-04-06h,OUI,Samedi,2020-03-28 04:00
18658,46,True,True,True,False,False,True,True,False,False,False,False,False,False,False,Samedi-04-06h,OUI,Samedi,2020-03-28 04:00
18659,216,False,True,False,False,False,True,False,False,False,False,False,False,False,False,Samedi-04-06h,OUI,Samedi,2020-03-28 04:00
18660,174,False,True,True,False,False,True,False,False,False,False,True,False,False,False,Samedi-04-06h,NON,Samedi,2020-03-28 04:00
18661,43,False,False,False,False,True,False,False,False,False,False,False,False,False,False,Samedi-04-06h,NON,Samedi,2020-03-28 04:00
18662,165,False,False,False,False,True,True,False,False,False,False,False,False,False,False,Samedi-04-06h,NON,Samedi,2020-03-28 04:00
18663,126,False,True,False,False,False,True,False,False,False,False,False,False,False,False,Samedi-04-06h,OUI,Samedi,2020-03-28 04:00
18664,41,False,False,False,False,False,True,False,False,True,False,False,False,False,False,Samedi-04-06h,NON,Samedi,2020-03-28 04:00
18665,157,False,False,True,False,False,False,False,False,False,False,False,False,False,False,Samedi-04-06h,NON,Samedi,2020-03-28 04:00
18666,272,False,True,True,False,False,False,True,False,False,False,True,False,True,True,Samedi-04-06h,OUI,Samedi,2020-03-28 04:00
18667,115,True,False,True,False,False,False,False,False,False,False,False,False,False,False,Samedi-04-06h,OUI,Samedi,2020-03-28 04:00
18668,84,False,False,False,False,False,False,False,False,False,False,False,True,False,False,Samedi-04-06h,OUI,Samedi,2020-03-28 04:00
18669,183,True,True,True,True,False,False,False,False,False,False,False,False,False,False,Samedi-04-06h,NON,Samedi,2020-03-28 04:00
18670,65,True,True,False,False,False,True,False,False,False,False,False,False,False,False,Samedi-04-06h,OUI,Samedi,2020-03-28 04:00
18671,105,True,False,False,False,False,False,False,False,False,False,False,False,False,False,Samedi-04-06h,OUI,Samedi,2020-03-28 04:00
18672,187,True,False,False,False,False,True,False,False,False,False,False,False,False,False,Samedi-04-06h,NON,Samedi,2020-03-28 04:00
18673,139,True,False,True,False,False,False,False,False,False,False,False,False,False,False,Samedi-04-06h,NON,Samedi,2020-03-28 04:00
18674,259,False,False,False,False,True,True,False,False,False,False,False,False,False,False,Samedi-04-06h,NON,Samedi,2020-03-28 04:00
18675,124,True,False,True,False,False,False,False,False,False,False,True,False,False,False,Samedi-04-06h,NON,Samedi,2020-03-28 04:00
18676,98,False,False,False,False,False,True,False,False,False,False,False,True,False,False,Samedi-04-06h,OUI,Samedi,2020-03-28 04:00
18677,284,False,True,True,False,False,True,False,False,False,False,False,False,True,False,Samedi-04-06h,OUI,Samedi,2020-03-28 04:00
18678,148,True,False,True,False,True,False,False,True,False,False,False,False,False,False,Samedi-04-06h,NON,Samedi,2020-03-28 04:00
18679,258,True,False,True,False,False,False,False,False,False,False,False,False,False,False,Samedi-04-06h,OUI,Samedi,2020-03-28 04:00
18680,175,False,False,False,False,False,True,False,False,False,False,False,False,False,False,Samedi-04-06h,NON,Samedi,2020-03-28 04:00
18681,119,False,False,False,False,False,False,False,False,False,False,True,False,False,False,Samedi-04-06h,NON,Samedi,2020-03-28 04:00
18682,229,True,False,True,False,False,False,False,True,False,False,False,False,False,False,Samedi-04-06h,NON,Samedi,2020-03-28 04:00
18683,230,False,False,False,False,False,True,True,False,False,False,False,False,False,False,Samedi-04-06h,NON,Samedi,2020-03-28 04:00
18684,17,True,False,False,False,False,True,True,False,False,False,False,False,False,False,Samedi-04-06h,NON,Samedi,2020-03-28 04:00
18685,177,False,False,False,False,False,False,False,False,False,False,False,False,False,False,Samedi-04-06h,NON,Samedi,2020-03-28 04:00
18686,7,False,False,False,False,False,False,False,False,False,False,False,False,False,False,Samedi-04-06h,NON,Samedi,2020-03-28 04:00
18687,241,False,False,True,False,False,False,False,False,False,False,False,False,False,False,Samedi-04-06h,NON,Samedi,2020-03-28 04:00
18688,8,True,False,False,False,True,True,False,True,False,False,False,False,False,False,Samedi-04-06h,NON,Samedi,2020-03-28 04:00
18689,268,False,True,False,False,False,True,False,False,False,False,False,False,False,False,Samedi-04-06h,OUI,Samedi,2020-03-28 04:00
18690,294,False,False,True,False,True,False,False,False,False,False,False,False,False,False,Samedi-04-06h,OUI,Samedi,2020-03-28 04:00
18691,242,True,False,False,False,True,True,False,False,False,False,False,False,False,False,Samedi-04-06h,NON,Samedi,2020-03-28 04:00
18692,194,False,False,False,False,False,True,False,False,False,False,False,False,False,False,Samedi-04-06h,NON,Samedi,2020-03-28 04:00
18693,243,False,False,False,False,True,True,False,False,False,False,False,False,False,False,Samedi-04-06h,OUI,Samedi,2020-03-28 04:00
18694,212,True,True,True,False,False,True,False,False,False,False,False,False,False,False,Samedi-04-06h,OUI,Samedi,2020-03-28 04:00
18695,19,False,False,False,False,False,True,False,False,False,False,False,False,False,False,Samedi-04-06h,OUI,Samedi,2020-03-28 04:00
18696,114,False,False,False,False,True,False,False,False,False,False,False,False,False,False,Samedi-04-06h,OUI,Samedi,2020-03-28 04:00
18697,190,False,False,False,False,False,True,False,False,True,False,False,False,False,False,Samedi-04-06h,NON,Samedi,2020-03-28 04:00
18698,64,False,False,True,False,False,False,False,False,False,False,False,False,False,False,Samedi-04-06h,NON,Samedi,2020-03-28 04:00
18699,227,False,False,False,False,False,False,False,False,False,False,False,False,False,False,Samedi-04-06h,NON,Samedi,2020-03-28 04:00
18700,232,False,False,False,False,False,True,False,False,False,False,False,False,False,False,Samedi-04-06h,OUI,Samedi,2020-03-28 04:00
18701,246,False,True,False,False,False,True,True,False,False,False,False,False,False,False,Samedi-04-06h,OUI,Samedi,2020-03-28 04:00
18702,100,False,False,False,False,False,True,False,False,False,False,False,False,False,False,Samedi-04-06h,OUI,Samedi,2020-03-28 04:00
18703,13,False,False,False,False,True,False,False,False,False,False,False,False,False,False,Samedi-04-06h,NON,Samedi,2020-03-28 04:00
18704,262,True,True,True,False,False,False,False,False,False,False,False,False,False,False,Samedi-04-06h,NON,Samedi,2020-03-28 04:00
18705,76,True,True,True,False,False,True,False,False,False,False,True,False,False,False,Samedi-04-06h,NON,Samedi,2020-03-28 04:00
18706,261,False,True,False,False,True,False,False,False,False,False,False,False,False,False,Samedi-04-06h,NON,Samedi,2020-03-28 04:00
18707,150,False,True,False,False,False,False,False,False,False,False,False,False,False,False,Samedi-04-06h,OUI,Samedi,2020-03-28 04:00
18708,205,False,False,False,False,False,False,False,False,False,False,False,False,False,False,Samedi-04-06h,NON,Samedi,2020-03-28 04:00
18709,56,False,False,False,False,True,True,False,False,False,False,False,False,False,False,Samedi-04-06h,OUI,Samedi,2020-03-28 04:00
18710,186,False,False,False,False,True,False,False,False,False,False,False,False,False,False,Samedi-04-06h,OUI,Samedi,2020-03-28 04:00
18711,162,True,False,False,False,True,True,False,False,False,False,False,False,False,False,Samedi-04-06h,NON,Samedi,2020-03-28 04:00
18712,68,False,True,False,False,True,True,False,False,False,False,False,False,False,False,Samedi-04-06h,OUI,Samedi,2020-03-28 04:00
18713,146,False,False,False,False,False,True,False,False,False,False,False,True,False,False,Samedi-04-06h,OUI,Samedi,2020-03-28 04:00
18714,49,False,False,False,False,False,False,False,False,False,False,False,False,True,False,Samedi-04-06h,OUI,Samedi,2020-03-28 04:00
18715,91,True,False,True,True,False,False,False,False,False,False,False,False,False,False,Samedi-04-06h,OUI,Samedi,2020-03-28 04:00
18716,22,False,False,False,False,False,False,False,False,False,True,False,False,False,False,Samedi-04-06h,NON,Samedi,2020-03-28 04:00
18717,151,False,False,False,False,True,False,False,False,False,False,False,False,False,False,Samedi-04-06h,OUI,Samedi,2020-03-28 04:00
18718,193,False,False,False,False,True,True,False,False,False,False,False,False,False,False,Samedi-04-06h,OUI,Samedi,2020-03-28 04:00
18719,9,True,True,False,False,False,False,False,False,False,False,False,False,False,False,Samedi-04-06h,NON,Samedi,2020-03-28 04:00
18720,99,True,False,True,False,False,False,False,False,False,False,False,False,False,False,Samedi-04-06h,NON,Samedi,2020-03-28 04:00
18721,181,False,False,False,False,True,True,False,False,False,False,False,False,False,False,Samedi-04-06h,OUI,Samedi,2020-03-28 04:00
18722,111,False,False,False,False,False,True,False,True,False,False,False,False,False,False,Samedi-04-06h,OUI,Samedi,2020-03-28 04:00
18723,44,False,True,False,False,False,True,False,False,False,False,False,False,False,False,Samedi-04-06h,NON,Samedi,2020-03-28 04:00
18724,24,False,False,False,False,True,False,False,True,False,False,False,False,False,False,Samedi-04-06h,NON,Samedi,2020-03-28 04:00
18725,102,False,False,False,False,True,True,False,True,False,False,False,False,False,False,Samedi-04-06h,OUI,Samedi,2020-03-28 04:00
18726,203,True,True,False,False,False,False,False,True,False,False,False,False,False,False,Samedi-04-06h,NON,Samedi,2020-03-28 04:00
18727,140,False,False,False,False,True,True,False,True,False,False,False,False,False,False,Samedi-04-06h,NON,Samedi,2020-03-28 04:00
18728,188,False,False,False,False,False,True,False,False,True,False,False,False,False,False,Samedi-04-06h,NON,Samedi,2020-03-28 04:00
18729,206,False,False,False,True,False,False,False,False,False,False,True,False,False,False,Samedi-04-06h,NON,Samedi,2020-03-28 04:00
18730,273,False,False,False,False,False,False,False,False,False,False,False,True,False,False,Samedi-04-06h,NON,Samedi,2020-03-28 04:00
18731,69,True,False,True,False,False,False,False,False,False,False,False,False,False,False,Samedi-04-06h,NON,Samedi,2020-03-28 04:00
18732,87,True,False,False,True,False,False,False,False,False,False,True,False,False,False,Samedi-04-06h,OUI,Samedi,2020-03-28 04:00
18733,83,True,False,True,False,False,False,False,False,False,False,False,False,False,False,Samedi-04-06h,NON,Samedi,2020-03-28 04:00
18734,149,True,False,True,True,False,False,False,False,False,False,False,False,False,False,Samedi-04-06h,OUI,Samedi,2020-03-28 04:00
18735,274,False,False,False,False,False,True,False,False,False,False,False,False,False,False,Samedi-04-06h,NON,Samedi,2020-03-28 04:00
18736,282,True,False,True,True,False,False,False,False,False,False,False,False,False,False,Samedi-04-06h,OUI,Samedi,2020-03-28 04:00
18737,147,False,False,False,False,False,False,False,False,False,False,False,False,False,False,Samedi-04-06h,NON,Samedi,2020-03-28 04:00
18738,238,False,False,False,False,False,False,False,False,False,False,False,True,False,False,Samedi-04-06h,NON,Samedi,2020-03-28 04:00
18739,201,False,False,False,False,False,False,False,False,False,False,False,False,False,False,Samedi-04-06h,NON,Samedi,2020-03-28 04:00
18740,152,False,True,False,False,False,False,False,False,False,False,False,False,False,False,Samedi-04-06h,NON,Samedi,2020-03-28 04:00
18741,222,False,False,False,False,False,True,False,False,True,True,False,False,False,False,Samedi-04-06h,NON,Samedi,2020-03-28 04:00
18742,106,False,False,False,False,False,True,False,False,False,False,False,True,False,False,Samedi-04-06h,OUI,Samedi,2020-03-28 04:00
18743,133,False,False,True,False,True,False,False,False,False,False,False,False,False,False,Samedi-04-06h,NON,Samedi,2020-03-28 04:00
18744,163,False,False,False,False,True,False,False,False,False,False,False,False,False,False,Samedi-04-06h,NON,Samedi,2020-03-28 04:00
18745,231,False,False,False,False,False,False,False,False,False,False,False,False,False,False,Samedi-04-06h,NON,Samedi,2020-03-28 04:00
18746,25,False,False,False,False,True,False,False,False,False,False,False,False,False,False,Samedi-04-06h,NON,Samedi,2020-03-28 04:00
18747,196,False,False,True,False,True,False,False,True,False,False,False,False,False,False,Samedi-04-06h,OUI,Samedi,2020-03-28 04:00
18748,5,False,False,False,False,True,True,False,False,False,False,False,False,False,False,Samedi-04-06h,NON,Samedi,2020-03-28 04:00
18749,90,False,True,False,False,False,False,False,False,False,False,False,False,False,False,Samedi-04-06h,OUI,Samedi,2020-03-28 04:00
18750,244,True,False,True,False,False,False,False,False,False,False,False,False,False,False,Samedi-04-06h,NON,Samedi,2020-03-28 04:00
18751,107,False,True,False,False,False,True,False,False,False,False,False,False,False,False,Samedi-04-06h,OUI,Samedi,2020-03-28 04:00
18752,218,False,True,False,False,True,True,False,False,False,False,False,False,False,False,Samedi-04-06h,OUI,Samedi,2020-03-28 04:00
18753,62,False,True,True,False,True,True,False,False,False,False,False,False,False,False,Samedi-04-06h,OUI,Samedi,2020-03-28 04:00
18754,79,False,True,False,False,False,False,False,False,False,False,False,False,False,False,Samedi-04-06h,OUI,Samedi,2020-03-28 04:00
18755,208,False,False,False,False,False,True,False,False,False,False,False,False,False,False,Samedi-04-06h,NON,Samedi,2020-03-28 04:00
18756,270,False,False,False,False,False,False,False,False,True,False,False,False,False,False,Samedi-04-06h,NON,Samedi,2020-03-28 04:00
18757,166,True,False,False,False,True,True,False,False,False,False,False,False,False,False,Samedi-04-06h,OUI,Samedi,2020-03-28 04:00
18758,77,False,False,True,False,True,False,False,False,False,False,False,False,False,False,Samedi-04-06h,NON,Samedi,2020-03-28 04:00
18759,29,False,False,False,False,False,True,False,False,False,False,False,True,False,False,Samedi-04-06h,OUI,Samedi,2020-03-28 04:00
18760,240,False,False,False,False,False,True,False,False,False,False,False,False,False,False,Samedi-04-06h,OUI,Samedi,2020-03-28 04:00
18761,184,False,True,False,False,False,False,False,False,False,False,False,False,False,False,Samedi-04-06h,OUI,Samedi,2020-03-28 04:00
18762,277,False,True,True,False,False,True,False,False,False,False,False,False,False,False,Samedi-04-06h,NON,Samedi,2020-03-28 04:00
18763,80,True,False,False,False,False,True,False,False,False,True,False,False,False,False,Samedi-04-06h,NON,Samedi,2020-03-28 04:00
18764,185,True,True,True,False,False,True,False,False,False,False,True,False,True,False,Samedi-04-06h,NON,Samedi,2020-03-28 04:00
18765,204,False,False,False,False,True,True,False,False,False,False,False,True,False,False,Samedi-04-06h,OUI,Samedi,2020-03-28 04:00
18766,252,True,True,True,False,False,True,False,False,False,False,False,False,False,False,Samedi-04-06h,OUI,Samedi,2020-03-28 04:00
18767,26,False,False,False,False,True,False,False,False,False,False,False,False,False,False,Samedi-04-06h,NON,Samedi,2020-03-28 04:00
18768,70,False,False,False,False,True,False,False,False,False,False,False,True,False,False,Samedi-04-06h,NON,Samedi,2020-03-28 04:00
18769,233,False,False,False,False,True,False,False,False,False,False,False,False,False,False,Samedi-04-06h,NON,Samedi,2020-03-28 04:00
18770,37,True,True,True,False,True,True,False,False,False,False,False,False,False,False,Samedi-04-06h,OUI,Samedi,2020-03-28 04:00
18771,185,False,False,True,False,False,False,False,False,False,False,False,False,False,False,Samedi-04-06h,OUI,Samedi,2020-03-28 04:00
18772,138,True,False,False,False,True,True,False,False,False,False,False,False,False,False,Samedi-04-06h,OUI,Samedi,2020-03-28 04:00
18773,224,True,False,True,False,False,False,False,False,False,False,False,False,False,False,Samedi-04-06h,OUI,Samedi,2020-03-28 04:00
18774,66,False,False,False,False,True,True,False,False,False,False,False,False,True,False,Samedi-04-06h,OUI,Samedi,2020-03-28 04:00
18775,211,False,False,True,False,False,False,False,False,False,False,False,False,True,False,Samedi-04-06h,NON,Samedi,2020-03-28 04:00
18776,14,False,False,False,False,True,True,False,False,False,False,False,False,False,False,Samedi-04-06h,NON,Samedi,2020-03-28 04:00
18777,145,False,False,False,False,True,False,False,False,False,False,False,False,False,False,Samedi-04-06h,NON,Samedi,2020-03-28 04:00
18778,36,False,False,False,False,False,False,False,False,False,False,False,True,False,False,Samedi-04-06h,NON,Samedi,2020-03-28 04:00
18779,60,True,True,True,False,False,True,False,False,False,False,False,False,False,False,Samedi-04-06h,NON,Samedi,2020-03-28 04:00
18780,137,True,True,True,False,False,True,False,False,False,False,True,False,False,False,Samedi-04-06h,OUI,Samedi,2020-03-28 04:00
18781,285,False,True,False,False,True,True,False,False,False,False,False,False,False,False,Samedi-04-06h,OUI,Samedi,2020-03-28 04:00
18782,40,False,True,True,False,True,True,False,False,False,False,False,False,False,False,Samedi-04-06h,OUI,Samedi,2020-03-28 04:00
18783,97,False,False,False,False,False,True,False,False,False,False,False,False,False,False,Samedi-04-06h,OUI,Samedi,2020-03-28 04:00
18784,109,True,False,True,True,False,False,False,False,False,False,False,False,False,False,Samedi-04-06h,NON,Samedi,2020-03-28 04:00
18785,10,False,False,False,False,False,False,False,False,False,False,False,False,False,False,Samedi-04-06h,NON,Samedi,2020-03-28 04:00
18786,256,False,False,False,False,False,False,False,False,False,False,False,True,False,False,Samedi-04-06h,NON,Samedi,2020-03-28 04:00
18787,141,True,True,True,False,False,False,False,False,False,False,True,False,False,False,Samedi-04-06h,NON,Samedi,2020-03-28 04:00
18788,28,False,False,False,False,False,False,False,False,False,False,False,False,False,False,Samedi-04-06h,NON,Samedi,2020-03-28 04:00
18789,101,True,True,True,True,True,True,False,False,False,False,False,False,False,False,Samedi-04-06h,OUI,Samedi,2020-03-28 04:00
18790,48,True,False,True,False,True,False,False,False,False,False,False,False,True,False,Samedi-04-06h,OUI,Samedi,2020-03-28 04:00
18791,27,False,False,False,False,False,True,False,False,False,False,False,False,False,False,Samedi-04-06h,OUI,Samedi,2020-03-28 04:00
18792,142,True,False,True,False,False,False,False,False,False,False,True,False,True,False,Samedi-04-06h,NON,Samedi,2020-03-28 04:00
18793,234,False,False,True,False,False,False,False,False,False,False,True,False,False,False,Samedi-04-06h,OUI,Samedi,2020-03-28 04:00
18794,23,False,False,False,False,True,False,False,False,False,False,False,False,False,False,Samedi-04-06h,NON,Samedi,2020-03-28 04:00
18795,195,False,False,False,False,True,False,False,False,True,False,False,False,False,False,Samedi-04-06h,NON,Samedi,2020-03-28 04:00
18796,275,False,False,False,False,False,False,False,False,False,False,False,True,False,False,Samedi-04-06h,NON,Samedi,2020-03-28 04:00
18797,226,False,False,False,False,True,True,False,False,False,False,False,False,False,False,Samedi-04-06h,NON,Samedi,2020-03-28 04:00
18798,207,False,False,True,False,False,False,False,False,False,False,False,False,False,False,Samedi-04-06h,NON,Samedi,2020-03-28 04:00
18799,57,False,False,False,False,False,False,False,False,False,False,False,False,False,False,Samedi-04-06h,NON,Samedi,2020-03-28 04:00
18800,4,False,True,False,False,False,True,False,False,False,False,False,False,False,False,Samedi-04-06h,NON,Samedi,2020-03-28 04:00
18801,265,False,False,False,False,False,True,False,False,False,False,False,False,False,False,Samedi-04-06h,NON,Samedi,2020-03-28 04:00
18802,88,False,True,False,False,False,False,False,False,False,False,False,False,False,False,Samedi-04-06h,NON,Samedi,2020-03-28 04:00
18803,198,False,False,False,False,False,False,False,False,False,False,True,False,False,False,Samedi-04-06h,NON,Samedi,2020-03-28 04:00
18804,249,True,True,True,False,False,False,False,False,False,False,False,False,False,False,Samedi-04-06h,NON,Samedi,2020-03-28 04:00
18805,263,False,False,False,False,True,True,False,False,False,False,False,False,False,False,Samedi-04-06h,NON,Samedi,2020-03-28 04:00
18806,217,True,False,True,False,False,False,False,False,False,False,False,False,True,False,Samedi-04-06h,NON,Samedi,2020-03-28 04:00
18807,278,False,False,False,False,True,True,False,False,False,False,False,False,False,False,Samedi-04-06h,NON,Samedi,2020-03-28 04:00
18808,189,False,True,False,False,False,False,False,False,False,False,False,False,False,False,Samedi-04-06h,NON,Samedi,2020-03-28 04:00
18809,61,True,False,True,False,False,False,False,False,False,False,False,False,False,False,Samedi-04-06h,OUI,Samedi,2020-03-28 04:00
18810,251,False,False,False,False,False,False,False,False,False,False,False,False,True,False,Samedi-04-06h,NON,Samedi,2020-03-28 04:00
18811,281,False,True,False,False,False,False,False,False,False,False,False,False,False,False,Samedi-04-06h,NON,Samedi,2020-03-28 04:00
18812,134,False,True,False,False,False,False,False,False,False,False,False,False,False,False,Samedi-04-06h,OUI,Samedi,2020-03-28 04:00
18813,293,False,True,False,False,False,True,False,False,False,False,False,False,False,False,Samedi-04-06h,NON,Samedi,2020-03-28 04:00
18814,279,True,True,True,True,False,True,False,False,False,False,False,False,False,False,Samedi-04-06h,NON,Samedi,2020-03-28 04:00
18815,81,True,False,True,True,False,False,False,True,False,False,False,False,False,False,Samedi-04-06h,OUI,Samedi,2020-03-28 04:00
18816,92,True,False,False,True,False,False,False,False,False,False,True,False,False,False,Samedi-04-06h,NON,Samedi,2020-03-28 04:00
18817,147,False,False,False,False,False,False,False,False,False,False,False,False,False,False,Samedi-04-06h,NON,Samedi,2020-03-28 04:00
18818,33,False,True,False,False,True,False,False,False,False,False,False,False,False,False,Samedi-04-06h,NON,Samedi,2020-03-28 04:00
18819,266,False,False,False,False,False,False,False,False,False,False,False,False,False,False,Samedi-04-06h,NON,Samedi,2020-03-28 04:00
18820,225,True,False,False,False,False,True,False,False,False,False,False,False,False,False,Samedi-04-06h,OUI,Samedi,2020-03-28 04:00
18821,83,True,False,True,False,False,False,False,False,False,False,False,False,False,False,Samedi-04-06h,NON,Samedi,2020-03-28 04:00
18822,95,False,False,False,False,True,True,False,True,False,False,False,False,False,False,Samedi-04-06h,NON,Samedi,2020-03-28 04:00
18823,127,False,False,False,False,True,False,False,False,False,False,False,False,False,False,Samedi-04-06h,NON,Samedi,2020-03-28 04:00
18824,20,False,False,False,False,False,False,False,False,False,False,False,False,False,False,Samedi-04-06h,NON,Samedi,2020-03-28 04:00
18825,89,False,False,False,False,False,False,False,False,True,False,False,False,False,False,Samedi-04-06h,OUI,Samedi,2020-03-28 04:00
18826,120,False,True,True,False,True,True,False,True,False,False,True,False,False,False,Samedi-04-06h,NON,Samedi,2020-03-28 04:00
18827,253,False,False,False,False,True,True,False,False,False,False,False,True,False,False,Samedi-04-06h,NON,Samedi,2020-03-28 04:00
18828,52,False,False,True,False,False,False,False,False,False,False,False,False,False,False,Samedi-04-06h,OUI,Samedi,2020-03-28 04:00
18829,168,True,False,True,False,False,False,False,True,False,False,False,False,False,False,Samedi-04-06h,OUI,Samedi,2020-03-28 04:00
18830,202,False,True,False,False,False,False,False,False,False,False,False,False,False,False,Samedi-04-06h,OUI,Samedi,2020-03-28 04:00
18831,172,False,False,False,False,True,False,False,False,False,False,False,False,False,False,Samedi-04-06h,NON,Samedi,2020-03-28 04:00
18832,239,False,False,False,False,True,True,False,False,False,False,False,False,False,False,Samedi-04-06h,NON,Samedi,2020-03-28 04:00
18833,85,False,False,False,False,True,False,False,False,False,False,False,False,False,False,Samedi-04-06h,NON,Samedi,2020-03-28 04:00
18834,215,False,False,False,False,False,False,False,False,True,False,False,False,False,False,Samedi-04-06h,OUI,Samedi,2020-03-28 04:00
18835,260,True,False,True,False,False,False,False,False,False,False,False,False,False,False,Samedi-04-06h,NON,Samedi,2020-03-28 04:00
18836,286,True,True,False,False,True,False,False,False,False,False,False,False,False,False,Samedi-04-06h,NON,Samedi,2020-03-28 04:00
18837,72,False,True,False,False,False,False,False,False,False,False,False,False,False,False,Samedi-06-08h,NON,Samedi,2020-03-28 06:00
18838,167,True,True,True,True,True,True,False,False,False,False,False,False,False,False,Samedi-06-08h,OUI,Samedi,2020-03-28 06:00
18839,130,True,False,True,False,False,False,False,True,False,False,False,False,True,True,Samedi-06-08h,NON,Samedi,2020-03-28 06:00
18840,288,True,True,True,False,True,False,False,False,False,False,False,False,False,False,Samedi-06-08h,NON,Samedi,2020-03-28 06:00
18841,59,False,False,False,False,False,True,False,False,False,False,False,False,False,False,Samedi-06-08h,NON,Samedi,2020-03-28 06:00
18842,178,True,False,False,False,False,False,False,False,False,False,True,False,False,False,Samedi-06-08h,OUI,Samedi,2020-03-28 06:00
18843,254,False,False,False,False,False,False,False,False,False,False,False,True,False,False,Samedi-06-08h,NON,Samedi,2020-03-28 06:00
18844,34,False,False,False,False,False,False,False,False,False,False,False,False,False,False,Samedi-06-08h,NON,Samedi,2020-03-28 06:00
18845,264,False,False,False,False,True,True,True,False,False,False,False,False,False,False,Samedi-06-08h,OUI,Samedi,2020-03-28 06:00
18846,158,True,False,False,False,True,False,False,False,False,True,False,False,False,False,Samedi-06-08h,NON,Samedi,2020-03-28 06:00
18847,210,False,True,False,False,True,True,False,False,False,False,False,False,False,False,Samedi-06-08h,NON,Samedi,2020-03-28 06:00
18848,93,False,False,False,False,True,False,False,False,False,False,False,False,True,False,Samedi-06-08h,OUI,Samedi,2020-03-28 06:00
18849,144,True,False,True,False,True,False,False,False,False,False,False,False,False,False,Samedi-06-08h,OUI,Samedi,2020-03-28 06:00
18850,164,False,True,False,False,True,True,False,False,False,False,False,False,False,False,Samedi-06-08h,OUI,Samedi,2020-03-28 06:00
18851,289,False,False,False,False,True,True,False,False,False,False,False,False,False,False,Samedi-06-08h,OUI,Samedi,2020-03-28 06:00
18852,50,False,False,False,False,False,False,False,False,False,False,False,False,False,False,Samedi-06-08h,NON,Samedi,2020-03-28 06:00
18853,51,True,True,False,False,True,False,False,False,False,False,False,False,False,False,Samedi-06-08h,OUI,Samedi,2020-03-28 06:00
18854,247,False,False,True,False,False,False,False,False,False,False,False,False,False,False,Samedi-06-08h,OUI,Samedi,2020-03-28 06:00
18855,159,False,False,False,False,False,False,False,True,False,False,False,False,False,False,Samedi-06-08h,NON,Samedi,2020-03-28 06:00
18856,54,False,False,False,False,False,True,False,False,False,False,False,False,False,False,Samedi-06-08h,NON,Samedi,2020-03-28 06:00
18857,55,True,False,False,False,True,True,False,True,False,False,False,False,False,False,Samedi-06-08h,OUI,Samedi,2020-03-28 06:00
18858,257,False,False,False,False,True,False,False,False,False,False,False,False,False,False,Samedi-06-08h,NON,Samedi,2020-03-28 06:00
18859,67,False,False,False,False,False,False,False,False,False,False,False,False,False,False,Samedi-06-08h,NON,Samedi,2020-03-28 06:00
18860,71,True,False,True,False,False,False,False,False,False,False,False,False,False,False,Samedi-06-08h,NON,Samedi,2020-03-28 06:00
18861,280,False,False,False,False,False,True,False,False,False,False,False,False,False,False,Samedi-06-08h,OUI,Samedi,2020-03-28 06:00
18862,283,True,True,False,False,False,False,False,False,False,False,False,False,False,False,Samedi-06-08h,OUI,Samedi,2020-03-28 06:00
18863,154,False,False,False,False,True,True,False,False,False,False,False,True,False,False,Samedi-06-08h,NON,Samedi,2020-03-28 06:00
18864,171,False,False,False,False,False,False,False,False,False,False,False,True,False,False,Samedi-06-08h,NON,Samedi,2020-03-28 06:00
18865,131,False,False,True,False,False,False,False,False,False,False,False,False,False,False,Samedi-06-08h,NON,Samedi,2020-03-28 06:00
18866,237,True,False,False,False,False,True,True,False,False,False,False,False,True,False,Samedi-06-08h,OUI,Samedi,2020-03-28 06:00
18867,75,False,False,False,False,True,True,False,False,False,False,False,False,False,False,Samedi-06-08h,NON,Samedi,2020-03-28 06:00
18868,235,True,False,False,False,True,False,False,False,False,False,False,False,False,False,Samedi-06-08h,NON,Samedi,2020-03-28 06:00
18869,180,False,False,False,False,True,True,False,False,False,False,False,False,False,False,Samedi-06-08h,OUI,Samedi,2020-03-28 06:00
18870,219,False,False,False,False,False,True,False,False,False,False,False,False,False,False,Samedi-06-08h,OUI,Samedi,2020-03-28 06:00
18871,250,False,False,False,False,False,False,False,False,True,False,False,False,False,False,Samedi-06-08h,NON,Samedi,2020-03-28 06:00
18872,267,True,True,False,False,False,False,False,False,False,False,False,False,False,False,Samedi-06-08h,OUI,Samedi,2020-03-28 06:00
18873,160,False,True,False,False,False,True,False,False,False,False,False,False,False,False,Samedi-06-08h,OUI,Samedi,2020-03-28 06:00
18874,182,False,True,False,False,True,True,True,False,False,False,False,False,False,False,Samedi-06-08h,NON,Samedi,2020-03-28 06:00
18875,143,False,False,False,False,False,False,False,True,False,False,True,False,False,False,Samedi-06-08h,OUI,Samedi,2020-03-28 06:00
18876,223,True,True,False,False,False,False,False,False,False,False,False,False,False,False,Samedi-06-08h,NON,Samedi,2020-03-28 06:00
18877,192,True,False,True,False,False,False,False,False,False,False,False,False,False,False,Samedi-06-08h,NON,Samedi,2020-03-28 06:00
18878,30,False,False,True,False,False,False,False,True,False,False,False,False,False,False,Samedi-06-08h,OUI,Samedi,2020-03-28 06:00
18879,125,True,False,False,False,True,False,False,True,False,False,False,False,False,False,Samedi-06-08h,NON,Samedi,2020-03-28 06:00
18880,39,False,False,True,False,True,False,False,True,False,False,False,False,False,False,Samedi-06-08h,NON,Samedi,2020-03-28 06:00
18881,113,True,False,True,False,False,False,False,False,False,False,False,False,False,False,Samedi-06-08h,OUI,Samedi,2020-03-28 06:00
18882,121,True,False,True,False,False,False,False,True,False,False,False,False,False,False,Samedi-06-08h,NON,Samedi,2020-03-28 06:00
18883,228,False,False,False,False,False,False,False,False,False,False,True,False,False,False,Samedi-06-08h,OUI,Samedi,2020-03-28 06:00
18884,290,False,False,False,False,False,False,False,False,True,False,False,False,False,False,Samedi-06-08h,NON,Samedi,2020-03-28 06:00
18885,197,False,False,True,False,True,False,False,False,False,False,False,False,False,False,Samedi-06-08h,NON,Samedi,2020-03-28 06:00
18886,31,True,True,True,False,False,True,False,False,False,False,False,False,False,False,Samedi-06-08h,OUI,Samedi,2020-03-28 06:00
18887,173,True,False,False,False,True,True,False,True,False,False,False,False,False,False,Samedi-06-08h,OUI,Samedi,2020-03-28 06:00
18888,74,True,False,False,True,False,False,False,True,False,False,True,False,False,False,Samedi-06-08h,NON,Samedi,2020-03-28 06:00
18889,15,False,False,True,False,False,False,False,False,False,False,False,False,False,False,Samedi-06-08h,NON,Samedi,2020-03-28 06:00
18890,45,True,False,False,False,True,True,False,True,False,False,False,False,False,False,Samedi-06-08h,OUI,Samedi,2020-03-28 06:00
18891,63,False,False,True,False,False,False,False,False,False,False,False,False,False,False,Samedi-06-08h,OUI,Samedi,2020-03-28 06:00
18892,3,False,False,False,False,False,True,False,False,False,False,False,True,False,False,Samedi-06-08h,OUI,Samedi,2020-03-28 06:00
18893,21,True,False,True,False,False,False,False,False,False,False,False,False,False,False,Samedi-06-08h,OUI,Samedi,2020-03-28 06:00
18894,78,False,True,True,False,True,True,False,True,False,False,False,False,False,False,Samedi-06-08h,OUI,Samedi,2020-03-28 06:00
18895,47,False,True,False,False,False,False,False,False,False,False,False,False,False,False,Samedi-06-08h,NON,Samedi,2020-03-28 06:00
18896,151,True,True,False,False,True,False,False,True,False,False,False,False,False,False,Samedi-06-08h,OUI,Samedi,2020-03-28 06:00
18897,6,True,False,True,False,False,False,False,False,False,False,False,False,False,False,Samedi-06-08h,OUI,Samedi,2020-03-28 06:00
18898,135,True,False,True,False,False,False,False,False,False,False,False,False,True,False,Samedi-06-08h,OUI,Samedi,2020-03-28 06:00
18899,221,False,False,False,False,True,True,False,False,False,False,False,False,False,False,Samedi-06-08h,OUI,Samedi,2020-03-28 06:00
18900,170,False,False,True,False,False,False,False,False,False,False,True,False,False,True,Samedi-06-08h,NON,Samedi,2020-03-28 06:00
18901,129,False,True,False,False,False,False,False,False,False,False,False,False,False,False,Samedi-06-08h,OUI,Samedi,2020-03-28 06:00
18902,132,True,True,True,False,False,True,False,False,False,False,False,False,False,False,Samedi-06-08h,OUI,Samedi,2020-03-28 06:00
18903,110,False,True,False,False,False,False,False,False,False,False,False,False,False,False,Samedi-06-08h,OUI,Samedi,2020-03-28 06:00
18904,191,False,False,False,False,False,True,False,False,False,False,False,False,False,False,Samedi-06-08h,OUI,Samedi,2020-03-28 06:00
18905,94,True,True,True,False,False,True,False,False,False,False,True,False,True,False,Samedi-06-08h,NON,Samedi,2020-03-28 06:00
18906,108,False,False,False,False,False,True,True,False,False,False,False,False,False,False,Samedi-06-08h,OUI,Samedi,2020-03-28 06:00
18907,236,False,False,False,False,True,True,False,False,False,False,False,False,False,False,Samedi-06-08h,OUI,Samedi,2020-03-28 06:00
18908,42,True,False,True,False,True,False,False,False,False,False,False,False,False,False,Samedi-06-08h,NON,Samedi,2020-03-28 06:00
18909,155,True,False,False,False,True,False,False,False,False,False,False,False,False,False,Samedi-06-08h,NON,Samedi,2020-03-28 06:00
18910,1,False,False,False,False,False,False,False,False,False,False,False,False,False,False,Samedi-06-08h,NON,Samedi,2020-03-28 06:00
18911,58,False,True,True,False,False,True,False,False,False,False,True,False,False,False,Samedi-06-08h,OUI,Samedi,2020-03-28 06:00
18912,0,False,True,False,False,False,False,False,False,False,False,False,False,False,False,Samedi-06-08h,OUI,Samedi,2020-03-28 06:00
18913,269,False,False,False,False,False,False,False,False,False,False,False,False,False,False,Samedi-06-08h,NON,Samedi,2020-03-28 06:00
18914,2,True,False,True,False,False,False,False,False,False,False,False,False,False,False,Samedi-06-08h,NON,Samedi,2020-03-28 06:00
18915,103,False,False,False,False,True,False,False,False,False,False,False,False,False,False,Samedi-06-08h,OUI,Samedi,2020-03-28 06:00
18916,12,False,True,False,False,True,False,False,False,False,False,False,False,False,False,Samedi-06-08h,OUI,Samedi,2020-03-28 06:00
18917,245,True,False,False,False,True,True,False,True,False,False,False,False,False,False,Samedi-06-08h,OUI,Samedi,2020-03-28 06:00
18918,161,False,False,True,False,False,False,False,False,False,False,True,False,False,False,Samedi-06-08h,OUI,Samedi,2020-03-28 06:00
18919,38,False,False,False,False,False,False,False,False,True,False,False,False,False,False,Samedi-06-08h,NON,Samedi,2020-03-28 06:00
18920,122,False,False,False,False,False,False,False,False,False,False,False,False,False,False,Samedi-06-08h,NON,Samedi,2020-03-28 06:00
18921,248,False,False,True,False,False,False,False,False,False,False,False,False,True,False,Samedi-06-08h,OUI,Samedi,2020-03-28 06:00
18922,271,False,True,True,False,False,True,False,False,False,False,False,False,False,False,Samedi-06-08h,OUI,Samedi,2020-03-28 06:00
18923,116,False,False,True,False,False,False,False,False,False,False,False,False,False,False,Samedi-06-08h,OUI,Samedi,2020-03-28 06:00
18924,117,True,True,True,True,False,True,False,False,False,False,False,False,False,False,Samedi-06-08h,NON,Samedi,2020-03-28 06:00
18925,213,False,False,False,False,True,True,False,True,False,False,False,False,False,False,Samedi-06-08h,NON,Samedi,2020-03-28 06:00
18926,220,False,True,True,False,False,True,False,False,False,False,False,False,False,False,Samedi-06-08h,OUI,Samedi,2020-03-28 06:00
18927,176,False,False,True,False,False,False,False,False,False,False,False,False,False,False,Samedi-06-08h,NON,Samedi,2020-03-28 06:00
18928,96,False,False,False,False,True,True,False,False,False,True,False,False,False,False,Samedi-06-08h,NON,Samedi,2020-03-28 06:00
18929,214,False,False,False,False,True,True,False,False,False,True,False,False,False,False,Samedi-06-08h,OUI,Samedi,2020-03-28 06:00
18930,11,True,False,False,True,False,False,False,False,False,False,True,False,False,False,Samedi-06-08h,NON,Samedi,2020-03-28 06:00
18931,255,True,False,True,False,False,False,False,True,False,False,False,False,False,False,Samedi-06-08h,OUI,Samedi,2020-03-28 06:00
18932,86,False,False,True,False,False,False,False,False,False,False,False,False,False,False,Samedi-06-08h,OUI,Samedi,2020-03-28 06:00
18933,209,True,False,False,False,True,True,False,True,False,False,False,False,False,False,Samedi-06-08h,OUI,Samedi,2020-03-28 06:00
18934,291,False,False,False,False,False,True,False,False,True,False,False,False,False,False,Samedi-06-08h,OUI,Samedi,2020-03-28 06:00
18935,287,False,False,False,False,False,False,False,False,False,False,False,True,False,False,Samedi-06-08h,OUI,Samedi,2020-03-28 06:00
18936,104,False,False,False,False,True,True,False,False,False,False,False,False,False,False,Samedi-06-08h,NON,Samedi,2020-03-28 06:00
18937,18,False,False,False,False,True,False,False,False,False,False,False,False,False,False,Samedi-06-08h,OUI,Samedi,2020-03-28 06:00
18938,123,False,True,False,False,True,True,False,False,False,False,False,False,False,False,Samedi-06-08h,NON,Samedi,2020-03-28 06:00
18939,136,False,False,False,False,True,False,False,False,False,False,False,False,False,False,Samedi-06-08h,NON,Samedi,2020-03-28 06:00
18940,276,True,False,True,False,False,False,False,False,False,False,False,False,False,False,Samedi-06-08h,OUI,Samedi,2020-03-28 06:00
18941,53,False,False,False,False,True,True,False,False,False,False,False,False,False,False,Samedi-06-08h,OUI,Samedi,2020-03-28 06:00
18942,179,True,False,True,False,False,False,False,False,False,False,False,False,False,False,Samedi-06-08h,OUI,Samedi,2020-03-28 06:00
18943,200,False,False,False,False,False,False,False,False,False,False,False,False,False,False,Samedi-06-08h,NON,Samedi,2020-03-28 06:00
18944,73,False,False,False,False,False,False,False,False,False,False,False,False,False,False,Samedi-06-08h,NON,Samedi,2020-03-28 06:00
18945,156,False,False,False,False,True,True,False,False,False,False,False,False,False,False,Samedi-06-08h,NON,Samedi,2020-03-28 06:00
18946,128,True,True,True,False,False,True,False,False,False,False,False,False,False,False,Samedi-06-08h,OUI,Samedi,2020-03-28 06:00
18947,118,False,False,False,False,False,False,False,False,False,False,False,False,False,False,Samedi-06-08h,NON,Samedi,2020-03-28 06:00
18948,112,True,False,True,False,False,False,False,False,False,False,False,False,False,False,Samedi-06-08h,OUI,Samedi,2020-03-28 06:00
18949,35,False,False,False,False,True,True,False,False,False,False,False,False,False,False,Samedi-06-08h,NON,Samedi,2020-03-28 06:00
18950,32,False,False,False,False,False,False,False,False,False,False,False,True,False,False,Samedi-06-08h,NON,Samedi,2020-03-28 06:00
18951,199,True,False,True,False,False,False,False,False,False,False,False,False,False,False,Samedi-06-08h,OUI,Samedi,2020-03-28 06:00
18952,153,True,False,False,False,True,True,False,False,False,False,False,False,False,False,Samedi-06-08h,NON,Samedi,2020-03-28 06:00
18953,82,False,False,True,False,False,False,False,False,False,False,False,False,False,False,Samedi-06-08h,OUI,Samedi,2020-03-28 06:00
18954,292,False,True,False,False,False,False,False,False,False,False,False,False,False,False,Samedi-06-08h,OUI,Samedi,2020-03-28 06:00
18955,169,False,False,False,True,False,False,False,False,False,False,False,False,False,False,Samedi-06-08h,NON,Samedi,2020-03-28 06:00
18956,16,False,False,False,False,True,True,False,False,False,False,False,False,False,False,Samedi-06-08h,OUI,Samedi,2020-03-28 06:00
18957,46,True,True,True,False,False,True,True,False,False,False,False,False,False,False,Samedi-06-08h,OUI,Samedi,2020-03-28 06:00
18958,216,False,True,False,False,False,True,False,False,False,False,False,False,False,False,Samedi-06-08h,OUI,Samedi,2020-03-28 06:00
18959,174,False,True,True,False,False,True,False,False,False,False,True,False,False,False,Samedi-06-08h,NON,Samedi,2020-03-28 06:00
18960,43,False,False,False,False,True,False,False,False,False,False,False,False,False,False,Samedi-06-08h,NON,Samedi,2020-03-28 06:00
18961,165,False,False,False,False,True,True,False,False,False,False,False,False,False,False,Samedi-06-08h,NON,Samedi,2020-03-28 06:00
18962,126,False,True,False,False,False,True,False,False,False,False,False,False,False,False,Samedi-06-08h,OUI,Samedi,2020-03-28 06:00
18963,41,False,False,False,False,False,True,False,False,True,False,False,False,False,False,Samedi-06-08h,NON,Samedi,2020-03-28 06:00
18964,157,False,False,True,False,False,False,False,False,False,False,False,False,False,False,Samedi-06-08h,NON,Samedi,2020-03-28 06:00
18965,272,False,True,True,False,False,False,True,False,False,False,True,False,True,True,Samedi-06-08h,OUI,Samedi,2020-03-28 06:00
18966,115,True,False,True,False,False,False,False,False,False,False,False,False,False,False,Samedi-06-08h,OUI,Samedi,2020-03-28 06:00
18967,84,False,False,False,False,False,False,False,False,False,False,False,True,False,False,Samedi-06-08h,OUI,Samedi,2020-03-28 06:00
18968,183,True,True,True,True,False,False,False,False,False,False,False,False,False,False,Samedi-06-08h,NON,Samedi,2020-03-28 06:00
18969,65,True,True,False,False,False,True,False,False,False,False,False,False,False,False,Samedi-06-08h,OUI,Samedi,2020-03-28 06:00
18970,105,True,False,False,False,False,False,False,False,False,False,False,False,False,False,Samedi-06-08h,OUI,Samedi,2020-03-28 06:00
18971,187,True,False,False,False,False,True,False,False,False,False,False,False,False,False,Samedi-06-08h,OUI,Samedi,2020-03-28 06:00
18972,139,True,False,True,False,False,False,False,False,False,False,False,False,False,False,Samedi-06-08h,NON,Samedi,2020-03-28 06:00
18973,259,False,False,False,False,True,True,False,False,False,False,False,False,False,False,Samedi-06-08h,NON,Samedi,2020-03-28 06:00
18974,124,True,False,True,False,False,False,False,False,False,False,True,False,False,False,Samedi-06-08h,NON,Samedi,2020-03-28 06:00
18975,98,False,False,False,False,False,True,False,False,False,False,False,True,False,False,Samedi-06-08h,OUI,Samedi,2020-03-28 06:00
18976,284,False,True,True,False,False,True,False,False,False,False,False,False,True,False,Samedi-06-08h,OUI,Samedi,2020-03-28 06:00
18977,148,True,False,True,False,True,False,False,True,False,False,False,False,False,False,Samedi-06-08h,NON,Samedi,2020-03-28 06:00
18978,258,True,False,True,False,False,False,False,False,False,False,False,False,False,False,Samedi-06-08h,OUI,Samedi,2020-03-28 06:00
18979,175,False,False,False,False,False,True,False,False,False,False,False,False,False,False,Samedi-06-08h,NON,Samedi,2020-03-28 06:00
18980,119,False,False,False,False,False,False,False,False,False,False,True,False,False,False,Samedi-06-08h,NON,Samedi,2020-03-28 06:00
18981,229,True,False,True,False,False,False,False,True,False,False,False,False,False,False,Samedi-06-08h,NON,Samedi,2020-03-28 06:00
18982,230,False,False,False,False,False,True,True,False,False,False,False,False,False,False,Samedi-06-08h,NON,Samedi,2020-03-28 06:00
18983,17,True,False,False,False,False,True,True,False,False,False,False,False,False,False,Samedi-06-08h,NON,Samedi,2020-03-28 06:00
18984,177,False,False,False,False,False,False,False,False,False,False,False,False,False,False,Samedi-06-08h,NON,Samedi,2020-03-28 06:00
18985,7,False,False,False,False,False,False,False,False,False,False,False,False,False,False,Samedi-06-08h,NON,Samedi,2020-03-28 06:00
18986,241,False,False,True,False,False,False,False,False,False,False,False,False,False,False,Samedi-06-08h,NON,Samedi,2020-03-28 06:00
18987,8,True,False,False,False,True,True,False,True,False,False,False,False,False,False,Samedi-06-08h,OUI,Samedi,2020-03-28 06:00
18988,268,False,True,False,False,False,True,False,False,False,False,False,False,False,False,Samedi-06-08h,OUI,Samedi,2020-03-28 06:00
18989,294,False,False,True,False,True,False,False,False,False,False,False,False,False,False,Samedi-06-08h,OUI,Samedi,2020-03-28 06:00
18990,242,True,False,False,False,True,True,False,False,False,False,False,False,False,False,Samedi-06-08h,NON,Samedi,2020-03-28 06:00
18991,194,False,False,False,False,False,True,False,False,False,False,False,False,False,False,Samedi-06-08h,NON,Samedi,2020-03-28 06:00
18992,243,False,False,False,False,True,True,False,False,False,False,False,False,False,False,Samedi-06-08h,OUI,Samedi,2020-03-28 06:00
18993,212,True,True,True,False,False,True,False,False,False,False,False,False,False,False,Samedi-06-08h,OUI,Samedi,2020-03-28 06:00
18994,19,False,False,False,False,False,True,False,False,False,False,False,False,False,False,Samedi-06-08h,OUI,Samedi,2020-03-28 06:00
18995,114,False,False,False,False,True,False,False,False,False,False,False,False,False,False,Samedi-06-08h,OUI,Samedi,2020-03-28 06:00
18996,190,False,False,False,False,False,True,False,False,True,False,False,False,False,False,Samedi-06-08h,NON,Samedi,2020-03-28 06:00
18997,64,False,False,True,False,False,False,False,False,False,False,False,False,False,False,Samedi-06-08h,NON,Samedi,2020-03-28 06:00
18998,227,False,False,False,False,False,False,False,False,False,False,False,False,False,False,Samedi-06-08h,NON,Samedi,2020-03-28 06:00
18999,232,False,False,False,False,False,True,False,False,False,False,False,False,False,False,Samedi-06-08h,OUI,Samedi,2020-03-28 06:00
19000,246,False,True,False,False,False,True,True,False,False,False,False,False,False,False,Samedi-06-08h,OUI,Samedi,2020-03-28 06:00
19001,100,False,False,False,False,False,True,False,False,False,False,False,False,False,False,Samedi-06-08h,OUI,Samedi,2020-03-28 06:00
19002,13,False,False,False,False,True,False,False,False,False,False,False,False,False,False,Samedi-06-08h,NON,Samedi,2020-03-28 06:00
19003,262,True,True,True,False,False,False,False,False,False,False,False,False,False,False,Samedi-06-08h,NON,Samedi,2020-03-28 06:00
19004,76,True,True,True,False,False,True,False,False,False,False,True,False,False,False,Samedi-06-08h,NON,Samedi,2020-03-28 06:00
19005,261,False,True,False,False,True,False,False,False,False,False,False,False,False,False,Samedi-06-08h,NON,Samedi,2020-03-28 06:00
19006,150,False,True,False,False,False,False,False,False,False,False,False,False,False,False,Samedi-06-08h,OUI,Samedi,2020-03-28 06:00
19007,205,False,False,False,False,False,False,False,False,False,False,False,False,False,False,Samedi-06-08h,NON,Samedi,2020-03-28 06:00
19008,56,False,False,False,False,True,True,False,False,False,False,False,False,False,False,Samedi-06-08h,OUI,Samedi,2020-03-28 06:00
19009,186,False,False,False,False,True,False,False,False,False,False,False,False,False,False,Samedi-06-08h,OUI,Samedi,2020-03-28 06:00
19010,162,True,False,False,False,True,True,False,False,False,False,False,False,False,False,Samedi-06-08h,OUI,Samedi,2020-03-28 06:00
19011,68,False,True,False,False,True,True,False,False,False,False,False,False,False,False,Samedi-06-08h,OUI,Samedi,2020-03-28 06:00
19012,146,False,False,False,False,False,True,False,False,False,False,False,True,False,False,Samedi-06-08h,OUI,Samedi,2020-03-28 06:00
19013,49,False,False,False,False,False,False,False,False,False,False,False,False,True,False,Samedi-06-08h,OUI,Samedi,2020-03-28 06:00
19014,91,True,False,True,True,False,False,False,False,False,False,False,False,False,False,Samedi-06-08h,OUI,Samedi,2020-03-28 06:00
19015,22,False,False,False,False,False,False,False,False,False,True,False,False,False,False,Samedi-06-08h,NON,Samedi,2020-03-28 06:00
19016,151,False,False,False,False,True,False,False,False,False,False,False,False,False,False,Samedi-06-08h,OUI,Samedi,2020-03-28 06:00
19017,193,False,False,False,False,True,True,False,False,False,False,False,False,False,False,Samedi-06-08h,OUI,Samedi,2020-03-28 06:00
19018,9,True,True,False,False,False,False,False,False,False,False,False,False,False,False,Samedi-06-08h,NON,Samedi,2020-03-28 06:00
19019,99,True,False,True,False,False,False,False,False,False,False,False,False,False,False,Samedi-06-08h,NON,Samedi,2020-03-28 06:00
19020,181,False,False,False,False,True,True,False,False,False,False,False,False,False,False,Samedi-06-08h,OUI,Samedi,2020-03-28 06:00
19021,111,False,False,False,False,False,True,False,True,False,False,False,False,False,False,Samedi-06-08h,OUI,Samedi,2020-03-28 06:00
19022,44,False,True,False,False,False,True,False,False,False,False,False,False,False,False,Samedi-06-08h,NON,Samedi,2020-03-28 06:00
19023,24,False,False,False,False,True,False,False,True,False,False,False,False,False,False,Samedi-06-08h,NON,Samedi,2020-03-28 06:00
19024,102,False,False,False,False,True,True,False,True,False,False,False,False,False,False,Samedi-06-08h,OUI,Samedi,2020-03-28 06:00
19025,203,True,True,False,False,False,False,False,True,False,False,False,False,False,False,Samedi-06-08h,NON,Samedi,2020-03-28 06:00
19026,140,False,False,False,False,True,True,False,True,False,False,False,False,False,False,Samedi-06-08h,NON,Samedi,2020-03-28 06:00
19027,188,False,False,False,False,False,True,False,False,True,False,False,False,False,False,Samedi-06-08h,NON,Samedi,2020-03-28 06:00
19028,206,False,False,False,True,False,False,False,False,False,False,True,False,False,False,Samedi-06-08h,NON,Samedi,2020-03-28 06:00
19029,273,False,False,False,False,False,False,False,False,False,False,False,True,False,False,Samedi-06-08h,NON,Samedi,2020-03-28 06:00
19030,69,True,False,True,False,False,False,False,False,False,False,False,False,False,False,Samedi-06-08h,NON,Samedi,2020-03-28 06:00
19031,87,True,False,False,True,False,False,False,False,False,False,True,False,False,False,Samedi-06-08h,OUI,Samedi,2020-03-28 06:00
19032,83,True,False,True,False,False,False,False,False,False,False,False,False,False,False,Samedi-06-08h,NON,Samedi,2020-03-28 06:00
19033,149,True,False,True,True,False,False,False,False,False,False,False,False,False,False,Samedi-06-08h,OUI,Samedi,2020-03-28 06:00
19034,274,False,False,False,False,False,True,False,False,False,False,False,False,False,False,Samedi-06-08h,NON,Samedi,2020-03-28 06:00
19035,282,True,False,True,True,False,False,False,False,False,False,False,False,False,False,Samedi-06-08h,OUI,Samedi,2020-03-28 06:00
19036,147,False,False,False,False,False,False,False,False,False,False,False,False,False,False,Samedi-06-08h,NON,Samedi,2020-03-28 06:00
19037,238,False,False,False,False,False,False,False,False,False,False,False,True,False,False,Samedi-06-08h,NON,Samedi,2020-03-28 06:00
19038,201,False,False,False,False,False,False,False,False,False,False,False,False,False,False,Samedi-06-08h,NON,Samedi,2020-03-28 06:00
19039,152,False,True,False,False,False,False,False,False,False,False,False,False,False,False,Samedi-06-08h,NON,Samedi,2020-03-28 06:00
19040,222,False,False,False,False,False,True,False,False,True,True,False,False,False,False,Samedi-06-08h,OUI,Samedi,2020-03-28 06:00
19041,106,False,False,False,False,False,True,False,False,False,False,False,True,False,False,Samedi-06-08h,OUI,Samedi,2020-03-28 06:00
19042,133,False,False,True,False,True,False,False,False,False,False,False,False,False,False,Samedi-06-08h,NON,Samedi,2020-03-28 06:00
19043,163,False,False,False,False,True,False,False,False,False,False,False,False,False,False,Samedi-06-08h,NON,Samedi,2020-03-28 06:00
19044,231,False,False,False,False,False,False,False,False,False,False,False,False,False,False,Samedi-06-08h,NON,Samedi,2020-03-28 06:00
19045,25,False,False,False,False,True,False,False,False,False,False,False,False,False,False,Samedi-06-08h,NON,Samedi,2020-03-28 06:00
19046,196,False,False,True,False,True,False,False,True,False,False,False,False,False,False,Samedi-06-08h,OUI,Samedi,2020-03-28 06:00
19047,5,False,False,False,False,True,True,False,False,False,False,False,False,False,False,Samedi-06-08h,NON,Samedi,2020-03-28 06:00
19048,90,False,True,False,False,False,False,False,False,False,False,False,False,False,False,Samedi-06-08h,OUI,Samedi,2020-03-28 06:00
19049,244,True,False,True,False,False,False,False,False,False,False,False,False,False,False,Samedi-06-08h,NON,Samedi,2020-03-28 06:00
19050,107,False,True,False,False,False,True,False,False,False,False,False,False,False,False,Samedi-06-08h,OUI,Samedi,2020-03-28 06:00
19051,218,False,True,False,False,True,True,False,False,False,False,False,False,False,False,Samedi-06-08h,OUI,Samedi,2020-03-28 06:00
19052,62,False,True,True,False,True,True,False,False,False,False,False,False,False,False,Samedi-06-08h,OUI,Samedi,2020-03-28 06:00
19053,79,False,True,False,False,False,False,False,False,False,False,False,False,False,False,Samedi-06-08h,OUI,Samedi,2020-03-28 06:00
19054,208,False,False,False,False,False,True,False,False,False,False,False,False,False,False,Samedi-06-08h,OUI,Samedi,2020-03-28 06:00
19055,270,False,False,False,False,False,False,False,False,True,False,False,False,False,False,Samedi-06-08h,NON,Samedi,2020-03-28 06:00
19056,166,True,False,False,False,True,True,False,False,False,False,False,False,False,False,Samedi-06-08h,OUI,Samedi,2020-03-28 06:00
19057,77,False,False,True,False,True,False,False,False,False,False,False,False,False,False,Samedi-06-08h,NON,Samedi,2020-03-28 06:00
19058,29,False,False,False,False,False,True,False,False,False,False,False,True,False,False,Samedi-06-08h,OUI,Samedi,2020-03-28 06:00
19059,240,False,False,False,False,False,True,False,False,False,False,False,False,False,False,Samedi-06-08h,OUI,Samedi,2020-03-28 06:00
19060,184,False,True,False,False,False,False,False,False,False,False,False,False,False,False,Samedi-06-08h,OUI,Samedi,2020-03-28 06:00
19061,277,False,True,True,False,False,True,False,False,False,False,False,False,False,False,Samedi-06-08h,NON,Samedi,2020-03-28 06:00
19062,80,True,False,False,False,False,True,False,False,False,True,False,False,False,False,Samedi-06-08h,OUI,Samedi,2020-03-28 06:00
19063,185,True,True,True,False,False,True,False,False,False,False,True,False,True,False,Samedi-06-08h,NON,Samedi,2020-03-28 06:00
19064,204,False,False,False,False,True,True,False,False,False,False,False,True,False,False,Samedi-06-08h,OUI,Samedi,2020-03-28 06:00
19065,252,True,True,True,False,False,True,False,False,False,False,False,False,False,False,Samedi-06-08h,OUI,Samedi,2020-03-28 06:00
19066,26,False,False,False,False,True,False,False,False,False,False,False,False,False,False,Samedi-06-08h,NON,Samedi,2020-03-28 06:00
19067,70,False,False,False,False,True,False,False,False,False,False,False,True,False,False,Samedi-06-08h,NON,Samedi,2020-03-28 06:00
19068,233,False,False,False,False,True,False,False,False,False,False,False,False,False,False,Samedi-06-08h,OUI,Samedi,2020-03-28 06:00
19069,37,True,True,True,False,True,True,False,False,False,False,False,False,False,False,Samedi-06-08h,OUI,Samedi,2020-03-28 06:00
19070,185,False,False,True,False,False,False,False,False,False,False,False,False,False,False,Samedi-06-08h,OUI,Samedi,2020-03-28 06:00
19071,138,True,False,False,False,True,True,False,False,False,False,False,False,False,False,Samedi-06-08h,OUI,Samedi,2020-03-28 06:00
19072,224,True,False,True,False,False,False,False,False,False,False,False,False,False,False,Samedi-06-08h,OUI,Samedi,2020-03-28 06:00
19073,66,False,False,False,False,True,True,False,False,False,False,False,False,True,False,Samedi-06-08h,OUI,Samedi,2020-03-28 06:00
19074,211,False,False,True,False,False,False,False,False,False,False,False,False,True,False,Samedi-06-08h,NON,Samedi,2020-03-28 06:00
19075,14,False,False,False,False,True,True,False,False,False,False,False,False,False,False,Samedi-06-08h,NON,Samedi,2020-03-28 06:00
19076,145,False,False,False,False,True,False,False,False,False,False,False,False,False,False,Samedi-06-08h,NON,Samedi,2020-03-28 06:00
19077,36,False,False,False,False,False,False,False,False,False,False,False,True,False,False,Samedi-06-08h,NON,Samedi,2020-03-28 06:00
19078,60,True,True,True,False,False,True,False,False,False,False,False,False,False,False,Samedi-06-08h,NON,Samedi,2020-03-28 06:00
19079,137,True,True,True,False,False,True,False,False,False,False,True,False,False,False,Samedi-06-08h,OUI,Samedi,2020-03-28 06:00
19080,285,False,True,False,False,True,True,False,False,False,False,False,False,False,False,Samedi-06-08h,OUI,Samedi,2020-03-28 06:00
19081,40,False,True,True,False,True,True,False,False,False,False,False,False,False,False,Samedi-06-08h,OUI,Samedi,2020-03-28 06:00
19082,97,False,False,False,False,False,True,False,False,False,False,False,False,False,False,Samedi-06-08h,OUI,Samedi,2020-03-28 06:00
19083,109,True,False,True,True,False,False,False,False,False,False,False,False,False,False,Samedi-06-08h,NON,Samedi,2020-03-28 06:00
19084,10,False,False,False,False,False,False,False,False,False,False,False,False,False,False,Samedi-06-08h,NON,Samedi,2020-03-28 06:00
19085,256,False,False,False,False,False,False,False,False,False,False,False,True,False,False,Samedi-06-08h,NON,Samedi,2020-03-28 06:00
19086,141,True,True,True,False,False,False,False,False,False,False,True,False,False,False,Samedi-06-08h,NON,Samedi,2020-03-28 06:00
19087,28,False,False,False,False,False,False,False,False,False,False,False,False,False,False,Samedi-06-08h,NON,Samedi,2020-03-28 06:00
19088,101,True,True,True,True,True,True,False,False,False,False,False,False,False,False,Samedi-06-08h,OUI,Samedi,2020-03-28 06:00
19089,48,True,False,True,False,True,False,False,False,False,False,False,False,True,False,Samedi-06-08h,OUI,Samedi,2020-03-28 06:00
19090,27,False,False,False,False,False,True,False,False,False,False,False,False,False,False,Samedi-06-08h,OUI,Samedi,2020-03-28 06:00
19091,142,True,False,True,False,False,False,False,False,False,False,True,False,True,False,Samedi-06-08h,NON,Samedi,2020-03-28 06:00
19092,234,False,False,True,False,False,False,False,False,False,False,True,False,False,False,Samedi-06-08h,OUI,Samedi,2020-03-28 06:00
19093,23,False,False,False,False,True,False,False,False,False,False,False,False,False,False,Samedi-06-08h,NON,Samedi,2020-03-28 06:00
19094,195,False,False,False,False,True,False,False,False,True,False,False,False,False,False,Samedi-06-08h,NON,Samedi,2020-03-28 06:00
19095,275,False,False,False,False,False,False,False,False,False,False,False,True,False,False,Samedi-06-08h,NON,Samedi,2020-03-28 06:00
19096,226,False,False,False,False,True,True,False,False,False,False,False,False,False,False,Samedi-06-08h,NON,Samedi,2020-03-28 06:00
19097,207,False,False,True,False,False,False,False,False,False,False,False,False,False,False,Samedi-06-08h,OUI,Samedi,2020-03-28 06:00
19098,57,False,False,False,False,False,False,False,False,False,False,False,False,False,False,Samedi-06-08h,NON,Samedi,2020-03-28 06:00
19099,4,False,True,False,False,False,True,False,False,False,False,False,False,False,False,Samedi-06-08h,NON,Samedi,2020-03-28 06:00
19100,265,False,False,False,False,False,True,False,False,False,False,False,False,False,False,Samedi-06-08h,NON,Samedi,2020-03-28 06:00
19101,88,False,True,False,False,False,False,False,False,False,False,False,False,False,False,Samedi-06-08h,NON,Samedi,2020-03-28 06:00
19102,198,False,False,False,False,False,False,False,False,False,False,True,False,False,False,Samedi-06-08h,NON,Samedi,2020-03-28 06:00
19103,249,True,True,True,False,False,False,False,False,False,False,False,False,False,False,Samedi-06-08h,NON,Samedi,2020-03-28 06:00
19104,263,False,False,False,False,True,True,False,False,False,False,False,False,False,False,Samedi-06-08h,NON,Samedi,2020-03-28 06:00
19105,217,True,False,True,False,False,False,False,False,False,False,False,False,True,False,Samedi-06-08h,OUI,Samedi,2020-03-28 06:00
19106,278,False,False,False,False,True,True,False,False,False,False,False,False,False,False,Samedi-06-08h,NON,Samedi,2020-03-28 06:00
19107,189,False,True,False,False,False,False,False,False,False,False,False,False,False,False,Samedi-06-08h,NON,Samedi,2020-03-28 06:00
19108,61,True,False,True,False,False,False,False,False,False,False,False,False,False,False,Samedi-06-08h,OUI,Samedi,2020-03-28 06:00
19109,251,False,False,False,False,False,False,False,False,False,False,False,False,True,False,Samedi-06-08h,OUI,Samedi,2020-03-28 06:00
19110,281,False,True,False,False,False,False,False,False,False,False,False,False,False,False,Samedi-06-08h,NON,Samedi,2020-03-28 06:00
19111,134,False,True,False,False,False,False,False,False,False,False,False,False,False,False,Samedi-06-08h,OUI,Samedi,2020-03-28 06:00
19112,293,False,True,False,False,False,True,False,False,False,False,False,False,False,False,Samedi-06-08h,NON,Samedi,2020-03-28 06:00
19113,279,True,True,True,True,False,True,False,False,False,False,False,False,False,False,Samedi-06-08h,NON,Samedi,2020-03-28 06:00
19114,81,True,False,True,True,False,False,False,True,False,False,False,False,False,False,Samedi-06-08h,OUI,Samedi,2020-03-28 06:00
19115,92,True,False,False,True,False,False,False,False,False,False,True,False,False,False,Samedi-06-08h,NON,Samedi,2020-03-28 06:00
19116,147,False,False,False,False,False,False,False,False,False,False,False,False,False,False,Samedi-06-08h,NON,Samedi,2020-03-28 06:00
19117,33,False,True,False,False,True,False,False,False,False,False,False,False,False,False,Samedi-06-08h,NON,Samedi,2020-03-28 06:00
19118,266,False,False,False,False,False,False,False,False,False,False,False,False,False,False,Samedi-06-08h,NON,Samedi,2020-03-28 06:00
19119,225,True,False,False,False,False,True,False,False,False,False,False,False,False,False,Samedi-06-08h,OUI,Samedi,2020-03-28 06:00
19120,83,True,False,True,False,False,False,False,False,False,False,False,False,False,False,Samedi-06-08h,NON,Samedi,2020-03-28 06:00
19121,95,False,False,False,False,True,True,False,True,False,False,False,False,False,False,Samedi-06-08h,NON,Samedi,2020-03-28 06:00
19122,127,False,False,False,False,True,False,False,False,False,False,False,False,False,False,Samedi-06-08h,NON,Samedi,2020-03-28 06:00
19123,20,False,False,False,False,False,False,False,False,False,False,False,False,False,False,Samedi-06-08h,NON,Samedi,2020-03-28 06:00
19124,89,False,False,False,False,False,False,False,False,True,False,False,False,False,False,Samedi-06-08h,OUI,Samedi,2020-03-28 06:00
19125,120,False,True,True,False,True,True,False,True,False,False,True,False,False,False,Samedi-06-08h,OUI,Samedi,2020-03-28 06:00
19126,253,False,False,False,False,True,True,False,False,False,False,False,True,False,False,Samedi-06-08h,OUI,Samedi,2020-03-28 06:00
19127,52,False,False,True,False,False,False,False,False,False,False,False,False,False,False,Samedi-06-08h,OUI,Samedi,2020-03-28 06:00
19128,168,True,False,True,False,False,False,False,True,False,False,False,False,False,False,Samedi-06-08h,OUI,Samedi,2020-03-28 06:00
19129,202,False,True,False,False,False,False,False,False,False,False,False,False,False,False,Samedi-06-08h,OUI,Samedi,2020-03-28 06:00
19130,172,False,False,False,False,True,False,False,False,False,False,False,False,False,False,Samedi-06-08h,OUI,Samedi,2020-03-28 06:00
19131,239,False,False,False,False,True,True,False,False,False,False,False,False,False,False,Samedi-06-08h,NON,Samedi,2020-03-28 06:00
19132,85,False,False,False,False,True,False,False,False,False,False,False,False,False,False,Samedi-06-08h,NON,Samedi,2020-03-28 06:00
19133,215,False,False,False,False,False,False,False,False,True,False,False,False,False,False,Samedi-06-08h,OUI,Samedi,2020-03-28 06:00
19134,260,True,False,True,False,False,False,False,False,False,False,False,False,False,False,Samedi-06-08h,NON,Samedi,2020-03-28 06:00
19135,286,True,True,False,False,True,False,False,False,False,False,False,False,False,False,Samedi-06-08h,NON,Samedi,2020-03-28 06:00
19136,72,False,True,False,False,False,False,False,False,False,False,False,False,False,False,Samedi-08-10h,OUI,Samedi,2020-03-28 08:00
19137,167,True,True,True,True,True,True,False,False,False,False,False,False,False,False,Samedi-08-10h,OUI,Samedi,2020-03-28 08:00
19138,130,True,False,True,False,False,False,False,True,False,False,False,False,True,True,Samedi-08-10h,NON,Samedi,2020-03-28 08:00
19139,288,True,True,True,False,True,False,False,False,False,False,False,False,False,False,Samedi-08-10h,NON,Samedi,2020-03-28 08:00
19140,59,False,False,False,False,False,True,False,False,False,False,False,False,False,False,Samedi-08-10h,OUI,Samedi,2020-03-28 08:00
19141,178,True,False,False,False,False,False,False,False,False,False,True,False,False,False,Samedi-08-10h,OUI,Samedi,2020-03-28 08:00
19142,254,False,False,False,False,False,False,False,False,False,False,False,True,False,False,Samedi-08-10h,NON,Samedi,2020-03-28 08:00
19143,34,False,False,False,False,False,False,False,False,False,False,False,False,False,False,Samedi-08-10h,NON,Samedi,2020-03-28 08:00
19144,264,False,False,False,False,True,True,True,False,False,False,False,False,False,False,Samedi-08-10h,OUI,Samedi,2020-03-28 08:00
19145,158,True,False,False,False,True,False,False,False,False,True,False,False,False,False,Samedi-08-10h,NON,Samedi,2020-03-28 08:00
19146,210,False,True,False,False,True,True,False,False,False,False,False,False,False,False,Samedi-08-10h,OUI,Samedi,2020-03-28 08:00
19147,93,False,False,False,False,True,False,False,False,False,False,False,False,True,False,Samedi-08-10h,OUI,Samedi,2020-03-28 08:00
19148,144,True,False,True,False,True,False,False,False,False,False,False,False,False,False,Samedi-08-10h,OUI,Samedi,2020-03-28 08:00
19149,164,False,True,False,False,True,True,False,False,False,False,False,False,False,False,Samedi-08-10h,OUI,Samedi,2020-03-28 08:00
19150,289,False,False,False,False,True,True,False,False,False,False,False,False,False,False,Samedi-08-10h,OUI,Samedi,2020-03-28 08:00
19151,50,False,False,False,False,False,False,False,False,False,False,False,False,False,False,Samedi-08-10h,NON,Samedi,2020-03-28 08:00
19152,51,True,True,False,False,True,False,False,False,False,False,False,False,False,False,Samedi-08-10h,OUI,Samedi,2020-03-28 08:00
19153,247,False,False,True,False,False,False,False,False,False,False,False,False,False,False,Samedi-08-10h,OUI,Samedi,2020-03-28 08:00
19154,159,False,False,False,False,False,False,False,True,False,False,False,False,False,False,Samedi-08-10h,NON,Samedi,2020-03-28 08:00
19155,54,False,False,False,False,False,True,False,False,False,False,False,False,False,False,Samedi-08-10h,NON,Samedi,2020-03-28 08:00
19156,55,True,False,False,False,True,True,False,True,False,False,False,False,False,False,Samedi-08-10h,OUI,Samedi,2020-03-28 08:00
19157,257,False,False,False,False,True,False,False,False,False,False,False,False,False,False,Samedi-08-10h,NON,Samedi,2020-03-28 08:00
19158,67,False,False,False,False,False,False,False,False,False,False,False,False,False,False,Samedi-08-10h,NON,Samedi,2020-03-28 08:00
19159,71,True,False,True,False,False,False,False,False,False,False,False,False,False,False,Samedi-08-10h,NON,Samedi,2020-03-28 08:00
19160,280,False,False,False,False,False,True,False,False,False,False,False,False,False,False,Samedi-08-10h,OUI,Samedi,2020-03-28 08:00
19161,283,True,True,False,False,False,False,False,False,False,False,False,False,False,False,Samedi-08-10h,OUI,Samedi,2020-03-28 08:00
19162,154,False,False,False,False,True,True,False,False,False,False,False,True,False,False,Samedi-08-10h,NON,Samedi,2020-03-28 08:00
19163,171,False,False,False,False,False,False,False,False,False,False,False,True,False,False,Samedi-08-10h,NON,Samedi,2020-03-28 08:00
19164,131,False,False,True,False,False,False,False,False,False,False,False,False,False,False,Samedi-08-10h,NON,Samedi,2020-03-28 08:00
19165,237,True,False,False,False,False,True,True,False,False,False,False,False,True,False,Samedi-08-10h,OUI,Samedi,2020-03-28 08:00
19166,75,False,False,False,False,True,True,False,False,False,False,False,False,False,False,Samedi-08-10h,NON,Samedi,2020-03-28 08:00
19167,235,True,False,False,False,True,False,False,False,False,False,False,False,False,False,Samedi-08-10h,OUI,Samedi,2020-03-28 08:00
19168,180,False,False,False,False,True,True,False,False,False,False,False,False,False,False,Samedi-08-10h,OUI,Samedi,2020-03-28 08:00
19169,219,False,False,False,False,False,True,False,False,False,False,False,False,False,False,Samedi-08-10h,OUI,Samedi,2020-03-28 08:00
19170,250,False,False,False,False,False,False,False,False,True,False,False,False,False,False,Samedi-08-10h,NON,Samedi,2020-03-28 08:00
19171,267,True,True,False,False,False,False,False,False,False,False,False,False,False,False,Samedi-08-10h,OUI,Samedi,2020-03-28 08:00
19172,160,False,True,False,False,False,True,False,False,False,False,False,False,False,False,Samedi-08-10h,OUI,Samedi,2020-03-28 08:00
19173,182,False,True,False,False,True,True,True,False,False,False,False,False,False,False,Samedi-08-10h,OUI,Samedi,2020-03-28 08:00
19174,143,False,False,False,False,False,False,False,True,False,False,True,False,False,False,Samedi-08-10h,OUI,Samedi,2020-03-28 08:00
19175,223,True,True,False,False,False,False,False,False,False,False,False,False,False,False,Samedi-08-10h,OUI,Samedi,2020-03-28 08:00
19176,192,True,False,True,False,False,False,False,False,False,False,False,False,False,False,Samedi-08-10h,OUI,Samedi,2020-03-28 08:00
19177,30,False,False,True,False,False,False,False,True,False,False,False,False,False,False,Samedi-08-10h,OUI,Samedi,2020-03-28 08:00
19178,125,True,False,False,False,True,False,False,True,False,False,False,False,False,False,Samedi-08-10h,OUI,Samedi,2020-03-28 08:00
19179,39,False,False,True,False,True,False,False,True,False,False,False,False,False,False,Samedi-08-10h,OUI,Samedi,2020-03-28 08:00
19180,113,True,False,True,False,False,False,False,False,False,False,False,False,False,False,Samedi-08-10h,OUI,Samedi,2020-03-28 08:00
19181,121,True,False,True,False,False,False,False,True,False,False,False,False,False,False,Samedi-08-10h,NON,Samedi,2020-03-28 08:00
19182,228,False,False,False,False,False,False,False,False,False,False,True,False,False,False,Samedi-08-10h,OUI,Samedi,2020-03-28 08:00
19183,290,False,False,False,False,False,False,False,False,True,False,False,False,False,False,Samedi-08-10h,OUI,Samedi,2020-03-28 08:00
19184,197,False,False,True,False,True,False,False,False,False,False,False,False,False,False,Samedi-08-10h,NON,Samedi,2020-03-28 08:00
19185,31,True,True,True,False,False,True,False,False,False,False,False,False,False,False,Samedi-08-10h,OUI,Samedi,2020-03-28 08:00
19186,173,True,False,False,False,True,True,False,True,False,False,False,False,False,False,Samedi-08-10h,OUI,Samedi,2020-03-28 08:00
19187,74,True,False,False,True,False,False,False,True,False,False,True,False,False,False,Samedi-08-10h,NON,Samedi,2020-03-28 08:00
19188,15,False,False,True,False,False,False,False,False,False,False,False,False,False,False,Samedi-08-10h,OUI,Samedi,2020-03-28 08:00
19189,45,True,False,False,False,True,True,False,True,False,False,False,False,False,False,Samedi-08-10h,OUI,Samedi,2020-03-28 08:00
19190,63,False,False,True,False,False,False,False,False,False,False,False,False,False,False,Samedi-08-10h,OUI,Samedi,2020-03-28 08:00
19191,3,False,False,False,False,False,True,False,False,False,False,False,True,False,False,Samedi-08-10h,OUI,Samedi,2020-03-28 08:00
19192,21,True,False,True,False,False,False,False,False,False,False,False,False,False,False,Samedi-08-10h,OUI,Samedi,2020-03-28 08:00
19193,78,False,True,True,False,True,True,False,True,False,False,False,False,False,False,Samedi-08-10h,OUI,Samedi,2020-03-28 08:00
19194,47,False,True,False,False,False,False,False,False,False,False,False,False,False,False,Samedi-08-10h,OUI,Samedi,2020-03-28 08:00
19195,151,True,True,False,False,True,False,False,True,False,False,False,False,False,False,Samedi-08-10h,OUI,Samedi,2020-03-28 08:00
19196,6,True,False,True,False,False,False,False,False,False,False,False,False,False,False,Samedi-08-10h,OUI,Samedi,2020-03-28 08:00
19197,135,True,False,True,False,False,False,False,False,False,False,False,False,True,False,Samedi-08-10h,OUI,Samedi,2020-03-28 08:00
19198,221,False,False,False,False,True,True,False,False,False,False,False,False,False,False,Samedi-08-10h,OUI,Samedi,2020-03-28 08:00
19199,170,False,False,True,False,False,False,False,False,False,False,True,False,False,True,Samedi-08-10h,NON,Samedi,2020-03-28 08:00
19200,129,False,True,False,False,False,False,False,False,False,False,False,False,False,False,Samedi-08-10h,OUI,Samedi,2020-03-28 08:00
19201,132,True,True,True,False,False,True,False,False,False,False,False,False,False,False,Samedi-08-10h,OUI,Samedi,2020-03-28 08:00
19202,110,False,True,False,False,False,False,False,False,False,False,False,False,False,False,Samedi-08-10h,OUI,Samedi,2020-03-28 08:00
19203,191,False,False,False,False,False,True,False,False,False,False,False,False,False,False,Samedi-08-10h,OUI,Samedi,2020-03-28 08:00
19204,94,True,True,True,False,False,True,False,False,False,False,True,False,True,False,Samedi-08-10h,NON,Samedi,2020-03-28 08:00
19205,108,False,False,False,False,False,True,True,False,False,False,False,False,False,False,Samedi-08-10h,OUI,Samedi,2020-03-28 08:00
19206,236,False,False,False,False,True,True,False,False,False,False,False,False,False,False,Samedi-08-10h,OUI,Samedi,2020-03-28 08:00
19207,42,True,False,True,False,True,False,False,False,False,False,False,False,False,False,Samedi-08-10h,NON,Samedi,2020-03-28 08:00
19208,155,True,False,False,False,True,False,False,False,False,False,False,False,False,False,Samedi-08-10h,OUI,Samedi,2020-03-28 08:00
19209,1,False,False,False,False,False,False,False,False,False,False,False,False,False,False,Samedi-08-10h,NON,Samedi,2020-03-28 08:00
19210,58,False,True,True,False,False,True,False,False,False,False,True,False,False,False,Samedi-08-10h,OUI,Samedi,2020-03-28 08:00
19211,0,False,True,False,False,False,False,False,False,False,False,False,False,False,False,Samedi-08-10h,OUI,Samedi,2020-03-28 08:00
19212,269,False,False,False,False,False,False,False,False,False,False,False,False,False,False,Samedi-08-10h,NON,Samedi,2020-03-28 08:00
19213,2,True,False,True,False,False,False,False,False,False,False,False,False,False,False,Samedi-08-10h,OUI,Samedi,2020-03-28 08:00
19214,103,False,False,False,False,True,False,False,False,False,False,False,False,False,False,Samedi-08-10h,OUI,Samedi,2020-03-28 08:00
19215,12,False,True,False,False,True,False,False,False,False,False,False,False,False,False,Samedi-08-10h,OUI,Samedi,2020-03-28 08:00
19216,245,True,False,False,False,True,True,False,True,False,False,False,False,False,False,Samedi-08-10h,OUI,Samedi,2020-03-28 08:00
19217,161,False,False,True,False,False,False,False,False,False,False,True,False,False,False,Samedi-08-10h,OUI,Samedi,2020-03-28 08:00
19218,38,False,False,False,False,False,False,False,False,True,False,False,False,False,False,Samedi-08-10h,NON,Samedi,2020-03-28 08:00
19219,122,False,False,False,False,False,False,False,False,False,False,False,False,False,False,Samedi-08-10h,NON,Samedi,2020-03-28 08:00
19220,248,False,False,True,False,False,False,False,False,False,False,False,False,True,False,Samedi-08-10h,OUI,Samedi,2020-03-28 08:00
19221,271,False,True,True,False,False,True,False,False,False,False,False,False,False,False,Samedi-08-10h,OUI,Samedi,2020-03-28 08:00
19222,116,False,False,True,False,False,False,False,False,False,False,False,False,False,False,Samedi-08-10h,OUI,Samedi,2020-03-28 08:00
19223,117,True,True,True,True,False,True,False,False,False,False,False,False,False,False,Samedi-08-10h,NON,Samedi,2020-03-28 08:00
19224,213,False,False,False,False,True,True,False,True,False,False,False,False,False,False,Samedi-08-10h,NON,Samedi,2020-03-28 08:00
19225,220,False,True,True,False,False,True,False,False,False,False,False,False,False,False,Samedi-08-10h,OUI,Samedi,2020-03-28 08:00
19226,176,False,False,True,False,False,False,False,False,False,False,False,False,False,False,Samedi-08-10h,OUI,Samedi,2020-03-28 08:00
19227,96,False,False,False,False,True,True,False,False,False,True,False,False,False,False,Samedi-08-10h,NON,Samedi,2020-03-28 08:00
19228,214,False,False,False,False,True,True,False,False,False,True,False,False,False,False,Samedi-08-10h,OUI,Samedi,2020-03-28 08:00
19229,11,True,False,False,True,False,False,False,False,False,False,True,False,False,False,Samedi-08-10h,OUI,Samedi,2020-03-28 08:00
19230,255,True,False,True,False,False,False,False,True,False,False,False,False,False,False,Samedi-08-10h,OUI,Samedi,2020-03-28 08:00
19231,86,False,False,True,False,False,False,False,False,False,False,False,False,False,False,Samedi-08-10h,OUI,Samedi,2020-03-28 08:00
19232,209,True,False,False,False,True,True,False,True,False,False,False,False,False,False,Samedi-08-10h,OUI,Samedi,2020-03-28 08:00
19233,291,False,False,False,False,False,True,False,False,True,False,False,False,False,False,Samedi-08-10h,NON,Samedi,2020-03-28 08:00
19234,287,False,False,False,False,False,False,False,False,False,False,False,True,False,False,Samedi-08-10h,OUI,Samedi,2020-03-28 08:00
19235,104,False,False,False,False,True,True,False,False,False,False,False,False,False,False,Samedi-08-10h,OUI,Samedi,2020-03-28 08:00
19236,18,False,False,False,False,True,False,False,False,False,False,False,False,False,False,Samedi-08-10h,OUI,Samedi,2020-03-28 08:00
19237,123,False,True,False,False,True,True,False,False,False,False,False,False,False,False,Samedi-08-10h,NON,Samedi,2020-03-28 08:00
19238,136,False,False,False,False,True,False,False,False,False,False,False,False,False,False,Samedi-08-10h,OUI,Samedi,2020-03-28 08:00
19239,276,True,False,True,False,False,False,False,False,False,False,False,False,False,False,Samedi-08-10h,OUI,Samedi,2020-03-28 08:00
19240,53,False,False,False,False,True,True,False,False,False,False,False,False,False,False,Samedi-08-10h,OUI,Samedi,2020-03-28 08:00
19241,179,True,False,True,False,False,False,False,False,False,False,False,False,False,False,Samedi-08-10h,OUI,Samedi,2020-03-28 08:00
19242,200,False,False,False,False,False,False,False,False,False,False,False,False,False,False,Samedi-08-10h,NON,Samedi,2020-03-28 08:00
19243,73,False,False,False,False,False,False,False,False,False,False,False,False,False,False,Samedi-08-10h,NON,Samedi,2020-03-28 08:00
19244,156,False,False,False,False,True,True,False,False,False,False,False,False,False,False,Samedi-08-10h,NON,Samedi,2020-03-28 08:00
19245,128,True,True,True,False,False,True,False,False,False,False,False,False,False,False,Samedi-08-10h,OUI,Samedi,2020-03-28 08:00
19246,118,False,False,False,False,False,False,False,False,False,False,False,False,False,False,Samedi-08-10h,NON,Samedi,2020-03-28 08:00
19247,112,True,False,True,False,False,False,False,False,False,False,False,False,False,False,Samedi-08-10h,OUI,Samedi,2020-03-28 08:00
19248,35,False,False,False,False,True,True,False,False,False,False,False,False,False,False,Samedi-08-10h,NON,Samedi,2020-03-28 08:00
19249,32,False,False,False,False,False,False,False,False,False,False,False,True,False,False,Samedi-08-10h,NON,Samedi,2020-03-28 08:00
19250,199,True,False,True,False,False,False,False,False,False,False,False,False,False,False,Samedi-08-10h,OUI,Samedi,2020-03-28 08:00
19251,153,True,False,False,False,True,True,False,False,False,False,False,False,False,False,Samedi-08-10h,NON,Samedi,2020-03-28 08:00
19252,82,False,False,True,False,False,False,False,False,False,False,False,False,False,False,Samedi-08-10h,OUI,Samedi,2020-03-28 08:00
19253,292,False,True,False,False,False,False,False,False,False,False,False,False,False,False,Samedi-08-10h,OUI,Samedi,2020-03-28 08:00
19254,169,False,False,False,True,False,False,False,False,False,False,False,False,False,False,Samedi-08-10h,NON,Samedi,2020-03-28 08:00
19255,16,False,False,False,False,True,True,False,False,False,False,False,False,False,False,Samedi-08-10h,OUI,Samedi,2020-03-28 08:00
19256,46,True,True,True,False,False,True,True,False,False,False,False,False,False,False,Samedi-08-10h,OUI,Samedi,2020-03-28 08:00
19257,216,False,True,False,False,False,True,False,False,False,False,False,False,False,False,Samedi-08-10h,OUI,Samedi,2020-03-28 08:00
19258,174,False,True,True,False,False,True,False,False,False,False,True,False,False,False,Samedi-08-10h,NON,Samedi,2020-03-28 08:00
19259,43,False,False,False,False,True,False,False,False,False,False,False,False,False,False,Samedi-08-10h,NON,Samedi,2020-03-28 08:00
19260,165,False,False,False,False,True,True,False,False,False,False,False,False,False,False,Samedi-08-10h,OUI,Samedi,2020-03-28 08:00
19261,126,False,True,False,False,False,True,False,False,False,False,False,False,False,False,Samedi-08-10h,OUI,Samedi,2020-03-28 08:00
19262,41,False,False,False,False,False,True,False,False,True,False,False,False,False,False,Samedi-08-10h,NON,Samedi,2020-03-28 08:00
19263,157,False,False,True,False,False,False,False,False,False,False,False,False,False,False,Samedi-08-10h,OUI,Samedi,2020-03-28 08:00
19264,272,False,True,True,False,False,False,True,False,False,False,True,False,True,True,Samedi-08-10h,OUI,Samedi,2020-03-28 08:00
19265,115,True,False,True,False,False,False,False,False,False,False,False,False,False,False,Samedi-08-10h,OUI,Samedi,2020-03-28 08:00
19266,84,False,False,False,False,False,False,False,False,False,False,False,True,False,False,Samedi-08-10h,OUI,Samedi,2020-03-28 08:00
19267,183,True,True,True,True,False,False,False,False,False,False,False,False,False,False,Samedi-08-10h,NON,Samedi,2020-03-28 08:00
19268,65,True,True,False,False,False,True,False,False,False,False,False,False,False,False,Samedi-08-10h,OUI,Samedi,2020-03-28 08:00
19269,105,True,False,False,False,False,False,False,False,False,False,False,False,False,False,Samedi-08-10h,OUI,Samedi,2020-03-28 08:00
19270,187,True,False,False,False,False,True,False,False,False,False,False,False,False,False,Samedi-08-10h,OUI,Samedi,2020-03-28 08:00
19271,139,True,False,True,False,False,False,False,False,False,False,False,False,False,False,Samedi-08-10h,NON,Samedi,2020-03-28 08:00
19272,259,False,False,False,False,True,True,False,False,False,False,False,False,False,False,Samedi-08-10h,NON,Samedi,2020-03-28 08:00
19273,124,True,False,True,False,False,False,False,False,False,False,True,False,False,False,Samedi-08-10h,NON,Samedi,2020-03-28 08:00
19274,98,False,False,False,False,False,True,False,False,False,False,False,True,False,False,Samedi-08-10h,OUI,Samedi,2020-03-28 08:00
19275,284,False,True,True,False,False,True,False,False,False,False,False,False,True,False,Samedi-08-10h,OUI,Samedi,2020-03-28 08:00
19276,148,True,False,True,False,True,False,False,True,False,False,False,False,False,False,Samedi-08-10h,OUI,Samedi,2020-03-28 08:00
19277,258,True,False,True,False,False,False,False,False,False,False,False,False,False,False,Samedi-08-10h,OUI,Samedi,2020-03-28 08:00
19278,175,False,False,False,False,False,True,False,False,False,False,False,False,False,False,Samedi-08-10h,NON,Samedi,2020-03-28 08:00
19279,119,False,False,False,False,False,False,False,False,False,False,True,False,False,False,Samedi-08-10h,NON,Samedi,2020-03-28 08:00
19280,229,True,False,True,False,False,False,False,True,False,False,False,False,False,False,Samedi-08-10h,NON,Samedi,2020-03-28 08:00
19281,230,False,False,False,False,False,True,True,False,False,False,False,False,False,False,Samedi-08-10h,NON,Samedi,2020-03-28 08:00
19282,17,True,False,False,False,False,True,True,False,False,False,False,False,False,False,Samedi-08-10h,OUI,Samedi,2020-03-28 08:00
19283,177,False,False,False,False,False,False,False,False,False,False,False,False,False,False,Samedi-08-10h,NON,Samedi,2020-03-28 08:00
19284,7,False,False,False,False,False,False,False,False,False,False,False,False,False,False,Samedi-08-10h,NON,Samedi,2020-03-28 08:00
19285,241,False,False,True,False,False,False,False,False,False,False,False,False,False,False,Samedi-08-10h,NON,Samedi,2020-03-28 08:00
19286,8,True,False,False,False,True,True,False,True,False,False,False,False,False,False,Samedi-08-10h,OUI,Samedi,2020-03-28 08:00
19287,268,False,True,False,False,False,True,False,False,False,False,False,False,False,False,Samedi-08-10h,OUI,Samedi,2020-03-28 08:00
19288,294,False,False,True,False,True,False,False,False,False,False,False,False,False,False,Samedi-08-10h,OUI,Samedi,2020-03-28 08:00
19289,242,True,False,False,False,True,True,False,False,False,False,False,False,False,False,Samedi-08-10h,NON,Samedi,2020-03-28 08:00
19290,194,False,False,False,False,False,True,False,False,False,False,False,False,False,False,Samedi-08-10h,NON,Samedi,2020-03-28 08:00
19291,243,False,False,False,False,True,True,False,False,False,False,False,False,False,False,Samedi-08-10h,OUI,Samedi,2020-03-28 08:00
19292,212,True,True,True,False,False,True,False,False,False,False,False,False,False,False,Samedi-08-10h,OUI,Samedi,2020-03-28 08:00
19293,19,False,False,False,False,False,True,False,False,False,False,False,False,False,False,Samedi-08-10h,OUI,Samedi,2020-03-28 08:00
19294,114,False,False,False,False,True,False,False,False,False,False,False,False,False,False,Samedi-08-10h,OUI,Samedi,2020-03-28 08:00
19295,190,False,False,False,False,False,True,False,False,True,False,False,False,False,False,Samedi-08-10h,NON,Samedi,2020-03-28 08:00
19296,64,False,False,True,False,False,False,False,False,False,False,False,False,False,False,Samedi-08-10h,OUI,Samedi,2020-03-28 08:00
19297,227,False,False,False,False,False,False,False,False,False,False,False,False,False,False,Samedi-08-10h,NON,Samedi,2020-03-28 08:00
19298,232,False,False,False,False,False,True,False,False,False,False,False,False,False,False,Samedi-08-10h,OUI,Samedi,2020-03-28 08:00
19299,246,False,True,False,False,False,True,True,False,False,False,False,False,False,False,Samedi-08-10h,OUI,Samedi,2020-03-28 08:00
19300,100,False,False,False,False,False,True,False,False,False,False,False,False,False,False,Samedi-08-10h,OUI,Samedi,2020-03-28 08:00
19301,13,False,False,False,False,True,False,False,False,False,False,False,False,False,False,Samedi-08-10h,OUI,Samedi,2020-03-28 08:00
19302,262,True,True,True,False,False,False,False,False,False,False,False,False,False,False,Samedi-08-10h,NON,Samedi,2020-03-28 08:00
19303,76,True,True,True,False,False,True,False,False,False,False,True,False,False,False,Samedi-08-10h,NON,Samedi,2020-03-28 08:00
19304,261,False,True,False,False,True,False,False,False,False,False,False,False,False,False,Samedi-08-10h,NON,Samedi,2020-03-28 08:00
19305,150,False,True,False,False,False,False,False,False,False,False,False,False,False,False,Samedi-08-10h,OUI,Samedi,2020-03-28 08:00
19306,205,False,False,False,False,False,False,False,False,False,False,False,False,False,False,Samedi-08-10h,NON,Samedi,2020-03-28 08:00
19307,56,False,False,False,False,True,True,False,False,False,False,False,False,False,False,Samedi-08-10h,OUI,Samedi,2020-03-28 08:00
19308,186,False,False,False,False,True,False,False,False,False,False,False,False,False,False,Samedi-08-10h,OUI,Samedi,2020-03-28 08:00
19309,162,True,False,False,False,True,True,False,False,False,False,False,False,False,False,Samedi-08-10h,OUI,Samedi,2020-03-28 08:00
19310,68,False,True,False,False,True,True,False,False,False,False,False,False,False,False,Samedi-08-10h,OUI,Samedi,2020-03-28 08:00
19311,146,False,False,False,False,False,True,False,False,False,False,False,True,False,False,Samedi-08-10h,OUI,Samedi,2020-03-28 08:00
19312,49,False,False,False,False,False,False,False,False,False,False,False,False,True,False,Samedi-08-10h,OUI,Samedi,2020-03-28 08:00
19313,91,True,False,True,True,False,False,False,False,False,False,False,False,False,False,Samedi-08-10h,OUI,Samedi,2020-03-28 08:00
19314,22,False,False,False,False,False,False,False,False,False,True,False,False,False,False,Samedi-08-10h,NON,Samedi,2020-03-28 08:00
19315,151,False,False,False,False,True,False,False,False,False,False,False,False,False,False,Samedi-08-10h,OUI,Samedi,2020-03-28 08:00
19316,193,False,False,False,False,True,True,False,False,False,False,False,False,False,False,Samedi-08-10h,OUI,Samedi,2020-03-28 08:00
19317,9,True,True,False,False,False,False,False,False,False,False,False,False,False,False,Samedi-08-10h,OUI,Samedi,2020-03-28 08:00
19318,99,True,False,True,False,False,False,False,False,False,False,False,False,False,False,Samedi-08-10h,NON,Samedi,2020-03-28 08:00
19319,181,False,False,False,False,True,True,False,False,False,False,False,False,False,False,Samedi-08-10h,OUI,Samedi,2020-03-28 08:00
19320,111,False,False,False,False,False,True,False,True,False,False,False,False,False,False,Samedi-08-10h,OUI,Samedi,2020-03-28 08:00
19321,44,False,True,False,False,False,True,False,False,False,False,False,False,False,False,Samedi-08-10h,NON,Samedi,2020-03-28 08:00
19322,24,False,False,False,False,True,False,False,True,False,False,False,False,False,False,Samedi-08-10h,NON,Samedi,2020-03-28 08:00
19323,102,False,False,False,False,True,True,False,True,False,False,False,False,False,False,Samedi-08-10h,OUI,Samedi,2020-03-28 08:00
19324,203,True,True,False,False,False,False,False,True,False,False,False,False,False,False,Samedi-08-10h,OUI,Samedi,2020-03-28 08:00
19325,140,False,False,False,False,True,True,False,True,False,False,False,False,False,False,Samedi-08-10h,NON,Samedi,2020-03-28 08:00
19326,188,False,False,False,False,False,True,False,False,True,False,False,False,False,False,Samedi-08-10h,NON,Samedi,2020-03-28 08:00
19327,206,False,False,False,True,False,False,False,False,False,False,True,False,False,False,Samedi-08-10h,NON,Samedi,2020-03-28 08:00
19328,273,False,False,False,False,False,False,False,False,False,False,False,True,False,False,Samedi-08-10h,OUI,Samedi,2020-03-28 08:00
19329,69,True,False,True,False,False,False,False,False,False,False,False,False,False,False,Samedi-08-10h,NON,Samedi,2020-03-28 08:00
19330,87,True,False,False,True,False,False,False,False,False,False,True,False,False,False,Samedi-08-10h,NON,Samedi,2020-03-28 08:00
19331,83,True,False,True,False,False,False,False,False,False,False,False,False,False,False,Samedi-08-10h,NON,Samedi,2020-03-28 08:00
19332,149,True,False,True,True,False,False,False,False,False,False,False,False,False,False,Samedi-08-10h,OUI,Samedi,2020-03-28 08:00
19333,274,False,False,False,False,False,True,False,False,False,False,False,False,False,False,Samedi-08-10h,NON,Samedi,2020-03-28 08:00
19334,282,True,False,True,True,False,False,False,False,False,False,False,False,False,False,Samedi-08-10h,OUI,Samedi,2020-03-28 08:00
19335,147,False,False,False,False,False,False,False,False,False,False,False,False,False,False,Samedi-08-10h,NON,Samedi,2020-03-28 08:00
19336,238,False,False,False,False,False,False,False,False,False,False,False,True,False,False,Samedi-08-10h,NON,Samedi,2020-03-28 08:00
19337,201,False,False,False,False,False,False,False,False,False,False,False,False,False,False,Samedi-08-10h,NON,Samedi,2020-03-28 08:00
19338,152,False,True,False,False,False,False,False,False,False,False,False,False,False,False,Samedi-08-10h,OUI,Samedi,2020-03-28 08:00
19339,222,False,False,False,False,False,True,False,False,True,True,False,False,False,False,Samedi-08-10h,OUI,Samedi,2020-03-28 08:00
19340,106,False,False,False,False,False,True,False,False,False,False,False,True,False,False,Samedi-08-10h,OUI,Samedi,2020-03-28 08:00
19341,133,False,False,True,False,True,False,False,False,False,False,False,False,False,False,Samedi-08-10h,OUI,Samedi,2020-03-28 08:00
19342,163,False,False,False,False,True,False,False,False,False,False,False,False,False,False,Samedi-08-10h,NON,Samedi,2020-03-28 08:00
19343,231,False,False,False,False,False,False,False,False,False,False,False,False,False,False,Samedi-08-10h,NON,Samedi,2020-03-28 08:00
19344,25,False,False,False,False,True,False,False,False,False,False,False,False,False,False,Samedi-08-10h,NON,Samedi,2020-03-28 08:00
19345,196,False,False,True,False,True,False,False,True,False,False,False,False,False,False,Samedi-08-10h,OUI,Samedi,2020-03-28 08:00
19346,5,False,False,False,False,True,True,False,False,False,False,False,False,False,False,Samedi-08-10h,NON,Samedi,2020-03-28 08:00
19347,90,False,True,False,False,False,False,False,False,False,False,False,False,False,False,Samedi-08-10h,OUI,Samedi,2020-03-28 08:00
19348,244,True,False,True,False,False,False,False,False,False,False,False,False,False,False,Samedi-08-10h,NON,Samedi,2020-03-28 08:00
19349,107,False,True,False,False,False,True,False,False,False,False,False,False,False,False,Samedi-08-10h,OUI,Samedi,2020-03-28 08:00
19350,218,False,True,False,False,True,True,False,False,False,False,False,False,False,False,Samedi-08-10h,OUI,Samedi,2020-03-28 08:00
19351,62,False,True,True,False,True,True,False,False,False,False,False,False,False,False,Samedi-08-10h,OUI,Samedi,2020-03-28 08:00
19352,79,False,True,False,False,False,False,False,False,False,False,False,False,False,False,Samedi-08-10h,OUI,Samedi,2020-03-28 08:00
19353,208,False,False,False,False,False,True,False,False,False,False,False,False,False,False,Samedi-08-10h,OUI,Samedi,2020-03-28 08:00
19354,270,False,False,False,False,False,False,False,False,True,False,False,False,False,False,Samedi-08-10h,NON,Samedi,2020-03-28 08:00
19355,166,True,False,False,False,True,True,False,False,False,False,False,False,False,False,Samedi-08-10h,OUI,Samedi,2020-03-28 08:00
19356,77,False,False,True,False,True,False,False,False,False,False,False,False,False,False,Samedi-08-10h,NON,Samedi,2020-03-28 08:00
19357,29,False,False,False,False,False,True,False,False,False,False,False,True,False,False,Samedi-08-10h,OUI,Samedi,2020-03-28 08:00
19358,240,False,False,False,False,False,True,False,False,False,False,False,False,False,False,Samedi-08-10h,OUI,Samedi,2020-03-28 08:00
19359,184,False,True,False,False,False,False,False,False,False,False,False,False,False,False,Samedi-08-10h,OUI,Samedi,2020-03-28 08:00
19360,277,False,True,True,False,False,True,False,False,False,False,False,False,False,False,Samedi-08-10h,NON,Samedi,2020-03-28 08:00
19361,80,True,False,False,False,False,True,False,False,False,True,False,False,False,False,Samedi-08-10h,OUI,Samedi,2020-03-28 08:00
19362,185,True,True,True,False,False,True,False,False,False,False,True,False,True,False,Samedi-08-10h,NON,Samedi,2020-03-28 08:00
19363,204,False,False,False,False,True,True,False,False,False,False,False,True,False,False,Samedi-08-10h,OUI,Samedi,2020-03-28 08:00
19364,252,True,True,True,False,False,True,False,False,False,False,False,False,False,False,Samedi-08-10h,OUI,Samedi,2020-03-28 08:00
19365,26,False,False,False,False,True,False,False,False,False,False,False,False,False,False,Samedi-08-10h,NON,Samedi,2020-03-28 08:00
19366,70,False,False,False,False,True,False,False,False,False,False,False,True,False,False,Samedi-08-10h,NON,Samedi,2020-03-28 08:00
19367,233,False,False,False,False,True,False,False,False,False,False,False,False,False,False,Samedi-08-10h,OUI,Samedi,2020-03-28 08:00
19368,37,True,True,True,False,True,True,False,False,False,False,False,False,False,False,Samedi-08-10h,OUI,Samedi,2020-03-28 08:00
19369,185,False,False,True,False,False,False,False,False,False,False,False,False,False,False,Samedi-08-10h,OUI,Samedi,2020-03-28 08:00
19370,138,True,False,False,False,True,True,False,False,False,False,False,False,False,False,Samedi-08-10h,OUI,Samedi,2020-03-28 08:00
19371,224,True,False,True,False,False,False,False,False,False,False,False,False,False,False,Samedi-08-10h,OUI,Samedi,2020-03-28 08:00
19372,66,False,False,False,False,True,True,False,False,False,False,False,False,True,False,Samedi-08-10h,OUI,Samedi,2020-03-28 08:00
19373,211,False,False,True,False,False,False,False,False,False,False,False,False,True,False,Samedi-08-10h,NON,Samedi,2020-03-28 08:00
19374,14,False,False,False,False,True,True,False,False,False,False,False,False,False,False,Samedi-08-10h,NON,Samedi,2020-03-28 08:00
19375,145,False,False,False,False,True,False,False,False,False,False,False,False,False,False,Samedi-08-10h,NON,Samedi,2020-03-28 08:00
19376,36,False,False,False,False,False,False,False,False,False,False,False,True,False,False,Samedi-08-10h,OUI,Samedi,2020-03-28 08:00
19377,60,True,True,True,False,False,True,False,False,False,False,False,False,False,False,Samedi-08-10h,NON,Samedi,2020-03-28 08:00
19378,137,True,True,True,False,False,True,False,False,False,False,True,False,False,False,Samedi-08-10h,OUI,Samedi,2020-03-28 08:00
19379,285,False,True,False,False,True,True,False,False,False,False,False,False,False,False,Samedi-08-10h,OUI,Samedi,2020-03-28 08:00
19380,40,False,True,True,False,True,True,False,False,False,False,False,False,False,False,Samedi-08-10h,OUI,Samedi,2020-03-28 08:00
19381,97,False,False,False,False,False,True,False,False,False,False,False,False,False,False,Samedi-08-10h,OUI,Samedi,2020-03-28 08:00
19382,109,True,False,True,True,False,False,False,False,False,False,False,False,False,False,Samedi-08-10h,OUI,Samedi,2020-03-28 08:00
19383,10,False,False,False,False,False,False,False,False,False,False,False,False,False,False,Samedi-08-10h,NON,Samedi,2020-03-28 08:00
19384,256,False,False,False,False,False,False,False,False,False,False,False,True,False,False,Samedi-08-10h,NON,Samedi,2020-03-28 08:00
19385,141,True,True,True,False,False,False,False,False,False,False,True,False,False,False,Samedi-08-10h,NON,Samedi,2020-03-28 08:00
19386,28,False,False,False,False,False,False,False,False,False,False,False,False,False,False,Samedi-08-10h,NON,Samedi,2020-03-28 08:00
19387,101,True,True,True,True,True,True,False,False,False,False,False,False,False,False,Samedi-08-10h,OUI,Samedi,2020-03-28 08:00
19388,48,True,False,True,False,True,False,False,False,False,False,False,False,True,False,Samedi-08-10h,OUI,Samedi,2020-03-28 08:00
19389,27,False,False,False,False,False,True,False,False,False,False,False,False,False,False,Samedi-08-10h,OUI,Samedi,2020-03-28 08:00
19390,142,True,False,True,False,False,False,False,False,False,False,True,False,True,False,Samedi-08-10h,NON,Samedi,2020-03-28 08:00
19391,234,False,False,True,False,False,False,False,False,False,False,True,False,False,False,Samedi-08-10h,OUI,Samedi,2020-03-28 08:00
19392,23,False,False,False,False,True,False,False,False,False,False,False,False,False,False,Samedi-08-10h,NON,Samedi,2020-03-28 08:00
19393,195,False,False,False,False,True,False,False,False,True,False,False,False,False,False,Samedi-08-10h,OUI,Samedi,2020-03-28 08:00
19394,275,False,False,False,False,False,False,False,False,False,False,False,True,False,False,Samedi-08-10h,NON,Samedi,2020-03-28 08:00
19395,226,False,False,False,False,True,True,False,False,False,False,False,False,False,False,Samedi-08-10h,OUI,Samedi,2020-03-28 08:00
19396,207,False,False,True,False,False,False,False,False,False,False,False,False,False,False,Samedi-08-10h,OUI,Samedi,2020-03-28 08:00
19397,57,False,False,False,False,False,False,False,False,False,False,False,False,False,False,Samedi-08-10h,NON,Samedi,2020-03-28 08:00
19398,4,False,True,False,False,False,True,False,False,False,False,False,False,False,False,Samedi-08-10h,NON,Samedi,2020-03-28 08:00
19399,265,False,False,False,False,False,True,False,False,False,False,False,False,False,False,Samedi-08-10h,OUI,Samedi,2020-03-28 08:00
19400,88,False,True,False,False,False,False,False,False,False,False,False,False,False,False,Samedi-08-10h,NON,Samedi,2020-03-28 08:00
19401,198,False,False,False,False,False,False,False,False,False,False,True,False,False,False,Samedi-08-10h,OUI,Samedi,2020-03-28 08:00
19402,249,True,True,True,False,False,False,False,False,False,False,False,False,False,False,Samedi-08-10h,NON,Samedi,2020-03-28 08:00
19403,263,False,False,False,False,True,True,False,False,False,False,False,False,False,False,Samedi-08-10h,NON,Samedi,2020-03-28 08:00
19404,217,True,False,True,False,False,False,False,False,False,False,False,False,True,False,Samedi-08-10h,OUI,Samedi,2020-03-28 08:00
19405,278,False,False,False,False,True,True,False,False,False,False,False,False,False,False,Samedi-08-10h,NON,Samedi,2020-03-28 08:00
19406,189,False,True,False,False,False,False,False,False,False,False,False,False,False,False,Samedi-08-10h,NON,Samedi,2020-03-28 08:00
19407,61,True,False,True,False,False,False,False,False,False,False,False,False,False,False,Samedi-08-10h,OUI,Samedi,2020-03-28 08:00
19408,251,False,False,False,False,False,False,False,False,False,False,False,False,True,False,Samedi-08-10h,OUI,Samedi,2020-03-28 08:00
19409,281,False,True,False,False,False,False,False,False,False,False,False,False,False,False,Samedi-08-10h,OUI,Samedi,2020-03-28 08:00
19410,134,False,True,False,False,False,False,False,False,False,False,False,False,False,False,Samedi-08-10h,OUI,Samedi,2020-03-28 08:00
19411,293,False,True,False,False,False,True,False,False,False,False,False,False,False,False,Samedi-08-10h,NON,Samedi,2020-03-28 08:00
19412,279,True,True,True,True,False,True,False,False,False,False,False,False,False,False,Samedi-08-10h,NON,Samedi,2020-03-28 08:00
19413,81,True,False,True,True,False,False,False,True,False,False,False,False,False,False,Samedi-08-10h,OUI,Samedi,2020-03-28 08:00
19414,92,True,False,False,True,False,False,False,False,False,False,True,False,False,False,Samedi-08-10h,NON,Samedi,2020-03-28 08:00
19415,147,False,False,False,False,False,False,False,False,False,False,False,False,False,False,Samedi-08-10h,NON,Samedi,2020-03-28 08:00
19416,33,False,True,False,False,True,False,False,False,False,False,False,False,False,False,Samedi-08-10h,NON,Samedi,2020-03-28 08:00
19417,266,False,False,False,False,False,False,False,False,False,False,False,False,False,False,Samedi-08-10h,NON,Samedi,2020-03-28 08:00
19418,225,True,False,False,False,False,True,False,False,False,False,False,False,False,False,Samedi-08-10h,OUI,Samedi,2020-03-28 08:00
19419,83,True,False,True,False,False,False,False,False,False,False,False,False,False,False,Samedi-08-10h,NON,Samedi,2020-03-28 08:00
19420,95,False,False,False,False,True,True,False,True,False,False,False,False,False,False,Samedi-08-10h,NON,Samedi,2020-03-28 08:00
19421,127,False,False,False,False,True,False,False,False,False,False,False,False,False,False,Samedi-08-10h,NON,Samedi,2020-03-28 08:00
19422,20,False,False,False,False,False,False,False,False,False,False,False,False,False,False,Samedi-08-10h,NON,Samedi,2020-03-28 08:00
19423,89,False,False,False,False,False,False,False,False,True,False,False,False,False,False,Samedi-08-10h,OUI,Samedi,2020-03-28 08:00
19424,120,False,True,True,False,True,True,False,True,False,False,True,False,False,False,Samedi-08-10h,OUI,Samedi,2020-03-28 08:00
19425,253,False,False,False,False,True,True,False,False,False,False,False,True,False,False,Samedi-08-10h,OUI,Samedi,2020-03-28 08:00
19426,52,False,False,True,False,False,False,False,False,False,False,False,False,False,False,Samedi-08-10h,OUI,Samedi,2020-03-28 08:00
19427,168,True,False,True,False,False,False,False,True,False,False,False,False,False,False,Samedi-08-10h,OUI,Samedi,2020-03-28 08:00
19428,202,False,True,False,False,False,False,False,False,False,False,False,False,False,False,Samedi-08-10h,OUI,Samedi,2020-03-28 08:00
19429,172,False,False,False,False,True,False,False,False,False,False,False,False,False,False,Samedi-08-10h,OUI,Samedi,2020-03-28 08:00
19430,239,False,False,False,False,True,True,False,False,False,False,False,False,False,False,Samedi-08-10h,NON,Samedi,2020-03-28 08:00
19431,85,False,False,False,False,True,False,False,False,False,False,False,False,False,False,Samedi-08-10h,NON,Samedi,2020-03-28 08:00
19432,215,False,False,False,False,False,False,False,False,True,False,False,False,False,False,Samedi-08-10h,OUI,Samedi,2020-03-28 08:00
19433,260,True,False,True,False,False,False,False,False,False,False,False,False,False,False,Samedi-08-10h,OUI,Samedi,2020-03-28 08:00
19434,286,True,True,False,False,True,False,False,False,False,False,False,False,False,False,Samedi-08-10h,NON,Samedi,2020-03-28 08:00
19435,72,False,True,False,False,False,False,False,False,False,False,False,False,False,False,Samedi-10-12h,OUI,Samedi,2020-03-28 10:00
19436,167,True,True,True,True,True,True,False,False,False,False,False,False,False,False,Samedi-10-12h,OUI,Samedi,2020-03-28 10:00
19437,130,True,False,True,False,False,False,False,True,False,False,False,False,True,True,Samedi-10-12h,NON,Samedi,2020-03-28 10:00
19438,288,True,True,True,False,True,False,False,False,False,False,False,False,False,False,Samedi-10-12h,NON,Samedi,2020-03-28 10:00
19439,59,False,False,False,False,False,True,False,False,False,False,False,False,False,False,Samedi-10-12h,NON,Samedi,2020-03-28 10:00
19440,178,True,False,False,False,False,False,False,False,False,False,True,False,False,False,Samedi-10-12h,OUI,Samedi,2020-03-28 10:00
19441,254,False,False,False,False,False,False,False,False,False,False,False,True,False,False,Samedi-10-12h,NON,Samedi,2020-03-28 10:00
19442,34,False,False,False,False,False,False,False,False,False,False,False,False,False,False,Samedi-10-12h,NON,Samedi,2020-03-28 10:00
19443,264,False,False,False,False,True,True,True,False,False,False,False,False,False,False,Samedi-10-12h,OUI,Samedi,2020-03-28 10:00
19444,158,True,False,False,False,True,False,False,False,False,True,False,False,False,False,Samedi-10-12h,OUI,Samedi,2020-03-28 10:00
19445,210,False,True,False,False,True,True,False,False,False,False,False,False,False,False,Samedi-10-12h,OUI,Samedi,2020-03-28 10:00
19446,93,False,False,False,False,True,False,False,False,False,False,False,False,True,False,Samedi-10-12h,OUI,Samedi,2020-03-28 10:00
19447,144,True,False,True,False,True,False,False,False,False,False,False,False,False,False,Samedi-10-12h,OUI,Samedi,2020-03-28 10:00
19448,164,False,True,False,False,True,True,False,False,False,False,False,False,False,False,Samedi-10-12h,OUI,Samedi,2020-03-28 10:00
19449,289,False,False,False,False,True,True,False,False,False,False,False,False,False,False,Samedi-10-12h,OUI,Samedi,2020-03-28 10:00
19450,50,False,False,False,False,False,False,False,False,False,False,False,False,False,False,Samedi-10-12h,NON,Samedi,2020-03-28 10:00
19451,51,True,True,False,False,True,False,False,False,False,False,False,False,False,False,Samedi-10-12h,OUI,Samedi,2020-03-28 10:00
19452,247,False,False,True,False,False,False,False,False,False,False,False,False,False,False,Samedi-10-12h,OUI,Samedi,2020-03-28 10:00
19453,159,False,False,False,False,False,False,False,True,False,False,False,False,False,False,Samedi-10-12h,NON,Samedi,2020-03-28 10:00
19454,54,False,False,False,False,False,True,False,False,False,False,False,False,False,False,Samedi-10-12h,NON,Samedi,2020-03-28 10:00
19455,55,True,False,False,False,True,True,False,True,False,False,False,False,False,False,Samedi-10-12h,OUI,Samedi,2020-03-28 10:00
19456,257,False,False,False,False,True,False,False,False,False,False,False,False,False,False,Samedi-10-12h,NON,Samedi,2020-03-28 10:00
19457,67,False,False,False,False,False,False,False,False,False,False,False,False,False,False,Samedi-10-12h,NON,Samedi,2020-03-28 10:00
19458,71,True,False,True,False,False,False,False,False,False,False,False,False,False,False,Samedi-10-12h,NON,Samedi,2020-03-28 10:00
19459,280,False,False,False,False,False,True,False,False,False,False,False,False,False,False,Samedi-10-12h,OUI,Samedi,2020-03-28 10:00
19460,283,True,True,False,False,False,False,False,False,False,False,False,False,False,False,Samedi-10-12h,OUI,Samedi,2020-03-28 10:00
19461,154,False,False,False,False,True,True,False,False,False,False,False,True,False,False,Samedi-10-12h,NON,Samedi,2020-03-28 10:00
19462,171,False,False,False,False,False,False,False,False,False,False,False,True,False,False,Samedi-10-12h,OUI,Samedi,2020-03-28 10:00
19463,131,False,False,True,False,False,False,False,False,False,False,False,False,False,False,Samedi-10-12h,NON,Samedi,2020-03-28 10:00
19464,237,True,False,False,False,False,True,True,False,False,False,False,False,True,False,Samedi-10-12h,OUI,Samedi,2020-03-28 10:00
19465,75,False,False,False,False,True,True,False,False,False,False,False,False,False,False,Samedi-10-12h,NON,Samedi,2020-03-28 10:00
19466,235,True,False,False,False,True,False,False,False,False,False,False,False,False,False,Samedi-10-12h,OUI,Samedi,2020-03-28 10:00
19467,180,False,False,False,False,True,True,False,False,False,False,False,False,False,False,Samedi-10-12h,OUI,Samedi,2020-03-28 10:00
19468,219,False,False,False,False,False,True,False,False,False,False,False,False,False,False,Samedi-10-12h,OUI,Samedi,2020-03-28 10:00
19469,250,False,False,False,False,False,False,False,False,True,False,False,False,False,False,Samedi-10-12h,NON,Samedi,2020-03-28 10:00
19470,267,True,True,False,False,False,False,False,False,False,False,False,False,False,False,Samedi-10-12h,OUI,Samedi,2020-03-28 10:00
19471,160,False,True,False,False,False,True,False,False,False,False,False,False,False,False,Samedi-10-12h,OUI,Samedi,2020-03-28 10:00
19472,182,False,True,False,False,True,True,True,False,False,False,False,False,False,False,Samedi-10-12h,OUI,Samedi,2020-03-28 10:00
19473,143,False,False,False,False,False,False,False,True,False,False,True,False,False,False,Samedi-10-12h,OUI,Samedi,2020-03-28 10:00
19474,223,True,True,False,False,False,False,False,False,False,False,False,False,False,False,Samedi-10-12h,OUI,Samedi,2020-03-28 10:00
19475,192,True,False,True,False,False,False,False,False,False,False,False,False,False,False,Samedi-10-12h,OUI,Samedi,2020-03-28 10:00
19476,30,False,False,True,False,False,False,False,True,False,False,False,False,False,False,Samedi-10-12h,OUI,Samedi,2020-03-28 10:00
19477,125,True,False,False,False,True,False,False,True,False,False,False,False,False,False,Samedi-10-12h,OUI,Samedi,2020-03-28 10:00
19478,39,False,False,True,False,True,False,False,True,False,False,False,False,False,False,Samedi-10-12h,OUI,Samedi,2020-03-28 10:00
19479,113,True,False,True,False,False,False,False,False,False,False,False,False,False,False,Samedi-10-12h,OUI,Samedi,2020-03-28 10:00
19480,121,True,False,True,False,False,False,False,True,False,False,False,False,False,False,Samedi-10-12h,NON,Samedi,2020-03-28 10:00
19481,228,False,False,False,False,False,False,False,False,False,False,True,False,False,False,Samedi-10-12h,OUI,Samedi,2020-03-28 10:00
19482,290,False,False,False,False,False,False,False,False,True,False,False,False,False,False,Samedi-10-12h,OUI,Samedi,2020-03-28 10:00
19483,197,False,False,True,False,True,False,False,False,False,False,False,False,False,False,Samedi-10-12h,NON,Samedi,2020-03-28 10:00
19484,31,True,True,True,False,False,True,False,False,False,False,False,False,False,False,Samedi-10-12h,OUI,Samedi,2020-03-28 10:00
19485,173,True,False,False,False,True,True,False,True,False,False,False,False,False,False,Samedi-10-12h,OUI,Samedi,2020-03-28 10:00
19486,74,True,False,False,True,False,False,False,True,False,False,True,False,False,False,Samedi-10-12h,NON,Samedi,2020-03-28 10:00
19487,15,False,False,True,False,False,False,False,False,False,False,False,False,False,False,Samedi-10-12h,OUI,Samedi,2020-03-28 10:00
19488,45,True,False,False,False,True,True,False,True,False,False,False,False,False,False,Samedi-10-12h,OUI,Samedi,2020-03-28 10:00
19489,63,False,False,True,False,False,False,False,False,False,False,False,False,False,False,Samedi-10-12h,OUI,Samedi,2020-03-28 10:00
19490,3,False,False,False,False,False,True,False,False,False,False,False,True,False,False,Samedi-10-12h,OUI,Samedi,2020-03-28 10:00
19491,21,True,False,True,False,False,False,False,False,False,False,False,False,False,False,Samedi-10-12h,OUI,Samedi,2020-03-28 10:00
19492,78,False,True,True,False,True,True,False,True,False,False,False,False,False,False,Samedi-10-12h,OUI,Samedi,2020-03-28 10:00
19493,47,False,True,False,False,False,False,False,False,False,False,False,False,False,False,Samedi-10-12h,OUI,Samedi,2020-03-28 10:00
19494,151,True,True,False,False,True,False,False,True,False,False,False,False,False,False,Samedi-10-12h,OUI,Samedi,2020-03-28 10:00
19495,6,True,False,True,False,False,False,False,False,False,False,False,False,False,False,Samedi-10-12h,OUI,Samedi,2020-03-28 10:00
19496,135,True,False,True,False,False,False,False,False,False,False,False,False,True,False,Samedi-10-12h,OUI,Samedi,2020-03-28 10:00
19497,221,False,False,False,False,True,True,False,False,False,False,False,False,False,False,Samedi-10-12h,OUI,Samedi,2020-03-28 10:00
19498,170,False,False,True,False,False,False,False,False,False,False,True,False,False,True,Samedi-10-12h,NON,Samedi,2020-03-28 10:00
19499,129,False,True,False,False,False,False,False,False,False,False,False,False,False,False,Samedi-10-12h,OUI,Samedi,2020-03-28 10:00
19500,132,True,True,True,False,False,True,False,False,False,False,False,False,False,False,Samedi-10-12h,OUI,Samedi,2020-03-28 10:00
19501,110,False,True,False,False,False,False,False,False,False,False,False,False,False,False,Samedi-10-12h,OUI,Samedi,2020-03-28 10:00
19502,191,False,False,False,False,False,True,False,False,False,False,False,False,False,False,Samedi-10-12h,OUI,Samedi,2020-03-28 10:00
19503,94,True,True,True,False,False,True,False,False,False,False,True,False,True,False,Samedi-10-12h,NON,Samedi,2020-03-28 10:00
19504,108,False,False,False,False,False,True,True,False,False,False,False,False,False,False,Samedi-10-12h,OUI,Samedi,2020-03-28 10:00
19505,236,False,False,False,False,True,True,False,False,False,False,False,False,False,False,Samedi-10-12h,OUI,Samedi,2020-03-28 10:00
19506,42,True,False,True,False,True,False,False,False,False,False,False,False,False,False,Samedi-10-12h,OUI,Samedi,2020-03-28 10:00
19507,155,True,False,False,False,True,False,False,False,False,False,False,False,False,False,Samedi-10-12h,OUI,Samedi,2020-03-28 10:00
19508,1,False,False,False,False,False,False,False,False,False,False,False,False,False,False,Samedi-10-12h,NON,Samedi,2020-03-28 10:00
19509,58,False,True,True,False,False,True,False,False,False,False,True,False,False,False,Samedi-10-12h,OUI,Samedi,2020-03-28 10:00
19510,0,False,True,False,False,False,False,False,False,False,False,False,False,False,False,Samedi-10-12h,OUI,Samedi,2020-03-28 10:00
19511,269,False,False,False,False,False,False,False,False,False,False,False,False,False,False,Samedi-10-12h,NON,Samedi,2020-03-28 10:00
19512,2,True,False,True,False,False,False,False,False,False,False,False,False,False,False,Samedi-10-12h,OUI,Samedi,2020-03-28 10:00
19513,103,False,False,False,False,True,False,False,False,False,False,False,False,False,False,Samedi-10-12h,NON,Samedi,2020-03-28 10:00
19514,12,False,True,False,False,True,False,False,False,False,False,False,False,False,False,Samedi-10-12h,OUI,Samedi,2020-03-28 10:00
19515,245,True,False,False,False,True,True,False,True,False,False,False,False,False,False,Samedi-10-12h,NON,Samedi,2020-03-28 10:00
19516,161,False,False,True,False,False,False,False,False,False,False,True,False,False,False,Samedi-10-12h,OUI,Samedi,2020-03-28 10:00
19517,38,False,False,False,False,False,False,False,False,True,False,False,False,False,False,Samedi-10-12h,NON,Samedi,2020-03-28 10:00
19518,122,False,False,False,False,False,False,False,False,False,False,False,False,False,False,Samedi-10-12h,NON,Samedi,2020-03-28 10:00
19519,248,False,False,True,False,False,False,False,False,False,False,False,False,True,False,Samedi-10-12h,OUI,Samedi,2020-03-28 10:00
19520,271,False,True,True,False,False,True,False,False,False,False,False,False,False,False,Samedi-10-12h,OUI,Samedi,2020-03-28 10:00
19521,116,False,False,True,False,False,False,False,False,False,False,False,False,False,False,Samedi-10-12h,OUI,Samedi,2020-03-28 10:00
19522,117,True,True,True,True,False,True,False,False,False,False,False,False,False,False,Samedi-10-12h,NON,Samedi,2020-03-28 10:00
19523,213,False,False,False,False,True,True,False,True,False,False,False,False,False,False,Samedi-10-12h,OUI,Samedi,2020-03-28 10:00
19524,220,False,True,True,False,False,True,False,False,False,False,False,False,False,False,Samedi-10-12h,OUI,Samedi,2020-03-28 10:00
19525,176,False,False,True,False,False,False,False,False,False,False,False,False,False,False,Samedi-10-12h,OUI,Samedi,2020-03-28 10:00
19526,96,False,False,False,False,True,True,False,False,False,True,False,False,False,False,Samedi-10-12h,NON,Samedi,2020-03-28 10:00
19527,214,False,False,False,False,True,True,False,False,False,True,False,False,False,False,Samedi-10-12h,OUI,Samedi,2020-03-28 10:00
19528,11,True,False,False,True,False,False,False,False,False,False,True,False,False,False,Samedi-10-12h,OUI,Samedi,2020-03-28 10:00
19529,255,True,False,True,False,False,False,False,True,False,False,False,False,False,False,Samedi-10-12h,NON,Samedi,2020-03-28 10:00
19530,86,False,False,True,False,False,False,False,False,False,False,False,False,False,False,Samedi-10-12h,NON,Samedi,2020-03-28 10:00
19531,209,True,False,False,False,True,True,False,True,False,False,False,False,False,False,Samedi-10-12h,OUI,Samedi,2020-03-28 10:00
19532,291,False,False,False,False,False,True,False,False,True,False,False,False,False,False,Samedi-10-12h,NON,Samedi,2020-03-28 10:00
19533,287,False,False,False,False,False,False,False,False,False,False,False,True,False,False,Samedi-10-12h,OUI,Samedi,2020-03-28 10:00
19534,104,False,False,False,False,True,True,False,False,False,False,False,False,False,False,Samedi-10-12h,OUI,Samedi,2020-03-28 10:00
19535,18,False,False,False,False,True,False,False,False,False,False,False,False,False,False,Samedi-10-12h,OUI,Samedi,2020-03-28 10:00
19536,123,False,True,False,False,True,True,False,False,False,False,False,False,False,False,Samedi-10-12h,NON,Samedi,2020-03-28 10:00
19537,136,False,False,False,False,True,False,False,False,False,False,False,False,False,False,Samedi-10-12h,OUI,Samedi,2020-03-28 10:00
19538,276,True,False,True,False,False,False,False,False,False,False,False,False,False,False,Samedi-10-12h,OUI,Samedi,2020-03-28 10:00
19539,53,False,False,False,False,True,True,False,False,False,False,False,False,False,False,Samedi-10-12h,OUI,Samedi,2020-03-28 10:00
19540,179,True,False,True,False,False,False,False,False,False,False,False,False,False,False,Samedi-10-12h,OUI,Samedi,2020-03-28 10:00
19541,200,False,False,False,False,False,False,False,False,False,False,False,False,False,False,Samedi-10-12h,NON,Samedi,2020-03-28 10:00
19542,73,False,False,False,False,False,False,False,False,False,False,False,False,False,False,Samedi-10-12h,NON,Samedi,2020-03-28 10:00
19543,156,False,False,False,False,True,True,False,False,False,False,False,False,False,False,Samedi-10-12h,NON,Samedi,2020-03-28 10:00
19544,128,True,True,True,False,False,True,False,False,False,False,False,False,False,False,Samedi-10-12h,OUI,Samedi,2020-03-28 10:00
19545,118,False,False,False,False,False,False,False,False,False,False,False,False,False,False,Samedi-10-12h,NON,Samedi,2020-03-28 10:00
19546,112,True,False,True,False,False,False,False,False,False,False,False,False,False,False,Samedi-10-12h,OUI,Samedi,2020-03-28 10:00
19547,35,False,False,False,False,True,True,False,False,False,False,False,False,False,False,Samedi-10-12h,NON,Samedi,2020-03-28 10:00
19548,32,False,False,False,False,False,False,False,False,False,False,False,True,False,False,Samedi-10-12h,OUI,Samedi,2020-03-28 10:00
19549,199,True,False,True,False,False,False,False,False,False,False,False,False,False,False,Samedi-10-12h,OUI,Samedi,2020-03-28 10:00
19550,153,True,False,False,False,True,True,False,False,False,False,False,False,False,False,Samedi-10-12h,NON,Samedi,2020-03-28 10:00
19551,82,False,False,True,False,False,False,False,False,False,False,False,False,False,False,Samedi-10-12h,OUI,Samedi,2020-03-28 10:00
19552,292,False,True,False,False,False,False,False,False,False,False,False,False,False,False,Samedi-10-12h,OUI,Samedi,2020-03-28 10:00
19553,169,False,False,False,True,False,False,False,False,False,False,False,False,False,False,Samedi-10-12h,NON,Samedi,2020-03-28 10:00
19554,16,False,False,False,False,True,True,False,False,False,False,False,False,False,False,Samedi-10-12h,OUI,Samedi,2020-03-28 10:00
19555,46,True,True,True,False,False,True,True,False,False,False,False,False,False,False,Samedi-10-12h,OUI,Samedi,2020-03-28 10:00
19556,216,False,True,False,False,False,True,False,False,False,False,False,False,False,False,Samedi-10-12h,OUI,Samedi,2020-03-28 10:00
19557,174,False,True,True,False,False,True,False,False,False,False,True,False,False,False,Samedi-10-12h,NON,Samedi,2020-03-28 10:00
19558,43,False,False,False,False,True,False,False,False,False,False,False,False,False,False,Samedi-10-12h,OUI,Samedi,2020-03-28 10:00
19559,165,False,False,False,False,True,True,False,False,False,False,False,False,False,False,Samedi-10-12h,OUI,Samedi,2020-03-28 10:00
19560,126,False,True,False,False,False,True,False,False,False,False,False,False,False,False,Samedi-10-12h,OUI,Samedi,2020-03-28 10:00
19561,41,False,False,False,False,False,True,False,False,True,False,False,False,False,False,Samedi-10-12h,NON,Samedi,2020-03-28 10:00
19562,157,False,False,True,False,False,False,False,False,False,False,False,False,False,False,Samedi-10-12h,OUI,Samedi,2020-03-28 10:00
19563,272,False,True,True,False,False,False,True,False,False,False,True,False,True,True,Samedi-10-12h,OUI,Samedi,2020-03-28 10:00
19564,115,True,False,True,False,False,False,False,False,False,False,False,False,False,False,Samedi-10-12h,OUI,Samedi,2020-03-28 10:00
19565,84,False,False,False,False,False,False,False,False,False,False,False,True,False,False,Samedi-10-12h,OUI,Samedi,2020-03-28 10:00
19566,183,True,True,True,True,False,False,False,False,False,False,False,False,False,False,Samedi-10-12h,NON,Samedi,2020-03-28 10:00
19567,65,True,True,False,False,False,True,False,False,False,False,False,False,False,False,Samedi-10-12h,OUI,Samedi,2020-03-28 10:00
19568,105,True,False,False,False,False,False,False,False,False,False,False,False,False,False,Samedi-10-12h,OUI,Samedi,2020-03-28 10:00
19569,187,True,False,False,False,False,True,False,False,False,False,False,False,False,False,Samedi-10-12h,OUI,Samedi,2020-03-28 10:00
19570,139,True,False,True,False,False,False,False,False,False,False,False,False,False,False,Samedi-10-12h,NON,Samedi,2020-03-28 10:00
19571,259,False,False,False,False,True,True,False,False,False,False,False,False,False,False,Samedi-10-12h,NON,Samedi,2020-03-28 10:00
19572,124,True,False,True,False,False,False,False,False,False,False,True,False,False,False,Samedi-10-12h,NON,Samedi,2020-03-28 10:00
19573,98,False,False,False,False,False,True,False,False,False,False,False,True,False,False,Samedi-10-12h,OUI,Samedi,2020-03-28 10:00
19574,284,False,True,True,False,False,True,False,False,False,False,False,False,True,False,Samedi-10-12h,OUI,Samedi,2020-03-28 10:00
19575,148,True,False,True,False,True,False,False,True,False,False,False,False,False,False,Samedi-10-12h,OUI,Samedi,2020-03-28 10:00
19576,258,True,False,True,False,False,False,False,False,False,False,False,False,False,False,Samedi-10-12h,OUI,Samedi,2020-03-28 10:00
19577,175,False,False,False,False,False,True,False,False,False,False,False,False,False,False,Samedi-10-12h,NON,Samedi,2020-03-28 10:00
19578,119,False,False,False,False,False,False,False,False,False,False,True,False,False,False,Samedi-10-12h,NON,Samedi,2020-03-28 10:00
19579,229,True,False,True,False,False,False,False,True,False,False,False,False,False,False,Samedi-10-12h,NON,Samedi,2020-03-28 10:00
19580,230,False,False,False,False,False,True,True,False,False,False,False,False,False,False,Samedi-10-12h,NON,Samedi,2020-03-28 10:00
19581,17,True,False,False,False,False,True,True,False,False,False,False,False,False,False,Samedi-10-12h,OUI,Samedi,2020-03-28 10:00
19582,177,False,False,False,False,False,False,False,False,False,False,False,False,False,False,Samedi-10-12h,NON,Samedi,2020-03-28 10:00
19583,7,False,False,False,False,False,False,False,False,False,False,False,False,False,False,Samedi-10-12h,NON,Samedi,2020-03-28 10:00
19584,241,False,False,True,False,False,False,False,False,False,False,False,False,False,False,Samedi-10-12h,OUI,Samedi,2020-03-28 10:00
19585,8,True,False,False,False,True,True,False,True,False,False,False,False,False,False,Samedi-10-12h,OUI,Samedi,2020-03-28 10:00
19586,268,False,True,False,False,False,True,False,False,False,False,False,False,False,False,Samedi-10-12h,OUI,Samedi,2020-03-28 10:00
19587,294,False,False,True,False,True,False,False,False,False,False,False,False,False,False,Samedi-10-12h,OUI,Samedi,2020-03-28 10:00
19588,242,True,False,False,False,True,True,False,False,False,False,False,False,False,False,Samedi-10-12h,NON,Samedi,2020-03-28 10:00
19589,194,False,False,False,False,False,True,False,False,False,False,False,False,False,False,Samedi-10-12h,NON,Samedi,2020-03-28 10:00
19590,243,False,False,False,False,True,True,False,False,False,False,False,False,False,False,Samedi-10-12h,OUI,Samedi,2020-03-28 10:00
19591,212,True,True,True,False,False,True,False,False,False,False,False,False,False,False,Samedi-10-12h,OUI,Samedi,2020-03-28 10:00
19592,19,False,False,False,False,False,True,False,False,False,False,False,False,False,False,Samedi-10-12h,OUI,Samedi,2020-03-28 10:00
19593,114,False,False,False,False,True,False,False,False,False,False,False,False,False,False,Samedi-10-12h,OUI,Samedi,2020-03-28 10:00
19594,190,False,False,False,False,False,True,False,False,True,False,False,False,False,False,Samedi-10-12h,NON,Samedi,2020-03-28 10:00
19595,64,False,False,True,False,False,False,False,False,False,False,False,False,False,False,Samedi-10-12h,OUI,Samedi,2020-03-28 10:00
19596,227,False,False,False,False,False,False,False,False,False,False,False,False,False,False,Samedi-10-12h,NON,Samedi,2020-03-28 10:00
19597,232,False,False,False,False,False,True,False,False,False,False,False,False,False,False,Samedi-10-12h,OUI,Samedi,2020-03-28 10:00
19598,246,False,True,False,False,False,True,True,False,False,False,False,False,False,False,Samedi-10-12h,OUI,Samedi,2020-03-28 10:00
19599,100,False,False,False,False,False,True,False,False,False,False,False,False,False,False,Samedi-10-12h,OUI,Samedi,2020-03-28 10:00
19600,13,False,False,False,False,True,False,False,False,False,False,False,False,False,False,Samedi-10-12h,OUI,Samedi,2020-03-28 10:00
19601,262,True,True,True,False,False,False,False,False,False,False,False,False,False,False,Samedi-10-12h,NON,Samedi,2020-03-28 10:00
19602,76,True,True,True,False,False,True,False,False,False,False,True,False,False,False,Samedi-10-12h,NON,Samedi,2020-03-28 10:00
19603,261,False,True,False,False,True,False,False,False,False,False,False,False,False,False,Samedi-10-12h,NON,Samedi,2020-03-28 10:00
19604,150,False,True,False,False,False,False,False,False,False,False,False,False,False,False,Samedi-10-12h,OUI,Samedi,2020-03-28 10:00
19605,205,False,False,False,False,False,False,False,False,False,False,False,False,False,False,Samedi-10-12h,NON,Samedi,2020-03-28 10:00
19606,56,False,False,False,False,True,True,False,False,False,False,False,False,False,False,Samedi-10-12h,OUI,Samedi,2020-03-28 10:00
19607,186,False,False,False,False,True,False,False,False,False,False,False,False,False,False,Samedi-10-12h,OUI,Samedi,2020-03-28 10:00
19608,162,True,False,False,False,True,True,False,False,False,False,False,False,False,False,Samedi-10-12h,OUI,Samedi,2020-03-28 10:00
19609,68,False,True,False,False,True,True,False,False,False,False,False,False,False,False,Samedi-10-12h,OUI,Samedi,2020-03-28 10:00
19610,146,False,False,False,False,False,True,False,False,False,False,False,True,False,False,Samedi-10-12h,OUI,Samedi,2020-03-28 10:00
19611,49,False,False,False,False,False,False,False,False,False,False,False,False,True,False,Samedi-10-12h,OUI,Samedi,2020-03-28 10:00
19612,91,True,False,True,True,False,False,False,False,False,False,False,False,False,False,Samedi-10-12h,OUI,Samedi,2020-03-28 10:00
19613,22,False,False,False,False,False,False,False,False,False,True,False,False,False,False,Samedi-10-12h,NON,Samedi,2020-03-28 10:00
19614,151,False,False,False,False,True,False,False,False,False,False,False,False,False,False,Samedi-10-12h,OUI,Samedi,2020-03-28 10:00
19615,193,False,False,False,False,True,True,False,False,False,False,False,False,False,False,Samedi-10-12h,OUI,Samedi,2020-03-28 10:00
19616,9,True,True,False,False,False,False,False,False,False,False,False,False,False,False,Samedi-10-12h,OUI,Samedi,2020-03-28 10:00
19617,99,True,False,True,False,False,False,False,False,False,False,False,False,False,False,Samedi-10-12h,NON,Samedi,2020-03-28 10:00
19618,181,False,False,False,False,True,True,False,False,False,False,False,False,False,False,Samedi-10-12h,OUI,Samedi,2020-03-28 10:00
19619,111,False,False,False,False,False,True,False,True,False,False,False,False,False,False,Samedi-10-12h,OUI,Samedi,2020-03-28 10:00
19620,44,False,True,False,False,False,True,False,False,False,False,False,False,False,False,Samedi-10-12h,NON,Samedi,2020-03-28 10:00
19621,24,False,False,False,False,True,False,False,True,False,False,False,False,False,False,Samedi-10-12h,NON,Samedi,2020-03-28 10:00
19622,102,False,False,False,False,True,True,False,True,False,False,False,False,False,False,Samedi-10-12h,OUI,Samedi,2020-03-28 10:00
19623,203,True,True,False,False,False,False,False,True,False,False,False,False,False,False,Samedi-10-12h,OUI,Samedi,2020-03-28 10:00
19624,140,False,False,False,False,True,True,False,True,False,False,False,False,False,False,Samedi-10-12h,NON,Samedi,2020-03-28 10:00
19625,188,False,False,False,False,False,True,False,False,True,False,False,False,False,False,Samedi-10-12h,NON,Samedi,2020-03-28 10:00
19626,206,False,False,False,True,False,False,False,False,False,False,True,False,False,False,Samedi-10-12h,NON,Samedi,2020-03-28 10:00
19627,273,False,False,False,False,False,False,False,False,False,False,False,True,False,False,Samedi-10-12h,OUI,Samedi,2020-03-28 10:00
19628,69,True,False,True,False,False,False,False,False,False,False,False,False,False,False,Samedi-10-12h,OUI,Samedi,2020-03-28 10:00
19629,87,True,False,False,True,False,False,False,False,False,False,True,False,False,False,Samedi-10-12h,NON,Samedi,2020-03-28 10:00
19630,83,True,False,True,False,False,False,False,False,False,False,False,False,False,False,Samedi-10-12h,OUI,Samedi,2020-03-28 10:00
19631,149,True,False,True,True,False,False,False,False,False,False,False,False,False,False,Samedi-10-12h,OUI,Samedi,2020-03-28 10:00
19632,274,False,False,False,False,False,True,False,False,False,False,False,False,False,False,Samedi-10-12h,NON,Samedi,2020-03-28 10:00
19633,282,True,False,True,True,False,False,False,False,False,False,False,False,False,False,Samedi-10-12h,OUI,Samedi,2020-03-28 10:00
19634,147,False,False,False,False,False,False,False,False,False,False,False,False,False,False,Samedi-10-12h,NON,Samedi,2020-03-28 10:00
19635,238,False,False,False,False,False,False,False,False,False,False,False,True,False,False,Samedi-10-12h,NON,Samedi,2020-03-28 10:00
19636,201,False,False,False,False,False,False,False,False,False,False,False,False,False,False,Samedi-10-12h,NON,Samedi,2020-03-28 10:00
19637,152,False,True,False,False,False,False,False,False,False,False,False,False,False,False,Samedi-10-12h,OUI,Samedi,2020-03-28 10:00
19638,222,False,False,False,False,False,True,False,False,True,True,False,False,False,False,Samedi-10-12h,OUI,Samedi,2020-03-28 10:00
19639,106,False,False,False,False,False,True,False,False,False,False,False,True,False,False,Samedi-10-12h,OUI,Samedi,2020-03-28 10:00
19640,133,False,False,True,False,True,False,False,False,False,False,False,False,False,False,Samedi-10-12h,OUI,Samedi,2020-03-28 10:00
19641,163,False,False,False,False,True,False,False,False,False,False,False,False,False,False,Samedi-10-12h,NON,Samedi,2020-03-28 10:00
19642,231,False,False,False,False,False,False,False,False,False,False,False,False,False,False,Samedi-10-12h,NON,Samedi,2020-03-28 10:00
19643,25,False,False,False,False,True,False,False,False,False,False,False,False,False,False,Samedi-10-12h,NON,Samedi,2020-03-28 10:00
19644,196,False,False,True,False,True,False,False,True,False,False,False,False,False,False,Samedi-10-12h,OUI,Samedi,2020-03-28 10:00
19645,5,False,False,False,False,True,True,False,False,False,False,False,False,False,False,Samedi-10-12h,OUI,Samedi,2020-03-28 10:00
19646,90,False,True,False,False,False,False,False,False,False,False,False,False,False,False,Samedi-10-12h,OUI,Samedi,2020-03-28 10:00
19647,244,True,False,True,False,False,False,False,False,False,False,False,False,False,False,Samedi-10-12h,NON,Samedi,2020-03-28 10:00
19648,107,False,True,False,False,False,True,False,False,False,False,False,False,False,False,Samedi-10-12h,OUI,Samedi,2020-03-28 10:00
19649,218,False,True,False,False,True,True,False,False,False,False,False,False,False,False,Samedi-10-12h,OUI,Samedi,2020-03-28 10:00
19650,62,False,True,True,False,True,True,False,False,False,False,False,False,False,False,Samedi-10-12h,OUI,Samedi,2020-03-28 10:00
19651,79,False,True,False,False,False,False,False,False,False,False,False,False,False,False,Samedi-10-12h,OUI,Samedi,2020-03-28 10:00
19652,208,False,False,False,False,False,True,False,False,False,False,False,False,False,False,Samedi-10-12h,OUI,Samedi,2020-03-28 10:00
19653,270,False,False,False,False,False,False,False,False,True,False,False,False,False,False,Samedi-10-12h,NON,Samedi,2020-03-28 10:00
19654,166,True,False,False,False,True,True,False,False,False,False,False,False,False,False,Samedi-10-12h,OUI,Samedi,2020-03-28 10:00
19655,77,False,False,True,False,True,False,False,False,False,False,False,False,False,False,Samedi-10-12h,OUI,Samedi,2020-03-28 10:00
19656,29,False,False,False,False,False,True,False,False,False,False,False,True,False,False,Samedi-10-12h,OUI,Samedi,2020-03-28 10:00
19657,240,False,False,False,False,False,True,False,False,False,False,False,False,False,False,Samedi-10-12h,OUI,Samedi,2020-03-28 10:00
19658,184,False,True,False,False,False,False,False,False,False,False,False,False,False,False,Samedi-10-12h,OUI,Samedi,2020-03-28 10:00
19659,277,False,True,True,False,False,True,False,False,False,False,False,False,False,False,Samedi-10-12h,NON,Samedi,2020-03-28 10:00
19660,80,True,False,False,False,False,True,False,False,False,True,False,False,False,False,Samedi-10-12h,OUI,Samedi,2020-03-28 10:00
19661,185,True,True,True,False,False,True,False,False,False,False,True,False,True,False,Samedi-10-12h,NON,Samedi,2020-03-28 10:00
19662,204,False,False,False,False,True,True,False,False,False,False,False,True,False,False,Samedi-10-12h,OUI,Samedi,2020-03-28 10:00
19663,252,True,True,True,False,False,True,False,False,False,False,False,False,False,False,Samedi-10-12h,OUI,Samedi,2020-03-28 10:00
19664,26,False,False,False,False,True,False,False,False,False,False,False,False,False,False,Samedi-10-12h,OUI,Samedi,2020-03-28 10:00
19665,70,False,False,False,False,True,False,False,False,False,False,False,True,False,False,Samedi-10-12h,NON,Samedi,2020-03-28 10:00
19666,233,False,False,False,False,True,False,False,False,False,False,False,False,False,False,Samedi-10-12h,OUI,Samedi,2020-03-28 10:00
19667,37,True,True,True,False,True,True,False,False,False,False,False,False,False,False,Samedi-10-12h,OUI,Samedi,2020-03-28 10:00
19668,185,False,False,True,False,False,False,False,False,False,False,False,False,False,False,Samedi-10-12h,OUI,Samedi,2020-03-28 10:00
19669,138,True,False,False,False,True,True,False,False,False,False,False,False,False,False,Samedi-10-12h,OUI,Samedi,2020-03-28 10:00
19670,224,True,False,True,False,False,False,False,False,False,False,False,False,False,False,Samedi-10-12h,OUI,Samedi,2020-03-28 10:00
19671,66,False,False,False,False,True,True,False,False,False,False,False,False,True,False,Samedi-10-12h,OUI,Samedi,2020-03-28 10:00
19672,211,False,False,True,False,False,False,False,False,False,False,False,False,True,False,Samedi-10-12h,OUI,Samedi,2020-03-28 10:00
19673,14,False,False,False,False,True,True,False,False,False,False,False,False,False,False,Samedi-10-12h,NON,Samedi,2020-03-28 10:00
19674,145,False,False,False,False,True,False,False,False,False,False,False,False,False,False,Samedi-10-12h,OUI,Samedi,2020-03-28 10:00
19675,36,False,False,False,False,False,False,False,False,False,False,False,True,False,False,Samedi-10-12h,OUI,Samedi,2020-03-28 10:00
19676,60,True,True,True,False,False,True,False,False,False,False,False,False,False,False,Samedi-10-12h,NON,Samedi,2020-03-28 10:00
19677,137,True,True,True,False,False,True,False,False,False,False,True,False,False,False,Samedi-10-12h,OUI,Samedi,2020-03-28 10:00
19678,285,False,True,False,False,True,True,False,False,False,False,False,False,False,False,Samedi-10-12h,OUI,Samedi,2020-03-28 10:00
19679,40,False,True,True,False,True,True,False,False,False,False,False,False,False,False,Samedi-10-12h,OUI,Samedi,2020-03-28 10:00
19680,97,False,False,False,False,False,True,False,False,False,False,False,False,False,False,Samedi-10-12h,OUI,Samedi,2020-03-28 10:00
19681,109,True,False,True,True,False,False,False,False,False,False,False,False,False,False,Samedi-10-12h,OUI,Samedi,2020-03-28 10:00
19682,10,False,False,False,False,False,False,False,False,False,False,False,False,False,False,Samedi-10-12h,NON,Samedi,2020-03-28 10:00
19683,256,False,False,False,False,False,False,False,False,False,False,False,True,False,False,Samedi-10-12h,NON,Samedi,2020-03-28 10:00
19684,141,True,True,True,False,False,False,False,False,False,False,True,False,False,False,Samedi-10-12h,NON,Samedi,2020-03-28 10:00
19685,28,False,False,False,False,False,False,False,False,False,False,False,False,False,False,Samedi-10-12h,NON,Samedi,2020-03-28 10:00
19686,101,True,True,True,True,True,True,False,False,False,False,False,False,False,False,Samedi-10-12h,OUI,Samedi,2020-03-28 10:00
19687,48,True,False,True,False,True,False,False,False,False,False,False,False,True,False,Samedi-10-12h,OUI,Samedi,2020-03-28 10:00
19688,27,False,False,False,False,False,True,False,False,False,False,False,False,False,False,Samedi-10-12h,OUI,Samedi,2020-03-28 10:00
19689,142,True,False,True,False,False,False,False,False,False,False,True,False,True,False,Samedi-10-12h,NON,Samedi,2020-03-28 10:00
19690,234,False,False,True,False,False,False,False,False,False,False,True,False,False,False,Samedi-10-12h,OUI,Samedi,2020-03-28 10:00
19691,23,False,False,False,False,True,False,False,False,False,False,False,False,False,False,Samedi-10-12h,OUI,Samedi,2020-03-28 10:00
19692,195,False,False,False,False,True,False,False,False,True,False,False,False,False,False,Samedi-10-12h,OUI,Samedi,2020-03-28 10:00
19693,275,False,False,False,False,False,False,False,False,False,False,False,True,False,False,Samedi-10-12h,NON,Samedi,2020-03-28 10:00
19694,226,False,False,False,False,True,True,False,False,False,False,False,False,False,False,Samedi-10-12h,OUI,Samedi,2020-03-28 10:00
19695,207,False,False,True,False,False,False,False,False,False,False,False,False,False,False,Samedi-10-12h,OUI,Samedi,2020-03-28 10:00
19696,57,False,False,False,False,False,False,False,False,False,False,False,False,False,False,Samedi-10-12h,NON,Samedi,2020-03-28 10:00
19697,4,False,True,False,False,False,True,False,False,False,False,False,False,False,False,Samedi-10-12h,NON,Samedi,2020-03-28 10:00
19698,265,False,False,False,False,False,True,False,False,False,False,False,False,False,False,Samedi-10-12h,OUI,Samedi,2020-03-28 10:00
19699,88,False,True,False,False,False,False,False,False,False,False,False,False,False,False,Samedi-10-12h,NON,Samedi,2020-03-28 10:00
19700,198,False,False,False,False,False,False,False,False,False,False,True,False,False,False,Samedi-10-12h,OUI,Samedi,2020-03-28 10:00
19701,249,True,True,True,False,False,False,False,False,False,False,False,False,False,False,Samedi-10-12h,NON,Samedi,2020-03-28 10:00
19702,263,False,False,False,False,True,True,False,False,False,False,False,False,False,False,Samedi-10-12h,NON,Samedi,2020-03-28 10:00
19703,217,True,False,True,False,False,False,False,False,False,False,False,False,True,False,Samedi-10-12h,OUI,Samedi,2020-03-28 10:00
19704,278,False,False,False,False,True,True,False,False,False,False,False,False,False,False,Samedi-10-12h,OUI,Samedi,2020-03-28 10:00
19705,189,False,True,False,False,False,False,False,False,False,False,False,False,False,False,Samedi-10-12h,NON,Samedi,2020-03-28 10:00
19706,61,True,False,True,False,False,False,False,False,False,False,False,False,False,False,Samedi-10-12h,OUI,Samedi,2020-03-28 10:00
19707,251,False,False,False,False,False,False,False,False,False,False,False,False,True,False,Samedi-10-12h,OUI,Samedi,2020-03-28 10:00
19708,281,False,True,False,False,False,False,False,False,False,False,False,False,False,False,Samedi-10-12h,OUI,Samedi,2020-03-28 10:00
19709,134,False,True,False,False,False,False,False,False,False,False,False,False,False,False,Samedi-10-12h,OUI,Samedi,2020-03-28 10:00
19710,293,False,True,False,False,False,True,False,False,False,False,False,False,False,False,Samedi-10-12h,NON,Samedi,2020-03-28 10:00
19711,279,True,True,True,True,False,True,False,False,False,False,False,False,False,False,Samedi-10-12h,NON,Samedi,2020-03-28 10:00
19712,81,True,False,True,True,False,False,False,True,False,False,False,False,False,False,Samedi-10-12h,OUI,Samedi,2020-03-28 10:00
19713,92,True,False,False,True,False,False,False,False,False,False,True,False,False,False,Samedi-10-12h,NON,Samedi,2020-03-28 10:00
19714,147,False,False,False,False,False,False,False,False,False,False,False,False,False,False,Samedi-10-12h,NON,Samedi,2020-03-28 10:00
19715,33,False,True,False,False,True,False,False,False,False,False,False,False,False,False,Samedi-10-12h,NON,Samedi,2020-03-28 10:00
19716,266,False,False,False,False,False,False,False,False,False,False,False,False,False,False,Samedi-10-12h,NON,Samedi,2020-03-28 10:00
19717,225,True,False,False,False,False,True,False,False,False,False,False,False,False,False,Samedi-10-12h,OUI,Samedi,2020-03-28 10:00
19718,83,True,False,True,False,False,False,False,False,False,False,False,False,False,False,Samedi-10-12h,OUI,Samedi,2020-03-28 10:00
19719,95,False,False,False,False,True,True,False,True,False,False,False,False,False,False,Samedi-10-12h,NON,Samedi,2020-03-28 10:00
19720,127,False,False,False,False,True,False,False,False,False,False,False,False,False,False,Samedi-10-12h,NON,Samedi,2020-03-28 10:00
19721,20,False,False,False,False,False,False,False,False,False,False,False,False,False,False,Samedi-10-12h,NON,Samedi,2020-03-28 10:00
19722,89,False,False,False,False,False,False,False,False,True,False,False,False,False,False,Samedi-10-12h,OUI,Samedi,2020-03-28 10:00
19723,120,False,True,True,False,True,True,False,True,False,False,True,False,False,False,Samedi-10-12h,OUI,Samedi,2020-03-28 10:00
19724,253,False,False,False,False,True,True,False,False,False,False,False,True,False,False,Samedi-10-12h,OUI,Samedi,2020-03-28 10:00
19725,52,False,False,True,False,False,False,False,False,False,False,False,False,False,False,Samedi-10-12h,OUI,Samedi,2020-03-28 10:00
19726,168,True,False,True,False,False,False,False,True,False,False,False,False,False,False,Samedi-10-12h,OUI,Samedi,2020-03-28 10:00
19727,202,False,True,False,False,False,False,False,False,False,False,False,False,False,False,Samedi-10-12h,OUI,Samedi,2020-03-28 10:00
19728,172,False,False,False,False,True,False,False,False,False,False,False,False,False,False,Samedi-10-12h,OUI,Samedi,2020-03-28 10:00
19729,239,False,False,False,False,True,True,False,False,False,False,False,False,False,False,Samedi-10-12h,NON,Samedi,2020-03-28 10:00
19730,85,False,False,False,False,True,False,False,False,False,False,False,False,False,False,Samedi-10-12h,NON,Samedi,2020-03-28 10:00
19731,215,False,False,False,False,False,False,False,False,True,False,False,False,False,False,Samedi-10-12h,OUI,Samedi,2020-03-28 10:00
19732,260,True,False,True,False,False,False,False,False,False,False,False,False,False,False,Samedi-10-12h,OUI,Samedi,2020-03-28 10:00
19733,286,True,True,False,False,True,False,False,False,False,False,False,False,False,False,Samedi-10-12h,OUI,Samedi,2020-03-28 10:00
19734,72,False,True,False,False,False,False,False,False,False,False,False,False,False,False,Samedi-12-14h,OUI,Samedi,2020-03-28 12:00
19735,167,True,True,True,True,True,True,False,False,False,False,False,False,False,False,Samedi-12-14h,OUI,Samedi,2020-03-28 12:00
19736,130,True,False,True,False,False,False,False,True,False,False,False,False,True,True,Samedi-12-14h,NON,Samedi,2020-03-28 12:00
19737,288,True,True,True,False,True,False,False,False,False,False,False,False,False,False,Samedi-12-14h,NON,Samedi,2020-03-28 12:00
19738,59,False,False,False,False,False,True,False,False,False,False,False,False,False,False,Samedi-12-14h,NON,Samedi,2020-03-28 12:00
19739,178,True,False,False,False,False,False,False,False,False,False,True,False,False,False,Samedi-12-14h,OUI,Samedi,2020-03-28 12:00
19740,254,False,False,False,False,False,False,False,False,False,False,False,True,False,False,Samedi-12-14h,NON,Samedi,2020-03-28 12:00
19741,34,False,False,False,False,False,False,False,False,False,False,False,False,False,False,Samedi-12-14h,NON,Samedi,2020-03-28 12:00
19742,264,False,False,False,False,True,True,True,False,False,False,False,False,False,False,Samedi-12-14h,OUI,Samedi,2020-03-28 12:00
19743,158,True,False,False,False,True,False,False,False,False,True,False,False,False,False,Samedi-12-14h,OUI,Samedi,2020-03-28 12:00
19744,210,False,True,False,False,True,True,False,False,False,False,False,False,False,False,Samedi-12-14h,OUI,Samedi,2020-03-28 12:00
19745,93,False,False,False,False,True,False,False,False,False,False,False,False,True,False,Samedi-12-14h,OUI,Samedi,2020-03-28 12:00
19746,144,True,False,True,False,True,False,False,False,False,False,False,False,False,False,Samedi-12-14h,OUI,Samedi,2020-03-28 12:00
19747,164,False,True,False,False,True,True,False,False,False,False,False,False,False,False,Samedi-12-14h,OUI,Samedi,2020-03-28 12:00
19748,289,False,False,False,False,True,True,False,False,False,False,False,False,False,False,Samedi-12-14h,OUI,Samedi,2020-03-28 12:00
19749,50,False,False,False,False,False,False,False,False,False,False,False,False,False,False,Samedi-12-14h,NON,Samedi,2020-03-28 12:00
19750,51,True,True,False,False,True,False,False,False,False,False,False,False,False,False,Samedi-12-14h,OUI,Samedi,2020-03-28 12:00
19751,247,False,False,True,False,False,False,False,False,False,False,False,False,False,False,Samedi-12-14h,OUI,Samedi,2020-03-28 12:00
19752,159,False,False,False,False,False,False,False,True,False,False,False,False,False,False,Samedi-12-14h,NON,Samedi,2020-03-28 12:00
19753,54,False,False,False,False,False,True,False,False,False,False,False,False,False,False,Samedi-12-14h,NON,Samedi,2020-03-28 12:00
19754,55,True,False,False,False,True,True,False,True,False,False,False,False,False,False,Samedi-12-14h,OUI,Samedi,2020-03-28 12:00
19755,257,False,False,False,False,True,False,False,False,False,False,False,False,False,False,Samedi-12-14h,NON,Samedi,2020-03-28 12:00
19756,67,False,False,False,False,False,False,False,False,False,False,False,False,False,False,Samedi-12-14h,NON,Samedi,2020-03-28 12:00
19757,71,True,False,True,False,False,False,False,False,False,False,False,False,False,False,Samedi-12-14h,NON,Samedi,2020-03-28 12:00
19758,280,False,False,False,False,False,True,False,False,False,False,False,False,False,False,Samedi-12-14h,OUI,Samedi,2020-03-28 12:00
19759,283,True,True,False,False,False,False,False,False,False,False,False,False,False,False,Samedi-12-14h,OUI,Samedi,2020-03-28 12:00
19760,154,False,False,False,False,True,True,False,False,False,False,False,True,False,False,Samedi-12-14h,NON,Samedi,2020-03-28 12:00
19761,171,False,False,False,False,False,False,False,False,False,False,False,True,False,False,Samedi-12-14h,OUI,Samedi,2020-03-28 12:00
19762,131,False,False,True,False,False,False,False,False,False,False,False,False,False,False,Samedi-12-14h,NON,Samedi,2020-03-28 12:00
19763,237,True,False,False,False,False,True,True,False,False,False,False,False,True,False,Samedi-12-14h,OUI,Samedi,2020-03-28 12:00
19764,75,False,False,False,False,True,True,False,False,False,False,False,False,False,False,Samedi-12-14h,OUI,Samedi,2020-03-28 12:00
19765,235,True,False,False,False,True,False,False,False,False,False,False,False,False,False,Samedi-12-14h,OUI,Samedi,2020-03-28 12:00
19766,180,False,False,False,False,True,True,False,False,False,False,False,False,False,False,Samedi-12-14h,OUI,Samedi,2020-03-28 12:00
19767,219,False,False,False,False,False,True,False,False,False,False,False,False,False,False,Samedi-12-14h,OUI,Samedi,2020-03-28 12:00
19768,250,False,False,False,False,False,False,False,False,True,False,False,False,False,False,Samedi-12-14h,NON,Samedi,2020-03-28 12:00
19769,267,True,True,False,False,False,False,False,False,False,False,False,False,False,False,Samedi-12-14h,OUI,Samedi,2020-03-28 12:00
19770,160,False,True,False,False,False,True,False,False,False,False,False,False,False,False,Samedi-12-14h,OUI,Samedi,2020-03-28 12:00
19771,182,False,True,False,False,True,True,True,False,False,False,False,False,False,False,Samedi-12-14h,OUI,Samedi,2020-03-28 12:00
19772,143,False,False,False,False,False,False,False,True,False,False,True,False,False,False,Samedi-12-14h,OUI,Samedi,2020-03-28 12:00
19773,223,True,True,False,False,False,False,False,False,False,False,False,False,False,False,Samedi-12-14h,OUI,Samedi,2020-03-28 12:00
19774,192,True,False,True,False,False,False,False,False,False,False,False,False,False,False,Samedi-12-14h,OUI,Samedi,2020-03-28 12:00
19775,30,False,False,True,False,False,False,False,True,False,False,False,False,False,False,Samedi-12-14h,OUI,Samedi,2020-03-28 12:00
19776,125,True,False,False,False,True,False,False,True,False,False,False,False,False,False,Samedi-12-14h,NON,Samedi,2020-03-28 12:00
19777,39,False,False,True,False,True,False,False,True,False,False,False,False,False,False,Samedi-12-14h,OUI,Samedi,2020-03-28 12:00
19778,113,True,False,True,False,False,False,False,False,False,False,False,False,False,False,Samedi-12-14h,OUI,Samedi,2020-03-28 12:00
19779,121,True,False,True,False,False,False,False,True,False,False,False,False,False,False,Samedi-12-14h,NON,Samedi,2020-03-28 12:00
19780,228,False,False,False,False,False,False,False,False,False,False,True,False,False,False,Samedi-12-14h,OUI,Samedi,2020-03-28 12:00
19781,290,False,False,False,False,False,False,False,False,True,False,False,False,False,False,Samedi-12-14h,OUI,Samedi,2020-03-28 12:00
19782,197,False,False,True,False,True,False,False,False,False,False,False,False,False,False,Samedi-12-14h,NON,Samedi,2020-03-28 12:00
19783,31,True,True,True,False,False,True,False,False,False,False,False,False,False,False,Samedi-12-14h,OUI,Samedi,2020-03-28 12:00
19784,173,True,False,False,False,True,True,False,True,False,False,False,False,False,False,Samedi-12-14h,OUI,Samedi,2020-03-28 12:00
19785,74,True,False,False,True,False,False,False,True,False,False,True,False,False,False,Samedi-12-14h,NON,Samedi,2020-03-28 12:00
19786,15,False,False,True,False,False,False,False,False,False,False,False,False,False,False,Samedi-12-14h,OUI,Samedi,2020-03-28 12:00
19787,45,True,False,False,False,True,True,False,True,False,False,False,False,False,False,Samedi-12-14h,OUI,Samedi,2020-03-28 12:00
19788,63,False,False,True,False,False,False,False,False,False,False,False,False,False,False,Samedi-12-14h,OUI,Samedi,2020-03-28 12:00
19789,3,False,False,False,False,False,True,False,False,False,False,False,True,False,False,Samedi-12-14h,OUI,Samedi,2020-03-28 12:00
19790,21,True,False,True,False,False,False,False,False,False,False,False,False,False,False,Samedi-12-14h,OUI,Samedi,2020-03-28 12:00
19791,78,False,True,True,False,True,True,False,True,False,False,False,False,False,False,Samedi-12-14h,OUI,Samedi,2020-03-28 12:00
19792,47,False,True,False,False,False,False,False,False,False,False,False,False,False,False,Samedi-12-14h,OUI,Samedi,2020-03-28 12:00
19793,151,True,True,False,False,True,False,False,True,False,False,False,False,False,False,Samedi-12-14h,OUI,Samedi,2020-03-28 12:00
19794,6,True,False,True,False,False,False,False,False,False,False,False,False,False,False,Samedi-12-14h,OUI,Samedi,2020-03-28 12:00
19795,135,True,False,True,False,False,False,False,False,False,False,False,False,True,False,Samedi-12-14h,OUI,Samedi,2020-03-28 12:00
19796,221,False,False,False,False,True,True,False,False,False,False,False,False,False,False,Samedi-12-14h,OUI,Samedi,2020-03-28 12:00
19797,170,False,False,True,False,False,False,False,False,False,False,True,False,False,True,Samedi-12-14h,NON,Samedi,2020-03-28 12:00
19798,129,False,True,False,False,False,False,False,False,False,False,False,False,False,False,Samedi-12-14h,OUI,Samedi,2020-03-28 12:00
19799,132,True,True,True,False,False,True,False,False,False,False,False,False,False,False,Samedi-12-14h,OUI,Samedi,2020-03-28 12:00
19800,110,False,True,False,False,False,False,False,False,False,False,False,False,False,False,Samedi-12-14h,OUI,Samedi,2020-03-28 12:00
19801,191,False,False,False,False,False,True,False,False,False,False,False,False,False,False,Samedi-12-14h,OUI,Samedi,2020-03-28 12:00
19802,94,True,True,True,False,False,True,False,False,False,False,True,False,True,False,Samedi-12-14h,NON,Samedi,2020-03-28 12:00
19803,108,False,False,False,False,False,True,True,False,False,False,False,False,False,False,Samedi-12-14h,OUI,Samedi,2020-03-28 12:00
19804,236,False,False,False,False,True,True,False,False,False,False,False,False,False,False,Samedi-12-14h,OUI,Samedi,2020-03-28 12:00
19805,42,True,False,True,False,True,False,False,False,False,False,False,False,False,False,Samedi-12-14h,OUI,Samedi,2020-03-28 12:00
19806,155,True,False,False,False,True,False,False,False,False,False,False,False,False,False,Samedi-12-14h,OUI,Samedi,2020-03-28 12:00
19807,1,False,False,False,False,False,False,False,False,False,False,False,False,False,False,Samedi-12-14h,NON,Samedi,2020-03-28 12:00
19808,58,False,True,True,False,False,True,False,False,False,False,True,False,False,False,Samedi-12-14h,OUI,Samedi,2020-03-28 12:00
19809,0,False,True,False,False,False,False,False,False,False,False,False,False,False,False,Samedi-12-14h,OUI,Samedi,2020-03-28 12:00
19810,269,False,False,False,False,False,False,False,False,False,False,False,False,False,False,Samedi-12-14h,NON,Samedi,2020-03-28 12:00
19811,2,True,False,True,False,False,False,False,False,False,False,False,False,False,False,Samedi-12-14h,OUI,Samedi,2020-03-28 12:00
19812,103,False,False,False,False,True,False,False,False,False,False,False,False,False,False,Samedi-12-14h,NON,Samedi,2020-03-28 12:00
19813,12,False,True,False,False,True,False,False,False,False,False,False,False,False,False,Samedi-12-14h,OUI,Samedi,2020-03-28 12:00
19814,245,True,False,False,False,True,True,False,True,False,False,False,False,False,False,Samedi-12-14h,NON,Samedi,2020-03-28 12:00
19815,161,False,False,True,False,False,False,False,False,False,False,True,False,False,False,Samedi-12-14h,OUI,Samedi,2020-03-28 12:00
19816,38,False,False,False,False,False,False,False,False,True,False,False,False,False,False,Samedi-12-14h,OUI,Samedi,2020-03-28 12:00
19817,122,False,False,False,False,False,False,False,False,False,False,False,False,False,False,Samedi-12-14h,NON,Samedi,2020-03-28 12:00
19818,248,False,False,True,False,False,False,False,False,False,False,False,False,True,False,Samedi-12-14h,OUI,Samedi,2020-03-28 12:00
19819,271,False,True,True,False,False,True,False,False,False,False,False,False,False,False,Samedi-12-14h,OUI,Samedi,2020-03-28 12:00
19820,116,False,False,True,False,False,False,False,False,False,False,False,False,False,False,Samedi-12-14h,OUI,Samedi,2020-03-28 12:00
19821,117,True,True,True,True,False,True,False,False,False,False,False,False,False,False,Samedi-12-14h,NON,Samedi,2020-03-28 12:00
19822,213,False,False,False,False,True,True,False,True,False,False,False,False,False,False,Samedi-12-14h,OUI,Samedi,2020-03-28 12:00
19823,220,False,True,True,False,False,True,False,False,False,False,False,False,False,False,Samedi-12-14h,OUI,Samedi,2020-03-28 12:00
19824,176,False,False,True,False,False,False,False,False,False,False,False,False,False,False,Samedi-12-14h,OUI,Samedi,2020-03-28 12:00
19825,96,False,False,False,False,True,True,False,False,False,True,False,False,False,False,Samedi-12-14h,NON,Samedi,2020-03-28 12:00
19826,214,False,False,False,False,True,True,False,False,False,True,False,False,False,False,Samedi-12-14h,OUI,Samedi,2020-03-28 12:00
19827,11,True,False,False,True,False,False,False,False,False,False,True,False,False,False,Samedi-12-14h,OUI,Samedi,2020-03-28 12:00
19828,255,True,False,True,False,False,False,False,True,False,False,False,False,False,False,Samedi-12-14h,NON,Samedi,2020-03-28 12:00
19829,86,False,False,True,False,False,False,False,False,False,False,False,False,False,False,Samedi-12-14h,NON,Samedi,2020-03-28 12:00
19830,209,True,False,False,False,True,True,False,True,False,False,False,False,False,False,Samedi-12-14h,OUI,Samedi,2020-03-28 12:00
19831,291,False,False,False,False,False,True,False,False,True,False,False,False,False,False,Samedi-12-14h,NON,Samedi,2020-03-28 12:00
19832,287,False,False,False,False,False,False,False,False,False,False,False,True,False,False,Samedi-12-14h,OUI,Samedi,2020-03-28 12:00
19833,104,False,False,False,False,True,True,False,False,False,False,False,False,False,False,Samedi-12-14h,OUI,Samedi,2020-03-28 12:00
19834,18,False,False,False,False,True,False,False,False,False,False,False,False,False,False,Samedi-12-14h,OUI,Samedi,2020-03-28 12:00
19835,123,False,True,False,False,True,True,False,False,False,False,False,False,False,False,Samedi-12-14h,NON,Samedi,2020-03-28 12:00
19836,136,False,False,False,False,True,False,False,False,False,False,False,False,False,False,Samedi-12-14h,OUI,Samedi,2020-03-28 12:00
19837,276,True,False,True,False,False,False,False,False,False,False,False,False,False,False,Samedi-12-14h,OUI,Samedi,2020-03-28 12:00
19838,53,False,False,False,False,True,True,False,False,False,False,False,False,False,False,Samedi-12-14h,OUI,Samedi,2020-03-28 12:00
19839,179,True,False,True,False,False,False,False,False,False,False,False,False,False,False,Samedi-12-14h,OUI,Samedi,2020-03-28 12:00
19840,200,False,False,False,False,False,False,False,False,False,False,False,False,False,False,Samedi-12-14h,NON,Samedi,2020-03-28 12:00
19841,73,False,False,False,False,False,False,False,False,False,False,False,False,False,False,Samedi-12-14h,NON,Samedi,2020-03-28 12:00
19842,156,False,False,False,False,True,True,False,False,False,False,False,False,False,False,Samedi-12-14h,OUI,Samedi,2020-03-28 12:00
19843,128,True,True,True,False,False,True,False,False,False,False,False,False,False,False,Samedi-12-14h,OUI,Samedi,2020-03-28 12:00
19844,118,False,False,False,False,False,False,False,False,False,False,False,False,False,False,Samedi-12-14h,NON,Samedi,2020-03-28 12:00
19845,112,True,False,True,False,False,False,False,False,False,False,False,False,False,False,Samedi-12-14h,OUI,Samedi,2020-03-28 12:00
19846,35,False,False,False,False,True,True,False,False,False,False,False,False,False,False,Samedi-12-14h,NON,Samedi,2020-03-28 12:00
19847,32,False,False,False,False,False,False,False,False,False,False,False,True,False,False,Samedi-12-14h,OUI,Samedi,2020-03-28 12:00
19848,199,True,False,True,False,False,False,False,False,False,False,False,False,False,False,Samedi-12-14h,OUI,Samedi,2020-03-28 12:00
19849,153,True,False,False,False,True,True,False,False,False,False,False,False,False,False,Samedi-12-14h,NON,Samedi,2020-03-28 12:00
19850,82,False,False,True,False,False,False,False,False,False,False,False,False,False,False,Samedi-12-14h,OUI,Samedi,2020-03-28 12:00
19851,292,False,True,False,False,False,False,False,False,False,False,False,False,False,False,Samedi-12-14h,OUI,Samedi,2020-03-28 12:00
19852,169,False,False,False,True,False,False,False,False,False,False,False,False,False,False,Samedi-12-14h,NON,Samedi,2020-03-28 12:00
19853,16,False,False,False,False,True,True,False,False,False,False,False,False,False,False,Samedi-12-14h,OUI,Samedi,2020-03-28 12:00
19854,46,True,True,True,False,False,True,True,False,False,False,False,False,False,False,Samedi-12-14h,OUI,Samedi,2020-03-28 12:00
19855,216,False,True,False,False,False,True,False,False,False,False,False,False,False,False,Samedi-12-14h,OUI,Samedi,2020-03-28 12:00
19856,174,False,True,True,False,False,True,False,False,False,False,True,False,False,False,Samedi-12-14h,NON,Samedi,2020-03-28 12:00
19857,43,False,False,False,False,True,False,False,False,False,False,False,False,False,False,Samedi-12-14h,OUI,Samedi,2020-03-28 12:00
19858,165,False,False,False,False,True,True,False,False,False,False,False,False,False,False,Samedi-12-14h,OUI,Samedi,2020-03-28 12:00
19859,126,False,True,False,False,False,True,False,False,False,False,False,False,False,False,Samedi-12-14h,OUI,Samedi,2020-03-28 12:00
19860,41,False,False,False,False,False,True,False,False,True,False,False,False,False,False,Samedi-12-14h,NON,Samedi,2020-03-28 12:00
19861,157,False,False,True,False,False,False,False,False,False,False,False,False,False,False,Samedi-12-14h,OUI,Samedi,2020-03-28 12:00
19862,272,False,True,True,False,False,False,True,False,False,False,True,False,True,True,Samedi-12-14h,OUI,Samedi,2020-03-28 12:00
19863,115,True,False,True,False,False,False,False,False,False,False,False,False,False,False,Samedi-12-14h,OUI,Samedi,2020-03-28 12:00
19864,84,False,False,False,False,False,False,False,False,False,False,False,True,False,False,Samedi-12-14h,OUI,Samedi,2020-03-28 12:00
19865,183,True,True,True,True,False,False,False,False,False,False,False,False,False,False,Samedi-12-14h,NON,Samedi,2020-03-28 12:00
19866,65,True,True,False,False,False,True,False,False,False,False,False,False,False,False,Samedi-12-14h,OUI,Samedi,2020-03-28 12:00
19867,105,True,False,False,False,False,False,False,False,False,False,False,False,False,False,Samedi-12-14h,OUI,Samedi,2020-03-28 12:00
19868,187,True,False,False,False,False,True,False,False,False,False,False,False,False,False,Samedi-12-14h,OUI,Samedi,2020-03-28 12:00
19869,139,True,False,True,False,False,False,False,False,False,False,False,False,False,False,Samedi-12-14h,NON,Samedi,2020-03-28 12:00
19870,259,False,False,False,False,True,True,False,False,False,False,False,False,False,False,Samedi-12-14h,NON,Samedi,2020-03-28 12:00
19871,124,True,False,True,False,False,False,False,False,False,False,True,False,False,False,Samedi-12-14h,NON,Samedi,2020-03-28 12:00
19872,98,False,False,False,False,False,True,False,False,False,False,False,True,False,False,Samedi-12-14h,OUI,Samedi,2020-03-28 12:00
19873,284,False,True,True,False,False,True,False,False,False,False,False,False,True,False,Samedi-12-14h,OUI,Samedi,2020-03-28 12:00
19874,148,True,False,True,False,True,False,False,True,False,False,False,False,False,False,Samedi-12-14h,OUI,Samedi,2020-03-28 12:00
19875,258,True,False,True,False,False,False,False,False,False,False,False,False,False,False,Samedi-12-14h,OUI,Samedi,2020-03-28 12:00
19876,175,False,False,False,False,False,True,False,False,False,False,False,False,False,False,Samedi-12-14h,NON,Samedi,2020-03-28 12:00
19877,119,False,False,False,False,False,False,False,False,False,False,True,False,False,False,Samedi-12-14h,NON,Samedi,2020-03-28 12:00
19878,229,True,False,True,False,False,False,False,True,False,False,False,False,False,False,Samedi-12-14h,NON,Samedi,2020-03-28 12:00
19879,230,False,False,False,False,False,True,True,False,False,False,False,False,False,False,Samedi-12-14h,NON,Samedi,2020-03-28 12:00
19880,17,True,False,False,False,False,True,True,False,False,False,False,False,False,False,Samedi-12-14h,OUI,Samedi,2020-03-28 12:00
19881,177,False,False,False,False,False,False,False,False,False,False,False,False,False,False,Samedi-12-14h,NON,Samedi,2020-03-28 12:00
19882,7,False,False,False,False,False,False,False,False,False,False,False,False,False,False,Samedi-12-14h,NON,Samedi,2020-03-28 12:00
19883,241,False,False,True,False,False,False,False,False,False,False,False,False,False,False,Samedi-12-14h,OUI,Samedi,2020-03-28 12:00
19884,8,True,False,False,False,True,True,False,True,False,False,False,False,False,False,Samedi-12-14h,OUI,Samedi,2020-03-28 12:00
19885,268,False,True,False,False,False,True,False,False,False,False,False,False,False,False,Samedi-12-14h,OUI,Samedi,2020-03-28 12:00
19886,294,False,False,True,False,True,False,False,False,False,False,False,False,False,False,Samedi-12-14h,OUI,Samedi,2020-03-28 12:00
19887,242,True,False,False,False,True,True,False,False,False,False,False,False,False,False,Samedi-12-14h,NON,Samedi,2020-03-28 12:00
19888,194,False,False,False,False,False,True,False,False,False,False,False,False,False,False,Samedi-12-14h,NON,Samedi,2020-03-28 12:00
19889,243,False,False,False,False,True,True,False,False,False,False,False,False,False,False,Samedi-12-14h,OUI,Samedi,2020-03-28 12:00
19890,212,True,True,True,False,False,True,False,False,False,False,False,False,False,False,Samedi-12-14h,OUI,Samedi,2020-03-28 12:00
19891,19,False,False,False,False,False,True,False,False,False,False,False,False,False,False,Samedi-12-14h,OUI,Samedi,2020-03-28 12:00
19892,114,False,False,False,False,True,False,False,False,False,False,False,False,False,False,Samedi-12-14h,OUI,Samedi,2020-03-28 12:00
19893,190,False,False,False,False,False,True,False,False,True,False,False,False,False,False,Samedi-12-14h,NON,Samedi,2020-03-28 12:00
19894,64,False,False,True,False,False,False,False,False,False,False,False,False,False,False,Samedi-12-14h,OUI,Samedi,2020-03-28 12:00
19895,227,False,False,False,False,False,False,False,False,False,False,False,False,False,False,Samedi-12-14h,NON,Samedi,2020-03-28 12:00
19896,232,False,False,False,False,False,True,False,False,False,False,False,False,False,False,Samedi-12-14h,OUI,Samedi,2020-03-28 12:00
19897,246,False,True,False,False,False,True,True,False,False,False,False,False,False,False,Samedi-12-14h,OUI,Samedi,2020-03-28 12:00
19898,100,False,False,False,False,False,True,False,False,False,False,False,False,False,False,Samedi-12-14h,OUI,Samedi,2020-03-28 12:00
19899,13,False,False,False,False,True,False,False,False,False,False,False,False,False,False,Samedi-12-14h,OUI,Samedi,2020-03-28 12:00
19900,262,True,True,True,False,False,False,False,False,False,False,False,False,False,False,Samedi-12-14h,NON,Samedi,2020-03-28 12:00
19901,76,True,True,True,False,False,True,False,False,False,False,True,False,False,False,Samedi-12-14h,NON,Samedi,2020-03-28 12:00
19902,261,False,True,False,False,True,False,False,False,False,False,False,False,False,False,Samedi-12-14h,NON,Samedi,2020-03-28 12:00
19903,150,False,True,False,False,False,False,False,False,False,False,False,False,False,False,Samedi-12-14h,OUI,Samedi,2020-03-28 12:00
19904,205,False,False,False,False,False,False,False,False,False,False,False,False,False,False,Samedi-12-14h,NON,Samedi,2020-03-28 12:00
19905,56,False,False,False,False,True,True,False,False,False,False,False,False,False,False,Samedi-12-14h,OUI,Samedi,2020-03-28 12:00
19906,186,False,False,False,False,True,False,False,False,False,False,False,False,False,False,Samedi-12-14h,OUI,Samedi,2020-03-28 12:00
19907,162,True,False,False,False,True,True,False,False,False,False,False,False,False,False,Samedi-12-14h,OUI,Samedi,2020-03-28 12:00
19908,68,False,True,False,False,True,True,False,False,False,False,False,False,False,False,Samedi-12-14h,OUI,Samedi,2020-03-28 12:00
19909,146,False,False,False,False,False,True,False,False,False,False,False,True,False,False,Samedi-12-14h,OUI,Samedi,2020-03-28 12:00
19910,49,False,False,False,False,False,False,False,False,False,False,False,False,True,False,Samedi-12-14h,OUI,Samedi,2020-03-28 12:00
19911,91,True,False,True,True,False,False,False,False,False,False,False,False,False,False,Samedi-12-14h,OUI,Samedi,2020-03-28 12:00
19912,22,False,False,False,False,False,False,False,False,False,True,False,False,False,False,Samedi-12-14h,NON,Samedi,2020-03-28 12:00
19913,151,False,False,False,False,True,False,False,False,False,False,False,False,False,False,Samedi-12-14h,OUI,Samedi,2020-03-28 12:00
19914,193,False,False,False,False,True,True,False,False,False,False,False,False,False,False,Samedi-12-14h,OUI,Samedi,2020-03-28 12:00
19915,9,True,True,False,False,False,False,False,False,False,False,False,False,False,False,Samedi-12-14h,OUI,Samedi,2020-03-28 12:00
19916,99,True,False,True,False,False,False,False,False,False,False,False,False,False,False,Samedi-12-14h,NON,Samedi,2020-03-28 12:00
19917,181,False,False,False,False,True,True,False,False,False,False,False,False,False,False,Samedi-12-14h,OUI,Samedi,2020-03-28 12:00
19918,111,False,False,False,False,False,True,False,True,False,False,False,False,False,False,Samedi-12-14h,OUI,Samedi,2020-03-28 12:00
19919,44,False,True,False,False,False,True,False,False,False,False,False,False,False,False,Samedi-12-14h,NON,Samedi,2020-03-28 12:00
19920,24,False,False,False,False,True,False,False,True,False,False,False,False,False,False,Samedi-12-14h,NON,Samedi,2020-03-28 12:00
19921,102,False,False,False,False,True,True,False,True,False,False,False,False,False,False,Samedi-12-14h,OUI,Samedi,2020-03-28 12:00
19922,203,True,True,False,False,False,False,False,True,False,False,False,False,False,False,Samedi-12-14h,OUI,Samedi,2020-03-28 12:00
19923,140,False,False,False,False,True,True,False,True,False,False,False,False,False,False,Samedi-12-14h,NON,Samedi,2020-03-28 12:00
19924,188,False,False,False,False,False,True,False,False,True,False,False,False,False,False,Samedi-12-14h,NON,Samedi,2020-03-28 12:00
19925,206,False,False,False,True,False,False,False,False,False,False,True,False,False,False,Samedi-12-14h,NON,Samedi,2020-03-28 12:00
19926,273,False,False,False,False,False,False,False,False,False,False,False,True,False,False,Samedi-12-14h,OUI,Samedi,2020-03-28 12:00
19927,69,True,False,True,False,False,False,False,False,False,False,False,False,False,False,Samedi-12-14h,OUI,Samedi,2020-03-28 12:00
19928,87,True,False,False,True,False,False,False,False,False,False,True,False,False,False,Samedi-12-14h,NON,Samedi,2020-03-28 12:00
19929,83,True,False,True,False,False,False,False,False,False,False,False,False,False,False,Samedi-12-14h,OUI,Samedi,2020-03-28 12:00
19930,149,True,False,True,True,False,False,False,False,False,False,False,False,False,False,Samedi-12-14h,OUI,Samedi,2020-03-28 12:00
19931,274,False,False,False,False,False,True,False,False,False,False,False,False,False,False,Samedi-12-14h,NON,Samedi,2020-03-28 12:00
19932,282,True,False,True,True,False,False,False,False,False,False,False,False,False,False,Samedi-12-14h,OUI,Samedi,2020-03-28 12:00
19933,147,False,False,False,False,False,False,False,False,False,False,False,False,False,False,Samedi-12-14h,NON,Samedi,2020-03-28 12:00
19934,238,False,False,False,False,False,False,False,False,False,False,False,True,False,False,Samedi-12-14h,NON,Samedi,2020-03-28 12:00
19935,201,False,False,False,False,False,False,False,False,False,False,False,False,False,False,Samedi-12-14h,NON,Samedi,2020-03-28 12:00
19936,152,False,True,False,False,False,False,False,False,False,False,False,False,False,False,Samedi-12-14h,OUI,Samedi,2020-03-28 12:00
19937,222,False,False,False,False,False,True,False,False,True,True,False,False,False,False,Samedi-12-14h,OUI,Samedi,2020-03-28 12:00
19938,106,False,False,False,False,False,True,False,False,False,False,False,True,False,False,Samedi-12-14h,OUI,Samedi,2020-03-28 12:00
19939,133,False,False,True,False,True,False,False,False,False,False,False,False,False,False,Samedi-12-14h,OUI,Samedi,2020-03-28 12:00
19940,163,False,False,False,False,True,False,False,False,False,False,False,False,False,False,Samedi-12-14h,NON,Samedi,2020-03-28 12:00
19941,231,False,False,False,False,False,False,False,False,False,False,False,False,False,False,Samedi-12-14h,NON,Samedi,2020-03-28 12:00
19942,25,False,False,False,False,True,False,False,False,False,False,False,False,False,False,Samedi-12-14h,NON,Samedi,2020-03-28 12:00
19943,196,False,False,True,False,True,False,False,True,False,False,False,False,False,False,Samedi-12-14h,OUI,Samedi,2020-03-28 12:00
19944,5,False,False,False,False,True,True,False,False,False,False,False,False,False,False,Samedi-12-14h,OUI,Samedi,2020-03-28 12:00
19945,90,False,True,False,False,False,False,False,False,False,False,False,False,False,False,Samedi-12-14h,OUI,Samedi,2020-03-28 12:00
19946,244,True,False,True,False,False,False,False,False,False,False,False,False,False,False,Samedi-12-14h,NON,Samedi,2020-03-28 12:00
19947,107,False,True,False,False,False,True,False,False,False,False,False,False,False,False,Samedi-12-14h,OUI,Samedi,2020-03-28 12:00
19948,218,False,True,False,False,True,True,False,False,False,False,False,False,False,False,Samedi-12-14h,OUI,Samedi,2020-03-28 12:00
19949,62,False,True,True,False,True,True,False,False,False,False,False,False,False,False,Samedi-12-14h,OUI,Samedi,2020-03-28 12:00
19950,79,False,True,False,False,False,False,False,False,False,False,False,False,False,False,Samedi-12-14h,OUI,Samedi,2020-03-28 12:00
19951,208,False,False,False,False,False,True,False,False,False,False,False,False,False,False,Samedi-12-14h,OUI,Samedi,2020-03-28 12:00
19952,270,False,False,False,False,False,False,False,False,True,False,False,False,False,False,Samedi-12-14h,NON,Samedi,2020-03-28 12:00
19953,166,True,False,False,False,True,True,False,False,False,False,False,False,False,False,Samedi-12-14h,OUI,Samedi,2020-03-28 12:00
19954,77,False,False,True,False,True,False,False,False,False,False,False,False,False,False,Samedi-12-14h,OUI,Samedi,2020-03-28 12:00
19955,29,False,False,False,False,False,True,False,False,False,False,False,True,False,False,Samedi-12-14h,OUI,Samedi,2020-03-28 12:00
19956,240,False,False,False,False,False,True,False,False,False,False,False,False,False,False,Samedi-12-14h,OUI,Samedi,2020-03-28 12:00
19957,184,False,True,False,False,False,False,False,False,False,False,False,False,False,False,Samedi-12-14h,OUI,Samedi,2020-03-28 12:00
19958,277,False,True,True,False,False,True,False,False,False,False,False,False,False,False,Samedi-12-14h,NON,Samedi,2020-03-28 12:00
19959,80,True,False,False,False,False,True,False,False,False,True,False,False,False,False,Samedi-12-14h,OUI,Samedi,2020-03-28 12:00
19960,185,True,True,True,False,False,True,False,False,False,False,True,False,True,False,Samedi-12-14h,NON,Samedi,2020-03-28 12:00
19961,204,False,False,False,False,True,True,False,False,False,False,False,True,False,False,Samedi-12-14h,OUI,Samedi,2020-03-28 12:00
19962,252,True,True,True,False,False,True,False,False,False,False,False,False,False,False,Samedi-12-14h,OUI,Samedi,2020-03-28 12:00
19963,26,False,False,False,False,True,False,False,False,False,False,False,False,False,False,Samedi-12-14h,OUI,Samedi,2020-03-28 12:00
19964,70,False,False,False,False,True,False,False,False,False,False,False,True,False,False,Samedi-12-14h,NON,Samedi,2020-03-28 12:00
19965,233,False,False,False,False,True,False,False,False,False,False,False,False,False,False,Samedi-12-14h,OUI,Samedi,2020-03-28 12:00
19966,37,True,True,True,False,True,True,False,False,False,False,False,False,False,False,Samedi-12-14h,OUI,Samedi,2020-03-28 12:00
19967,185,False,False,True,False,False,False,False,False,False,False,False,False,False,False,Samedi-12-14h,OUI,Samedi,2020-03-28 12:00
19968,138,True,False,False,False,True,True,False,False,False,False,False,False,False,False,Samedi-12-14h,OUI,Samedi,2020-03-28 12:00
19969,224,True,False,True,False,False,False,False,False,False,False,False,False,False,False,Samedi-12-14h,OUI,Samedi,2020-03-28 12:00
19970,66,False,False,False,False,True,True,False,False,False,False,False,False,True,False,Samedi-12-14h,OUI,Samedi,2020-03-28 12:00
19971,211,False,False,True,False,False,False,False,False,False,False,False,False,True,False,Samedi-12-14h,OUI,Samedi,2020-03-28 12:00
19972,14,False,False,False,False,True,True,False,False,False,False,False,False,False,False,Samedi-12-14h,NON,Samedi,2020-03-28 12:00
19973,145,False,False,False,False,True,False,False,False,False,False,False,False,False,False,Samedi-12-14h,OUI,Samedi,2020-03-28 12:00
19974,36,False,False,False,False,False,False,False,False,False,False,False,True,False,False,Samedi-12-14h,OUI,Samedi,2020-03-28 12:00
19975,60,True,True,True,False,False,True,False,False,False,False,False,False,False,False,Samedi-12-14h,NON,Samedi,2020-03-28 12:00
19976,137,True,True,True,False,False,True,False,False,False,False,True,False,False,False,Samedi-12-14h,OUI,Samedi,2020-03-28 12:00
19977,285,False,True,False,False,True,True,False,False,False,False,False,False,False,False,Samedi-12-14h,OUI,Samedi,2020-03-28 12:00
19978,40,False,True,True,False,True,True,False,False,False,False,False,False,False,False,Samedi-12-14h,OUI,Samedi,2020-03-28 12:00
19979,97,False,False,False,False,False,True,False,False,False,False,False,False,False,False,Samedi-12-14h,NON,Samedi,2020-03-28 12:00
19980,109,True,False,True,True,False,False,False,False,False,False,False,False,False,False,Samedi-12-14h,OUI,Samedi,2020-03-28 12:00
19981,10,False,False,False,False,False,False,False,False,False,False,False,False,False,False,Samedi-12-14h,NON,Samedi,2020-03-28 12:00
19982,256,False,False,False,False,False,False,False,False,False,False,False,True,False,False,Samedi-12-14h,NON,Samedi,2020-03-28 12:00
19983,141,True,True,True,False,False,False,False,False,False,False,True,False,False,False,Samedi-12-14h,NON,Samedi,2020-03-28 12:00
19984,28,False,False,False,False,False,False,False,False,False,False,False,False,False,False,Samedi-12-14h,NON,Samedi,2020-03-28 12:00
19985,101,True,True,True,True,True,True,False,False,False,False,False,False,False,False,Samedi-12-14h,OUI,Samedi,2020-03-28 12:00
19986,48,True,False,True,False,True,False,False,False,False,False,False,False,True,False,Samedi-12-14h,OUI,Samedi,2020-03-28 12:00
19987,27,False,False,False,False,False,True,False,False,False,False,False,False,False,False,Samedi-12-14h,OUI,Samedi,2020-03-28 12:00
19988,142,True,False,True,False,False,False,False,False,False,False,True,False,True,False,Samedi-12-14h,NON,Samedi,2020-03-28 12:00
19989,234,False,False,True,False,False,False,False,False,False,False,True,False,False,False,Samedi-12-14h,OUI,Samedi,2020-03-28 12:00
19990,23,False,False,False,False,True,False,False,False,False,False,False,False,False,False,Samedi-12-14h,OUI,Samedi,2020-03-28 12:00
19991,195,False,False,False,False,True,False,False,False,True,False,False,False,False,False,Samedi-12-14h,OUI,Samedi,2020-03-28 12:00
19992,275,False,False,False,False,False,False,False,False,False,False,False,True,False,False,Samedi-12-14h,NON,Samedi,2020-03-28 12:00
19993,226,False,False,False,False,True,True,False,False,False,False,False,False,False,False,Samedi-12-14h,OUI,Samedi,2020-03-28 12:00
19994,207,False,False,True,False,False,False,False,False,False,False,False,False,False,False,Samedi-12-14h,OUI,Samedi,2020-03-28 12:00
19995,57,False,False,False,False,False,False,False,False,False,False,False,False,False,False,Samedi-12-14h,NON,Samedi,2020-03-28 12:00
19996,4,False,True,False,False,False,True,False,False,False,False,False,False,False,False,Samedi-12-14h,NON,Samedi,2020-03-28 12:00
19997,265,False,False,False,False,False,True,False,False,False,False,False,False,False,False,Samedi-12-14h,OUI,Samedi,2020-03-28 12:00
19998,88,False,True,False,False,False,False,False,False,False,False,False,False,False,False,Samedi-12-14h,NON,Samedi,2020-03-28 12:00
19999,198,False,False,False,False,False,False,False,False,False,False,True,False,False,False,Samedi-12-14h,OUI,Samedi,2020-03-28 12:00
20000,249,True,True,True,False,False,False,False,False,False,False,False,False,False,False,Samedi-12-14h,NON,Samedi,2020-03-28 12:00
20001,263,False,False,False,False,True,True,False,False,False,False,False,False,False,False,Samedi-12-14h,OUI,Samedi,2020-03-28 12:00
20002,217,True,False,True,False,False,False,False,False,False,False,False,False,True,False,Samedi-12-14h,OUI,Samedi,2020-03-28 12:00
20003,278,False,False,False,False,True,True,False,False,False,False,False,False,False,False,Samedi-12-14h,OUI,Samedi,2020-03-28 12:00
20004,189,False,True,False,False,False,False,False,False,False,False,False,False,False,False,Samedi-12-14h,NON,Samedi,2020-03-28 12:00
20005,61,True,False,True,False,False,False,False,False,False,False,False,False,False,False,Samedi-12-14h,OUI,Samedi,2020-03-28 12:00
20006,251,False,False,False,False,False,False,False,False,False,False,False,False,True,False,Samedi-12-14h,OUI,Samedi,2020-03-28 12:00
20007,281,False,True,False,False,False,False,False,False,False,False,False,False,False,False,Samedi-12-14h,OUI,Samedi,2020-03-28 12:00
20008,134,False,True,False,False,False,False,False,False,False,False,False,False,False,False,Samedi-12-14h,OUI,Samedi,2020-03-28 12:00
20009,293,False,True,False,False,False,True,False,False,False,False,False,False,False,False,Samedi-12-14h,NON,Samedi,2020-03-28 12:00
20010,279,True,True,True,True,False,True,False,False,False,False,False,False,False,False,Samedi-12-14h,NON,Samedi,2020-03-28 12:00
20011,81,True,False,True,True,False,False,False,True,False,False,False,False,False,False,Samedi-12-14h,OUI,Samedi,2020-03-28 12:00
20012,92,True,False,False,True,False,False,False,False,False,False,True,False,False,False,Samedi-12-14h,OUI,Samedi,2020-03-28 12:00
20013,147,False,False,False,False,False,False,False,False,False,False,False,False,False,False,Samedi-12-14h,NON,Samedi,2020-03-28 12:00
20014,33,False,True,False,False,True,False,False,False,False,False,False,False,False,False,Samedi-12-14h,OUI,Samedi,2020-03-28 12:00
20015,266,False,False,False,False,False,False,False,False,False,False,False,False,False,False,Samedi-12-14h,NON,Samedi,2020-03-28 12:00
20016,225,True,False,False,False,False,True,False,False,False,False,False,False,False,False,Samedi-12-14h,OUI,Samedi,2020-03-28 12:00
20017,83,True,False,True,False,False,False,False,False,False,False,False,False,False,False,Samedi-12-14h,OUI,Samedi,2020-03-28 12:00
20018,95,False,False,False,False,True,True,False,True,False,False,False,False,False,False,Samedi-12-14h,NON,Samedi,2020-03-28 12:00
20019,127,False,False,False,False,True,False,False,False,False,False,False,False,False,False,Samedi-12-14h,NON,Samedi,2020-03-28 12:00
20020,20,False,False,False,False,False,False,False,False,False,False,False,False,False,False,Samedi-12-14h,NON,Samedi,2020-03-28 12:00
20021,89,False,False,False,False,False,False,False,False,True,False,False,False,False,False,Samedi-12-14h,OUI,Samedi,2020-03-28 12:00
20022,120,False,True,True,False,True,True,False,True,False,False,True,False,False,False,Samedi-12-14h,OUI,Samedi,2020-03-28 12:00
20023,253,False,False,False,False,True,True,False,False,False,False,False,True,False,False,Samedi-12-14h,OUI,Samedi,2020-03-28 12:00
20024,52,False,False,True,False,False,False,False,False,False,False,False,False,False,False,Samedi-12-14h,OUI,Samedi,2020-03-28 12:00
20025,168,True,False,True,False,False,False,False,True,False,False,False,False,False,False,Samedi-12-14h,OUI,Samedi,2020-03-28 12:00
20026,202,False,True,False,False,False,False,False,False,False,False,False,False,False,False,Samedi-12-14h,OUI,Samedi,2020-03-28 12:00
20027,172,False,False,False,False,True,False,False,False,False,False,False,False,False,False,Samedi-12-14h,OUI,Samedi,2020-03-28 12:00
20028,239,False,False,False,False,True,True,False,False,False,False,False,False,False,False,Samedi-12-14h,NON,Samedi,2020-03-28 12:00
20029,85,False,False,False,False,True,False,False,False,False,False,False,False,False,False,Samedi-12-14h,NON,Samedi,2020-03-28 12:00
20030,215,False,False,False,False,False,False,False,False,True,False,False,False,False,False,Samedi-12-14h,OUI,Samedi,2020-03-28 12:00
20031,260,True,False,True,False,False,False,False,False,False,False,False,False,False,False,Samedi-12-14h,OUI,Samedi,2020-03-28 12:00
20032,286,True,True,False,False,True,False,False,False,False,False,False,False,False,False,Samedi-12-14h,OUI,Samedi,2020-03-28 12:00
20033,72,False,True,False,False,False,False,False,False,False,False,False,False,False,False,Samedi-14-16h,OUI,Samedi,2020-03-28 14:00
20034,167,True,True,True,True,True,True,False,False,False,False,False,False,False,False,Samedi-14-16h,OUI,Samedi,2020-03-28 14:00
20035,130,True,False,True,False,False,False,False,True,False,False,False,False,True,True,Samedi-14-16h,NON,Samedi,2020-03-28 14:00
20036,288,True,True,True,False,True,False,False,False,False,False,False,False,False,False,Samedi-14-16h,OUI,Samedi,2020-03-28 14:00
20037,59,False,False,False,False,False,True,False,False,False,False,False,False,False,False,Samedi-14-16h,NON,Samedi,2020-03-28 14:00
20038,178,True,False,False,False,False,False,False,False,False,False,True,False,False,False,Samedi-14-16h,OUI,Samedi,2020-03-28 14:00
20039,254,False,False,False,False,False,False,False,False,False,False,False,True,False,False,Samedi-14-16h,NON,Samedi,2020-03-28 14:00
20040,34,False,False,False,False,False,False,False,False,False,False,False,False,False,False,Samedi-14-16h,NON,Samedi,2020-03-28 14:00
20041,264,False,False,False,False,True,True,True,False,False,False,False,False,False,False,Samedi-14-16h,OUI,Samedi,2020-03-28 14:00
20042,158,True,False,False,False,True,False,False,False,False,True,False,False,False,False,Samedi-14-16h,OUI,Samedi,2020-03-28 14:00
20043,210,False,True,False,False,True,True,False,False,False,False,False,False,False,False,Samedi-14-16h,OUI,Samedi,2020-03-28 14:00
20044,93,False,False,False,False,True,False,False,False,False,False,False,False,True,False,Samedi-14-16h,OUI,Samedi,2020-03-28 14:00
20045,144,True,False,True,False,True,False,False,False,False,False,False,False,False,False,Samedi-14-16h,OUI,Samedi,2020-03-28 14:00
20046,164,False,True,False,False,True,True,False,False,False,False,False,False,False,False,Samedi-14-16h,OUI,Samedi,2020-03-28 14:00
20047,289,False,False,False,False,True,True,False,False,False,False,False,False,False,False,Samedi-14-16h,OUI,Samedi,2020-03-28 14:00
20048,50,False,False,False,False,False,False,False,False,False,False,False,False,False,False,Samedi-14-16h,NON,Samedi,2020-03-28 14:00
20049,51,True,True,False,False,True,False,False,False,False,False,False,False,False,False,Samedi-14-16h,OUI,Samedi,2020-03-28 14:00
20050,247,False,False,True,False,False,False,False,False,False,False,False,False,False,False,Samedi-14-16h,OUI,Samedi,2020-03-28 14:00
20051,159,False,False,False,False,False,False,False,True,False,False,False,False,False,False,Samedi-14-16h,NON,Samedi,2020-03-28 14:00
20052,54,False,False,False,False,False,True,False,False,False,False,False,False,False,False,Samedi-14-16h,OUI,Samedi,2020-03-28 14:00
20053,55,True,False,False,False,True,True,False,True,False,False,False,False,False,False,Samedi-14-16h,OUI,Samedi,2020-03-28 14:00
20054,257,False,False,False,False,True,False,False,False,False,False,False,False,False,False,Samedi-14-16h,OUI,Samedi,2020-03-28 14:00
20055,67,False,False,False,False,False,False,False,False,False,False,False,False,False,False,Samedi-14-16h,NON,Samedi,2020-03-28 14:00
20056,71,True,False,True,False,False,False,False,False,False,False,False,False,False,False,Samedi-14-16h,NON,Samedi,2020-03-28 14:00
20057,280,False,False,False,False,False,True,False,False,False,False,False,False,False,False,Samedi-14-16h,OUI,Samedi,2020-03-28 14:00
20058,283,True,True,False,False,False,False,False,False,False,False,False,False,False,False,Samedi-14-16h,OUI,Samedi,2020-03-28 14:00
20059,154,False,False,False,False,True,True,False,False,False,False,False,True,False,False,Samedi-14-16h,NON,Samedi,2020-03-28 14:00
20060,171,False,False,False,False,False,False,False,False,False,False,False,True,False,False,Samedi-14-16h,OUI,Samedi,2020-03-28 14:00
20061,131,False,False,True,False,False,False,False,False,False,False,False,False,False,False,Samedi-14-16h,NON,Samedi,2020-03-28 14:00
20062,237,True,False,False,False,False,True,True,False,False,False,False,False,True,False,Samedi-14-16h,OUI,Samedi,2020-03-28 14:00
20063,75,False,False,False,False,True,True,False,False,False,False,False,False,False,False,Samedi-14-16h,OUI,Samedi,2020-03-28 14:00
20064,235,True,False,False,False,True,False,False,False,False,False,False,False,False,False,Samedi-14-16h,OUI,Samedi,2020-03-28 14:00
20065,180,False,False,False,False,True,True,False,False,False,False,False,False,False,False,Samedi-14-16h,OUI,Samedi,2020-03-28 14:00
20066,219,False,False,False,False,False,True,False,False,False,False,False,False,False,False,Samedi-14-16h,OUI,Samedi,2020-03-28 14:00
20067,250,False,False,False,False,False,False,False,False,True,False,False,False,False,False,Samedi-14-16h,NON,Samedi,2020-03-28 14:00
20068,267,True,True,False,False,False,False,False,False,False,False,False,False,False,False,Samedi-14-16h,OUI,Samedi,2020-03-28 14:00
20069,160,False,True,False,False,False,True,False,False,False,False,False,False,False,False,Samedi-14-16h,OUI,Samedi,2020-03-28 14:00
20070,182,False,True,False,False,True,True,True,False,False,False,False,False,False,False,Samedi-14-16h,OUI,Samedi,2020-03-28 14:00
20071,143,False,False,False,False,False,False,False,True,False,False,True,False,False,False,Samedi-14-16h,OUI,Samedi,2020-03-28 14:00
20072,223,True,True,False,False,False,False,False,False,False,False,False,False,False,False,Samedi-14-16h,OUI,Samedi,2020-03-28 14:00
20073,192,True,False,True,False,False,False,False,False,False,False,False,False,False,False,Samedi-14-16h,OUI,Samedi,2020-03-28 14:00
20074,30,False,False,True,False,False,False,False,True,False,False,False,False,False,False,Samedi-14-16h,OUI,Samedi,2020-03-28 14:00
20075,125,True,False,False,False,True,False,False,True,False,False,False,False,False,False,Samedi-14-16h,NON,Samedi,2020-03-28 14:00
20076,39,False,False,True,False,True,False,False,True,False,False,False,False,False,False,Samedi-14-16h,OUI,Samedi,2020-03-28 14:00
20077,113,True,False,True,False,False,False,False,False,False,False,False,False,False,False,Samedi-14-16h,OUI,Samedi,2020-03-28 14:00
20078,121,True,False,True,False,False,False,False,True,False,False,False,False,False,False,Samedi-14-16h,NON,Samedi,2020-03-28 14:00
20079,228,False,False,False,False,False,False,False,False,False,False,True,False,False,False,Samedi-14-16h,OUI,Samedi,2020-03-28 14:00
20080,290,False,False,False,False,False,False,False,False,True,False,False,False,False,False,Samedi-14-16h,OUI,Samedi,2020-03-28 14:00
20081,197,False,False,True,False,True,False,False,False,False,False,False,False,False,False,Samedi-14-16h,NON,Samedi,2020-03-28 14:00
20082,31,True,True,True,False,False,True,False,False,False,False,False,False,False,False,Samedi-14-16h,OUI,Samedi,2020-03-28 14:00
20083,173,True,False,False,False,True,True,False,True,False,False,False,False,False,False,Samedi-14-16h,OUI,Samedi,2020-03-28 14:00
20084,74,True,False,False,True,False,False,False,True,False,False,True,False,False,False,Samedi-14-16h,NON,Samedi,2020-03-28 14:00
20085,15,False,False,True,False,False,False,False,False,False,False,False,False,False,False,Samedi-14-16h,OUI,Samedi,2020-03-28 14:00
20086,45,True,False,False,False,True,True,False,True,False,False,False,False,False,False,Samedi-14-16h,OUI,Samedi,2020-03-28 14:00
20087,63,False,False,True,False,False,False,False,False,False,False,False,False,False,False,Samedi-14-16h,OUI,Samedi,2020-03-28 14:00
20088,3,False,False,False,False,False,True,False,False,False,False,False,True,False,False,Samedi-14-16h,OUI,Samedi,2020-03-28 14:00
20089,21,True,False,True,False,False,False,False,False,False,False,False,False,False,False,Samedi-14-16h,OUI,Samedi,2020-03-28 14:00
20090,78,False,True,True,False,True,True,False,True,False,False,False,False,False,False,Samedi-14-16h,OUI,Samedi,2020-03-28 14:00
20091,47,False,True,False,False,False,False,False,False,False,False,False,False,False,False,Samedi-14-16h,OUI,Samedi,2020-03-28 14:00
20092,151,True,True,False,False,True,False,False,True,False,False,False,False,False,False,Samedi-14-16h,OUI,Samedi,2020-03-28 14:00
20093,6,True,False,True,False,False,False,False,False,False,False,False,False,False,False,Samedi-14-16h,OUI,Samedi,2020-03-28 14:00
20094,135,True,False,True,False,False,False,False,False,False,False,False,False,True,False,Samedi-14-16h,OUI,Samedi,2020-03-28 14:00
20095,221,False,False,False,False,True,True,False,False,False,False,False,False,False,False,Samedi-14-16h,OUI,Samedi,2020-03-28 14:00
20096,170,False,False,True,False,False,False,False,False,False,False,True,False,False,True,Samedi-14-16h,NON,Samedi,2020-03-28 14:00
20097,129,False,True,False,False,False,False,False,False,False,False,False,False,False,False,Samedi-14-16h,OUI,Samedi,2020-03-28 14:00
20098,132,True,True,True,False,False,True,False,False,False,False,False,False,False,False,Samedi-14-16h,OUI,Samedi,2020-03-28 14:00
20099,110,False,True,False,False,False,False,False,False,False,False,False,False,False,False,Samedi-14-16h,OUI,Samedi,2020-03-28 14:00
20100,191,False,False,False,False,False,True,False,False,False,False,False,False,False,False,Samedi-14-16h,OUI,Samedi,2020-03-28 14:00
20101,94,True,True,True,False,False,True,False,False,False,False,True,False,True,False,Samedi-14-16h,NON,Samedi,2020-03-28 14:00
20102,108,False,False,False,False,False,True,True,False,False,False,False,False,False,False,Samedi-14-16h,OUI,Samedi,2020-03-28 14:00
20103,236,False,False,False,False,True,True,False,False,False,False,False,False,False,False,Samedi-14-16h,OUI,Samedi,2020-03-28 14:00
20104,42,True,False,True,False,True,False,False,False,False,False,False,False,False,False,Samedi-14-16h,OUI,Samedi,2020-03-28 14:00
20105,155,True,False,False,False,True,False,False,False,False,False,False,False,False,False,Samedi-14-16h,OUI,Samedi,2020-03-28 14:00
20106,1,False,False,False,False,False,False,False,False,False,False,False,False,False,False,Samedi-14-16h,NON,Samedi,2020-03-28 14:00
20107,58,False,True,True,False,False,True,False,False,False,False,True,False,False,False,Samedi-14-16h,OUI,Samedi,2020-03-28 14:00
20108,0,False,True,False,False,False,False,False,False,False,False,False,False,False,False,Samedi-14-16h,OUI,Samedi,2020-03-28 14:00
20109,269,False,False,False,False,False,False,False,False,False,False,False,False,False,False,Samedi-14-16h,NON,Samedi,2020-03-28 14:00
20110,2,True,False,True,False,False,False,False,False,False,False,False,False,False,False,Samedi-14-16h,OUI,Samedi,2020-03-28 14:00
20111,103,False,False,False,False,True,False,False,False,False,False,False,False,False,False,Samedi-14-16h,NON,Samedi,2020-03-28 14:00
20112,12,False,True,False,False,True,False,False,False,False,False,False,False,False,False,Samedi-14-16h,OUI,Samedi,2020-03-28 14:00
20113,245,True,False,False,False,True,True,False,True,False,False,False,False,False,False,Samedi-14-16h,OUI,Samedi,2020-03-28 14:00
20114,161,False,False,True,False,False,False,False,False,False,False,True,False,False,False,Samedi-14-16h,OUI,Samedi,2020-03-28 14:00
20115,38,False,False,False,False,False,False,False,False,True,False,False,False,False,False,Samedi-14-16h,OUI,Samedi,2020-03-28 14:00
20116,122,False,False,False,False,False,False,False,False,False,False,False,False,False,False,Samedi-14-16h,NON,Samedi,2020-03-28 14:00
20117,248,False,False,True,False,False,False,False,False,False,False,False,False,True,False,Samedi-14-16h,OUI,Samedi,2020-03-28 14:00
20118,271,False,True,True,False,False,True,False,False,False,False,False,False,False,False,Samedi-14-16h,OUI,Samedi,2020-03-28 14:00
20119,116,False,False,True,False,False,False,False,False,False,False,False,False,False,False,Samedi-14-16h,OUI,Samedi,2020-03-28 14:00
20120,117,True,True,True,True,False,True,False,False,False,False,False,False,False,False,Samedi-14-16h,NON,Samedi,2020-03-28 14:00
20121,213,False,False,False,False,True,True,False,True,False,False,False,False,False,False,Samedi-14-16h,OUI,Samedi,2020-03-28 14:00
20122,220,False,True,True,False,False,True,False,False,False,False,False,False,False,False,Samedi-14-16h,OUI,Samedi,2020-03-28 14:00
20123,176,False,False,True,False,False,False,False,False,False,False,False,False,False,False,Samedi-14-16h,OUI,Samedi,2020-03-28 14:00
20124,96,False,False,False,False,True,True,False,False,False,True,False,False,False,False,Samedi-14-16h,OUI,Samedi,2020-03-28 14:00
20125,214,False,False,False,False,True,True,False,False,False,True,False,False,False,False,Samedi-14-16h,OUI,Samedi,2020-03-28 14:00
20126,11,True,False,False,True,False,False,False,False,False,False,True,False,False,False,Samedi-14-16h,OUI,Samedi,2020-03-28 14:00
20127,255,True,False,True,False,False,False,False,True,False,False,False,False,False,False,Samedi-14-16h,NON,Samedi,2020-03-28 14:00
20128,86,False,False,True,False,False,False,False,False,False,False,False,False,False,False,Samedi-14-16h,NON,Samedi,2020-03-28 14:00
20129,209,True,False,False,False,True,True,False,True,False,False,False,False,False,False,Samedi-14-16h,OUI,Samedi,2020-03-28 14:00
20130,291,False,False,False,False,False,True,False,False,True,False,False,False,False,False,Samedi-14-16h,NON,Samedi,2020-03-28 14:00
20131,287,False,False,False,False,False,False,False,False,False,False,False,True,False,False,Samedi-14-16h,OUI,Samedi,2020-03-28 14:00
20132,104,False,False,False,False,True,True,False,False,False,False,False,False,False,False,Samedi-14-16h,OUI,Samedi,2020-03-28 14:00
20133,18,False,False,False,False,True,False,False,False,False,False,False,False,False,False,Samedi-14-16h,OUI,Samedi,2020-03-28 14:00
20134,123,False,True,False,False,True,True,False,False,False,False,False,False,False,False,Samedi-14-16h,NON,Samedi,2020-03-28 14:00
20135,136,False,False,False,False,True,False,False,False,False,False,False,False,False,False,Samedi-14-16h,OUI,Samedi,2020-03-28 14:00
20136,276,True,False,True,False,False,False,False,False,False,False,False,False,False,False,Samedi-14-16h,OUI,Samedi,2020-03-28 14:00
20137,53,False,False,False,False,True,True,False,False,False,False,False,False,False,False,Samedi-14-16h,OUI,Samedi,2020-03-28 14:00
20138,179,True,False,True,False,False,False,False,False,False,False,False,False,False,False,Samedi-14-16h,OUI,Samedi,2020-03-28 14:00
20139,200,False,False,False,False,False,False,False,False,False,False,False,False,False,False,Samedi-14-16h,NON,Samedi,2020-03-28 14:00
20140,73,False,False,False,False,False,False,False,False,False,False,False,False,False,False,Samedi-14-16h,NON,Samedi,2020-03-28 14:00
20141,156,False,False,False,False,True,True,False,False,False,False,False,False,False,False,Samedi-14-16h,OUI,Samedi,2020-03-28 14:00
20142,128,True,True,True,False,False,True,False,False,False,False,False,False,False,False,Samedi-14-16h,OUI,Samedi,2020-03-28 14:00
20143,118,False,False,False,False,False,False,False,False,False,False,False,False,False,False,Samedi-14-16h,NON,Samedi,2020-03-28 14:00
20144,112,True,False,True,False,False,False,False,False,False,False,False,False,False,False,Samedi-14-16h,OUI,Samedi,2020-03-28 14:00
20145,35,False,False,False,False,True,True,False,False,False,False,False,False,False,False,Samedi-14-16h,NON,Samedi,2020-03-28 14:00
20146,32,False,False,False,False,False,False,False,False,False,False,False,True,False,False,Samedi-14-16h,OUI,Samedi,2020-03-28 14:00
20147,199,True,False,True,False,False,False,False,False,False,False,False,False,False,False,Samedi-14-16h,OUI,Samedi,2020-03-28 14:00
20148,153,True,False,False,False,True,True,False,False,False,False,False,False,False,False,Samedi-14-16h,NON,Samedi,2020-03-28 14:00
20149,82,False,False,True,False,False,False,False,False,False,False,False,False,False,False,Samedi-14-16h,OUI,Samedi,2020-03-28 14:00
20150,292,False,True,False,False,False,False,False,False,False,False,False,False,False,False,Samedi-14-16h,OUI,Samedi,2020-03-28 14:00
20151,169,False,False,False,True,False,False,False,False,False,False,False,False,False,False,Samedi-14-16h,NON,Samedi,2020-03-28 14:00
20152,16,False,False,False,False,True,True,False,False,False,False,False,False,False,False,Samedi-14-16h,OUI,Samedi,2020-03-28 14:00
20153,46,True,True,True,False,False,True,True,False,False,False,False,False,False,False,Samedi-14-16h,OUI,Samedi,2020-03-28 14:00
20154,216,False,True,False,False,False,True,False,False,False,False,False,False,False,False,Samedi-14-16h,OUI,Samedi,2020-03-28 14:00
20155,174,False,True,True,False,False,True,False,False,False,False,True,False,False,False,Samedi-14-16h,NON,Samedi,2020-03-28 14:00
20156,43,False,False,False,False,True,False,False,False,False,False,False,False,False,False,Samedi-14-16h,NON,Samedi,2020-03-28 14:00
20157,165,False,False,False,False,True,True,False,False,False,False,False,False,False,False,Samedi-14-16h,OUI,Samedi,2020-03-28 14:00
20158,126,False,True,False,False,False,True,False,False,False,False,False,False,False,False,Samedi-14-16h,OUI,Samedi,2020-03-28 14:00
20159,41,False,False,False,False,False,True,False,False,True,False,False,False,False,False,Samedi-14-16h,NON,Samedi,2020-03-28 14:00
20160,157,False,False,True,False,False,False,False,False,False,False,False,False,False,False,Samedi-14-16h,OUI,Samedi,2020-03-28 14:00
20161,272,False,True,True,False,False,False,True,False,False,False,True,False,True,True,Samedi-14-16h,OUI,Samedi,2020-03-28 14:00
20162,115,True,False,True,False,False,False,False,False,False,False,False,False,False,False,Samedi-14-16h,OUI,Samedi,2020-03-28 14:00
20163,84,False,False,False,False,False,False,False,False,False,False,False,True,False,False,Samedi-14-16h,OUI,Samedi,2020-03-28 14:00
20164,183,True,True,True,True,False,False,False,False,False,False,False,False,False,False,Samedi-14-16h,NON,Samedi,2020-03-28 14:00
20165,65,True,True,False,False,False,True,False,False,False,False,False,False,False,False,Samedi-14-16h,OUI,Samedi,2020-03-28 14:00
20166,105,True,False,False,False,False,False,False,False,False,False,False,False,False,False,Samedi-14-16h,OUI,Samedi,2020-03-28 14:00
20167,187,True,False,False,False,False,True,False,False,False,False,False,False,False,False,Samedi-14-16h,OUI,Samedi,2020-03-28 14:00
20168,139,True,False,True,False,False,False,False,False,False,False,False,False,False,False,Samedi-14-16h,NON,Samedi,2020-03-28 14:00
20169,259,False,False,False,False,True,True,False,False,False,False,False,False,False,False,Samedi-14-16h,NON,Samedi,2020-03-28 14:00
20170,124,True,False,True,False,False,False,False,False,False,False,True,False,False,False,Samedi-14-16h,NON,Samedi,2020-03-28 14:00
20171,98,False,False,False,False,False,True,False,False,False,False,False,True,False,False,Samedi-14-16h,OUI,Samedi,2020-03-28 14:00
20172,284,False,True,True,False,False,True,False,False,False,False,False,False,True,False,Samedi-14-16h,OUI,Samedi,2020-03-28 14:00
20173,148,True,False,True,False,True,False,False,True,False,False,False,False,False,False,Samedi-14-16h,OUI,Samedi,2020-03-28 14:00
20174,258,True,False,True,False,False,False,False,False,False,False,False,False,False,False,Samedi-14-16h,OUI,Samedi,2020-03-28 14:00
20175,175,False,False,False,False,False,True,False,False,False,False,False,False,False,False,Samedi-14-16h,NON,Samedi,2020-03-28 14:00
20176,119,False,False,False,False,False,False,False,False,False,False,True,False,False,False,Samedi-14-16h,NON,Samedi,2020-03-28 14:00
20177,229,True,False,True,False,False,False,False,True,False,False,False,False,False,False,Samedi-14-16h,NON,Samedi,2020-03-28 14:00
20178,230,False,False,False,False,False,True,True,False,False,False,False,False,False,False,Samedi-14-16h,NON,Samedi,2020-03-28 14:00
20179,17,True,False,False,False,False,True,True,False,False,False,False,False,False,False,Samedi-14-16h,OUI,Samedi,2020-03-28 14:00
20180,177,False,False,False,False,False,False,False,False,False,False,False,False,False,False,Samedi-14-16h,NON,Samedi,2020-03-28 14:00
20181,7,False,False,False,False,False,False,False,False,False,False,False,False,False,False,Samedi-14-16h,NON,Samedi,2020-03-28 14:00
20182,241,False,False,True,False,False,False,False,False,False,False,False,False,False,False,Samedi-14-16h,OUI,Samedi,2020-03-28 14:00
20183,8,True,False,False,False,True,True,False,True,False,False,False,False,False,False,Samedi-14-16h,OUI,Samedi,2020-03-28 14:00
20184,268,False,True,False,False,False,True,False,False,False,False,False,False,False,False,Samedi-14-16h,OUI,Samedi,2020-03-28 14:00
20185,294,False,False,True,False,True,False,False,False,False,False,False,False,False,False,Samedi-14-16h,OUI,Samedi,2020-03-28 14:00
20186,242,True,False,False,False,True,True,False,False,False,False,False,False,False,False,Samedi-14-16h,NON,Samedi,2020-03-28 14:00
20187,194,False,False,False,False,False,True,False,False,False,False,False,False,False,False,Samedi-14-16h,NON,Samedi,2020-03-28 14:00
20188,243,False,False,False,False,True,True,False,False,False,False,False,False,False,False,Samedi-14-16h,OUI,Samedi,2020-03-28 14:00
20189,212,True,True,True,False,False,True,False,False,False,False,False,False,False,False,Samedi-14-16h,OUI,Samedi,2020-03-28 14:00
20190,19,False,False,False,False,False,True,False,False,False,False,False,False,False,False,Samedi-14-16h,OUI,Samedi,2020-03-28 14:00
20191,114,False,False,False,False,True,False,False,False,False,False,False,False,False,False,Samedi-14-16h,OUI,Samedi,2020-03-28 14:00
20192,190,False,False,False,False,False,True,False,False,True,False,False,False,False,False,Samedi-14-16h,OUI,Samedi,2020-03-28 14:00
20193,64,False,False,True,False,False,False,False,False,False,False,False,False,False,False,Samedi-14-16h,OUI,Samedi,2020-03-28 14:00
20194,227,False,False,False,False,False,False,False,False,False,False,False,False,False,False,Samedi-14-16h,NON,Samedi,2020-03-28 14:00
20195,232,False,False,False,False,False,True,False,False,False,False,False,False,False,False,Samedi-14-16h,OUI,Samedi,2020-03-28 14:00
20196,246,False,True,False,False,False,True,True,False,False,False,False,False,False,False,Samedi-14-16h,OUI,Samedi,2020-03-28 14:00
20197,100,False,False,False,False,False,True,False,False,False,False,False,False,False,False,Samedi-14-16h,OUI,Samedi,2020-03-28 14:00
20198,13,False,False,False,False,True,False,False,False,False,False,False,False,False,False,Samedi-14-16h,OUI,Samedi,2020-03-28 14:00
20199,262,True,True,True,False,False,False,False,False,False,False,False,False,False,False,Samedi-14-16h,OUI,Samedi,2020-03-28 14:00
20200,76,True,True,True,False,False,True,False,False,False,False,True,False,False,False,Samedi-14-16h,NON,Samedi,2020-03-28 14:00
20201,261,False,True,False,False,True,False,False,False,False,False,False,False,False,False,Samedi-14-16h,NON,Samedi,2020-03-28 14:00
20202,150,False,True,False,False,False,False,False,False,False,False,False,False,False,False,Samedi-14-16h,OUI,Samedi,2020-03-28 14:00
20203,205,False,False,False,False,False,False,False,False,False,False,False,False,False,False,Samedi-14-16h,NON,Samedi,2020-03-28 14:00
20204,56,False,False,False,False,True,True,False,False,False,False,False,False,False,False,Samedi-14-16h,OUI,Samedi,2020-03-28 14:00
20205,186,False,False,False,False,True,False,False,False,False,False,False,False,False,False,Samedi-14-16h,OUI,Samedi,2020-03-28 14:00
20206,162,True,False,False,False,True,True,False,False,False,False,False,False,False,False,Samedi-14-16h,OUI,Samedi,2020-03-28 14:00
20207,68,False,True,False,False,True,True,False,False,False,False,False,False,False,False,Samedi-14-16h,OUI,Samedi,2020-03-28 14:00
20208,146,False,False,False,False,False,True,False,False,False,False,False,True,False,False,Samedi-14-16h,OUI,Samedi,2020-03-28 14:00
20209,49,False,False,False,False,False,False,False,False,False,False,False,False,True,False,Samedi-14-16h,OUI,Samedi,2020-03-28 14:00
20210,91,True,False,True,True,False,False,False,False,False,False,False,False,False,False,Samedi-14-16h,OUI,Samedi,2020-03-28 14:00
20211,22,False,False,False,False,False,False,False,False,False,True,False,False,False,False,Samedi-14-16h,NON,Samedi,2020-03-28 14:00
20212,151,False,False,False,False,True,False,False,False,False,False,False,False,False,False,Samedi-14-16h,OUI,Samedi,2020-03-28 14:00
20213,193,False,False,False,False,True,True,False,False,False,False,False,False,False,False,Samedi-14-16h,OUI,Samedi,2020-03-28 14:00
20214,9,True,True,False,False,False,False,False,False,False,False,False,False,False,False,Samedi-14-16h,OUI,Samedi,2020-03-28 14:00
20215,99,True,False,True,False,False,False,False,False,False,False,False,False,False,False,Samedi-14-16h,NON,Samedi,2020-03-28 14:00
20216,181,False,False,False,False,True,True,False,False,False,False,False,False,False,False,Samedi-14-16h,OUI,Samedi,2020-03-28 14:00
20217,111,False,False,False,False,False,True,False,True,False,False,False,False,False,False,Samedi-14-16h,OUI,Samedi,2020-03-28 14:00
20218,44,False,True,False,False,False,True,False,False,False,False,False,False,False,False,Samedi-14-16h,NON,Samedi,2020-03-28 14:00
20219,24,False,False,False,False,True,False,False,True,False,False,False,False,False,False,Samedi-14-16h,NON,Samedi,2020-03-28 14:00
20220,102,False,False,False,False,True,True,False,True,False,False,False,False,False,False,Samedi-14-16h,OUI,Samedi,2020-03-28 14:00
20221,203,True,True,False,False,False,False,False,True,False,False,False,False,False,False,Samedi-14-16h,OUI,Samedi,2020-03-28 14:00
20222,140,False,False,False,False,True,True,False,True,False,False,False,False,False,False,Samedi-14-16h,NON,Samedi,2020-03-28 14:00
20223,188,False,False,False,False,False,True,False,False,True,False,False,False,False,False,Samedi-14-16h,NON,Samedi,2020-03-28 14:00
20224,206,False,False,False,True,False,False,False,False,False,False,True,False,False,False,Samedi-14-16h,NON,Samedi,2020-03-28 14:00
20225,273,False,False,False,False,False,False,False,False,False,False,False,True,False,False,Samedi-14-16h,OUI,Samedi,2020-03-28 14:00
20226,69,True,False,True,False,False,False,False,False,False,False,False,False,False,False,Samedi-14-16h,OUI,Samedi,2020-03-28 14:00
20227,87,True,False,False,True,False,False,False,False,False,False,True,False,False,False,Samedi-14-16h,NON,Samedi,2020-03-28 14:00
20228,83,True,False,True,False,False,False,False,False,False,False,False,False,False,False,Samedi-14-16h,OUI,Samedi,2020-03-28 14:00
20229,149,True,False,True,True,False,False,False,False,False,False,False,False,False,False,Samedi-14-16h,OUI,Samedi,2020-03-28 14:00
20230,274,False,False,False,False,False,True,False,False,False,False,False,False,False,False,Samedi-14-16h,NON,Samedi,2020-03-28 14:00
20231,282,True,False,True,True,False,False,False,False,False,False,False,False,False,False,Samedi-14-16h,OUI,Samedi,2020-03-28 14:00
20232,147,False,False,False,False,False,False,False,False,False,False,False,False,False,False,Samedi-14-16h,NON,Samedi,2020-03-28 14:00
20233,238,False,False,False,False,False,False,False,False,False,False,False,True,False,False,Samedi-14-16h,OUI,Samedi,2020-03-28 14:00
20234,201,False,False,False,False,False,False,False,False,False,False,False,False,False,False,Samedi-14-16h,NON,Samedi,2020-03-28 14:00
20235,152,False,True,False,False,False,False,False,False,False,False,False,False,False,False,Samedi-14-16h,OUI,Samedi,2020-03-28 14:00
20236,222,False,False,False,False,False,True,False,False,True,True,False,False,False,False,Samedi-14-16h,OUI,Samedi,2020-03-28 14:00
20237,106,False,False,False,False,False,True,False,False,False,False,False,True,False,False,Samedi-14-16h,OUI,Samedi,2020-03-28 14:00
20238,133,False,False,True,False,True,False,False,False,False,False,False,False,False,False,Samedi-14-16h,OUI,Samedi,2020-03-28 14:00
20239,163,False,False,False,False,True,False,False,False,False,False,False,False,False,False,Samedi-14-16h,NON,Samedi,2020-03-28 14:00
20240,231,False,False,False,False,False,False,False,False,False,False,False,False,False,False,Samedi-14-16h,NON,Samedi,2020-03-28 14:00
20241,25,False,False,False,False,True,False,False,False,False,False,False,False,False,False,Samedi-14-16h,NON,Samedi,2020-03-28 14:00
20242,196,False,False,True,False,True,False,False,True,False,False,False,False,False,False,Samedi-14-16h,OUI,Samedi,2020-03-28 14:00
20243,5,False,False,False,False,True,True,False,False,False,False,False,False,False,False,Samedi-14-16h,OUI,Samedi,2020-03-28 14:00
20244,90,False,True,False,False,False,False,False,False,False,False,False,False,False,False,Samedi-14-16h,OUI,Samedi,2020-03-28 14:00
20245,244,True,False,True,False,False,False,False,False,False,False,False,False,False,False,Samedi-14-16h,NON,Samedi,2020-03-28 14:00
20246,107,False,True,False,False,False,True,False,False,False,False,False,False,False,False,Samedi-14-16h,OUI,Samedi,2020-03-28 14:00
20247,218,False,True,False,False,True,True,False,False,False,False,False,False,False,False,Samedi-14-16h,OUI,Samedi,2020-03-28 14:00
20248,62,False,True,True,False,True,True,False,False,False,False,False,False,False,False,Samedi-14-16h,OUI,Samedi,2020-03-28 14:00
20249,79,False,True,False,False,False,False,False,False,False,False,False,False,False,False,Samedi-14-16h,OUI,Samedi,2020-03-28 14:00
20250,208,False,False,False,False,False,True,False,False,False,False,False,False,False,False,Samedi-14-16h,OUI,Samedi,2020-03-28 14:00
20251,270,False,False,False,False,False,False,False,False,True,False,False,False,False,False,Samedi-14-16h,OUI,Samedi,2020-03-28 14:00
20252,166,True,False,False,False,True,True,False,False,False,False,False,False,False,False,Samedi-14-16h,OUI,Samedi,2020-03-28 14:00
20253,77,False,False,True,False,True,False,False,False,False,False,False,False,False,False,Samedi-14-16h,OUI,Samedi,2020-03-28 14:00
20254,29,False,False,False,False,False,True,False,False,False,False,False,True,False,False,Samedi-14-16h,OUI,Samedi,2020-03-28 14:00
20255,240,False,False,False,False,False,True,False,False,False,False,False,False,False,False,Samedi-14-16h,OUI,Samedi,2020-03-28 14:00
20256,184,False,True,False,False,False,False,False,False,False,False,False,False,False,False,Samedi-14-16h,OUI,Samedi,2020-03-28 14:00
20257,277,False,True,True,False,False,True,False,False,False,False,False,False,False,False,Samedi-14-16h,NON,Samedi,2020-03-28 14:00
20258,80,True,False,False,False,False,True,False,False,False,True,False,False,False,False,Samedi-14-16h,OUI,Samedi,2020-03-28 14:00
20259,185,True,True,True,False,False,True,False,False,False,False,True,False,True,False,Samedi-14-16h,NON,Samedi,2020-03-28 14:00
20260,204,False,False,False,False,True,True,False,False,False,False,False,True,False,False,Samedi-14-16h,OUI,Samedi,2020-03-28 14:00
20261,252,True,True,True,False,False,True,False,False,False,False,False,False,False,False,Samedi-14-16h,OUI,Samedi,2020-03-28 14:00
20262,26,False,False,False,False,True,False,False,False,False,False,False,False,False,False,Samedi-14-16h,OUI,Samedi,2020-03-28 14:00
20263,70,False,False,False,False,True,False,False,False,False,False,False,True,False,False,Samedi-14-16h,NON,Samedi,2020-03-28 14:00
20264,233,False,False,False,False,True,False,False,False,False,False,False,False,False,False,Samedi-14-16h,OUI,Samedi,2020-03-28 14:00
20265,37,True,True,True,False,True,True,False,False,False,False,False,False,False,False,Samedi-14-16h,OUI,Samedi,2020-03-28 14:00
20266,185,False,False,True,False,False,False,False,False,False,False,False,False,False,False,Samedi-14-16h,OUI,Samedi,2020-03-28 14:00
20267,138,True,False,False,False,True,True,False,False,False,False,False,False,False,False,Samedi-14-16h,OUI,Samedi,2020-03-28 14:00
20268,224,True,False,True,False,False,False,False,False,False,False,False,False,False,False,Samedi-14-16h,OUI,Samedi,2020-03-28 14:00
20269,66,False,False,False,False,True,True,False,False,False,False,False,False,True,False,Samedi-14-16h,OUI,Samedi,2020-03-28 14:00
20270,211,False,False,True,False,False,False,False,False,False,False,False,False,True,False,Samedi-14-16h,OUI,Samedi,2020-03-28 14:00
20271,14,False,False,False,False,True,True,False,False,False,False,False,False,False,False,Samedi-14-16h,NON,Samedi,2020-03-28 14:00
20272,145,False,False,False,False,True,False,False,False,False,False,False,False,False,False,Samedi-14-16h,OUI,Samedi,2020-03-28 14:00
20273,36,False,False,False,False,False,False,False,False,False,False,False,True,False,False,Samedi-14-16h,OUI,Samedi,2020-03-28 14:00
20274,60,True,True,True,False,False,True,False,False,False,False,False,False,False,False,Samedi-14-16h,NON,Samedi,2020-03-28 14:00
20275,137,True,True,True,False,False,True,False,False,False,False,True,False,False,False,Samedi-14-16h,OUI,Samedi,2020-03-28 14:00
20276,285,False,True,False,False,True,True,False,False,False,False,False,False,False,False,Samedi-14-16h,OUI,Samedi,2020-03-28 14:00
20277,40,False,True,True,False,True,True,False,False,False,False,False,False,False,False,Samedi-14-16h,OUI,Samedi,2020-03-28 14:00
20278,97,False,False,False,False,False,True,False,False,False,False,False,False,False,False,Samedi-14-16h,NON,Samedi,2020-03-28 14:00
20279,109,True,False,True,True,False,False,False,False,False,False,False,False,False,False,Samedi-14-16h,OUI,Samedi,2020-03-28 14:00
20280,10,False,False,False,False,False,False,False,False,False,False,False,False,False,False,Samedi-14-16h,NON,Samedi,2020-03-28 14:00
20281,256,False,False,False,False,False,False,False,False,False,False,False,True,False,False,Samedi-14-16h,NON,Samedi,2020-03-28 14:00
20282,141,True,True,True,False,False,False,False,False,False,False,True,False,False,False,Samedi-14-16h,NON,Samedi,2020-03-28 14:00
20283,28,False,False,False,False,False,False,False,False,False,False,False,False,False,False,Samedi-14-16h,NON,Samedi,2020-03-28 14:00
20284,101,True,True,True,True,True,True,False,False,False,False,False,False,False,False,Samedi-14-16h,OUI,Samedi,2020-03-28 14:00
20285,48,True,False,True,False,True,False,False,False,False,False,False,False,True,False,Samedi-14-16h,OUI,Samedi,2020-03-28 14:00
20286,27,False,False,False,False,False,True,False,False,False,False,False,False,False,False,Samedi-14-16h,OUI,Samedi,2020-03-28 14:00
20287,142,True,False,True,False,False,False,False,False,False,False,True,False,True,False,Samedi-14-16h,NON,Samedi,2020-03-28 14:00
20288,234,False,False,True,False,False,False,False,False,False,False,True,False,False,False,Samedi-14-16h,OUI,Samedi,2020-03-28 14:00
20289,23,False,False,False,False,True,False,False,False,False,False,False,False,False,False,Samedi-14-16h,NON,Samedi,2020-03-28 14:00
20290,195,False,False,False,False,True,False,False,False,True,False,False,False,False,False,Samedi-14-16h,OUI,Samedi,2020-03-28 14:00
20291,275,False,False,False,False,False,False,False,False,False,False,False,True,False,False,Samedi-14-16h,NON,Samedi,2020-03-28 14:00
20292,226,False,False,False,False,True,True,False,False,False,False,False,False,False,False,Samedi-14-16h,OUI,Samedi,2020-03-28 14:00
20293,207,False,False,True,False,False,False,False,False,False,False,False,False,False,False,Samedi-14-16h,OUI,Samedi,2020-03-28 14:00
20294,57,False,False,False,False,False,False,False,False,False,False,False,False,False,False,Samedi-14-16h,NON,Samedi,2020-03-28 14:00
20295,4,False,True,False,False,False,True,False,False,False,False,False,False,False,False,Samedi-14-16h,NON,Samedi,2020-03-28 14:00
20296,265,False,False,False,False,False,True,False,False,False,False,False,False,False,False,Samedi-14-16h,OUI,Samedi,2020-03-28 14:00
20297,88,False,True,False,False,False,False,False,False,False,False,False,False,False,False,Samedi-14-16h,NON,Samedi,2020-03-28 14:00
20298,198,False,False,False,False,False,False,False,False,False,False,True,False,False,False,Samedi-14-16h,OUI,Samedi,2020-03-28 14:00
20299,249,True,True,True,False,False,False,False,False,False,False,False,False,False,False,Samedi-14-16h,NON,Samedi,2020-03-28 14:00
20300,263,False,False,False,False,True,True,False,False,False,False,False,False,False,False,Samedi-14-16h,OUI,Samedi,2020-03-28 14:00
20301,217,True,False,True,False,False,False,False,False,False,False,False,False,True,False,Samedi-14-16h,OUI,Samedi,2020-03-28 14:00
20302,278,False,False,False,False,True,True,False,False,False,False,False,False,False,False,Samedi-14-16h,OUI,Samedi,2020-03-28 14:00
20303,189,False,True,False,False,False,False,False,False,False,False,False,False,False,False,Samedi-14-16h,NON,Samedi,2020-03-28 14:00
20304,61,True,False,True,False,False,False,False,False,False,False,False,False,False,False,Samedi-14-16h,OUI,Samedi,2020-03-28 14:00
20305,251,False,False,False,False,False,False,False,False,False,False,False,False,True,False,Samedi-14-16h,OUI,Samedi,2020-03-28 14:00
20306,281,False,True,False,False,False,False,False,False,False,False,False,False,False,False,Samedi-14-16h,OUI,Samedi,2020-03-28 14:00
20307,134,False,True,False,False,False,False,False,False,False,False,False,False,False,False,Samedi-14-16h,OUI,Samedi,2020-03-28 14:00
20308,293,False,True,False,False,False,True,False,False,False,False,False,False,False,False,Samedi-14-16h,NON,Samedi,2020-03-28 14:00
20309,279,True,True,True,True,False,True,False,False,False,False,False,False,False,False,Samedi-14-16h,NON,Samedi,2020-03-28 14:00
20310,81,True,False,True,True,False,False,False,True,False,False,False,False,False,False,Samedi-14-16h,OUI,Samedi,2020-03-28 14:00
20311,92,True,False,False,True,False,False,False,False,False,False,True,False,False,False,Samedi-14-16h,OUI,Samedi,2020-03-28 14:00
20312,147,False,False,False,False,False,False,False,False,False,False,False,False,False,False,Samedi-14-16h,NON,Samedi,2020-03-28 14:00
20313,33,False,True,False,False,True,False,False,False,False,False,False,False,False,False,Samedi-14-16h,OUI,Samedi,2020-03-28 14:00
20314,266,False,False,False,False,False,False,False,False,False,False,False,False,False,False,Samedi-14-16h,NON,Samedi,2020-03-28 14:00
20315,225,True,False,False,False,False,True,False,False,False,False,False,False,False,False,Samedi-14-16h,OUI,Samedi,2020-03-28 14:00
20316,83,True,False,True,False,False,False,False,False,False,False,False,False,False,False,Samedi-14-16h,OUI,Samedi,2020-03-28 14:00
20317,95,False,False,False,False,True,True,False,True,False,False,False,False,False,False,Samedi-14-16h,NON,Samedi,2020-03-28 14:00
20318,127,False,False,False,False,True,False,False,False,False,False,False,False,False,False,Samedi-14-16h,NON,Samedi,2020-03-28 14:00
20319,20,False,False,False,False,False,False,False,False,False,False,False,False,False,False,Samedi-14-16h,NON,Samedi,2020-03-28 14:00
20320,89,False,False,False,False,False,False,False,False,True,False,False,False,False,False,Samedi-14-16h,OUI,Samedi,2020-03-28 14:00
20321,120,False,True,True,False,True,True,False,True,False,False,True,False,False,False,Samedi-14-16h,OUI,Samedi,2020-03-28 14:00
20322,253,False,False,False,False,True,True,False,False,False,False,False,True,False,False,Samedi-14-16h,OUI,Samedi,2020-03-28 14:00
20323,52,False,False,True,False,False,False,False,False,False,False,False,False,False,False,Samedi-14-16h,OUI,Samedi,2020-03-28 14:00
20324,168,True,False,True,False,False,False,False,True,False,False,False,False,False,False,Samedi-14-16h,OUI,Samedi,2020-03-28 14:00
20325,202,False,True,False,False,False,False,False,False,False,False,False,False,False,False,Samedi-14-16h,OUI,Samedi,2020-03-28 14:00
20326,172,False,False,False,False,True,False,False,False,False,False,False,False,False,False,Samedi-14-16h,OUI,Samedi,2020-03-28 14:00
20327,239,False,False,False,False,True,True,False,False,False,False,False,False,False,False,Samedi-14-16h,NON,Samedi,2020-03-28 14:00
20328,85,False,False,False,False,True,False,False,False,False,False,False,False,False,False,Samedi-14-16h,NON,Samedi,2020-03-28 14:00
20329,215,False,False,False,False,False,False,False,False,True,False,False,False,False,False,Samedi-14-16h,OUI,Samedi,2020-03-28 14:00
20330,260,True,False,True,False,False,False,False,False,False,False,False,False,False,False,Samedi-14-16h,OUI,Samedi,2020-03-28 14:00
20331,286,True,True,False,False,True,False,False,False,False,False,False,False,False,False,Samedi-14-16h,OUI,Samedi,2020-03-28 14:00
20332,72,False,True,False,False,False,False,False,False,False,False,False,False,False,False,Samedi-16-18h,OUI,Samedi,2020-03-28 16:00
20333,167,True,True,True,True,True,True,False,False,False,False,False,False,False,False,Samedi-16-18h,OUI,Samedi,2020-03-28 16:00
20334,130,True,False,True,False,False,False,False,True,False,False,False,False,True,True,Samedi-16-18h,NON,Samedi,2020-03-28 16:00
20335,288,True,True,True,False,True,False,False,False,False,False,False,False,False,False,Samedi-16-18h,OUI,Samedi,2020-03-28 16:00
20336,59,False,False,False,False,False,True,False,False,False,False,False,False,False,False,Samedi-16-18h,OUI,Samedi,2020-03-28 16:00
20337,178,True,False,False,False,False,False,False,False,False,False,True,False,False,False,Samedi-16-18h,OUI,Samedi,2020-03-28 16:00
20338,254,False,False,False,False,False,False,False,False,False,False,False,True,False,False,Samedi-16-18h,NON,Samedi,2020-03-28 16:00
20339,34,False,False,False,False,False,False,False,False,False,False,False,False,False,False,Samedi-16-18h,NON,Samedi,2020-03-28 16:00
20340,264,False,False,False,False,True,True,True,False,False,False,False,False,False,False,Samedi-16-18h,OUI,Samedi,2020-03-28 16:00
20341,158,True,False,False,False,True,False,False,False,False,True,False,False,False,False,Samedi-16-18h,OUI,Samedi,2020-03-28 16:00
20342,210,False,True,False,False,True,True,False,False,False,False,False,False,False,False,Samedi-16-18h,OUI,Samedi,2020-03-28 16:00
20343,93,False,False,False,False,True,False,False,False,False,False,False,False,True,False,Samedi-16-18h,OUI,Samedi,2020-03-28 16:00
20344,144,True,False,True,False,True,False,False,False,False,False,False,False,False,False,Samedi-16-18h,OUI,Samedi,2020-03-28 16:00
20345,164,False,True,False,False,True,True,False,False,False,False,False,False,False,False,Samedi-16-18h,OUI,Samedi,2020-03-28 16:00
20346,289,False,False,False,False,True,True,False,False,False,False,False,False,False,False,Samedi-16-18h,OUI,Samedi,2020-03-28 16:00
20347,50,False,False,False,False,False,False,False,False,False,False,False,False,False,False,Samedi-16-18h,NON,Samedi,2020-03-28 16:00
20348,51,True,True,False,False,True,False,False,False,False,False,False,False,False,False,Samedi-16-18h,OUI,Samedi,2020-03-28 16:00
20349,247,False,False,True,False,False,False,False,False,False,False,False,False,False,False,Samedi-16-18h,OUI,Samedi,2020-03-28 16:00
20350,159,False,False,False,False,False,False,False,True,False,False,False,False,False,False,Samedi-16-18h,NON,Samedi,2020-03-28 16:00
20351,54,False,False,False,False,False,True,False,False,False,False,False,False,False,False,Samedi-16-18h,NON,Samedi,2020-03-28 16:00
20352,55,True,False,False,False,True,True,False,True,False,False,False,False,False,False,Samedi-16-18h,OUI,Samedi,2020-03-28 16:00
20353,257,False,False,False,False,True,False,False,False,False,False,False,False,False,False,Samedi-16-18h,OUI,Samedi,2020-03-28 16:00
20354,67,False,False,False,False,False,False,False,False,False,False,False,False,False,False,Samedi-16-18h,NON,Samedi,2020-03-28 16:00
20355,71,True,False,True,False,False,False,False,False,False,False,False,False,False,False,Samedi-16-18h,NON,Samedi,2020-03-28 16:00
20356,280,False,False,False,False,False,True,False,False,False,False,False,False,False,False,Samedi-16-18h,OUI,Samedi,2020-03-28 16:00
20357,283,True,True,False,False,False,False,False,False,False,False,False,False,False,False,Samedi-16-18h,OUI,Samedi,2020-03-28 16:00
20358,154,False,False,False,False,True,True,False,False,False,False,False,True,False,False,Samedi-16-18h,NON,Samedi,2020-03-28 16:00
20359,171,False,False,False,False,False,False,False,False,False,False,False,True,False,False,Samedi-16-18h,OUI,Samedi,2020-03-28 16:00
20360,131,False,False,True,False,False,False,False,False,False,False,False,False,False,False,Samedi-16-18h,NON,Samedi,2020-03-28 16:00
20361,237,True,False,False,False,False,True,True,False,False,False,False,False,True,False,Samedi-16-18h,OUI,Samedi,2020-03-28 16:00
20362,75,False,False,False,False,True,True,False,False,False,False,False,False,False,False,Samedi-16-18h,OUI,Samedi,2020-03-28 16:00
20363,235,True,False,False,False,True,False,False,False,False,False,False,False,False,False,Samedi-16-18h,OUI,Samedi,2020-03-28 16:00
20364,180,False,False,False,False,True,True,False,False,False,False,False,False,False,False,Samedi-16-18h,OUI,Samedi,2020-03-28 16:00
20365,219,False,False,False,False,False,True,False,False,False,False,False,False,False,False,Samedi-16-18h,OUI,Samedi,2020-03-28 16:00
20366,250,False,False,False,False,False,False,False,False,True,False,False,False,False,False,Samedi-16-18h,OUI,Samedi,2020-03-28 16:00
20367,267,True,True,False,False,False,False,False,False,False,False,False,False,False,False,Samedi-16-18h,OUI,Samedi,2020-03-28 16:00
20368,160,False,True,False,False,False,True,False,False,False,False,False,False,False,False,Samedi-16-18h,OUI,Samedi,2020-03-28 16:00
20369,182,False,True,False,False,True,True,True,False,False,False,False,False,False,False,Samedi-16-18h,OUI,Samedi,2020-03-28 16:00
20370,143,False,False,False,False,False,False,False,True,False,False,True,False,False,False,Samedi-16-18h,OUI,Samedi,2020-03-28 16:00
20371,223,True,True,False,False,False,False,False,False,False,False,False,False,False,False,Samedi-16-18h,OUI,Samedi,2020-03-28 16:00
20372,192,True,False,True,False,False,False,False,False,False,False,False,False,False,False,Samedi-16-18h,OUI,Samedi,2020-03-28 16:00
20373,30,False,False,True,False,False,False,False,True,False,False,False,False,False,False,Samedi-16-18h,OUI,Samedi,2020-03-28 16:00
20374,125,True,False,False,False,True,False,False,True,False,False,False,False,False,False,Samedi-16-18h,NON,Samedi,2020-03-28 16:00
20375,39,False,False,True,False,True,False,False,True,False,False,False,False,False,False,Samedi-16-18h,OUI,Samedi,2020-03-28 16:00
20376,113,True,False,True,False,False,False,False,False,False,False,False,False,False,False,Samedi-16-18h,OUI,Samedi,2020-03-28 16:00
20377,121,True,False,True,False,False,False,False,True,False,False,False,False,False,False,Samedi-16-18h,NON,Samedi,2020-03-28 16:00
20378,228,False,False,False,False,False,False,False,False,False,False,True,False,False,False,Samedi-16-18h,OUI,Samedi,2020-03-28 16:00
20379,290,False,False,False,False,False,False,False,False,True,False,False,False,False,False,Samedi-16-18h,OUI,Samedi,2020-03-28 16:00
20380,197,False,False,True,False,True,False,False,False,False,False,False,False,False,False,Samedi-16-18h,NON,Samedi,2020-03-28 16:00
20381,31,True,True,True,False,False,True,False,False,False,False,False,False,False,False,Samedi-16-18h,OUI,Samedi,2020-03-28 16:00
20382,173,True,False,False,False,True,True,False,True,False,False,False,False,False,False,Samedi-16-18h,OUI,Samedi,2020-03-28 16:00
20383,74,True,False,False,True,False,False,False,True,False,False,True,False,False,False,Samedi-16-18h,NON,Samedi,2020-03-28 16:00
20384,15,False,False,True,False,False,False,False,False,False,False,False,False,False,False,Samedi-16-18h,OUI,Samedi,2020-03-28 16:00
20385,45,True,False,False,False,True,True,False,True,False,False,False,False,False,False,Samedi-16-18h,OUI,Samedi,2020-03-28 16:00
20386,63,False,False,True,False,False,False,False,False,False,False,False,False,False,False,Samedi-16-18h,OUI,Samedi,2020-03-28 16:00
20387,3,False,False,False,False,False,True,False,False,False,False,False,True,False,False,Samedi-16-18h,OUI,Samedi,2020-03-28 16:00
20388,21,True,False,True,False,False,False,False,False,False,False,False,False,False,False,Samedi-16-18h,OUI,Samedi,2020-03-28 16:00
20389,78,False,True,True,False,True,True,False,True,False,False,False,False,False,False,Samedi-16-18h,OUI,Samedi,2020-03-28 16:00
20390,47,False,True,False,False,False,False,False,False,False,False,False,False,False,False,Samedi-16-18h,OUI,Samedi,2020-03-28 16:00
20391,151,True,True,False,False,True,False,False,True,False,False,False,False,False,False,Samedi-16-18h,OUI,Samedi,2020-03-28 16:00
20392,6,True,False,True,False,False,False,False,False,False,False,False,False,False,False,Samedi-16-18h,OUI,Samedi,2020-03-28 16:00
20393,135,True,False,True,False,False,False,False,False,False,False,False,False,True,False,Samedi-16-18h,OUI,Samedi,2020-03-28 16:00
20394,221,False,False,False,False,True,True,False,False,False,False,False,False,False,False,Samedi-16-18h,OUI,Samedi,2020-03-28 16:00
20395,170,False,False,True,False,False,False,False,False,False,False,True,False,False,True,Samedi-16-18h,NON,Samedi,2020-03-28 16:00
20396,129,False,True,False,False,False,False,False,False,False,False,False,False,False,False,Samedi-16-18h,OUI,Samedi,2020-03-28 16:00
20397,132,True,True,True,False,False,True,False,False,False,False,False,False,False,False,Samedi-16-18h,OUI,Samedi,2020-03-28 16:00
20398,110,False,True,False,False,False,False,False,False,False,False,False,False,False,False,Samedi-16-18h,OUI,Samedi,2020-03-28 16:00
20399,191,False,False,False,False,False,True,False,False,False,False,False,False,False,False,Samedi-16-18h,OUI,Samedi,2020-03-28 16:00
20400,94,True,True,True,False,False,True,False,False,False,False,True,False,True,False,Samedi-16-18h,OUI,Samedi,2020-03-28 16:00
20401,108,False,False,False,False,False,True,True,False,False,False,False,False,False,False,Samedi-16-18h,OUI,Samedi,2020-03-28 16:00
20402,236,False,False,False,False,True,True,False,False,False,False,False,False,False,False,Samedi-16-18h,OUI,Samedi,2020-03-28 16:00
20403,42,True,False,True,False,True,False,False,False,False,False,False,False,False,False,Samedi-16-18h,OUI,Samedi,2020-03-28 16:00
20404,155,True,False,False,False,True,False,False,False,False,False,False,False,False,False,Samedi-16-18h,OUI,Samedi,2020-03-28 16:00
20405,1,False,False,False,False,False,False,False,False,False,False,False,False,False,False,Samedi-16-18h,NON,Samedi,2020-03-28 16:00
20406,58,False,True,True,False,False,True,False,False,False,False,True,False,False,False,Samedi-16-18h,OUI,Samedi,2020-03-28 16:00
20407,0,False,True,False,False,False,False,False,False,False,False,False,False,False,False,Samedi-16-18h,OUI,Samedi,2020-03-28 16:00
20408,269,False,False,False,False,False,False,False,False,False,False,False,False,False,False,Samedi-16-18h,NON,Samedi,2020-03-28 16:00
20409,2,True,False,True,False,False,False,False,False,False,False,False,False,False,False,Samedi-16-18h,OUI,Samedi,2020-03-28 16:00
20410,103,False,False,False,False,True,False,False,False,False,False,False,False,False,False,Samedi-16-18h,OUI,Samedi,2020-03-28 16:00
20411,12,False,True,False,False,True,False,False,False,False,False,False,False,False,False,Samedi-16-18h,OUI,Samedi,2020-03-28 16:00
20412,245,True,False,False,False,True,True,False,True,False,False,False,False,False,False,Samedi-16-18h,OUI,Samedi,2020-03-28 16:00
20413,161,False,False,True,False,False,False,False,False,False,False,True,False,False,False,Samedi-16-18h,OUI,Samedi,2020-03-28 16:00
20414,38,False,False,False,False,False,False,False,False,True,False,False,False,False,False,Samedi-16-18h,OUI,Samedi,2020-03-28 16:00
20415,122,False,False,False,False,False,False,False,False,False,False,False,False,False,False,Samedi-16-18h,NON,Samedi,2020-03-28 16:00
20416,248,False,False,True,False,False,False,False,False,False,False,False,False,True,False,Samedi-16-18h,OUI,Samedi,2020-03-28 16:00
20417,271,False,True,True,False,False,True,False,False,False,False,False,False,False,False,Samedi-16-18h,OUI,Samedi,2020-03-28 16:00
20418,116,False,False,True,False,False,False,False,False,False,False,False,False,False,False,Samedi-16-18h,OUI,Samedi,2020-03-28 16:00
20419,117,True,True,True,True,False,True,False,False,False,False,False,False,False,False,Samedi-16-18h,NON,Samedi,2020-03-28 16:00
20420,213,False,False,False,False,True,True,False,True,False,False,False,False,False,False,Samedi-16-18h,OUI,Samedi,2020-03-28 16:00
20421,220,False,True,True,False,False,True,False,False,False,False,False,False,False,False,Samedi-16-18h,OUI,Samedi,2020-03-28 16:00
20422,176,False,False,True,False,False,False,False,False,False,False,False,False,False,False,Samedi-16-18h,OUI,Samedi,2020-03-28 16:00
20423,96,False,False,False,False,True,True,False,False,False,True,False,False,False,False,Samedi-16-18h,OUI,Samedi,2020-03-28 16:00
20424,214,False,False,False,False,True,True,False,False,False,True,False,False,False,False,Samedi-16-18h,OUI,Samedi,2020-03-28 16:00
20425,11,True,False,False,True,False,False,False,False,False,False,True,False,False,False,Samedi-16-18h,OUI,Samedi,2020-03-28 16:00
20426,255,True,False,True,False,False,False,False,True,False,False,False,False,False,False,Samedi-16-18h,NON,Samedi,2020-03-28 16:00
20427,86,False,False,True,False,False,False,False,False,False,False,False,False,False,False,Samedi-16-18h,NON,Samedi,2020-03-28 16:00
20428,209,True,False,False,False,True,True,False,True,False,False,False,False,False,False,Samedi-16-18h,OUI,Samedi,2020-03-28 16:00
20429,291,False,False,False,False,False,True,False,False,True,False,False,False,False,False,Samedi-16-18h,OUI,Samedi,2020-03-28 16:00
20430,287,False,False,False,False,False,False,False,False,False,False,False,True,False,False,Samedi-16-18h,OUI,Samedi,2020-03-28 16:00
20431,104,False,False,False,False,True,True,False,False,False,False,False,False,False,False,Samedi-16-18h,OUI,Samedi,2020-03-28 16:00
20432,18,False,False,False,False,True,False,False,False,False,False,False,False,False,False,Samedi-16-18h,OUI,Samedi,2020-03-28 16:00
20433,123,False,True,False,False,True,True,False,False,False,False,False,False,False,False,Samedi-16-18h,NON,Samedi,2020-03-28 16:00
20434,136,False,False,False,False,True,False,False,False,False,False,False,False,False,False,Samedi-16-18h,OUI,Samedi,2020-03-28 16:00
20435,276,True,False,True,False,False,False,False,False,False,False,False,False,False,False,Samedi-16-18h,OUI,Samedi,2020-03-28 16:00
20436,53,False,False,False,False,True,True,False,False,False,False,False,False,False,False,Samedi-16-18h,OUI,Samedi,2020-03-28 16:00
20437,179,True,False,True,False,False,False,False,False,False,False,False,False,False,False,Samedi-16-18h,OUI,Samedi,2020-03-28 16:00
20438,200,False,False,False,False,False,False,False,False,False,False,False,False,False,False,Samedi-16-18h,NON,Samedi,2020-03-28 16:00
20439,73,False,False,False,False,False,False,False,False,False,False,False,False,False,False,Samedi-16-18h,NON,Samedi,2020-03-28 16:00
20440,156,False,False,False,False,True,True,False,False,False,False,False,False,False,False,Samedi-16-18h,OUI,Samedi,2020-03-28 16:00
20441,128,True,True,True,False,False,True,False,False,False,False,False,False,False,False,Samedi-16-18h,OUI,Samedi,2020-03-28 16:00
20442,118,False,False,False,False,False,False,False,False,False,False,False,False,False,False,Samedi-16-18h,NON,Samedi,2020-03-28 16:00
20443,112,True,False,True,False,False,False,False,False,False,False,False,False,False,False,Samedi-16-18h,OUI,Samedi,2020-03-28 16:00
20444,35,False,False,False,False,True,True,False,False,False,False,False,False,False,False,Samedi-16-18h,OUI,Samedi,2020-03-28 16:00
20445,32,False,False,False,False,False,False,False,False,False,False,False,True,False,False,Samedi-16-18h,OUI,Samedi,2020-03-28 16:00
20446,199,True,False,True,False,False,False,False,False,False,False,False,False,False,False,Samedi-16-18h,OUI,Samedi,2020-03-28 16:00
20447,153,True,False,False,False,True,True,False,False,False,False,False,False,False,False,Samedi-16-18h,NON,Samedi,2020-03-28 16:00
20448,82,False,False,True,False,False,False,False,False,False,False,False,False,False,False,Samedi-16-18h,OUI,Samedi,2020-03-28 16:00
20449,292,False,True,False,False,False,False,False,False,False,False,False,False,False,False,Samedi-16-18h,OUI,Samedi,2020-03-28 16:00
20450,169,False,False,False,True,False,False,False,False,False,False,False,False,False,False,Samedi-16-18h,NON,Samedi,2020-03-28 16:00
20451,16,False,False,False,False,True,True,False,False,False,False,False,False,False,False,Samedi-16-18h,OUI,Samedi,2020-03-28 16:00
20452,46,True,True,True,False,False,True,True,False,False,False,False,False,False,False,Samedi-16-18h,OUI,Samedi,2020-03-28 16:00
20453,216,False,True,False,False,False,True,False,False,False,False,False,False,False,False,Samedi-16-18h,OUI,Samedi,2020-03-28 16:00
20454,174,False,True,True,False,False,True,False,False,False,False,True,False,False,False,Samedi-16-18h,OUI,Samedi,2020-03-28 16:00
20455,43,False,False,False,False,True,False,False,False,False,False,False,False,False,False,Samedi-16-18h,NON,Samedi,2020-03-28 16:00
20456,165,False,False,False,False,True,True,False,False,False,False,False,False,False,False,Samedi-16-18h,OUI,Samedi,2020-03-28 16:00
20457,126,False,True,False,False,False,True,False,False,False,False,False,False,False,False,Samedi-16-18h,OUI,Samedi,2020-03-28 16:00
20458,41,False,False,False,False,False,True,False,False,True,False,False,False,False,False,Samedi-16-18h,NON,Samedi,2020-03-28 16:00
20459,157,False,False,True,False,False,False,False,False,False,False,False,False,False,False,Samedi-16-18h,OUI,Samedi,2020-03-28 16:00
20460,272,False,True,True,False,False,False,True,False,False,False,True,False,True,True,Samedi-16-18h,OUI,Samedi,2020-03-28 16:00
20461,115,True,False,True,False,False,False,False,False,False,False,False,False,False,False,Samedi-16-18h,OUI,Samedi,2020-03-28 16:00
20462,84,False,False,False,False,False,False,False,False,False,False,False,True,False,False,Samedi-16-18h,OUI,Samedi,2020-03-28 16:00
20463,183,True,True,True,True,False,False,False,False,False,False,False,False,False,False,Samedi-16-18h,NON,Samedi,2020-03-28 16:00
20464,65,True,True,False,False,False,True,False,False,False,False,False,False,False,False,Samedi-16-18h,OUI,Samedi,2020-03-28 16:00
20465,105,True,False,False,False,False,False,False,False,False,False,False,False,False,False,Samedi-16-18h,OUI,Samedi,2020-03-28 16:00
20466,187,True,False,False,False,False,True,False,False,False,False,False,False,False,False,Samedi-16-18h,OUI,Samedi,2020-03-28 16:00
20467,139,True,False,True,False,False,False,False,False,False,False,False,False,False,False,Samedi-16-18h,NON,Samedi,2020-03-28 16:00
20468,259,False,False,False,False,True,True,False,False,False,False,False,False,False,False,Samedi-16-18h,NON,Samedi,2020-03-28 16:00
20469,124,True,False,True,False,False,False,False,False,False,False,True,False,False,False,Samedi-16-18h,NON,Samedi,2020-03-28 16:00
20470,98,False,False,False,False,False,True,False,False,False,False,False,True,False,False,Samedi-16-18h,OUI,Samedi,2020-03-28 16:00
20471,284,False,True,True,False,False,True,False,False,False,False,False,False,True,False,Samedi-16-18h,OUI,Samedi,2020-03-28 16:00
20472,148,True,False,True,False,True,False,False,True,False,False,False,False,False,False,Samedi-16-18h,OUI,Samedi,2020-03-28 16:00
20473,258,True,False,True,False,False,False,False,False,False,False,False,False,False,False,Samedi-16-18h,OUI,Samedi,2020-03-28 16:00
20474,175,False,False,False,False,False,True,False,False,False,False,False,False,False,False,Samedi-16-18h,NON,Samedi,2020-03-28 16:00
20475,119,False,False,False,False,False,False,False,False,False,False,True,False,False,False,Samedi-16-18h,NON,Samedi,2020-03-28 16:00
20476,229,True,False,True,False,False,False,False,True,False,False,False,False,False,False,Samedi-16-18h,NON,Samedi,2020-03-28 16:00
20477,230,False,False,False,False,False,True,True,False,False,False,False,False,False,False,Samedi-16-18h,NON,Samedi,2020-03-28 16:00
20478,17,True,False,False,False,False,True,True,False,False,False,False,False,False,False,Samedi-16-18h,OUI,Samedi,2020-03-28 16:00
20479,177,False,False,False,False,False,False,False,False,False,False,False,False,False,False,Samedi-16-18h,NON,Samedi,2020-03-28 16:00
20480,7,False,False,False,False,False,False,False,False,False,False,False,False,False,False,Samedi-16-18h,NON,Samedi,2020-03-28 16:00
20481,241,False,False,True,False,False,False,False,False,False,False,False,False,False,False,Samedi-16-18h,OUI,Samedi,2020-03-28 16:00
20482,8,True,False,False,False,True,True,False,True,False,False,False,False,False,False,Samedi-16-18h,OUI,Samedi,2020-03-28 16:00
20483,268,False,True,False,False,False,True,False,False,False,False,False,False,False,False,Samedi-16-18h,OUI,Samedi,2020-03-28 16:00
20484,294,False,False,True,False,True,False,False,False,False,False,False,False,False,False,Samedi-16-18h,OUI,Samedi,2020-03-28 16:00
20485,242,True,False,False,False,True,True,False,False,False,False,False,False,False,False,Samedi-16-18h,NON,Samedi,2020-03-28 16:00
20486,194,False,False,False,False,False,True,False,False,False,False,False,False,False,False,Samedi-16-18h,NON,Samedi,2020-03-28 16:00
20487,243,False,False,False,False,True,True,False,False,False,False,False,False,False,False,Samedi-16-18h,OUI,Samedi,2020-03-28 16:00
20488,212,True,True,True,False,False,True,False,False,False,False,False,False,False,False,Samedi-16-18h,OUI,Samedi,2020-03-28 16:00
20489,19,False,False,False,False,False,True,False,False,False,False,False,False,False,False,Samedi-16-18h,OUI,Samedi,2020-03-28 16:00
20490,114,False,False,False,False,True,False,False,False,False,False,False,False,False,False,Samedi-16-18h,OUI,Samedi,2020-03-28 16:00
20491,190,False,False,False,False,False,True,False,False,True,False,False,False,False,False,Samedi-16-18h,OUI,Samedi,2020-03-28 16:00
20492,64,False,False,True,False,False,False,False,False,False,False,False,False,False,False,Samedi-16-18h,OUI,Samedi,2020-03-28 16:00
20493,227,False,False,False,False,False,False,False,False,False,False,False,False,False,False,Samedi-16-18h,NON,Samedi,2020-03-28 16:00
20494,232,False,False,False,False,False,True,False,False,False,False,False,False,False,False,Samedi-16-18h,OUI,Samedi,2020-03-28 16:00
20495,246,False,True,False,False,False,True,True,False,False,False,False,False,False,False,Samedi-16-18h,OUI,Samedi,2020-03-28 16:00
20496,100,False,False,False,False,False,True,False,False,False,False,False,False,False,False,Samedi-16-18h,OUI,Samedi,2020-03-28 16:00
20497,13,False,False,False,False,True,False,False,False,False,False,False,False,False,False,Samedi-16-18h,OUI,Samedi,2020-03-28 16:00
20498,262,True,True,True,False,False,False,False,False,False,False,False,False,False,False,Samedi-16-18h,OUI,Samedi,2020-03-28 16:00
20499,76,True,True,True,False,False,True,False,False,False,False,True,False,False,False,Samedi-16-18h,OUI,Samedi,2020-03-28 16:00
20500,261,False,True,False,False,True,False,False,False,False,False,False,False,False,False,Samedi-16-18h,NON,Samedi,2020-03-28 16:00
20501,150,False,True,False,False,False,False,False,False,False,False,False,False,False,False,Samedi-16-18h,OUI,Samedi,2020-03-28 16:00
20502,205,False,False,False,False,False,False,False,False,False,False,False,False,False,False,Samedi-16-18h,NON,Samedi,2020-03-28 16:00
20503,56,False,False,False,False,True,True,False,False,False,False,False,False,False,False,Samedi-16-18h,OUI,Samedi,2020-03-28 16:00
20504,186,False,False,False,False,True,False,False,False,False,False,False,False,False,False,Samedi-16-18h,OUI,Samedi,2020-03-28 16:00
20505,162,True,False,False,False,True,True,False,False,False,False,False,False,False,False,Samedi-16-18h,OUI,Samedi,2020-03-28 16:00
20506,68,False,True,False,False,True,True,False,False,False,False,False,False,False,False,Samedi-16-18h,OUI,Samedi,2020-03-28 16:00
20507,146,False,False,False,False,False,True,False,False,False,False,False,True,False,False,Samedi-16-18h,OUI,Samedi,2020-03-28 16:00
20508,49,False,False,False,False,False,False,False,False,False,False,False,False,True,False,Samedi-16-18h,OUI,Samedi,2020-03-28 16:00
20509,91,True,False,True,True,False,False,False,False,False,False,False,False,False,False,Samedi-16-18h,OUI,Samedi,2020-03-28 16:00
20510,22,False,False,False,False,False,False,False,False,False,True,False,False,False,False,Samedi-16-18h,NON,Samedi,2020-03-28 16:00
20511,151,False,False,False,False,True,False,False,False,False,False,False,False,False,False,Samedi-16-18h,OUI,Samedi,2020-03-28 16:00
20512,193,False,False,False,False,True,True,False,False,False,False,False,False,False,False,Samedi-16-18h,OUI,Samedi,2020-03-28 16:00
20513,9,True,True,False,False,False,False,False,False,False,False,False,False,False,False,Samedi-16-18h,OUI,Samedi,2020-03-28 16:00
20514,99,True,False,True,False,False,False,False,False,False,False,False,False,False,False,Samedi-16-18h,NON,Samedi,2020-03-28 16:00
20515,181,False,False,False,False,True,True,False,False,False,False,False,False,False,False,Samedi-16-18h,OUI,Samedi,2020-03-28 16:00
20516,111,False,False,False,False,False,True,False,True,False,False,False,False,False,False,Samedi-16-18h,OUI,Samedi,2020-03-28 16:00
20517,44,False,True,False,False,False,True,False,False,False,False,False,False,False,False,Samedi-16-18h,NON,Samedi,2020-03-28 16:00
20518,24,False,False,False,False,True,False,False,True,False,False,False,False,False,False,Samedi-16-18h,NON,Samedi,2020-03-28 16:00
20519,102,False,False,False,False,True,True,False,True,False,False,False,False,False,False,Samedi-16-18h,OUI,Samedi,2020-03-28 16:00
20520,203,True,True,False,False,False,False,False,True,False,False,False,False,False,False,Samedi-16-18h,OUI,Samedi,2020-03-28 16:00
20521,140,False,False,False,False,True,True,False,True,False,False,False,False,False,False,Samedi-16-18h,NON,Samedi,2020-03-28 16:00
20522,188,False,False,False,False,False,True,False,False,True,False,False,False,False,False,Samedi-16-18h,NON,Samedi,2020-03-28 16:00
20523,206,False,False,False,True,False,False,False,False,False,False,True,False,False,False,Samedi-16-18h,NON,Samedi,2020-03-28 16:00
20524,273,False,False,False,False,False,False,False,False,False,False,False,True,False,False,Samedi-16-18h,OUI,Samedi,2020-03-28 16:00
20525,69,True,False,True,False,False,False,False,False,False,False,False,False,False,False,Samedi-16-18h,OUI,Samedi,2020-03-28 16:00
20526,87,True,False,False,True,False,False,False,False,False,False,True,False,False,False,Samedi-16-18h,OUI,Samedi,2020-03-28 16:00
20527,83,True,False,True,False,False,False,False,False,False,False,False,False,False,False,Samedi-16-18h,OUI,Samedi,2020-03-28 16:00
20528,149,True,False,True,True,False,False,False,False,False,False,False,False,False,False,Samedi-16-18h,OUI,Samedi,2020-03-28 16:00
20529,274,False,False,False,False,False,True,False,False,False,False,False,False,False,False,Samedi-16-18h,NON,Samedi,2020-03-28 16:00
20530,282,True,False,True,True,False,False,False,False,False,False,False,False,False,False,Samedi-16-18h,OUI,Samedi,2020-03-28 16:00
20531,147,False,False,False,False,False,False,False,False,False,False,False,False,False,False,Samedi-16-18h,NON,Samedi,2020-03-28 16:00
20532,238,False,False,False,False,False,False,False,False,False,False,False,True,False,False,Samedi-16-18h,OUI,Samedi,2020-03-28 16:00
20533,201,False,False,False,False,False,False,False,False,False,False,False,False,False,False,Samedi-16-18h,NON,Samedi,2020-03-28 16:00
20534,152,False,True,False,False,False,False,False,False,False,False,False,False,False,False,Samedi-16-18h,OUI,Samedi,2020-03-28 16:00
20535,222,False,False,False,False,False,True,False,False,True,True,False,False,False,False,Samedi-16-18h,OUI,Samedi,2020-03-28 16:00
20536,106,False,False,False,False,False,True,False,False,False,False,False,True,False,False,Samedi-16-18h,OUI,Samedi,2020-03-28 16:00
20537,133,False,False,True,False,True,False,False,False,False,False,False,False,False,False,Samedi-16-18h,OUI,Samedi,2020-03-28 16:00
20538,163,False,False,False,False,True,False,False,False,False,False,False,False,False,False,Samedi-16-18h,NON,Samedi,2020-03-28 16:00
20539,231,False,False,False,False,False,False,False,False,False,False,False,False,False,False,Samedi-16-18h,NON,Samedi,2020-03-28 16:00
20540,25,False,False,False,False,True,False,False,False,False,False,False,False,False,False,Samedi-16-18h,NON,Samedi,2020-03-28 16:00
20541,196,False,False,True,False,True,False,False,True,False,False,False,False,False,False,Samedi-16-18h,OUI,Samedi,2020-03-28 16:00
20542,5,False,False,False,False,True,True,False,False,False,False,False,False,False,False,Samedi-16-18h,OUI,Samedi,2020-03-28 16:00
20543,90,False,True,False,False,False,False,False,False,False,False,False,False,False,False,Samedi-16-18h,OUI,Samedi,2020-03-28 16:00
20544,244,True,False,True,False,False,False,False,False,False,False,False,False,False,False,Samedi-16-18h,NON,Samedi,2020-03-28 16:00
20545,107,False,True,False,False,False,True,False,False,False,False,False,False,False,False,Samedi-16-18h,OUI,Samedi,2020-03-28 16:00
20546,218,False,True,False,False,True,True,False,False,False,False,False,False,False,False,Samedi-16-18h,OUI,Samedi,2020-03-28 16:00
20547,62,False,True,True,False,True,True,False,False,False,False,False,False,False,False,Samedi-16-18h,OUI,Samedi,2020-03-28 16:00
20548,79,False,True,False,False,False,False,False,False,False,False,False,False,False,False,Samedi-16-18h,OUI,Samedi,2020-03-28 16:00
20549,208,False,False,False,False,False,True,False,False,False,False,False,False,False,False,Samedi-16-18h,OUI,Samedi,2020-03-28 16:00
20550,270,False,False,False,False,False,False,False,False,True,False,False,False,False,False,Samedi-16-18h,OUI,Samedi,2020-03-28 16:00
20551,166,True,False,False,False,True,True,False,False,False,False,False,False,False,False,Samedi-16-18h,OUI,Samedi,2020-03-28 16:00
20552,77,False,False,True,False,True,False,False,False,False,False,False,False,False,False,Samedi-16-18h,OUI,Samedi,2020-03-28 16:00
20553,29,False,False,False,False,False,True,False,False,False,False,False,True,False,False,Samedi-16-18h,OUI,Samedi,2020-03-28 16:00
20554,240,False,False,False,False,False,True,False,False,False,False,False,False,False,False,Samedi-16-18h,OUI,Samedi,2020-03-28 16:00
20555,184,False,True,False,False,False,False,False,False,False,False,False,False,False,False,Samedi-16-18h,OUI,Samedi,2020-03-28 16:00
20556,277,False,True,True,False,False,True,False,False,False,False,False,False,False,False,Samedi-16-18h,NON,Samedi,2020-03-28 16:00
20557,80,True,False,False,False,False,True,False,False,False,True,False,False,False,False,Samedi-16-18h,OUI,Samedi,2020-03-28 16:00
20558,185,True,True,True,False,False,True,False,False,False,False,True,False,True,False,Samedi-16-18h,NON,Samedi,2020-03-28 16:00
20559,204,False,False,False,False,True,True,False,False,False,False,False,True,False,False,Samedi-16-18h,OUI,Samedi,2020-03-28 16:00
20560,252,True,True,True,False,False,True,False,False,False,False,False,False,False,False,Samedi-16-18h,OUI,Samedi,2020-03-28 16:00
20561,26,False,False,False,False,True,False,False,False,False,False,False,False,False,False,Samedi-16-18h,OUI,Samedi,2020-03-28 16:00
20562,70,False,False,False,False,True,False,False,False,False,False,False,True,False,False,Samedi-16-18h,NON,Samedi,2020-03-28 16:00
20563,233,False,False,False,False,True,False,False,False,False,False,False,False,False,False,Samedi-16-18h,OUI,Samedi,2020-03-28 16:00
20564,37,True,True,True,False,True,True,False,False,False,False,False,False,False,False,Samedi-16-18h,OUI,Samedi,2020-03-28 16:00
20565,185,False,False,True,False,False,False,False,False,False,False,False,False,False,False,Samedi-16-18h,OUI,Samedi,2020-03-28 16:00
20566,138,True,False,False,False,True,True,False,False,False,False,False,False,False,False,Samedi-16-18h,OUI,Samedi,2020-03-28 16:00
20567,224,True,False,True,False,False,False,False,False,False,False,False,False,False,False,Samedi-16-18h,OUI,Samedi,2020-03-28 16:00
20568,66,False,False,False,False,True,True,False,False,False,False,False,False,True,False,Samedi-16-18h,OUI,Samedi,2020-03-28 16:00
20569,211,False,False,True,False,False,False,False,False,False,False,False,False,True,False,Samedi-16-18h,OUI,Samedi,2020-03-28 16:00
20570,14,False,False,False,False,True,True,False,False,False,False,False,False,False,False,Samedi-16-18h,NON,Samedi,2020-03-28 16:00
20571,145,False,False,False,False,True,False,False,False,False,False,False,False,False,False,Samedi-16-18h,NON,Samedi,2020-03-28 16:00
20572,36,False,False,False,False,False,False,False,False,False,False,False,True,False,False,Samedi-16-18h,OUI,Samedi,2020-03-28 16:00
20573,60,True,True,True,False,False,True,False,False,False,False,False,False,False,False,Samedi-16-18h,NON,Samedi,2020-03-28 16:00
20574,137,True,True,True,False,False,True,False,False,False,False,True,False,False,False,Samedi-16-18h,OUI,Samedi,2020-03-28 16:00
20575,285,False,True,False,False,True,True,False,False,False,False,False,False,False,False,Samedi-16-18h,OUI,Samedi,2020-03-28 16:00
20576,40,False,True,True,False,True,True,False,False,False,False,False,False,False,False,Samedi-16-18h,OUI,Samedi,2020-03-28 16:00
20577,97,False,False,False,False,False,True,False,False,False,False,False,False,False,False,Samedi-16-18h,NON,Samedi,2020-03-28 16:00
20578,109,True,False,True,True,False,False,False,False,False,False,False,False,False,False,Samedi-16-18h,OUI,Samedi,2020-03-28 16:00
20579,10,False,False,False,False,False,False,False,False,False,False,False,False,False,False,Samedi-16-18h,NON,Samedi,2020-03-28 16:00
20580,256,False,False,False,False,False,False,False,False,False,False,False,True,False,False,Samedi-16-18h,NON,Samedi,2020-03-28 16:00
20581,141,True,True,True,False,False,False,False,False,False,False,True,False,False,False,Samedi-16-18h,NON,Samedi,2020-03-28 16:00
20582,28,False,False,False,False,False,False,False,False,False,False,False,False,False,False,Samedi-16-18h,NON,Samedi,2020-03-28 16:00
20583,101,True,True,True,True,True,True,False,False,False,False,False,False,False,False,Samedi-16-18h,OUI,Samedi,2020-03-28 16:00
20584,48,True,False,True,False,True,False,False,False,False,False,False,False,True,False,Samedi-16-18h,OUI,Samedi,2020-03-28 16:00
20585,27,False,False,False,False,False,True,False,False,False,False,False,False,False,False,Samedi-16-18h,OUI,Samedi,2020-03-28 16:00
20586,142,True,False,True,False,False,False,False,False,False,False,True,False,True,False,Samedi-16-18h,NON,Samedi,2020-03-28 16:00
20587,234,False,False,True,False,False,False,False,False,False,False,True,False,False,False,Samedi-16-18h,OUI,Samedi,2020-03-28 16:00
20588,23,False,False,False,False,True,False,False,False,False,False,False,False,False,False,Samedi-16-18h,NON,Samedi,2020-03-28 16:00
20589,195,False,False,False,False,True,False,False,False,True,False,False,False,False,False,Samedi-16-18h,OUI,Samedi,2020-03-28 16:00
20590,275,False,False,False,False,False,False,False,False,False,False,False,True,False,False,Samedi-16-18h,NON,Samedi,2020-03-28 16:00
20591,226,False,False,False,False,True,True,False,False,False,False,False,False,False,False,Samedi-16-18h,OUI,Samedi,2020-03-28 16:00
20592,207,False,False,True,False,False,False,False,False,False,False,False,False,False,False,Samedi-16-18h,OUI,Samedi,2020-03-28 16:00
20593,57,False,False,False,False,False,False,False,False,False,False,False,False,False,False,Samedi-16-18h,NON,Samedi,2020-03-28 16:00
20594,4,False,True,False,False,False,True,False,False,False,False,False,False,False,False,Samedi-16-18h,NON,Samedi,2020-03-28 16:00
20595,265,False,False,False,False,False,True,False,False,False,False,False,False,False,False,Samedi-16-18h,OUI,Samedi,2020-03-28 16:00
20596,88,False,True,False,False,False,False,False,False,False,False,False,False,False,False,Samedi-16-18h,NON,Samedi,2020-03-28 16:00
20597,198,False,False,False,False,False,False,False,False,False,False,True,False,False,False,Samedi-16-18h,OUI,Samedi,2020-03-28 16:00
20598,249,True,True,True,False,False,False,False,False,False,False,False,False,False,False,Samedi-16-18h,NON,Samedi,2020-03-28 16:00
20599,263,False,False,False,False,True,True,False,False,False,False,False,False,False,False,Samedi-16-18h,OUI,Samedi,2020-03-28 16:00
20600,217,True,False,True,False,False,False,False,False,False,False,False,False,True,False,Samedi-16-18h,OUI,Samedi,2020-03-28 16:00
20601,278,False,False,False,False,True,True,False,False,False,False,False,False,False,False,Samedi-16-18h,OUI,Samedi,2020-03-28 16:00
20602,189,False,True,False,False,False,False,False,False,False,False,False,False,False,False,Samedi-16-18h,NON,Samedi,2020-03-28 16:00
20603,61,True,False,True,False,False,False,False,False,False,False,False,False,False,False,Samedi-16-18h,OUI,Samedi,2020-03-28 16:00
20604,251,False,False,False,False,False,False,False,False,False,False,False,False,True,False,Samedi-16-18h,OUI,Samedi,2020-03-28 16:00
20605,281,False,True,False,False,False,False,False,False,False,False,False,False,False,False,Samedi-16-18h,OUI,Samedi,2020-03-28 16:00
20606,134,False,True,False,False,False,False,False,False,False,False,False,False,False,False,Samedi-16-18h,OUI,Samedi,2020-03-28 16:00
20607,293,False,True,False,False,False,True,False,False,False,False,False,False,False,False,Samedi-16-18h,NON,Samedi,2020-03-28 16:00
20608,279,True,True,True,True,False,True,False,False,False,False,False,False,False,False,Samedi-16-18h,NON,Samedi,2020-03-28 16:00
20609,81,True,False,True,True,False,False,False,True,False,False,False,False,False,False,Samedi-16-18h,OUI,Samedi,2020-03-28 16:00
20610,92,True,False,False,True,False,False,False,False,False,False,True,False,False,False,Samedi-16-18h,OUI,Samedi,2020-03-28 16:00
20611,147,False,False,False,False,False,False,False,False,False,False,False,False,False,False,Samedi-16-18h,NON,Samedi,2020-03-28 16:00
20612,33,False,True,False,False,True,False,False,False,False,False,False,False,False,False,Samedi-16-18h,OUI,Samedi,2020-03-28 16:00
20613,266,False,False,False,False,False,False,False,False,False,False,False,False,False,False,Samedi-16-18h,NON,Samedi,2020-03-28 16:00
20614,225,True,False,False,False,False,True,False,False,False,False,False,False,False,False,Samedi-16-18h,OUI,Samedi,2020-03-28 16:00
20615,83,True,False,True,False,False,False,False,False,False,False,False,False,False,False,Samedi-16-18h,OUI,Samedi,2020-03-28 16:00
20616,95,False,False,False,False,True,True,False,True,False,False,False,False,False,False,Samedi-16-18h,NON,Samedi,2020-03-28 16:00
20617,127,False,False,False,False,True,False,False,False,False,False,False,False,False,False,Samedi-16-18h,NON,Samedi,2020-03-28 16:00
20618,20,False,False,False,False,False,False,False,False,False,False,False,False,False,False,Samedi-16-18h,NON,Samedi,2020-03-28 16:00
20619,89,False,False,False,False,False,False,False,False,True,False,False,False,False,False,Samedi-16-18h,OUI,Samedi,2020-03-28 16:00
20620,120,False,True,True,False,True,True,False,True,False,False,True,False,False,False,Samedi-16-18h,OUI,Samedi,2020-03-28 16:00
20621,253,False,False,False,False,True,True,False,False,False,False,False,True,False,False,Samedi-16-18h,OUI,Samedi,2020-03-28 16:00
20622,52,False,False,True,False,False,False,False,False,False,False,False,False,False,False,Samedi-16-18h,OUI,Samedi,2020-03-28 16:00
20623,168,True,False,True,False,False,False,False,True,False,False,False,False,False,False,Samedi-16-18h,OUI,Samedi,2020-03-28 16:00
20624,202,False,True,False,False,False,False,False,False,False,False,False,False,False,False,Samedi-16-18h,OUI,Samedi,2020-03-28 16:00
20625,172,False,False,False,False,True,False,False,False,False,False,False,False,False,False,Samedi-16-18h,OUI,Samedi,2020-03-28 16:00
20626,239,False,False,False,False,True,True,False,False,False,False,False,False,False,False,Samedi-16-18h,OUI,Samedi,2020-03-28 16:00
20627,85,False,False,False,False,True,False,False,False,False,False,False,False,False,False,Samedi-16-18h,OUI,Samedi,2020-03-28 16:00
20628,215,False,False,False,False,False,False,False,False,True,False,False,False,False,False,Samedi-16-18h,OUI,Samedi,2020-03-28 16:00
20629,260,True,False,True,False,False,False,False,False,False,False,False,False,False,False,Samedi-16-18h,OUI,Samedi,2020-03-28 16:00
20630,286,True,True,False,False,True,False,False,False,False,False,False,False,False,False,Samedi-16-18h,OUI,Samedi,2020-03-28 16:00
20631,72,False,True,False,False,False,False,False,False,False,False,False,False,False,False,Samedi-18-20h,OUI,Samedi,2020-03-28 18:00
20632,167,True,True,True,True,True,True,False,False,False,False,False,False,False,False,Samedi-18-20h,OUI,Samedi,2020-03-28 18:00
20633,130,True,False,True,False,False,False,False,True,False,False,False,False,True,True,Samedi-18-20h,NON,Samedi,2020-03-28 18:00
20634,288,True,True,True,False,True,False,False,False,False,False,False,False,False,False,Samedi-18-20h,OUI,Samedi,2020-03-28 18:00
20635,59,False,False,False,False,False,True,False,False,False,False,False,False,False,False,Samedi-18-20h,OUI,Samedi,2020-03-28 18:00
20636,178,True,False,False,False,False,False,False,False,False,False,True,False,False,False,Samedi-18-20h,OUI,Samedi,2020-03-28 18:00
20637,254,False,False,False,False,False,False,False,False,False,False,False,True,False,False,Samedi-18-20h,NON,Samedi,2020-03-28 18:00
20638,34,False,False,False,False,False,False,False,False,False,False,False,False,False,False,Samedi-18-20h,NON,Samedi,2020-03-28 18:00
20639,264,False,False,False,False,True,True,True,False,False,False,False,False,False,False,Samedi-18-20h,OUI,Samedi,2020-03-28 18:00
20640,158,True,False,False,False,True,False,False,False,False,True,False,False,False,False,Samedi-18-20h,OUI,Samedi,2020-03-28 18:00
20641,210,False,True,False,False,True,True,False,False,False,False,False,False,False,False,Samedi-18-20h,OUI,Samedi,2020-03-28 18:00
20642,93,False,False,False,False,True,False,False,False,False,False,False,False,True,False,Samedi-18-20h,OUI,Samedi,2020-03-28 18:00
20643,144,True,False,True,False,True,False,False,False,False,False,False,False,False,False,Samedi-18-20h,OUI,Samedi,2020-03-28 18:00
20644,164,False,True,False,False,True,True,False,False,False,False,False,False,False,False,Samedi-18-20h,OUI,Samedi,2020-03-28 18:00
20645,289,False,False,False,False,True,True,False,False,False,False,False,False,False,False,Samedi-18-20h,OUI,Samedi,2020-03-28 18:00
20646,50,False,False,False,False,False,False,False,False,False,False,False,False,False,False,Samedi-18-20h,NON,Samedi,2020-03-28 18:00
20647,51,True,True,False,False,True,False,False,False,False,False,False,False,False,False,Samedi-18-20h,OUI,Samedi,2020-03-28 18:00
20648,247,False,False,True,False,False,False,False,False,False,False,False,False,False,False,Samedi-18-20h,OUI,Samedi,2020-03-28 18:00
20649,159,False,False,False,False,False,False,False,True,False,False,False,False,False,False,Samedi-18-20h,NON,Samedi,2020-03-28 18:00
20650,54,False,False,False,False,False,True,False,False,False,False,False,False,False,False,Samedi-18-20h,OUI,Samedi,2020-03-28 18:00
20651,55,True,False,False,False,True,True,False,True,False,False,False,False,False,False,Samedi-18-20h,OUI,Samedi,2020-03-28 18:00
20652,257,False,False,False,False,True,False,False,False,False,False,False,False,False,False,Samedi-18-20h,OUI,Samedi,2020-03-28 18:00
20653,67,False,False,False,False,False,False,False,False,False,False,False,False,False,False,Samedi-18-20h,NON,Samedi,2020-03-28 18:00
20654,71,True,False,True,False,False,False,False,False,False,False,False,False,False,False,Samedi-18-20h,NON,Samedi,2020-03-28 18:00
20655,280,False,False,False,False,False,True,False,False,False,False,False,False,False,False,Samedi-18-20h,OUI,Samedi,2020-03-28 18:00
20656,283,True,True,False,False,False,False,False,False,False,False,False,False,False,False,Samedi-18-20h,OUI,Samedi,2020-03-28 18:00
20657,154,False,False,False,False,True,True,False,False,False,False,False,True,False,False,Samedi-18-20h,NON,Samedi,2020-03-28 18:00
20658,171,False,False,False,False,False,False,False,False,False,False,False,True,False,False,Samedi-18-20h,OUI,Samedi,2020-03-28 18:00
20659,131,False,False,True,False,False,False,False,False,False,False,False,False,False,False,Samedi-18-20h,NON,Samedi,2020-03-28 18:00
20660,237,True,False,False,False,False,True,True,False,False,False,False,False,True,False,Samedi-18-20h,OUI,Samedi,2020-03-28 18:00
20661,75,False,False,False,False,True,True,False,False,False,False,False,False,False,False,Samedi-18-20h,OUI,Samedi,2020-03-28 18:00
20662,235,True,False,False,False,True,False,False,False,False,False,False,False,False,False,Samedi-18-20h,OUI,Samedi,2020-03-28 18:00
20663,180,False,False,False,False,True,True,False,False,False,False,False,False,False,False,Samedi-18-20h,OUI,Samedi,2020-03-28 18:00
20664,219,False,False,False,False,False,True,False,False,False,False,False,False,False,False,Samedi-18-20h,NON,Samedi,2020-03-28 18:00
20665,250,False,False,False,False,False,False,False,False,True,False,False,False,False,False,Samedi-18-20h,OUI,Samedi,2020-03-28 18:00
20666,267,True,True,False,False,False,False,False,False,False,False,False,False,False,False,Samedi-18-20h,OUI,Samedi,2020-03-28 18:00
20667,160,False,True,False,False,False,True,False,False,False,False,False,False,False,False,Samedi-18-20h,OUI,Samedi,2020-03-28 18:00
20668,182,False,True,False,False,True,True,True,False,False,False,False,False,False,False,Samedi-18-20h,OUI,Samedi,2020-03-28 18:00
20669,143,False,False,False,False,False,False,False,True,False,False,True,False,False,False,Samedi-18-20h,OUI,Samedi,2020-03-28 18:00
20670,223,True,True,False,False,False,False,False,False,False,False,False,False,False,False,Samedi-18-20h,OUI,Samedi,2020-03-28 18:00
20671,192,True,False,True,False,False,False,False,False,False,False,False,False,False,False,Samedi-18-20h,OUI,Samedi,2020-03-28 18:00
20672,30,False,False,True,False,False,False,False,True,False,False,False,False,False,False,Samedi-18-20h,OUI,Samedi,2020-03-28 18:00
20673,125,True,False,False,False,True,False,False,True,False,False,False,False,False,False,Samedi-18-20h,NON,Samedi,2020-03-28 18:00
20674,39,False,False,True,False,True,False,False,True,False,False,False,False,False,False,Samedi-18-20h,OUI,Samedi,2020-03-28 18:00
20675,113,True,False,True,False,False,False,False,False,False,False,False,False,False,False,Samedi-18-20h,OUI,Samedi,2020-03-28 18:00
20676,121,True,False,True,False,False,False,False,True,False,False,False,False,False,False,Samedi-18-20h,NON,Samedi,2020-03-28 18:00
20677,228,False,False,False,False,False,False,False,False,False,False,True,False,False,False,Samedi-18-20h,OUI,Samedi,2020-03-28 18:00
20678,290,False,False,False,False,False,False,False,False,True,False,False,False,False,False,Samedi-18-20h,OUI,Samedi,2020-03-28 18:00
20679,197,False,False,True,False,True,False,False,False,False,False,False,False,False,False,Samedi-18-20h,NON,Samedi,2020-03-28 18:00
20680,31,True,True,True,False,False,True,False,False,False,False,False,False,False,False,Samedi-18-20h,OUI,Samedi,2020-03-28 18:00
20681,173,True,False,False,False,True,True,False,True,False,False,False,False,False,False,Samedi-18-20h,OUI,Samedi,2020-03-28 18:00
20682,74,True,False,False,True,False,False,False,True,False,False,True,False,False,False,Samedi-18-20h,OUI,Samedi,2020-03-28 18:00
20683,15,False,False,True,False,False,False,False,False,False,False,False,False,False,False,Samedi-18-20h,OUI,Samedi,2020-03-28 18:00
20684,45,True,False,False,False,True,True,False,True,False,False,False,False,False,False,Samedi-18-20h,OUI,Samedi,2020-03-28 18:00
20685,63,False,False,True,False,False,False,False,False,False,False,False,False,False,False,Samedi-18-20h,OUI,Samedi,2020-03-28 18:00
20686,3,False,False,False,False,False,True,False,False,False,False,False,True,False,False,Samedi-18-20h,OUI,Samedi,2020-03-28 18:00
20687,21,True,False,True,False,False,False,False,False,False,False,False,False,False,False,Samedi-18-20h,OUI,Samedi,2020-03-28 18:00
20688,78,False,True,True,False,True,True,False,True,False,False,False,False,False,False,Samedi-18-20h,OUI,Samedi,2020-03-28 18:00
20689,47,False,True,False,False,False,False,False,False,False,False,False,False,False,False,Samedi-18-20h,OUI,Samedi,2020-03-28 18:00
20690,151,True,True,False,False,True,False,False,True,False,False,False,False,False,False,Samedi-18-20h,OUI,Samedi,2020-03-28 18:00
20691,6,True,False,True,False,False,False,False,False,False,False,False,False,False,False,Samedi-18-20h,OUI,Samedi,2020-03-28 18:00
20692,135,True,False,True,False,False,False,False,False,False,False,False,False,True,False,Samedi-18-20h,OUI,Samedi,2020-03-28 18:00
20693,221,False,False,False,False,True,True,False,False,False,False,False,False,False,False,Samedi-18-20h,OUI,Samedi,2020-03-28 18:00
20694,170,False,False,True,False,False,False,False,False,False,False,True,False,False,True,Samedi-18-20h,OUI,Samedi,2020-03-28 18:00
20695,129,False,True,False,False,False,False,False,False,False,False,False,False,False,False,Samedi-18-20h,OUI,Samedi,2020-03-28 18:00
20696,132,True,True,True,False,False,True,False,False,False,False,False,False,False,False,Samedi-18-20h,OUI,Samedi,2020-03-28 18:00
20697,110,False,True,False,False,False,False,False,False,False,False,False,False,False,False,Samedi-18-20h,OUI,Samedi,2020-03-28 18:00
20698,191,False,False,False,False,False,True,False,False,False,False,False,False,False,False,Samedi-18-20h,OUI,Samedi,2020-03-28 18:00
20699,94,True,True,True,False,False,True,False,False,False,False,True,False,True,False,Samedi-18-20h,OUI,Samedi,2020-03-28 18:00
20700,108,False,False,False,False,False,True,True,False,False,False,False,False,False,False,Samedi-18-20h,OUI,Samedi,2020-03-28 18:00
20701,236,False,False,False,False,True,True,False,False,False,False,False,False,False,False,Samedi-18-20h,OUI,Samedi,2020-03-28 18:00
20702,42,True,False,True,False,True,False,False,False,False,False,False,False,False,False,Samedi-18-20h,OUI,Samedi,2020-03-28 18:00
20703,155,True,False,False,False,True,False,False,False,False,False,False,False,False,False,Samedi-18-20h,OUI,Samedi,2020-03-28 18:00
20704,1,False,False,False,False,False,False,False,False,False,False,False,False,False,False,Samedi-18-20h,NON,Samedi,2020-03-28 18:00
20705,58,False,True,True,False,False,True,False,False,False,False,True,False,False,False,Samedi-18-20h,OUI,Samedi,2020-03-28 18:00
20706,0,False,True,False,False,False,False,False,False,False,False,False,False,False,False,Samedi-18-20h,OUI,Samedi,2020-03-28 18:00
20707,269,False,False,False,False,False,False,False,False,False,False,False,False,False,False,Samedi-18-20h,NON,Samedi,2020-03-28 18:00
20708,2,True,False,True,False,False,False,False,False,False,False,False,False,False,False,Samedi-18-20h,OUI,Samedi,2020-03-28 18:00
20709,103,False,False,False,False,True,False,False,False,False,False,False,False,False,False,Samedi-18-20h,OUI,Samedi,2020-03-28 18:00
20710,12,False,True,False,False,True,False,False,False,False,False,False,False,False,False,Samedi-18-20h,OUI,Samedi,2020-03-28 18:00
20711,245,True,False,False,False,True,True,False,True,False,False,False,False,False,False,Samedi-18-20h,NON,Samedi,2020-03-28 18:00
20712,161,False,False,True,False,False,False,False,False,False,False,True,False,False,False,Samedi-18-20h,OUI,Samedi,2020-03-28 18:00
20713,38,False,False,False,False,False,False,False,False,True,False,False,False,False,False,Samedi-18-20h,OUI,Samedi,2020-03-28 18:00
20714,122,False,False,False,False,False,False,False,False,False,False,False,False,False,False,Samedi-18-20h,NON,Samedi,2020-03-28 18:00
20715,248,False,False,True,False,False,False,False,False,False,False,False,False,True,False,Samedi-18-20h,OUI,Samedi,2020-03-28 18:00
20716,271,False,True,True,False,False,True,False,False,False,False,False,False,False,False,Samedi-18-20h,OUI,Samedi,2020-03-28 18:00
20717,116,False,False,True,False,False,False,False,False,False,False,False,False,False,False,Samedi-18-20h,OUI,Samedi,2020-03-28 18:00
20718,117,True,True,True,True,False,True,False,False,False,False,False,False,False,False,Samedi-18-20h,NON,Samedi,2020-03-28 18:00
20719,213,False,False,False,False,True,True,False,True,False,False,False,False,False,False,Samedi-18-20h,OUI,Samedi,2020-03-28 18:00
20720,220,False,True,True,False,False,True,False,False,False,False,False,False,False,False,Samedi-18-20h,OUI,Samedi,2020-03-28 18:00
20721,176,False,False,True,False,False,False,False,False,False,False,False,False,False,False,Samedi-18-20h,OUI,Samedi,2020-03-28 18:00
20722,96,False,False,False,False,True,True,False,False,False,True,False,False,False,False,Samedi-18-20h,NON,Samedi,2020-03-28 18:00
20723,214,False,False,False,False,True,True,False,False,False,True,False,False,False,False,Samedi-18-20h,OUI,Samedi,2020-03-28 18:00
20724,11,True,False,False,True,False,False,False,False,False,False,True,False,False,False,Samedi-18-20h,OUI,Samedi,2020-03-28 18:00
20725,255,True,False,True,False,False,False,False,True,False,False,False,False,False,False,Samedi-18-20h,NON,Samedi,2020-03-28 18:00
20726,86,False,False,True,False,False,False,False,False,False,False,False,False,False,False,Samedi-18-20h,NON,Samedi,2020-03-28 18:00
20727,209,True,False,False,False,True,True,False,True,False,False,False,False,False,False,Samedi-18-20h,OUI,Samedi,2020-03-28 18:00
20728,291,False,False,False,False,False,True,False,False,True,False,False,False,False,False,Samedi-18-20h,OUI,Samedi,2020-03-28 18:00
20729,287,False,False,False,False,False,False,False,False,False,False,False,True,False,False,Samedi-18-20h,OUI,Samedi,2020-03-28 18:00
20730,104,False,False,False,False,True,True,False,False,False,False,False,False,False,False,Samedi-18-20h,OUI,Samedi,2020-03-28 18:00
20731,18,False,False,False,False,True,False,False,False,False,False,False,False,False,False,Samedi-18-20h,OUI,Samedi,2020-03-28 18:00
20732,123,False,True,False,False,True,True,False,False,False,False,False,False,False,False,Samedi-18-20h,NON,Samedi,2020-03-28 18:00
20733,136,False,False,False,False,True,False,False,False,False,False,False,False,False,False,Samedi-18-20h,OUI,Samedi,2020-03-28 18:00
20734,276,True,False,True,False,False,False,False,False,False,False,False,False,False,False,Samedi-18-20h,OUI,Samedi,2020-03-28 18:00
20735,53,False,False,False,False,True,True,False,False,False,False,False,False,False,False,Samedi-18-20h,OUI,Samedi,2020-03-28 18:00
20736,179,True,False,True,False,False,False,False,False,False,False,False,False,False,False,Samedi-18-20h,OUI,Samedi,2020-03-28 18:00
20737,200,False,False,False,False,False,False,False,False,False,False,False,False,False,False,Samedi-18-20h,NON,Samedi,2020-03-28 18:00
20738,73,False,False,False,False,False,False,False,False,False,False,False,False,False,False,Samedi-18-20h,NON,Samedi,2020-03-28 18:00
20739,156,False,False,False,False,True,True,False,False,False,False,False,False,False,False,Samedi-18-20h,OUI,Samedi,2020-03-28 18:00
20740,128,True,True,True,False,False,True,False,False,False,False,False,False,False,False,Samedi-18-20h,OUI,Samedi,2020-03-28 18:00
20741,118,False,False,False,False,False,False,False,False,False,False,False,False,False,False,Samedi-18-20h,NON,Samedi,2020-03-28 18:00
20742,112,True,False,True,False,False,False,False,False,False,False,False,False,False,False,Samedi-18-20h,OUI,Samedi,2020-03-28 18:00
20743,35,False,False,False,False,True,True,False,False,False,False,False,False,False,False,Samedi-18-20h,OUI,Samedi,2020-03-28 18:00
20744,32,False,False,False,False,False,False,False,False,False,False,False,True,False,False,Samedi-18-20h,NON,Samedi,2020-03-28 18:00
20745,199,True,False,True,False,False,False,False,False,False,False,False,False,False,False,Samedi-18-20h,OUI,Samedi,2020-03-28 18:00
20746,153,True,False,False,False,True,True,False,False,False,False,False,False,False,False,Samedi-18-20h,NON,Samedi,2020-03-28 18:00
20747,82,False,False,True,False,False,False,False,False,False,False,False,False,False,False,Samedi-18-20h,OUI,Samedi,2020-03-28 18:00
20748,292,False,True,False,False,False,False,False,False,False,False,False,False,False,False,Samedi-18-20h,OUI,Samedi,2020-03-28 18:00
20749,169,False,False,False,True,False,False,False,False,False,False,False,False,False,False,Samedi-18-20h,NON,Samedi,2020-03-28 18:00
20750,16,False,False,False,False,True,True,False,False,False,False,False,False,False,False,Samedi-18-20h,OUI,Samedi,2020-03-28 18:00
20751,46,True,True,True,False,False,True,True,False,False,False,False,False,False,False,Samedi-18-20h,OUI,Samedi,2020-03-28 18:00
20752,216,False,True,False,False,False,True,False,False,False,False,False,False,False,False,Samedi-18-20h,OUI,Samedi,2020-03-28 18:00
20753,174,False,True,True,False,False,True,False,False,False,False,True,False,False,False,Samedi-18-20h,OUI,Samedi,2020-03-28 18:00
20754,43,False,False,False,False,True,False,False,False,False,False,False,False,False,False,Samedi-18-20h,NON,Samedi,2020-03-28 18:00
20755,165,False,False,False,False,True,True,False,False,False,False,False,False,False,False,Samedi-18-20h,OUI,Samedi,2020-03-28 18:00
20756,126,False,True,False,False,False,True,False,False,False,False,False,False,False,False,Samedi-18-20h,OUI,Samedi,2020-03-28 18:00
20757,41,False,False,False,False,False,True,False,False,True,False,False,False,False,False,Samedi-18-20h,NON,Samedi,2020-03-28 18:00
20758,157,False,False,True,False,False,False,False,False,False,False,False,False,False,False,Samedi-18-20h,OUI,Samedi,2020-03-28 18:00
20759,272,False,True,True,False,False,False,True,False,False,False,True,False,True,True,Samedi-18-20h,OUI,Samedi,2020-03-28 18:00
20760,115,True,False,True,False,False,False,False,False,False,False,False,False,False,False,Samedi-18-20h,OUI,Samedi,2020-03-28 18:00
20761,84,False,False,False,False,False,False,False,False,False,False,False,True,False,False,Samedi-18-20h,OUI,Samedi,2020-03-28 18:00
20762,183,True,True,True,True,False,False,False,False,False,False,False,False,False,False,Samedi-18-20h,NON,Samedi,2020-03-28 18:00
20763,65,True,True,False,False,False,True,False,False,False,False,False,False,False,False,Samedi-18-20h,OUI,Samedi,2020-03-28 18:00
20764,105,True,False,False,False,False,False,False,False,False,False,False,False,False,False,Samedi-18-20h,OUI,Samedi,2020-03-28 18:00
20765,187,True,False,False,False,False,True,False,False,False,False,False,False,False,False,Samedi-18-20h,OUI,Samedi,2020-03-28 18:00
20766,139,True,False,True,False,False,False,False,False,False,False,False,False,False,False,Samedi-18-20h,NON,Samedi,2020-03-28 18:00
20767,259,False,False,False,False,True,True,False,False,False,False,False,False,False,False,Samedi-18-20h,NON,Samedi,2020-03-28 18:00
20768,124,True,False,True,False,False,False,False,False,False,False,True,False,False,False,Samedi-18-20h,NON,Samedi,2020-03-28 18:00
20769,98,False,False,False,False,False,True,False,False,False,False,False,True,False,False,Samedi-18-20h,OUI,Samedi,2020-03-28 18:00
20770,284,False,True,True,False,False,True,False,False,False,False,False,False,True,False,Samedi-18-20h,OUI,Samedi,2020-03-28 18:00
20771,148,True,False,True,False,True,False,False,True,False,False,False,False,False,False,Samedi-18-20h,OUI,Samedi,2020-03-28 18:00
20772,258,True,False,True,False,False,False,False,False,False,False,False,False,False,False,Samedi-18-20h,OUI,Samedi,2020-03-28 18:00
20773,175,False,False,False,False,False,True,False,False,False,False,False,False,False,False,Samedi-18-20h,NON,Samedi,2020-03-28 18:00
20774,119,False,False,False,False,False,False,False,False,False,False,True,False,False,False,Samedi-18-20h,NON,Samedi,2020-03-28 18:00
20775,229,True,False,True,False,False,False,False,True,False,False,False,False,False,False,Samedi-18-20h,NON,Samedi,2020-03-28 18:00
20776,230,False,False,False,False,False,True,True,False,False,False,False,False,False,False,Samedi-18-20h,NON,Samedi,2020-03-28 18:00
20777,17,True,False,False,False,False,True,True,False,False,False,False,False,False,False,Samedi-18-20h,OUI,Samedi,2020-03-28 18:00
20778,177,False,False,False,False,False,False,False,False,False,False,False,False,False,False,Samedi-18-20h,NON,Samedi,2020-03-28 18:00
20779,7,False,False,False,False,False,False,False,False,False,False,False,False,False,False,Samedi-18-20h,NON,Samedi,2020-03-28 18:00
20780,241,False,False,True,False,False,False,False,False,False,False,False,False,False,False,Samedi-18-20h,NON,Samedi,2020-03-28 18:00
20781,8,True,False,False,False,True,True,False,True,False,False,False,False,False,False,Samedi-18-20h,OUI,Samedi,2020-03-28 18:00
20782,268,False,True,False,False,False,True,False,False,False,False,False,False,False,False,Samedi-18-20h,OUI,Samedi,2020-03-28 18:00
20783,294,False,False,True,False,True,False,False,False,False,False,False,False,False,False,Samedi-18-20h,OUI,Samedi,2020-03-28 18:00
20784,242,True,False,False,False,True,True,False,False,False,False,False,False,False,False,Samedi-18-20h,NON,Samedi,2020-03-28 18:00
20785,194,False,False,False,False,False,True,False,False,False,False,False,False,False,False,Samedi-18-20h,NON,Samedi,2020-03-28 18:00
20786,243,False,False,False,False,True,True,False,False,False,False,False,False,False,False,Samedi-18-20h,OUI,Samedi,2020-03-28 18:00
20787,212,True,True,True,False,False,True,False,False,False,False,False,False,False,False,Samedi-18-20h,OUI,Samedi,2020-03-28 18:00
20788,19,False,False,False,False,False,True,False,False,False,False,False,False,False,False,Samedi-18-20h,OUI,Samedi,2020-03-28 18:00
20789,114,False,False,False,False,True,False,False,False,False,False,False,False,False,False,Samedi-18-20h,OUI,Samedi,2020-03-28 18:00
20790,190,False,False,False,False,False,True,False,False,True,False,False,False,False,False,Samedi-18-20h,NON,Samedi,2020-03-28 18:00
20791,64,False,False,True,False,False,False,False,False,False,False,False,False,False,False,Samedi-18-20h,OUI,Samedi,2020-03-28 18:00
20792,227,False,False,False,False,False,False,False,False,False,False,False,False,False,False,Samedi-18-20h,NON,Samedi,2020-03-28 18:00
20793,232,False,False,False,False,False,True,False,False,False,False,False,False,False,False,Samedi-18-20h,OUI,Samedi,2020-03-28 18:00
20794,246,False,True,False,False,False,True,True,False,False,False,False,False,False,False,Samedi-18-20h,OUI,Samedi,2020-03-28 18:00
20795,100,False,False,False,False,False,True,False,False,False,False,False,False,False,False,Samedi-18-20h,OUI,Samedi,2020-03-28 18:00
20796,13,False,False,False,False,True,False,False,False,False,False,False,False,False,False,Samedi-18-20h,OUI,Samedi,2020-03-28 18:00
20797,262,True,True,True,False,False,False,False,False,False,False,False,False,False,False,Samedi-18-20h,OUI,Samedi,2020-03-28 18:00
20798,76,True,True,True,False,False,True,False,False,False,False,True,False,False,False,Samedi-18-20h,OUI,Samedi,2020-03-28 18:00
20799,261,False,True,False,False,True,False,False,False,False,False,False,False,False,False,Samedi-18-20h,NON,Samedi,2020-03-28 18:00
20800,150,False,True,False,False,False,False,False,False,False,False,False,False,False,False,Samedi-18-20h,OUI,Samedi,2020-03-28 18:00
20801,205,False,False,False,False,False,False,False,False,False,False,False,False,False,False,Samedi-18-20h,NON,Samedi,2020-03-28 18:00
20802,56,False,False,False,False,True,True,False,False,False,False,False,False,False,False,Samedi-18-20h,OUI,Samedi,2020-03-28 18:00
20803,186,False,False,False,False,True,False,False,False,False,False,False,False,False,False,Samedi-18-20h,OUI,Samedi,2020-03-28 18:00
20804,162,True,False,False,False,True,True,False,False,False,False,False,False,False,False,Samedi-18-20h,OUI,Samedi,2020-03-28 18:00
20805,68,False,True,False,False,True,True,False,False,False,False,False,False,False,False,Samedi-18-20h,OUI,Samedi,2020-03-28 18:00
20806,146,False,False,False,False,False,True,False,False,False,False,False,True,False,False,Samedi-18-20h,OUI,Samedi,2020-03-28 18:00
20807,49,False,False,False,False,False,False,False,False,False,False,False,False,True,False,Samedi-18-20h,OUI,Samedi,2020-03-28 18:00
20808,91,True,False,True,True,False,False,False,False,False,False,False,False,False,False,Samedi-18-20h,OUI,Samedi,2020-03-28 18:00
20809,22,False,False,False,False,False,False,False,False,False,True,False,False,False,False,Samedi-18-20h,NON,Samedi,2020-03-28 18:00
20810,151,False,False,False,False,True,False,False,False,False,False,False,False,False,False,Samedi-18-20h,OUI,Samedi,2020-03-28 18:00
20811,193,False,False,False,False,True,True,False,False,False,False,False,False,False,False,Samedi-18-20h,OUI,Samedi,2020-03-28 18:00
20812,9,True,True,False,False,False,False,False,False,False,False,False,False,False,False,Samedi-18-20h,OUI,Samedi,2020-03-28 18:00
20813,99,True,False,True,False,False,False,False,False,False,False,False,False,False,False,Samedi-18-20h,NON,Samedi,2020-03-28 18:00
20814,181,False,False,False,False,True,True,False,False,False,False,False,False,False,False,Samedi-18-20h,OUI,Samedi,2020-03-28 18:00
20815,111,False,False,False,False,False,True,False,True,False,False,False,False,False,False,Samedi-18-20h,OUI,Samedi,2020-03-28 18:00
20816,44,False,True,False,False,False,True,False,False,False,False,False,False,False,False,Samedi-18-20h,NON,Samedi,2020-03-28 18:00
20817,24,False,False,False,False,True,False,False,True,False,False,False,False,False,False,Samedi-18-20h,OUI,Samedi,2020-03-28 18:00
20818,102,False,False,False,False,True,True,False,True,False,False,False,False,False,False,Samedi-18-20h,OUI,Samedi,2020-03-28 18:00
20819,203,True,True,False,False,False,False,False,True,False,False,False,False,False,False,Samedi-18-20h,OUI,Samedi,2020-03-28 18:00
20820,140,False,False,False,False,True,True,False,True,False,False,False,False,False,False,Samedi-18-20h,NON,Samedi,2020-03-28 18:00
20821,188,False,False,False,False,False,True,False,False,True,False,False,False,False,False,Samedi-18-20h,NON,Samedi,2020-03-28 18:00
20822,206,False,False,False,True,False,False,False,False,False,False,True,False,False,False,Samedi-18-20h,NON,Samedi,2020-03-28 18:00
20823,273,False,False,False,False,False,False,False,False,False,False,False,True,False,False,Samedi-18-20h,OUI,Samedi,2020-03-28 18:00
20824,69,True,False,True,False,False,False,False,False,False,False,False,False,False,False,Samedi-18-20h,OUI,Samedi,2020-03-28 18:00
20825,87,True,False,False,True,False,False,False,False,False,False,True,False,False,False,Samedi-18-20h,OUI,Samedi,2020-03-28 18:00
20826,83,True,False,True,False,False,False,False,False,False,False,False,False,False,False,Samedi-18-20h,OUI,Samedi,2020-03-28 18:00
20827,149,True,False,True,True,False,False,False,False,False,False,False,False,False,False,Samedi-18-20h,OUI,Samedi,2020-03-28 18:00
20828,274,False,False,False,False,False,True,False,False,False,False,False,False,False,False,Samedi-18-20h,OUI,Samedi,2020-03-28 18:00
20829,282,True,False,True,True,False,False,False,False,False,False,False,False,False,False,Samedi-18-20h,OUI,Samedi,2020-03-28 18:00
20830,147,False,False,False,False,False,False,False,False,False,False,False,False,False,False,Samedi-18-20h,NON,Samedi,2020-03-28 18:00
20831,238,False,False,False,False,False,False,False,False,False,False,False,True,False,False,Samedi-18-20h,OUI,Samedi,2020-03-28 18:00
20832,201,False,False,False,False,False,False,False,False,False,False,False,False,False,False,Samedi-18-20h,NON,Samedi,2020-03-28 18:00
20833,152,False,True,False,False,False,False,False,False,False,False,False,False,False,False,Samedi-18-20h,OUI,Samedi,2020-03-28 18:00
20834,222,False,False,False,False,False,True,False,False,True,True,False,False,False,False,Samedi-18-20h,OUI,Samedi,2020-03-28 18:00
20835,106,False,False,False,False,False,True,False,False,False,False,False,True,False,False,Samedi-18-20h,OUI,Samedi,2020-03-28 18:00
20836,133,False,False,True,False,True,False,False,False,False,False,False,False,False,False,Samedi-18-20h,OUI,Samedi,2020-03-28 18:00
20837,163,False,False,False,False,True,False,False,False,False,False,False,False,False,False,Samedi-18-20h,NON,Samedi,2020-03-28 18:00
20838,231,False,False,False,False,False,False,False,False,False,False,False,False,False,False,Samedi-18-20h,NON,Samedi,2020-03-28 18:00
20839,25,False,False,False,False,True,False,False,False,False,False,False,False,False,False,Samedi-18-20h,NON,Samedi,2020-03-28 18:00
20840,196,False,False,True,False,True,False,False,True,False,False,False,False,False,False,Samedi-18-20h,OUI,Samedi,2020-03-28 18:00
20841,5,False,False,False,False,True,True,False,False,False,False,False,False,False,False,Samedi-18-20h,OUI,Samedi,2020-03-28 18:00
20842,90,False,True,False,False,False,False,False,False,False,False,False,False,False,False,Samedi-18-20h,OUI,Samedi,2020-03-28 18:00
20843,244,True,False,True,False,False,False,False,False,False,False,False,False,False,False,Samedi-18-20h,NON,Samedi,2020-03-28 18:00
20844,107,False,True,False,False,False,True,False,False,False,False,False,False,False,False,Samedi-18-20h,OUI,Samedi,2020-03-28 18:00
20845,218,False,True,False,False,True,True,False,False,False,False,False,False,False,False,Samedi-18-20h,OUI,Samedi,2020-03-28 18:00
20846,62,False,True,True,False,True,True,False,False,False,False,False,False,False,False,Samedi-18-20h,OUI,Samedi,2020-03-28 18:00
20847,79,False,True,False,False,False,False,False,False,False,False,False,False,False,False,Samedi-18-20h,OUI,Samedi,2020-03-28 18:00
20848,208,False,False,False,False,False,True,False,False,False,False,False,False,False,False,Samedi-18-20h,OUI,Samedi,2020-03-28 18:00
20849,270,False,False,False,False,False,False,False,False,True,False,False,False,False,False,Samedi-18-20h,OUI,Samedi,2020-03-28 18:00
20850,166,True,False,False,False,True,True,False,False,False,False,False,False,False,False,Samedi-18-20h,OUI,Samedi,2020-03-28 18:00
20851,77,False,False,True,False,True,False,False,False,False,False,False,False,False,False,Samedi-18-20h,OUI,Samedi,2020-03-28 18:00
20852,29,False,False,False,False,False,True,False,False,False,False,False,True,False,False,Samedi-18-20h,OUI,Samedi,2020-03-28 18:00
20853,240,False,False,False,False,False,True,False,False,False,False,False,False,False,False,Samedi-18-20h,OUI,Samedi,2020-03-28 18:00
20854,184,False,True,False,False,False,False,False,False,False,False,False,False,False,False,Samedi-18-20h,OUI,Samedi,2020-03-28 18:00
20855,277,False,True,True,False,False,True,False,False,False,False,False,False,False,False,Samedi-18-20h,NON,Samedi,2020-03-28 18:00
20856,80,True,False,False,False,False,True,False,False,False,True,False,False,False,False,Samedi-18-20h,OUI,Samedi,2020-03-28 18:00
20857,185,True,True,True,False,False,True,False,False,False,False,True,False,True,False,Samedi-18-20h,NON,Samedi,2020-03-28 18:00
20858,204,False,False,False,False,True,True,False,False,False,False,False,True,False,False,Samedi-18-20h,OUI,Samedi,2020-03-28 18:00
20859,252,True,True,True,False,False,True,False,False,False,False,False,False,False,False,Samedi-18-20h,OUI,Samedi,2020-03-28 18:00
20860,26,False,False,False,False,True,False,False,False,False,False,False,False,False,False,Samedi-18-20h,OUI,Samedi,2020-03-28 18:00
20861,70,False,False,False,False,True,False,False,False,False,False,False,True,False,False,Samedi-18-20h,NON,Samedi,2020-03-28 18:00
20862,233,False,False,False,False,True,False,False,False,False,False,False,False,False,False,Samedi-18-20h,OUI,Samedi,2020-03-28 18:00
20863,37,True,True,True,False,True,True,False,False,False,False,False,False,False,False,Samedi-18-20h,OUI,Samedi,2020-03-28 18:00
20864,185,False,False,True,False,False,False,False,False,False,False,False,False,False,False,Samedi-18-20h,OUI,Samedi,2020-03-28 18:00
20865,138,True,False,False,False,True,True,False,False,False,False,False,False,False,False,Samedi-18-20h,OUI,Samedi,2020-03-28 18:00
20866,224,True,False,True,False,False,False,False,False,False,False,False,False,False,False,Samedi-18-20h,OUI,Samedi,2020-03-28 18:00
20867,66,False,False,False,False,True,True,False,False,False,False,False,False,True,False,Samedi-18-20h,OUI,Samedi,2020-03-28 18:00
20868,211,False,False,True,False,False,False,False,False,False,False,False,False,True,False,Samedi-18-20h,OUI,Samedi,2020-03-28 18:00
20869,14,False,False,False,False,True,True,False,False,False,False,False,False,False,False,Samedi-18-20h,NON,Samedi,2020-03-28 18:00
20870,145,False,False,False,False,True,False,False,False,False,False,False,False,False,False,Samedi-18-20h,NON,Samedi,2020-03-28 18:00
20871,36,False,False,False,False,False,False,False,False,False,False,False,True,False,False,Samedi-18-20h,OUI,Samedi,2020-03-28 18:00
20872,60,True,True,True,False,False,True,False,False,False,False,False,False,False,False,Samedi-18-20h,NON,Samedi,2020-03-28 18:00
20873,137,True,True,True,False,False,True,False,False,False,False,True,False,False,False,Samedi-18-20h,OUI,Samedi,2020-03-28 18:00
20874,285,False,True,False,False,True,True,False,False,False,False,False,False,False,False,Samedi-18-20h,OUI,Samedi,2020-03-28 18:00
20875,40,False,True,True,False,True,True,False,False,False,False,False,False,False,False,Samedi-18-20h,OUI,Samedi,2020-03-28 18:00
20876,97,False,False,False,False,False,True,False,False,False,False,False,False,False,False,Samedi-18-20h,NON,Samedi,2020-03-28 18:00
20877,109,True,False,True,True,False,False,False,False,False,False,False,False,False,False,Samedi-18-20h,OUI,Samedi,2020-03-28 18:00
20878,10,False,False,False,False,False,False,False,False,False,False,False,False,False,False,Samedi-18-20h,NON,Samedi,2020-03-28 18:00
20879,256,False,False,False,False,False,False,False,False,False,False,False,True,False,False,Samedi-18-20h,NON,Samedi,2020-03-28 18:00
20880,141,True,True,True,False,False,False,False,False,False,False,True,False,False,False,Samedi-18-20h,NON,Samedi,2020-03-28 18:00
20881,28,False,False,False,False,False,False,False,False,False,False,False,False,False,False,Samedi-18-20h,NON,Samedi,2020-03-28 18:00
20882,101,True,True,True,True,True,True,False,False,False,False,False,False,False,False,Samedi-18-20h,OUI,Samedi,2020-03-28 18:00
20883,48,True,False,True,False,True,False,False,False,False,False,False,False,True,False,Samedi-18-20h,OUI,Samedi,2020-03-28 18:00
20884,27,False,False,False,False,False,True,False,False,False,False,False,False,False,False,Samedi-18-20h,OUI,Samedi,2020-03-28 18:00
20885,142,True,False,True,False,False,False,False,False,False,False,True,False,True,False,Samedi-18-20h,NON,Samedi,2020-03-28 18:00
20886,234,False,False,True,False,False,False,False,False,False,False,True,False,False,False,Samedi-18-20h,OUI,Samedi,2020-03-28 18:00
20887,23,False,False,False,False,True,False,False,False,False,False,False,False,False,False,Samedi-18-20h,NON,Samedi,2020-03-28 18:00
20888,195,False,False,False,False,True,False,False,False,True,False,False,False,False,False,Samedi-18-20h,OUI,Samedi,2020-03-28 18:00
20889,275,False,False,False,False,False,False,False,False,False,False,False,True,False,False,Samedi-18-20h,NON,Samedi,2020-03-28 18:00
20890,226,False,False,False,False,True,True,False,False,False,False,False,False,False,False,Samedi-18-20h,OUI,Samedi,2020-03-28 18:00
20891,207,False,False,True,False,False,False,False,False,False,False,False,False,False,False,Samedi-18-20h,OUI,Samedi,2020-03-28 18:00
20892,57,False,False,False,False,False,False,False,False,False,False,False,False,False,False,Samedi-18-20h,NON,Samedi,2020-03-28 18:00
20893,4,False,True,False,False,False,True,False,False,False,False,False,False,False,False,Samedi-18-20h,NON,Samedi,2020-03-28 18:00
20894,265,False,False,False,False,False,True,False,False,False,False,False,False,False,False,Samedi-18-20h,NON,Samedi,2020-03-28 18:00
20895,88,False,True,False,False,False,False,False,False,False,False,False,False,False,False,Samedi-18-20h,OUI,Samedi,2020-03-28 18:00
20896,198,False,False,False,False,False,False,False,False,False,False,True,False,False,False,Samedi-18-20h,OUI,Samedi,2020-03-28 18:00
20897,249,True,True,True,False,False,False,False,False,False,False,False,False,False,False,Samedi-18-20h,NON,Samedi,2020-03-28 18:00
20898,263,False,False,False,False,True,True,False,False,False,False,False,False,False,False,Samedi-18-20h,OUI,Samedi,2020-03-28 18:00
20899,217,True,False,True,False,False,False,False,False,False,False,False,False,True,False,Samedi-18-20h,OUI,Samedi,2020-03-28 18:00
20900,278,False,False,False,False,True,True,False,False,False,False,False,False,False,False,Samedi-18-20h,NON,Samedi,2020-03-28 18:00
20901,189,False,True,False,False,False,False,False,False,False,False,False,False,False,False,Samedi-18-20h,NON,Samedi,2020-03-28 18:00
20902,61,True,False,True,False,False,False,False,False,False,False,False,False,False,False,Samedi-18-20h,OUI,Samedi,2020-03-28 18:00
20903,251,False,False,False,False,False,False,False,False,False,False,False,False,True,False,Samedi-18-20h,OUI,Samedi,2020-03-28 18:00
20904,281,False,True,False,False,False,False,False,False,False,False,False,False,False,False,Samedi-18-20h,OUI,Samedi,2020-03-28 18:00
20905,134,False,True,False,False,False,False,False,False,False,False,False,False,False,False,Samedi-18-20h,OUI,Samedi,2020-03-28 18:00
20906,293,False,True,False,False,False,True,False,False,False,False,False,False,False,False,Samedi-18-20h,NON,Samedi,2020-03-28 18:00
20907,279,True,True,True,True,False,True,False,False,False,False,False,False,False,False,Samedi-18-20h,NON,Samedi,2020-03-28 18:00
20908,81,True,False,True,True,False,False,False,True,False,False,False,False,False,False,Samedi-18-20h,OUI,Samedi,2020-03-28 18:00
20909,92,True,False,False,True,False,False,False,False,False,False,True,False,False,False,Samedi-18-20h,OUI,Samedi,2020-03-28 18:00
20910,147,False,False,False,False,False,False,False,False,False,False,False,False,False,False,Samedi-18-20h,NON,Samedi,2020-03-28 18:00
20911,33,False,True,False,False,True,False,False,False,False,False,False,False,False,False,Samedi-18-20h,OUI,Samedi,2020-03-28 18:00
20912,266,False,False,False,False,False,False,False,False,False,False,False,False,False,False,Samedi-18-20h,NON,Samedi,2020-03-28 18:00
20913,225,True,False,False,False,False,True,False,False,False,False,False,False,False,False,Samedi-18-20h,OUI,Samedi,2020-03-28 18:00
20914,83,True,False,True,False,False,False,False,False,False,False,False,False,False,False,Samedi-18-20h,OUI,Samedi,2020-03-28 18:00
20915,95,False,False,False,False,True,True,False,True,False,False,False,False,False,False,Samedi-18-20h,OUI,Samedi,2020-03-28 18:00
20916,127,False,False,False,False,True,False,False,False,False,False,False,False,False,False,Samedi-18-20h,NON,Samedi,2020-03-28 18:00
20917,20,False,False,False,False,False,False,False,False,False,False,False,False,False,False,Samedi-18-20h,NON,Samedi,2020-03-28 18:00
20918,89,False,False,False,False,False,False,False,False,True,False,False,False,False,False,Samedi-18-20h,OUI,Samedi,2020-03-28 18:00
20919,120,False,True,True,False,True,True,False,True,False,False,True,False,False,False,Samedi-18-20h,OUI,Samedi,2020-03-28 18:00
20920,253,False,False,False,False,True,True,False,False,False,False,False,True,False,False,Samedi-18-20h,OUI,Samedi,2020-03-28 18:00
20921,52,False,False,True,False,False,False,False,False,False,False,False,False,False,False,Samedi-18-20h,OUI,Samedi,2020-03-28 18:00
20922,168,True,False,True,False,False,False,False,True,False,False,False,False,False,False,Samedi-18-20h,OUI,Samedi,2020-03-28 18:00
20923,202,False,True,False,False,False,False,False,False,False,False,False,False,False,False,Samedi-18-20h,OUI,Samedi,2020-03-28 18:00
20924,172,False,False,False,False,True,False,False,False,False,False,False,False,False,False,Samedi-18-20h,OUI,Samedi,2020-03-28 18:00
20925,239,False,False,False,False,True,True,False,False,False,False,False,False,False,False,Samedi-18-20h,OUI,Samedi,2020-03-28 18:00
20926,85,False,False,False,False,True,False,False,False,False,False,False,False,False,False,Samedi-18-20h,OUI,Samedi,2020-03-28 18:00
20927,215,False,False,False,False,False,False,False,False,True,False,False,False,False,False,Samedi-18-20h,OUI,Samedi,2020-03-28 18:00
20928,260,True,False,True,False,False,False,False,False,False,False,False,False,False,False,Samedi-18-20h,OUI,Samedi,2020-03-28 18:00
20929,286,True,True,False,False,True,False,False,False,False,False,False,False,False,False,Samedi-18-20h,OUI,Samedi,2020-03-28 18:00
20930,72,False,True,False,False,False,False,False,False,False,False,False,False,False,False,Samedi-20-22h,OUI,Samedi,2020-03-28 20:00
20931,167,True,True,True,True,True,True,False,False,False,False,False,False,False,False,Samedi-20-22h,OUI,Samedi,2020-03-28 20:00
20932,130,True,False,True,False,False,False,False,True,False,False,False,False,True,True,Samedi-20-22h,NON,Samedi,2020-03-28 20:00
20933,288,True,True,True,False,True,False,False,False,False,False,False,False,False,False,Samedi-20-22h,OUI,Samedi,2020-03-28 20:00
20934,59,False,False,False,False,False,True,False,False,False,False,False,False,False,False,Samedi-20-22h,NON,Samedi,2020-03-28 20:00
20935,178,True,False,False,False,False,False,False,False,False,False,True,False,False,False,Samedi-20-22h,OUI,Samedi,2020-03-28 20:00
20936,254,False,False,False,False,False,False,False,False,False,False,False,True,False,False,Samedi-20-22h,NON,Samedi,2020-03-28 20:00
20937,34,False,False,False,False,False,False,False,False,False,False,False,False,False,False,Samedi-20-22h,NON,Samedi,2020-03-28 20:00
20938,264,False,False,False,False,True,True,True,False,False,False,False,False,False,False,Samedi-20-22h,OUI,Samedi,2020-03-28 20:00
20939,158,True,False,False,False,True,False,False,False,False,True,False,False,False,False,Samedi-20-22h,OUI,Samedi,2020-03-28 20:00
20940,210,False,True,False,False,True,True,False,False,False,False,False,False,False,False,Samedi-20-22h,OUI,Samedi,2020-03-28 20:00
20941,93,False,False,False,False,True,False,False,False,False,False,False,False,True,False,Samedi-20-22h,OUI,Samedi,2020-03-28 20:00
20942,144,True,False,True,False,True,False,False,False,False,False,False,False,False,False,Samedi-20-22h,OUI,Samedi,2020-03-28 20:00
20943,164,False,True,False,False,True,True,False,False,False,False,False,False,False,False,Samedi-20-22h,OUI,Samedi,2020-03-28 20:00
20944,289,False,False,False,False,True,True,False,False,False,False,False,False,False,False,Samedi-20-22h,OUI,Samedi,2020-03-28 20:00
20945,50,False,False,False,False,False,False,False,False,False,False,False,False,False,False,Samedi-20-22h,NON,Samedi,2020-03-28 20:00
20946,51,True,True,False,False,True,False,False,False,False,False,False,False,False,False,Samedi-20-22h,OUI,Samedi,2020-03-28 20:00
20947,247,False,False,True,False,False,False,False,False,False,False,False,False,False,False,Samedi-20-22h,OUI,Samedi,2020-03-28 20:00
20948,159,False,False,False,False,False,False,False,True,False,False,False,False,False,False,Samedi-20-22h,OUI,Samedi,2020-03-28 20:00
20949,54,False,False,False,False,False,True,False,False,False,False,False,False,False,False,Samedi-20-22h,NON,Samedi,2020-03-28 20:00
20950,55,True,False,False,False,True,True,False,True,False,False,False,False,False,False,Samedi-20-22h,OUI,Samedi,2020-03-28 20:00
20951,257,False,False,False,False,True,False,False,False,False,False,False,False,False,False,Samedi-20-22h,OUI,Samedi,2020-03-28 20:00
20952,67,False,False,False,False,False,False,False,False,False,False,False,False,False,False,Samedi-20-22h,NON,Samedi,2020-03-28 20:00
20953,71,True,False,True,False,False,False,False,False,False,False,False,False,False,False,Samedi-20-22h,NON,Samedi,2020-03-28 20:00
20954,280,False,False,False,False,False,True,False,False,False,False,False,False,False,False,Samedi-20-22h,OUI,Samedi,2020-03-28 20:00
20955,283,True,True,False,False,False,False,False,False,False,False,False,False,False,False,Samedi-20-22h,OUI,Samedi,2020-03-28 20:00
20956,154,False,False,False,False,True,True,False,False,False,False,False,True,False,False,Samedi-20-22h,NON,Samedi,2020-03-28 20:00
20957,171,False,False,False,False,False,False,False,False,False,False,False,True,False,False,Samedi-20-22h,OUI,Samedi,2020-03-28 20:00
20958,131,False,False,True,False,False,False,False,False,False,False,False,False,False,False,Samedi-20-22h,NON,Samedi,2020-03-28 20:00
20959,237,True,False,False,False,False,True,True,False,False,False,False,False,True,False,Samedi-20-22h,OUI,Samedi,2020-03-28 20:00
20960,75,False,False,False,False,True,True,False,False,False,False,False,False,False,False,Samedi-20-22h,NON,Samedi,2020-03-28 20:00
20961,235,True,False,False,False,True,False,False,False,False,False,False,False,False,False,Samedi-20-22h,OUI,Samedi,2020-03-28 20:00
20962,180,False,False,False,False,True,True,False,False,False,False,False,False,False,False,Samedi-20-22h,OUI,Samedi,2020-03-28 20:00
20963,219,False,False,False,False,False,True,False,False,False,False,False,False,False,False,Samedi-20-22h,NON,Samedi,2020-03-28 20:00
20964,250,False,False,False,False,False,False,False,False,True,False,False,False,False,False,Samedi-20-22h,NON,Samedi,2020-03-28 20:00
20965,267,True,True,False,False,False,False,False,False,False,False,False,False,False,False,Samedi-20-22h,OUI,Samedi,2020-03-28 20:00
20966,160,False,True,False,False,False,True,False,False,False,False,False,False,False,False,Samedi-20-22h,OUI,Samedi,2020-03-28 20:00
20967,182,False,True,False,False,True,True,True,False,False,False,False,False,False,False,Samedi-20-22h,OUI,Samedi,2020-03-28 20:00
20968,143,False,False,False,False,False,False,False,True,False,False,True,False,False,False,Samedi-20-22h,OUI,Samedi,2020-03-28 20:00
20969,223,True,True,False,False,False,False,False,False,False,False,False,False,False,False,Samedi-20-22h,OUI,Samedi,2020-03-28 20:00
20970,192,True,False,True,False,False,False,False,False,False,False,False,False,False,False,Samedi-20-22h,OUI,Samedi,2020-03-28 20:00
20971,30,False,False,True,False,False,False,False,True,False,False,False,False,False,False,Samedi-20-22h,OUI,Samedi,2020-03-28 20:00
20972,125,True,False,False,False,True,False,False,True,False,False,False,False,False,False,Samedi-20-22h,OUI,Samedi,2020-03-28 20:00
20973,39,False,False,True,False,True,False,False,True,False,False,False,False,False,False,Samedi-20-22h,OUI,Samedi,2020-03-28 20:00
20974,113,True,False,True,False,False,False,False,False,False,False,False,False,False,False,Samedi-20-22h,OUI,Samedi,2020-03-28 20:00
20975,121,True,False,True,False,False,False,False,True,False,False,False,False,False,False,Samedi-20-22h,NON,Samedi,2020-03-28 20:00
20976,228,False,False,False,False,False,False,False,False,False,False,True,False,False,False,Samedi-20-22h,OUI,Samedi,2020-03-28 20:00
20977,290,False,False,False,False,False,False,False,False,True,False,False,False,False,False,Samedi-20-22h,OUI,Samedi,2020-03-28 20:00
20978,197,False,False,True,False,True,False,False,False,False,False,False,False,False,False,Samedi-20-22h,NON,Samedi,2020-03-28 20:00
20979,31,True,True,True,False,False,True,False,False,False,False,False,False,False,False,Samedi-20-22h,OUI,Samedi,2020-03-28 20:00
20980,173,True,False,False,False,True,True,False,True,False,False,False,False,False,False,Samedi-20-22h,OUI,Samedi,2020-03-28 20:00
20981,74,True,False,False,True,False,False,False,True,False,False,True,False,False,False,Samedi-20-22h,OUI,Samedi,2020-03-28 20:00
20982,15,False,False,True,False,False,False,False,False,False,False,False,False,False,False,Samedi-20-22h,OUI,Samedi,2020-03-28 20:00
20983,45,True,False,False,False,True,True,False,True,False,False,False,False,False,False,Samedi-20-22h,OUI,Samedi,2020-03-28 20:00
20984,63,False,False,True,False,False,False,False,False,False,False,False,False,False,False,Samedi-20-22h,OUI,Samedi,2020-03-28 20:00
20985,3,False,False,False,False,False,True,False,False,False,False,False,True,False,False,Samedi-20-22h,OUI,Samedi,2020-03-28 20:00
20986,21,True,False,True,False,False,False,False,False,False,False,False,False,False,False,Samedi-20-22h,OUI,Samedi,2020-03-28 20:00
20987,78,False,True,True,False,True,True,False,True,False,False,False,False,False,False,Samedi-20-22h,OUI,Samedi,2020-03-28 20:00
20988,47,False,True,False,False,False,False,False,False,False,False,False,False,False,False,Samedi-20-22h,OUI,Samedi,2020-03-28 20:00
20989,151,True,True,False,False,True,False,False,True,False,False,False,False,False,False,Samedi-20-22h,OUI,Samedi,2020-03-28 20:00
20990,6,True,False,True,False,False,False,False,False,False,False,False,False,False,False,Samedi-20-22h,OUI,Samedi,2020-03-28 20:00
20991,135,True,False,True,False,False,False,False,False,False,False,False,False,True,False,Samedi-20-22h,OUI,Samedi,2020-03-28 20:00
20992,221,False,False,False,False,True,True,False,False,False,False,False,False,False,False,Samedi-20-22h,OUI,Samedi,2020-03-28 20:00
20993,170,False,False,True,False,False,False,False,False,False,False,True,False,False,True,Samedi-20-22h,OUI,Samedi,2020-03-28 20:00
20994,129,False,True,False,False,False,False,False,False,False,False,False,False,False,False,Samedi-20-22h,OUI,Samedi,2020-03-28 20:00
20995,132,True,True,True,False,False,True,False,False,False,False,False,False,False,False,Samedi-20-22h,OUI,Samedi,2020-03-28 20:00
20996,110,False,True,False,False,False,False,False,False,False,False,False,False,False,False,Samedi-20-22h,OUI,Samedi,2020-03-28 20:00
20997,191,False,False,False,False,False,True,False,False,False,False,False,False,False,False,Samedi-20-22h,OUI,Samedi,2020-03-28 20:00
20998,94,True,True,True,False,False,True,False,False,False,False,True,False,True,False,Samedi-20-22h,OUI,Samedi,2020-03-28 20:00
20999,108,False,False,False,False,False,True,True,False,False,False,False,False,False,False,Samedi-20-22h,OUI,Samedi,2020-03-28 20:00
21000,236,False,False,False,False,True,True,False,False,False,False,False,False,False,False,Samedi-20-22h,OUI,Samedi,2020-03-28 20:00
21001,42,True,False,True,False,True,False,False,False,False,False,False,False,False,False,Samedi-20-22h,OUI,Samedi,2020-03-28 20:00
21002,155,True,False,False,False,True,False,False,False,False,False,False,False,False,False,Samedi-20-22h,OUI,Samedi,2020-03-28 20:00
21003,1,False,False,False,False,False,False,False,False,False,False,False,False,False,False,Samedi-20-22h,NON,Samedi,2020-03-28 20:00
21004,58,False,True,True,False,False,True,False,False,False,False,True,False,False,False,Samedi-20-22h,OUI,Samedi,2020-03-28 20:00
21005,0,False,True,False,False,False,False,False,False,False,False,False,False,False,False,Samedi-20-22h,OUI,Samedi,2020-03-28 20:00
21006,269,False,False,False,False,False,False,False,False,False,False,False,False,False,False,Samedi-20-22h,NON,Samedi,2020-03-28 20:00
21007,2,True,False,True,False,False,False,False,False,False,False,False,False,False,False,Samedi-20-22h,OUI,Samedi,2020-03-28 20:00
21008,103,False,False,False,False,True,False,False,False,False,False,False,False,False,False,Samedi-20-22h,NON,Samedi,2020-03-28 20:00
21009,12,False,True,False,False,True,False,False,False,False,False,False,False,False,False,Samedi-20-22h,OUI,Samedi,2020-03-28 20:00
21010,245,True,False,False,False,True,True,False,True,False,False,False,False,False,False,Samedi-20-22h,NON,Samedi,2020-03-28 20:00
21011,161,False,False,True,False,False,False,False,False,False,False,True,False,False,False,Samedi-20-22h,OUI,Samedi,2020-03-28 20:00
21012,38,False,False,False,False,False,False,False,False,True,False,False,False,False,False,Samedi-20-22h,NON,Samedi,2020-03-28 20:00
21013,122,False,False,False,False,False,False,False,False,False,False,False,False,False,False,Samedi-20-22h,NON,Samedi,2020-03-28 20:00
21014,248,False,False,True,False,False,False,False,False,False,False,False,False,True,False,Samedi-20-22h,OUI,Samedi,2020-03-28 20:00
21015,271,False,True,True,False,False,True,False,False,False,False,False,False,False,False,Samedi-20-22h,OUI,Samedi,2020-03-28 20:00
21016,116,False,False,True,False,False,False,False,False,False,False,False,False,False,False,Samedi-20-22h,OUI,Samedi,2020-03-28 20:00
21017,117,True,True,True,True,False,True,False,False,False,False,False,False,False,False,Samedi-20-22h,NON,Samedi,2020-03-28 20:00
21018,213,False,False,False,False,True,True,False,True,False,False,False,False,False,False,Samedi-20-22h,OUI,Samedi,2020-03-28 20:00
21019,220,False,True,True,False,False,True,False,False,False,False,False,False,False,False,Samedi-20-22h,OUI,Samedi,2020-03-28 20:00
21020,176,False,False,True,False,False,False,False,False,False,False,False,False,False,False,Samedi-20-22h,OUI,Samedi,2020-03-28 20:00
21021,96,False,False,False,False,True,True,False,False,False,True,False,False,False,False,Samedi-20-22h,NON,Samedi,2020-03-28 20:00
21022,214,False,False,False,False,True,True,False,False,False,True,False,False,False,False,Samedi-20-22h,OUI,Samedi,2020-03-28 20:00
21023,11,True,False,False,True,False,False,False,False,False,False,True,False,False,False,Samedi-20-22h,OUI,Samedi,2020-03-28 20:00
21024,255,True,False,True,False,False,False,False,True,False,False,False,False,False,False,Samedi-20-22h,NON,Samedi,2020-03-28 20:00
21025,86,False,False,True,False,False,False,False,False,False,False,False,False,False,False,Samedi-20-22h,NON,Samedi,2020-03-28 20:00
21026,209,True,False,False,False,True,True,False,True,False,False,False,False,False,False,Samedi-20-22h,OUI,Samedi,2020-03-28 20:00
21027,291,False,False,False,False,False,True,False,False,True,False,False,False,False,False,Samedi-20-22h,OUI,Samedi,2020-03-28 20:00
21028,287,False,False,False,False,False,False,False,False,False,False,False,True,False,False,Samedi-20-22h,OUI,Samedi,2020-03-28 20:00
21029,104,False,False,False,False,True,True,False,False,False,False,False,False,False,False,Samedi-20-22h,NON,Samedi,2020-03-28 20:00
21030,18,False,False,False,False,True,False,False,False,False,False,False,False,False,False,Samedi-20-22h,OUI,Samedi,2020-03-28 20:00
21031,123,False,True,False,False,True,True,False,False,False,False,False,False,False,False,Samedi-20-22h,NON,Samedi,2020-03-28 20:00
21032,136,False,False,False,False,True,False,False,False,False,False,False,False,False,False,Samedi-20-22h,OUI,Samedi,2020-03-28 20:00
21033,276,True,False,True,False,False,False,False,False,False,False,False,False,False,False,Samedi-20-22h,OUI,Samedi,2020-03-28 20:00
21034,53,False,False,False,False,True,True,False,False,False,False,False,False,False,False,Samedi-20-22h,OUI,Samedi,2020-03-28 20:00
21035,179,True,False,True,False,False,False,False,False,False,False,False,False,False,False,Samedi-20-22h,OUI,Samedi,2020-03-28 20:00
21036,200,False,False,False,False,False,False,False,False,False,False,False,False,False,False,Samedi-20-22h,NON,Samedi,2020-03-28 20:00
21037,73,False,False,False,False,False,False,False,False,False,False,False,False,False,False,Samedi-20-22h,NON,Samedi,2020-03-28 20:00
21038,156,False,False,False,False,True,True,False,False,False,False,False,False,False,False,Samedi-20-22h,OUI,Samedi,2020-03-28 20:00
21039,128,True,True,True,False,False,True,False,False,False,False,False,False,False,False,Samedi-20-22h,OUI,Samedi,2020-03-28 20:00
21040,118,False,False,False,False,False,False,False,False,False,False,False,False,False,False,Samedi-20-22h,NON,Samedi,2020-03-28 20:00
21041,112,True,False,True,False,False,False,False,False,False,False,False,False,False,False,Samedi-20-22h,OUI,Samedi,2020-03-28 20:00
21042,35,False,False,False,False,True,True,False,False,False,False,False,False,False,False,Samedi-20-22h,OUI,Samedi,2020-03-28 20:00
21043,32,False,False,False,False,False,False,False,False,False,False,False,True,False,False,Samedi-20-22h,NON,Samedi,2020-03-28 20:00
21044,199,True,False,True,False,False,False,False,False,False,False,False,False,False,False,Samedi-20-22h,OUI,Samedi,2020-03-28 20:00
21045,153,True,False,False,False,True,True,False,False,False,False,False,False,False,False,Samedi-20-22h,NON,Samedi,2020-03-28 20:00
21046,82,False,False,True,False,False,False,False,False,False,False,False,False,False,False,Samedi-20-22h,OUI,Samedi,2020-03-28 20:00
21047,292,False,True,False,False,False,False,False,False,False,False,False,False,False,False,Samedi-20-22h,OUI,Samedi,2020-03-28 20:00
21048,169,False,False,False,True,False,False,False,False,False,False,False,False,False,False,Samedi-20-22h,NON,Samedi,2020-03-28 20:00
21049,16,False,False,False,False,True,True,False,False,False,False,False,False,False,False,Samedi-20-22h,OUI,Samedi,2020-03-28 20:00
21050,46,True,True,True,False,False,True,True,False,False,False,False,False,False,False,Samedi-20-22h,OUI,Samedi,2020-03-28 20:00
21051,216,False,True,False,False,False,True,False,False,False,False,False,False,False,False,Samedi-20-22h,OUI,Samedi,2020-03-28 20:00
21052,174,False,True,True,False,False,True,False,False,False,False,True,False,False,False,Samedi-20-22h,OUI,Samedi,2020-03-28 20:00
21053,43,False,False,False,False,True,False,False,False,False,False,False,False,False,False,Samedi-20-22h,NON,Samedi,2020-03-28 20:00
21054,165,False,False,False,False,True,True,False,False,False,False,False,False,False,False,Samedi-20-22h,OUI,Samedi,2020-03-28 20:00
21055,126,False,True,False,False,False,True,False,False,False,False,False,False,False,False,Samedi-20-22h,OUI,Samedi,2020-03-28 20:00
21056,41,False,False,False,False,False,True,False,False,True,False,False,False,False,False,Samedi-20-22h,NON,Samedi,2020-03-28 20:00
21057,157,False,False,True,False,False,False,False,False,False,False,False,False,False,False,Samedi-20-22h,OUI,Samedi,2020-03-28 20:00
21058,272,False,True,True,False,False,False,True,False,False,False,True,False,True,True,Samedi-20-22h,OUI,Samedi,2020-03-28 20:00
21059,115,True,False,True,False,False,False,False,False,False,False,False,False,False,False,Samedi-20-22h,OUI,Samedi,2020-03-28 20:00
21060,84,False,False,False,False,False,False,False,False,False,False,False,True,False,False,Samedi-20-22h,OUI,Samedi,2020-03-28 20:00
21061,183,True,True,True,True,False,False,False,False,False,False,False,False,False,False,Samedi-20-22h,NON,Samedi,2020-03-28 20:00
21062,65,True,True,False,False,False,True,False,False,False,False,False,False,False,False,Samedi-20-22h,OUI,Samedi,2020-03-28 20:00
21063,105,True,False,False,False,False,False,False,False,False,False,False,False,False,False,Samedi-20-22h,OUI,Samedi,2020-03-28 20:00
21064,187,True,False,False,False,False,True,False,False,False,False,False,False,False,False,Samedi-20-22h,OUI,Samedi,2020-03-28 20:00
21065,139,True,False,True,False,False,False,False,False,False,False,False,False,False,False,Samedi-20-22h,NON,Samedi,2020-03-28 20:00
21066,259,False,False,False,False,True,True,False,False,False,False,False,False,False,False,Samedi-20-22h,NON,Samedi,2020-03-28 20:00
21067,124,True,False,True,False,False,False,False,False,False,False,True,False,False,False,Samedi-20-22h,NON,Samedi,2020-03-28 20:00
21068,98,False,False,False,False,False,True,False,False,False,False,False,True,False,False,Samedi-20-22h,OUI,Samedi,2020-03-28 20:00
21069,284,False,True,True,False,False,True,False,False,False,False,False,False,True,False,Samedi-20-22h,OUI,Samedi,2020-03-28 20:00
21070,148,True,False,True,False,True,False,False,True,False,False,False,False,False,False,Samedi-20-22h,OUI,Samedi,2020-03-28 20:00
21071,258,True,False,True,False,False,False,False,False,False,False,False,False,False,False,Samedi-20-22h,OUI,Samedi,2020-03-28 20:00
21072,175,False,False,False,False,False,True,False,False,False,False,False,False,False,False,Samedi-20-22h,NON,Samedi,2020-03-28 20:00
21073,119,False,False,False,False,False,False,False,False,False,False,True,False,False,False,Samedi-20-22h,NON,Samedi,2020-03-28 20:00
21074,229,True,False,True,False,False,False,False,True,False,False,False,False,False,False,Samedi-20-22h,NON,Samedi,2020-03-28 20:00
21075,230,False,False,False,False,False,True,True,False,False,False,False,False,False,False,Samedi-20-22h,NON,Samedi,2020-03-28 20:00
21076,17,True,False,False,False,False,True,True,False,False,False,False,False,False,False,Samedi-20-22h,OUI,Samedi,2020-03-28 20:00
21077,177,False,False,False,False,False,False,False,False,False,False,False,False,False,False,Samedi-20-22h,NON,Samedi,2020-03-28 20:00
21078,7,False,False,False,False,False,False,False,False,False,False,False,False,False,False,Samedi-20-22h,NON,Samedi,2020-03-28 20:00
21079,241,False,False,True,False,False,False,False,False,False,False,False,False,False,False,Samedi-20-22h,NON,Samedi,2020-03-28 20:00
21080,8,True,False,False,False,True,True,False,True,False,False,False,False,False,False,Samedi-20-22h,OUI,Samedi,2020-03-28 20:00
21081,268,False,True,False,False,False,True,False,False,False,False,False,False,False,False,Samedi-20-22h,OUI,Samedi,2020-03-28 20:00
21082,294,False,False,True,False,True,False,False,False,False,False,False,False,False,False,Samedi-20-22h,OUI,Samedi,2020-03-28 20:00
21083,242,True,False,False,False,True,True,False,False,False,False,False,False,False,False,Samedi-20-22h,NON,Samedi,2020-03-28 20:00
21084,194,False,False,False,False,False,True,False,False,False,False,False,False,False,False,Samedi-20-22h,NON,Samedi,2020-03-28 20:00
21085,243,False,False,False,False,True,True,False,False,False,False,False,False,False,False,Samedi-20-22h,OUI,Samedi,2020-03-28 20:00
21086,212,True,True,True,False,False,True,False,False,False,False,False,False,False,False,Samedi-20-22h,OUI,Samedi,2020-03-28 20:00
21087,19,False,False,False,False,False,True,False,False,False,False,False,False,False,False,Samedi-20-22h,OUI,Samedi,2020-03-28 20:00
21088,114,False,False,False,False,True,False,False,False,False,False,False,False,False,False,Samedi-20-22h,OUI,Samedi,2020-03-28 20:00
21089,190,False,False,False,False,False,True,False,False,True,False,False,False,False,False,Samedi-20-22h,NON,Samedi,2020-03-28 20:00
21090,64,False,False,True,False,False,False,False,False,False,False,False,False,False,False,Samedi-20-22h,OUI,Samedi,2020-03-28 20:00
21091,227,False,False,False,False,False,False,False,False,False,False,False,False,False,False,Samedi-20-22h,NON,Samedi,2020-03-28 20:00
21092,232,False,False,False,False,False,True,False,False,False,False,False,False,False,False,Samedi-20-22h,OUI,Samedi,2020-03-28 20:00
21093,246,False,True,False,False,False,True,True,False,False,False,False,False,False,False,Samedi-20-22h,OUI,Samedi,2020-03-28 20:00
21094,100,False,False,False,False,False,True,False,False,False,False,False,False,False,False,Samedi-20-22h,OUI,Samedi,2020-03-28 20:00
21095,13,False,False,False,False,True,False,False,False,False,False,False,False,False,False,Samedi-20-22h,OUI,Samedi,2020-03-28 20:00
21096,262,True,True,True,False,False,False,False,False,False,False,False,False,False,False,Samedi-20-22h,OUI,Samedi,2020-03-28 20:00
21097,76,True,True,True,False,False,True,False,False,False,False,True,False,False,False,Samedi-20-22h,OUI,Samedi,2020-03-28 20:00
21098,261,False,True,False,False,True,False,False,False,False,False,False,False,False,False,Samedi-20-22h,NON,Samedi,2020-03-28 20:00
21099,150,False,True,False,False,False,False,False,False,False,False,False,False,False,False,Samedi-20-22h,OUI,Samedi,2020-03-28 20:00
21100,205,False,False,False,False,False,False,False,False,False,False,False,False,False,False,Samedi-20-22h,NON,Samedi,2020-03-28 20:00
21101,56,False,False,False,False,True,True,False,False,False,False,False,False,False,False,Samedi-20-22h,OUI,Samedi,2020-03-28 20:00
21102,186,False,False,False,False,True,False,False,False,False,False,False,False,False,False,Samedi-20-22h,OUI,Samedi,2020-03-28 20:00
21103,162,True,False,False,False,True,True,False,False,False,False,False,False,False,False,Samedi-20-22h,OUI,Samedi,2020-03-28 20:00
21104,68,False,True,False,False,True,True,False,False,False,False,False,False,False,False,Samedi-20-22h,OUI,Samedi,2020-03-28 20:00
21105,146,False,False,False,False,False,True,False,False,False,False,False,True,False,False,Samedi-20-22h,OUI,Samedi,2020-03-28 20:00
21106,49,False,False,False,False,False,False,False,False,False,False,False,False,True,False,Samedi-20-22h,OUI,Samedi,2020-03-28 20:00
21107,91,True,False,True,True,False,False,False,False,False,False,False,False,False,False,Samedi-20-22h,OUI,Samedi,2020-03-28 20:00
21108,22,False,False,False,False,False,False,False,False,False,True,False,False,False,False,Samedi-20-22h,NON,Samedi,2020-03-28 20:00
21109,151,False,False,False,False,True,False,False,False,False,False,False,False,False,False,Samedi-20-22h,OUI,Samedi,2020-03-28 20:00
21110,193,False,False,False,False,True,True,False,False,False,False,False,False,False,False,Samedi-20-22h,OUI,Samedi,2020-03-28 20:00
21111,9,True,True,False,False,False,False,False,False,False,False,False,False,False,False,Samedi-20-22h,OUI,Samedi,2020-03-28 20:00
21112,99,True,False,True,False,False,False,False,False,False,False,False,False,False,False,Samedi-20-22h,NON,Samedi,2020-03-28 20:00
21113,181,False,False,False,False,True,True,False,False,False,False,False,False,False,False,Samedi-20-22h,OUI,Samedi,2020-03-28 20:00
21114,111,False,False,False,False,False,True,False,True,False,False,False,False,False,False,Samedi-20-22h,OUI,Samedi,2020-03-28 20:00
21115,44,False,True,False,False,False,True,False,False,False,False,False,False,False,False,Samedi-20-22h,NON,Samedi,2020-03-28 20:00
21116,24,False,False,False,False,True,False,False,True,False,False,False,False,False,False,Samedi-20-22h,OUI,Samedi,2020-03-28 20:00
21117,102,False,False,False,False,True,True,False,True,False,False,False,False,False,False,Samedi-20-22h,OUI,Samedi,2020-03-28 20:00
21118,203,True,True,False,False,False,False,False,True,False,False,False,False,False,False,Samedi-20-22h,OUI,Samedi,2020-03-28 20:00
21119,140,False,False,False,False,True,True,False,True,False,False,False,False,False,False,Samedi-20-22h,NON,Samedi,2020-03-28 20:00
21120,188,False,False,False,False,False,True,False,False,True,False,False,False,False,False,Samedi-20-22h,NON,Samedi,2020-03-28 20:00
21121,206,False,False,False,True,False,False,False,False,False,False,True,False,False,False,Samedi-20-22h,NON,Samedi,2020-03-28 20:00
21122,273,False,False,False,False,False,False,False,False,False,False,False,True,False,False,Samedi-20-22h,OUI,Samedi,2020-03-28 20:00
21123,69,True,False,True,False,False,False,False,False,False,False,False,False,False,False,Samedi-20-22h,OUI,Samedi,2020-03-28 20:00
21124,87,True,False,False,True,False,False,False,False,False,False,True,False,False,False,Samedi-20-22h,OUI,Samedi,2020-03-28 20:00
21125,83,True,False,True,False,False,False,False,False,False,False,False,False,False,False,Samedi-20-22h,OUI,Samedi,2020-03-28 20:00
21126,149,True,False,True,True,False,False,False,False,False,False,False,False,False,False,Samedi-20-22h,OUI,Samedi,2020-03-28 20:00
21127,274,False,False,False,False,False,True,False,False,False,False,False,False,False,False,Samedi-20-22h,OUI,Samedi,2020-03-28 20:00
21128,282,True,False,True,True,False,False,False,False,False,False,False,False,False,False,Samedi-20-22h,OUI,Samedi,2020-03-28 20:00
21129,147,False,False,False,False,False,False,False,False,False,False,False,False,False,False,Samedi-20-22h,NON,Samedi,2020-03-28 20:00
21130,238,False,False,False,False,False,False,False,False,False,False,False,True,False,False,Samedi-20-22h,OUI,Samedi,2020-03-28 20:00
21131,201,False,False,False,False,False,False,False,False,False,False,False,False,False,False,Samedi-20-22h,NON,Samedi,2020-03-28 20:00
21132,152,False,True,False,False,False,False,False,False,False,False,False,False,False,False,Samedi-20-22h,OUI,Samedi,2020-03-28 20:00
21133,222,False,False,False,False,False,True,False,False,True,True,False,False,False,False,Samedi-20-22h,OUI,Samedi,2020-03-28 20:00
21134,106,False,False,False,False,False,True,False,False,False,False,False,True,False,False,Samedi-20-22h,OUI,Samedi,2020-03-28 20:00
21135,133,False,False,True,False,True,False,False,False,False,False,False,False,False,False,Samedi-20-22h,OUI,Samedi,2020-03-28 20:00
21136,163,False,False,False,False,True,False,False,False,False,False,False,False,False,False,Samedi-20-22h,NON,Samedi,2020-03-28 20:00
21137,231,False,False,False,False,False,False,False,False,False,False,False,False,False,False,Samedi-20-22h,NON,Samedi,2020-03-28 20:00
21138,25,False,False,False,False,True,False,False,False,False,False,False,False,False,False,Samedi-20-22h,NON,Samedi,2020-03-28 20:00
21139,196,False,False,True,False,True,False,False,True,False,False,False,False,False,False,Samedi-20-22h,OUI,Samedi,2020-03-28 20:00
21140,5,False,False,False,False,True,True,False,False,False,False,False,False,False,False,Samedi-20-22h,OUI,Samedi,2020-03-28 20:00
21141,90,False,True,False,False,False,False,False,False,False,False,False,False,False,False,Samedi-20-22h,OUI,Samedi,2020-03-28 20:00
21142,244,True,False,True,False,False,False,False,False,False,False,False,False,False,False,Samedi-20-22h,NON,Samedi,2020-03-28 20:00
21143,107,False,True,False,False,False,True,False,False,False,False,False,False,False,False,Samedi-20-22h,OUI,Samedi,2020-03-28 20:00
21144,218,False,True,False,False,True,True,False,False,False,False,False,False,False,False,Samedi-20-22h,OUI,Samedi,2020-03-28 20:00
21145,62,False,True,True,False,True,True,False,False,False,False,False,False,False,False,Samedi-20-22h,OUI,Samedi,2020-03-28 20:00
21146,79,False,True,False,False,False,False,False,False,False,False,False,False,False,False,Samedi-20-22h,OUI,Samedi,2020-03-28 20:00
21147,208,False,False,False,False,False,True,False,False,False,False,False,False,False,False,Samedi-20-22h,OUI,Samedi,2020-03-28 20:00
21148,270,False,False,False,False,False,False,False,False,True,False,False,False,False,False,Samedi-20-22h,OUI,Samedi,2020-03-28 20:00
21149,166,True,False,False,False,True,True,False,False,False,False,False,False,False,False,Samedi-20-22h,OUI,Samedi,2020-03-28 20:00
21150,77,False,False,True,False,True,False,False,False,False,False,False,False,False,False,Samedi-20-22h,OUI,Samedi,2020-03-28 20:00
21151,29,False,False,False,False,False,True,False,False,False,False,False,True,False,False,Samedi-20-22h,OUI,Samedi,2020-03-28 20:00
21152,240,False,False,False,False,False,True,False,False,False,False,False,False,False,False,Samedi-20-22h,OUI,Samedi,2020-03-28 20:00
21153,184,False,True,False,False,False,False,False,False,False,False,False,False,False,False,Samedi-20-22h,OUI,Samedi,2020-03-28 20:00
21154,277,False,True,True,False,False,True,False,False,False,False,False,False,False,False,Samedi-20-22h,OUI,Samedi,2020-03-28 20:00
21155,80,True,False,False,False,False,True,False,False,False,True,False,False,False,False,Samedi-20-22h,NON,Samedi,2020-03-28 20:00
21156,185,True,True,True,False,False,True,False,False,False,False,True,False,True,False,Samedi-20-22h,NON,Samedi,2020-03-28 20:00
21157,204,False,False,False,False,True,True,False,False,False,False,False,True,False,False,Samedi-20-22h,OUI,Samedi,2020-03-28 20:00
21158,252,True,True,True,False,False,True,False,False,False,False,False,False,False,False,Samedi-20-22h,OUI,Samedi,2020-03-28 20:00
21159,26,False,False,False,False,True,False,False,False,False,False,False,False,False,False,Samedi-20-22h,OUI,Samedi,2020-03-28 20:00
21160,70,False,False,False,False,True,False,False,False,False,False,False,True,False,False,Samedi-20-22h,NON,Samedi,2020-03-28 20:00
21161,233,False,False,False,False,True,False,False,False,False,False,False,False,False,False,Samedi-20-22h,OUI,Samedi,2020-03-28 20:00
21162,37,True,True,True,False,True,True,False,False,False,False,False,False,False,False,Samedi-20-22h,OUI,Samedi,2020-03-28 20:00
21163,185,False,False,True,False,False,False,False,False,False,False,False,False,False,False,Samedi-20-22h,OUI,Samedi,2020-03-28 20:00
21164,138,True,False,False,False,True,True,False,False,False,False,False,False,False,False,Samedi-20-22h,OUI,Samedi,2020-03-28 20:00
21165,224,True,False,True,False,False,False,False,False,False,False,False,False,False,False,Samedi-20-22h,OUI,Samedi,2020-03-28 20:00
21166,66,False,False,False,False,True,True,False,False,False,False,False,False,True,False,Samedi-20-22h,OUI,Samedi,2020-03-28 20:00
21167,211,False,False,True,False,False,False,False,False,False,False,False,False,True,False,Samedi-20-22h,OUI,Samedi,2020-03-28 20:00
21168,14,False,False,False,False,True,True,False,False,False,False,False,False,False,False,Samedi-20-22h,OUI,Samedi,2020-03-28 20:00
21169,145,False,False,False,False,True,False,False,False,False,False,False,False,False,False,Samedi-20-22h,NON,Samedi,2020-03-28 20:00
21170,36,False,False,False,False,False,False,False,False,False,False,False,True,False,False,Samedi-20-22h,NON,Samedi,2020-03-28 20:00
21171,60,True,True,True,False,False,True,False,False,False,False,False,False,False,False,Samedi-20-22h,NON,Samedi,2020-03-28 20:00
21172,137,True,True,True,False,False,True,False,False,False,False,True,False,False,False,Samedi-20-22h,OUI,Samedi,2020-03-28 20:00
21173,285,False,True,False,False,True,True,False,False,False,False,False,False,False,False,Samedi-20-22h,OUI,Samedi,2020-03-28 20:00
21174,40,False,True,True,False,True,True,False,False,False,False,False,False,False,False,Samedi-20-22h,OUI,Samedi,2020-03-28 20:00
21175,97,False,False,False,False,False,True,False,False,False,False,False,False,False,False,Samedi-20-22h,NON,Samedi,2020-03-28 20:00
21176,109,True,False,True,True,False,False,False,False,False,False,False,False,False,False,Samedi-20-22h,OUI,Samedi,2020-03-28 20:00
21177,10,False,False,False,False,False,False,False,False,False,False,False,False,False,False,Samedi-20-22h,NON,Samedi,2020-03-28 20:00
21178,256,False,False,False,False,False,False,False,False,False,False,False,True,False,False,Samedi-20-22h,NON,Samedi,2020-03-28 20:00
21179,141,True,True,True,False,False,False,False,False,False,False,True,False,False,False,Samedi-20-22h,NON,Samedi,2020-03-28 20:00
21180,28,False,False,False,False,False,False,False,False,False,False,False,False,False,False,Samedi-20-22h,NON,Samedi,2020-03-28 20:00
21181,101,True,True,True,True,True,True,False,False,False,False,False,False,False,False,Samedi-20-22h,OUI,Samedi,2020-03-28 20:00
21182,48,True,False,True,False,True,False,False,False,False,False,False,False,True,False,Samedi-20-22h,OUI,Samedi,2020-03-28 20:00
21183,27,False,False,False,False,False,True,False,False,False,False,False,False,False,False,Samedi-20-22h,OUI,Samedi,2020-03-28 20:00
21184,142,True,False,True,False,False,False,False,False,False,False,True,False,True,False,Samedi-20-22h,NON,Samedi,2020-03-28 20:00
21185,234,False,False,True,False,False,False,False,False,False,False,True,False,False,False,Samedi-20-22h,OUI,Samedi,2020-03-28 20:00
21186,23,False,False,False,False,True,False,False,False,False,False,False,False,False,False,Samedi-20-22h,NON,Samedi,2020-03-28 20:00
21187,195,False,False,False,False,True,False,False,False,True,False,False,False,False,False,Samedi-20-22h,OUI,Samedi,2020-03-28 20:00
21188,275,False,False,False,False,False,False,False,False,False,False,False,True,False,False,Samedi-20-22h,NON,Samedi,2020-03-28 20:00
21189,226,False,False,False,False,True,True,False,False,False,False,False,False,False,False,Samedi-20-22h,OUI,Samedi,2020-03-28 20:00
21190,207,False,False,True,False,False,False,False,False,False,False,False,False,False,False,Samedi-20-22h,OUI,Samedi,2020-03-28 20:00
21191,57,False,False,False,False,False,False,False,False,False,False,False,False,False,False,Samedi-20-22h,NON,Samedi,2020-03-28 20:00
21192,4,False,True,False,False,False,True,False,False,False,False,False,False,False,False,Samedi-20-22h,NON,Samedi,2020-03-28 20:00
21193,265,False,False,False,False,False,True,False,False,False,False,False,False,False,False,Samedi-20-22h,NON,Samedi,2020-03-28 20:00
21194,88,False,True,False,False,False,False,False,False,False,False,False,False,False,False,Samedi-20-22h,NON,Samedi,2020-03-28 20:00
21195,198,False,False,False,False,False,False,False,False,False,False,True,False,False,False,Samedi-20-22h,OUI,Samedi,2020-03-28 20:00
21196,249,True,True,True,False,False,False,False,False,False,False,False,False,False,False,Samedi-20-22h,NON,Samedi,2020-03-28 20:00
21197,263,False,False,False,False,True,True,False,False,False,False,False,False,False,False,Samedi-20-22h,OUI,Samedi,2020-03-28 20:00
21198,217,True,False,True,False,False,False,False,False,False,False,False,False,True,False,Samedi-20-22h,OUI,Samedi,2020-03-28 20:00
21199,278,False,False,False,False,True,True,False,False,False,False,False,False,False,False,Samedi-20-22h,NON,Samedi,2020-03-28 20:00
21200,189,False,True,False,False,False,False,False,False,False,False,False,False,False,False,Samedi-20-22h,NON,Samedi,2020-03-28 20:00
21201,61,True,False,True,False,False,False,False,False,False,False,False,False,False,False,Samedi-20-22h,OUI,Samedi,2020-03-28 20:00
21202,251,False,False,False,False,False,False,False,False,False,False,False,False,True,False,Samedi-20-22h,NON,Samedi,2020-03-28 20:00
21203,281,False,True,False,False,False,False,False,False,False,False,False,False,False,False,Samedi-20-22h,OUI,Samedi,2020-03-28 20:00
21204,134,False,True,False,False,False,False,False,False,False,False,False,False,False,False,Samedi-20-22h,OUI,Samedi,2020-03-28 20:00
21205,293,False,True,False,False,False,True,False,False,False,False,False,False,False,False,Samedi-20-22h,NON,Samedi,2020-03-28 20:00
21206,279,True,True,True,True,False,True,False,False,False,False,False,False,False,False,Samedi-20-22h,NON,Samedi,2020-03-28 20:00
21207,81,True,False,True,True,False,False,False,True,False,False,False,False,False,False,Samedi-20-22h,OUI,Samedi,2020-03-28 20:00
21208,92,True,False,False,True,False,False,False,False,False,False,True,False,False,False,Samedi-20-22h,OUI,Samedi,2020-03-28 20:00
21209,147,False,False,False,False,False,False,False,False,False,False,False,False,False,False,Samedi-20-22h,NON,Samedi,2020-03-28 20:00
21210,33,False,True,False,False,True,False,False,False,False,False,False,False,False,False,Samedi-20-22h,OUI,Samedi,2020-03-28 20:00
21211,266,False,False,False,False,False,False,False,False,False,False,False,False,False,False,Samedi-20-22h,NON,Samedi,2020-03-28 20:00
21212,225,True,False,False,False,False,True,False,False,False,False,False,False,False,False,Samedi-20-22h,OUI,Samedi,2020-03-28 20:00
21213,83,True,False,True,False,False,False,False,False,False,False,False,False,False,False,Samedi-20-22h,OUI,Samedi,2020-03-28 20:00
21214,95,False,False,False,False,True,True,False,True,False,False,False,False,False,False,Samedi-20-22h,OUI,Samedi,2020-03-28 20:00
21215,127,False,False,False,False,True,False,False,False,False,False,False,False,False,False,Samedi-20-22h,NON,Samedi,2020-03-28 20:00
21216,20,False,False,False,False,False,False,False,False,False,False,False,False,False,False,Samedi-20-22h,NON,Samedi,2020-03-28 20:00
21217,89,False,False,False,False,False,False,False,False,True,False,False,False,False,False,Samedi-20-22h,OUI,Samedi,2020-03-28 20:00
21218,120,False,True,True,False,True,True,False,True,False,False,True,False,False,False,Samedi-20-22h,OUI,Samedi,2020-03-28 20:00
21219,253,False,False,False,False,True,True,False,False,False,False,False,True,False,False,Samedi-20-22h,OUI,Samedi,2020-03-28 20:00
21220,52,False,False,True,False,False,False,False,False,False,False,False,False,False,False,Samedi-20-22h,OUI,Samedi,2020-03-28 20:00
21221,168,True,False,True,False,False,False,False,True,False,False,False,False,False,False,Samedi-20-22h,OUI,Samedi,2020-03-28 20:00
21222,202,False,True,False,False,False,False,False,False,False,False,False,False,False,False,Samedi-20-22h,OUI,Samedi,2020-03-28 20:00
21223,172,False,False,False,False,True,False,False,False,False,False,False,False,False,False,Samedi-20-22h,OUI,Samedi,2020-03-28 20:00
21224,239,False,False,False,False,True,True,False,False,False,False,False,False,False,False,Samedi-20-22h,NON,Samedi,2020-03-28 20:00
21225,85,False,False,False,False,True,False,False,False,False,False,False,False,False,False,Samedi-20-22h,OUI,Samedi,2020-03-28 20:00
21226,215,False,False,False,False,False,False,False,False,True,False,False,False,False,False,Samedi-20-22h,OUI,Samedi,2020-03-28 20:00
21227,260,True,False,True,False,False,False,False,False,False,False,False,False,False,False,Samedi-20-22h,OUI,Samedi,2020-03-28 20:00
21228,286,True,True,False,False,True,False,False,False,False,False,False,False,False,False,Samedi-20-22h,OUI,Samedi,2020-03-28 20:00
21229,72,False,True,False,False,False,False,False,False,False,False,False,False,False,False,Samedi-22-24h,OUI,Samedi,2020-03-28 22:00
21230,167,True,True,True,True,True,True,False,False,False,False,False,False,False,False,Samedi-22-24h,OUI,Samedi,2020-03-28 22:00
21231,130,True,False,True,False,False,False,False,True,False,False,False,False,True,True,Samedi-22-24h,NON,Samedi,2020-03-28 22:00
21232,288,True,True,True,False,True,False,False,False,False,False,False,False,False,False,Samedi-22-24h,OUI,Samedi,2020-03-28 22:00
21233,59,False,False,False,False,False,True,False,False,False,False,False,False,False,False,Samedi-22-24h,NON,Samedi,2020-03-28 22:00
21234,178,True,False,False,False,False,False,False,False,False,False,True,False,False,False,Samedi-22-24h,OUI,Samedi,2020-03-28 22:00
21235,254,False,False,False,False,False,False,False,False,False,False,False,True,False,False,Samedi-22-24h,NON,Samedi,2020-03-28 22:00
21236,34,False,False,False,False,False,False,False,False,False,False,False,False,False,False,Samedi-22-24h,NON,Samedi,2020-03-28 22:00
21237,264,False,False,False,False,True,True,True,False,False,False,False,False,False,False,Samedi-22-24h,OUI,Samedi,2020-03-28 22:00
21238,158,True,False,False,False,True,False,False,False,False,True,False,False,False,False,Samedi-22-24h,NON,Samedi,2020-03-28 22:00
21239,210,False,True,False,False,True,True,False,False,False,False,False,False,False,False,Samedi-22-24h,NON,Samedi,2020-03-28 22:00
21240,93,False,False,False,False,True,False,False,False,False,False,False,False,True,False,Samedi-22-24h,OUI,Samedi,2020-03-28 22:00
21241,144,True,False,True,False,True,False,False,False,False,False,False,False,False,False,Samedi-22-24h,OUI,Samedi,2020-03-28 22:00
21242,164,False,True,False,False,True,True,False,False,False,False,False,False,False,False,Samedi-22-24h,OUI,Samedi,2020-03-28 22:00
21243,289,False,False,False,False,True,True,False,False,False,False,False,False,False,False,Samedi-22-24h,OUI,Samedi,2020-03-28 22:00
21244,50,False,False,False,False,False,False,False,False,False,False,False,False,False,False,Samedi-22-24h,NON,Samedi,2020-03-28 22:00
21245,51,True,True,False,False,True,False,False,False,False,False,False,False,False,False,Samedi-22-24h,OUI,Samedi,2020-03-28 22:00
21246,247,False,False,True,False,False,False,False,False,False,False,False,False,False,False,Samedi-22-24h,OUI,Samedi,2020-03-28 22:00
21247,159,False,False,False,False,False,False,False,True,False,False,False,False,False,False,Samedi-22-24h,OUI,Samedi,2020-03-28 22:00
21248,54,False,False,False,False,False,True,False,False,False,False,False,False,False,False,Samedi-22-24h,NON,Samedi,2020-03-28 22:00
21249,55,True,False,False,False,True,True,False,True,False,False,False,False,False,False,Samedi-22-24h,OUI,Samedi,2020-03-28 22:00
21250,257,False,False,False,False,True,False,False,False,False,False,False,False,False,False,Samedi-22-24h,OUI,Samedi,2020-03-28 22:00
21251,67,False,False,False,False,False,False,False,False,False,False,False,False,False,False,Samedi-22-24h,NON,Samedi,2020-03-28 22:00
21252,71,True,False,True,False,False,False,False,False,False,False,False,False,False,False,Samedi-22-24h,NON,Samedi,2020-03-28 22:00
21253,280,False,False,False,False,False,True,False,False,False,False,False,False,False,False,Samedi-22-24h,OUI,Samedi,2020-03-28 22:00
21254,283,True,True,False,False,False,False,False,False,False,False,False,False,False,False,Samedi-22-24h,OUI,Samedi,2020-03-28 22:00
21255,154,False,False,False,False,True,True,False,False,False,False,False,True,False,False,Samedi-22-24h,NON,Samedi,2020-03-28 22:00
21256,171,False,False,False,False,False,False,False,False,False,False,False,True,False,False,Samedi-22-24h,OUI,Samedi,2020-03-28 22:00
21257,131,False,False,True,False,False,False,False,False,False,False,False,False,False,False,Samedi-22-24h,NON,Samedi,2020-03-28 22:00
21258,237,True,False,False,False,False,True,True,False,False,False,False,False,True,False,Samedi-22-24h,OUI,Samedi,2020-03-28 22:00
21259,75,False,False,False,False,True,True,False,False,False,False,False,False,False,False,Samedi-22-24h,NON,Samedi,2020-03-28 22:00
21260,235,True,False,False,False,True,False,False,False,False,False,False,False,False,False,Samedi-22-24h,OUI,Samedi,2020-03-28 22:00
21261,180,False,False,False,False,True,True,False,False,False,False,False,False,False,False,Samedi-22-24h,OUI,Samedi,2020-03-28 22:00
21262,219,False,False,False,False,False,True,False,False,False,False,False,False,False,False,Samedi-22-24h,NON,Samedi,2020-03-28 22:00
21263,250,False,False,False,False,False,False,False,False,True,False,False,False,False,False,Samedi-22-24h,NON,Samedi,2020-03-28 22:00
21264,267,True,True,False,False,False,False,False,False,False,False,False,False,False,False,Samedi-22-24h,OUI,Samedi,2020-03-28 22:00
21265,160,False,True,False,False,False,True,False,False,False,False,False,False,False,False,Samedi-22-24h,OUI,Samedi,2020-03-28 22:00
21266,182,False,True,False,False,True,True,True,False,False,False,False,False,False,False,Samedi-22-24h,OUI,Samedi,2020-03-28 22:00
21267,143,False,False,False,False,False,False,False,True,False,False,True,False,False,False,Samedi-22-24h,OUI,Samedi,2020-03-28 22:00
21268,223,True,True,False,False,False,False,False,False,False,False,False,False,False,False,Samedi-22-24h,OUI,Samedi,2020-03-28 22:00
21269,192,True,False,True,False,False,False,False,False,False,False,False,False,False,False,Samedi-22-24h,OUI,Samedi,2020-03-28 22:00
21270,30,False,False,True,False,False,False,False,True,False,False,False,False,False,False,Samedi-22-24h,OUI,Samedi,2020-03-28 22:00
21271,125,True,False,False,False,True,False,False,True,False,False,False,False,False,False,Samedi-22-24h,OUI,Samedi,2020-03-28 22:00
21272,39,False,False,True,False,True,False,False,True,False,False,False,False,False,False,Samedi-22-24h,OUI,Samedi,2020-03-28 22:00
21273,113,True,False,True,False,False,False,False,False,False,False,False,False,False,False,Samedi-22-24h,OUI,Samedi,2020-03-28 22:00
21274,121,True,False,True,False,False,False,False,True,False,False,False,False,False,False,Samedi-22-24h,NON,Samedi,2020-03-28 22:00
21275,228,False,False,False,False,False,False,False,False,False,False,True,False,False,False,Samedi-22-24h,OUI,Samedi,2020-03-28 22:00
21276,290,False,False,False,False,False,False,False,False,True,False,False,False,False,False,Samedi-22-24h,OUI,Samedi,2020-03-28 22:00
21277,197,False,False,True,False,True,False,False,False,False,False,False,False,False,False,Samedi-22-24h,NON,Samedi,2020-03-28 22:00
21278,31,True,True,True,False,False,True,False,False,False,False,False,False,False,False,Samedi-22-24h,OUI,Samedi,2020-03-28 22:00
21279,173,True,False,False,False,True,True,False,True,False,False,False,False,False,False,Samedi-22-24h,OUI,Samedi,2020-03-28 22:00
21280,74,True,False,False,True,False,False,False,True,False,False,True,False,False,False,Samedi-22-24h,OUI,Samedi,2020-03-28 22:00
21281,15,False,False,True,False,False,False,False,False,False,False,False,False,False,False,Samedi-22-24h,OUI,Samedi,2020-03-28 22:00
21282,45,True,False,False,False,True,True,False,True,False,False,False,False,False,False,Samedi-22-24h,OUI,Samedi,2020-03-28 22:00
21283,63,False,False,True,False,False,False,False,False,False,False,False,False,False,False,Samedi-22-24h,OUI,Samedi,2020-03-28 22:00
21284,3,False,False,False,False,False,True,False,False,False,False,False,True,False,False,Samedi-22-24h,OUI,Samedi,2020-03-28 22:00
21285,21,True,False,True,False,False,False,False,False,False,False,False,False,False,False,Samedi-22-24h,OUI,Samedi,2020-03-28 22:00
21286,78,False,True,True,False,True,True,False,True,False,False,False,False,False,False,Samedi-22-24h,OUI,Samedi,2020-03-28 22:00
21287,47,False,True,False,False,False,False,False,False,False,False,False,False,False,False,Samedi-22-24h,OUI,Samedi,2020-03-28 22:00
21288,151,True,True,False,False,True,False,False,True,False,False,False,False,False,False,Samedi-22-24h,OUI,Samedi,2020-03-28 22:00
21289,6,True,False,True,False,False,False,False,False,False,False,False,False,False,False,Samedi-22-24h,OUI,Samedi,2020-03-28 22:00
21290,135,True,False,True,False,False,False,False,False,False,False,False,False,True,False,Samedi-22-24h,OUI,Samedi,2020-03-28 22:00
21291,221,False,False,False,False,True,True,False,False,False,False,False,False,False,False,Samedi-22-24h,OUI,Samedi,2020-03-28 22:00
21292,170,False,False,True,False,False,False,False,False,False,False,True,False,False,True,Samedi-22-24h,OUI,Samedi,2020-03-28 22:00
21293,129,False,True,False,False,False,False,False,False,False,False,False,False,False,False,Samedi-22-24h,OUI,Samedi,2020-03-28 22:00
21294,132,True,True,True,False,False,True,False,False,False,False,False,False,False,False,Samedi-22-24h,OUI,Samedi,2020-03-28 22:00
21295,110,False,True,False,False,False,False,False,False,False,False,False,False,False,False,Samedi-22-24h,OUI,Samedi,2020-03-28 22:00
21296,191,False,False,False,False,False,True,False,False,False,False,False,False,False,False,Samedi-22-24h,OUI,Samedi,2020-03-28 22:00
21297,94,True,True,True,False,False,True,False,False,False,False,True,False,True,False,Samedi-22-24h,OUI,Samedi,2020-03-28 22:00
21298,108,False,False,False,False,False,True,True,False,False,False,False,False,False,False,Samedi-22-24h,OUI,Samedi,2020-03-28 22:00
21299,236,False,False,False,False,True,True,False,False,False,False,False,False,False,False,Samedi-22-24h,OUI,Samedi,2020-03-28 22:00
21300,42,True,False,True,False,True,False,False,False,False,False,False,False,False,False,Samedi-22-24h,OUI,Samedi,2020-03-28 22:00
21301,155,True,False,False,False,True,False,False,False,False,False,False,False,False,False,Samedi-22-24h,OUI,Samedi,2020-03-28 22:00
21302,1,False,False,False,False,False,False,False,False,False,False,False,False,False,False,Samedi-22-24h,NON,Samedi,2020-03-28 22:00
21303,58,False,True,True,False,False,True,False,False,False,False,True,False,False,False,Samedi-22-24h,OUI,Samedi,2020-03-28 22:00
21304,0,False,True,False,False,False,False,False,False,False,False,False,False,False,False,Samedi-22-24h,OUI,Samedi,2020-03-28 22:00
21305,269,False,False,False,False,False,False,False,False,False,False,False,False,False,False,Samedi-22-24h,NON,Samedi,2020-03-28 22:00
21306,2,True,False,True,False,False,False,False,False,False,False,False,False,False,False,Samedi-22-24h,NON,Samedi,2020-03-28 22:00
21307,103,False,False,False,False,True,False,False,False,False,False,False,False,False,False,Samedi-22-24h,NON,Samedi,2020-03-28 22:00
21308,12,False,True,False,False,True,False,False,False,False,False,False,False,False,False,Samedi-22-24h,OUI,Samedi,2020-03-28 22:00
21309,245,True,False,False,False,True,True,False,True,False,False,False,False,False,False,Samedi-22-24h,OUI,Samedi,2020-03-28 22:00
21310,161,False,False,True,False,False,False,False,False,False,False,True,False,False,False,Samedi-22-24h,OUI,Samedi,2020-03-28 22:00
21311,38,False,False,False,False,False,False,False,False,True,False,False,False,False,False,Samedi-22-24h,NON,Samedi,2020-03-28 22:00
21312,122,False,False,False,False,False,False,False,False,False,False,False,False,False,False,Samedi-22-24h,NON,Samedi,2020-03-28 22:00
21313,248,False,False,True,False,False,False,False,False,False,False,False,False,True,False,Samedi-22-24h,OUI,Samedi,2020-03-28 22:00
21314,271,False,True,True,False,False,True,False,False,False,False,False,False,False,False,Samedi-22-24h,OUI,Samedi,2020-03-28 22:00
21315,116,False,False,True,False,False,False,False,False,False,False,False,False,False,False,Samedi-22-24h,OUI,Samedi,2020-03-28 22:00
21316,117,True,True,True,True,False,True,False,False,False,False,False,False,False,False,Samedi-22-24h,NON,Samedi,2020-03-28 22:00
21317,213,False,False,False,False,True,True,False,True,False,False,False,False,False,False,Samedi-22-24h,OUI,Samedi,2020-03-28 22:00
21318,220,False,True,True,False,False,True,False,False,False,False,False,False,False,False,Samedi-22-24h,OUI,Samedi,2020-03-28 22:00
21319,176,False,False,True,False,False,False,False,False,False,False,False,False,False,False,Samedi-22-24h,OUI,Samedi,2020-03-28 22:00
21320,96,False,False,False,False,True,True,False,False,False,True,False,False,False,False,Samedi-22-24h,NON,Samedi,2020-03-28 22:00
21321,214,False,False,False,False,True,True,False,False,False,True,False,False,False,False,Samedi-22-24h,OUI,Samedi,2020-03-28 22:00
21322,11,True,False,False,True,False,False,False,False,False,False,True,False,False,False,Samedi-22-24h,OUI,Samedi,2020-03-28 22:00
21323,255,True,False,True,False,False,False,False,True,False,False,False,False,False,False,Samedi-22-24h,NON,Samedi,2020-03-28 22:00
21324,86,False,False,True,False,False,False,False,False,False,False,False,False,False,False,Samedi-22-24h,NON,Samedi,2020-03-28 22:00
21325,209,True,False,False,False,True,True,False,True,False,False,False,False,False,False,Samedi-22-24h,OUI,Samedi,2020-03-28 22:00
21326,291,False,False,False,False,False,True,False,False,True,False,False,False,False,False,Samedi-22-24h,OUI,Samedi,2020-03-28 22:00
21327,287,False,False,False,False,False,False,False,False,False,False,False,True,False,False,Samedi-22-24h,OUI,Samedi,2020-03-28 22:00
21328,104,False,False,False,False,True,True,False,False,False,False,False,False,False,False,Samedi-22-24h,NON,Samedi,2020-03-28 22:00
21329,18,False,False,False,False,True,False,False,False,False,False,False,False,False,False,Samedi-22-24h,OUI,Samedi,2020-03-28 22:00
21330,123,False,True,False,False,True,True,False,False,False,False,False,False,False,False,Samedi-22-24h,NON,Samedi,2020-03-28 22:00
21331,136,False,False,False,False,True,False,False,False,False,False,False,False,False,False,Samedi-22-24h,OUI,Samedi,2020-03-28 22:00
21332,276,True,False,True,False,False,False,False,False,False,False,False,False,False,False,Samedi-22-24h,OUI,Samedi,2020-03-28 22:00
21333,53,False,False,False,False,True,True,False,False,False,False,False,False,False,False,Samedi-22-24h,OUI,Samedi,2020-03-28 22:00
21334,179,True,False,True,False,False,False,False,False,False,False,False,False,False,False,Samedi-22-24h,OUI,Samedi,2020-03-28 22:00
21335,200,False,False,False,False,False,False,False,False,False,False,False,False,False,False,Samedi-22-24h,NON,Samedi,2020-03-28 22:00
21336,73,False,False,False,False,False,False,False,False,False,False,False,False,False,False,Samedi-22-24h,NON,Samedi,2020-03-28 22:00
21337,156,False,False,False,False,True,True,False,False,False,False,False,False,False,False,Samedi-22-24h,OUI,Samedi,2020-03-28 22:00
21338,128,True,True,True,False,False,True,False,False,False,False,False,False,False,False,Samedi-22-24h,OUI,Samedi,2020-03-28 22:00
21339,118,False,False,False,False,False,False,False,False,False,False,False,False,False,False,Samedi-22-24h,NON,Samedi,2020-03-28 22:00
21340,112,True,False,True,False,False,False,False,False,False,False,False,False,False,False,Samedi-22-24h,OUI,Samedi,2020-03-28 22:00
21341,35,False,False,False,False,True,True,False,False,False,False,False,False,False,False,Samedi-22-24h,OUI,Samedi,2020-03-28 22:00
21342,32,False,False,False,False,False,False,False,False,False,False,False,True,False,False,Samedi-22-24h,NON,Samedi,2020-03-28 22:00
21343,199,True,False,True,False,False,False,False,False,False,False,False,False,False,False,Samedi-22-24h,OUI,Samedi,2020-03-28 22:00
21344,153,True,False,False,False,True,True,False,False,False,False,False,False,False,False,Samedi-22-24h,NON,Samedi,2020-03-28 22:00
21345,82,False,False,True,False,False,False,False,False,False,False,False,False,False,False,Samedi-22-24h,OUI,Samedi,2020-03-28 22:00
21346,292,False,True,False,False,False,False,False,False,False,False,False,False,False,False,Samedi-22-24h,OUI,Samedi,2020-03-28 22:00
21347,169,False,False,False,True,False,False,False,False,False,False,False,False,False,False,Samedi-22-24h,NON,Samedi,2020-03-28 22:00
21348,16,False,False,False,False,True,True,False,False,False,False,False,False,False,False,Samedi-22-24h,OUI,Samedi,2020-03-28 22:00
21349,46,True,True,True,False,False,True,True,False,False,False,False,False,False,False,Samedi-22-24h,OUI,Samedi,2020-03-28 22:00
21350,216,False,True,False,False,False,True,False,False,False,False,False,False,False,False,Samedi-22-24h,OUI,Samedi,2020-03-28 22:00
21351,174,False,True,True,False,False,True,False,False,False,False,True,False,False,False,Samedi-22-24h,OUI,Samedi,2020-03-28 22:00
21352,43,False,False,False,False,True,False,False,False,False,False,False,False,False,False,Samedi-22-24h,NON,Samedi,2020-03-28 22:00
21353,165,False,False,False,False,True,True,False,False,False,False,False,False,False,False,Samedi-22-24h,NON,Samedi,2020-03-28 22:00
21354,126,False,True,False,False,False,True,False,False,False,False,False,False,False,False,Samedi-22-24h,OUI,Samedi,2020-03-28 22:00
21355,41,False,False,False,False,False,True,False,False,True,False,False,False,False,False,Samedi-22-24h,NON,Samedi,2020-03-28 22:00
21356,157,False,False,True,False,False,False,False,False,False,False,False,False,False,False,Samedi-22-24h,OUI,Samedi,2020-03-28 22:00
21357,272,False,True,True,False,False,False,True,False,False,False,True,False,True,True,Samedi-22-24h,OUI,Samedi,2020-03-28 22:00
21358,115,True,False,True,False,False,False,False,False,False,False,False,False,False,False,Samedi-22-24h,OUI,Samedi,2020-03-28 22:00
21359,84,False,False,False,False,False,False,False,False,False,False,False,True,False,False,Samedi-22-24h,OUI,Samedi,2020-03-28 22:00
21360,183,True,True,True,True,False,False,False,False,False,False,False,False,False,False,Samedi-22-24h,NON,Samedi,2020-03-28 22:00
21361,65,True,True,False,False,False,True,False,False,False,False,False,False,False,False,Samedi-22-24h,OUI,Samedi,2020-03-28 22:00
21362,105,True,False,False,False,False,False,False,False,False,False,False,False,False,False,Samedi-22-24h,OUI,Samedi,2020-03-28 22:00
21363,187,True,False,False,False,False,True,False,False,False,False,False,False,False,False,Samedi-22-24h,OUI,Samedi,2020-03-28 22:00
21364,139,True,False,True,False,False,False,False,False,False,False,False,False,False,False,Samedi-22-24h,NON,Samedi,2020-03-28 22:00
21365,259,False,False,False,False,True,True,False,False,False,False,False,False,False,False,Samedi-22-24h,NON,Samedi,2020-03-28 22:00
21366,124,True,False,True,False,False,False,False,False,False,False,True,False,False,False,Samedi-22-24h,NON,Samedi,2020-03-28 22:00
21367,98,False,False,False,False,False,True,False,False,False,False,False,True,False,False,Samedi-22-24h,OUI,Samedi,2020-03-28 22:00
21368,284,False,True,True,False,False,True,False,False,False,False,False,False,True,False,Samedi-22-24h,OUI,Samedi,2020-03-28 22:00
21369,148,True,False,True,False,True,False,False,True,False,False,False,False,False,False,Samedi-22-24h,OUI,Samedi,2020-03-28 22:00
21370,258,True,False,True,False,False,False,False,False,False,False,False,False,False,False,Samedi-22-24h,OUI,Samedi,2020-03-28 22:00
21371,175,False,False,False,False,False,True,False,False,False,False,False,False,False,False,Samedi-22-24h,NON,Samedi,2020-03-28 22:00
21372,119,False,False,False,False,False,False,False,False,False,False,True,False,False,False,Samedi-22-24h,NON,Samedi,2020-03-28 22:00
21373,229,True,False,True,False,False,False,False,True,False,False,False,False,False,False,Samedi-22-24h,NON,Samedi,2020-03-28 22:00
21374,230,False,False,False,False,False,True,True,False,False,False,False,False,False,False,Samedi-22-24h,NON,Samedi,2020-03-28 22:00
21375,17,True,False,False,False,False,True,True,False,False,False,False,False,False,False,Samedi-22-24h,OUI,Samedi,2020-03-28 22:00
21376,177,False,False,False,False,False,False,False,False,False,False,False,False,False,False,Samedi-22-24h,NON,Samedi,2020-03-28 22:00
21377,7,False,False,False,False,False,False,False,False,False,False,False,False,False,False,Samedi-22-24h,NON,Samedi,2020-03-28 22:00
21378,241,False,False,True,False,False,False,False,False,False,False,False,False,False,False,Samedi-22-24h,NON,Samedi,2020-03-28 22:00
21379,8,True,False,False,False,True,True,False,True,False,False,False,False,False,False,Samedi-22-24h,OUI,Samedi,2020-03-28 22:00
21380,268,False,True,False,False,False,True,False,False,False,False,False,False,False,False,Samedi-22-24h,OUI,Samedi,2020-03-28 22:00
21381,294,False,False,True,False,True,False,False,False,False,False,False,False,False,False,Samedi-22-24h,OUI,Samedi,2020-03-28 22:00
21382,242,True,False,False,False,True,True,False,False,False,False,False,False,False,False,Samedi-22-24h,NON,Samedi,2020-03-28 22:00
21383,194,False,False,False,False,False,True,False,False,False,False,False,False,False,False,Samedi-22-24h,NON,Samedi,2020-03-28 22:00
21384,243,False,False,False,False,True,True,False,False,False,False,False,False,False,False,Samedi-22-24h,OUI,Samedi,2020-03-28 22:00
21385,212,True,True,True,False,False,True,False,False,False,False,False,False,False,False,Samedi-22-24h,OUI,Samedi,2020-03-28 22:00
21386,19,False,False,False,False,False,True,False,False,False,False,False,False,False,False,Samedi-22-24h,OUI,Samedi,2020-03-28 22:00
21387,114,False,False,False,False,True,False,False,False,False,False,False,False,False,False,Samedi-22-24h,OUI,Samedi,2020-03-28 22:00
21388,190,False,False,False,False,False,True,False,False,True,False,False,False,False,False,Samedi-22-24h,NON,Samedi,2020-03-28 22:00
21389,64,False,False,True,False,False,False,False,False,False,False,False,False,False,False,Samedi-22-24h,NON,Samedi,2020-03-28 22:00
21390,227,False,False,False,False,False,False,False,False,False,False,False,False,False,False,Samedi-22-24h,NON,Samedi,2020-03-28 22:00
21391,232,False,False,False,False,False,True,False,False,False,False,False,False,False,False,Samedi-22-24h,OUI,Samedi,2020-03-28 22:00
21392,246,False,True,False,False,False,True,True,False,False,False,False,False,False,False,Samedi-22-24h,OUI,Samedi,2020-03-28 22:00
21393,100,False,False,False,False,False,True,False,False,False,False,False,False,False,False,Samedi-22-24h,OUI,Samedi,2020-03-28 22:00
21394,13,False,False,False,False,True,False,False,False,False,False,False,False,False,False,Samedi-22-24h,NON,Samedi,2020-03-28 22:00
21395,262,True,True,True,False,False,False,False,False,False,False,False,False,False,False,Samedi-22-24h,OUI,Samedi,2020-03-28 22:00
21396,76,True,True,True,False,False,True,False,False,False,False,True,False,False,False,Samedi-22-24h,OUI,Samedi,2020-03-28 22:00
21397,261,False,True,False,False,True,False,False,False,False,False,False,False,False,False,Samedi-22-24h,NON,Samedi,2020-03-28 22:00
21398,150,False,True,False,False,False,False,False,False,False,False,False,False,False,False,Samedi-22-24h,OUI,Samedi,2020-03-28 22:00
21399,205,False,False,False,False,False,False,False,False,False,False,False,False,False,False,Samedi-22-24h,NON,Samedi,2020-03-28 22:00
21400,56,False,False,False,False,True,True,False,False,False,False,False,False,False,False,Samedi-22-24h,OUI,Samedi,2020-03-28 22:00
21401,186,False,False,False,False,True,False,False,False,False,False,False,False,False,False,Samedi-22-24h,OUI,Samedi,2020-03-28 22:00
21402,162,True,False,False,False,True,True,False,False,False,False,False,False,False,False,Samedi-22-24h,OUI,Samedi,2020-03-28 22:00
21403,68,False,True,False,False,True,True,False,False,False,False,False,False,False,False,Samedi-22-24h,OUI,Samedi,2020-03-28 22:00
21404,146,False,False,False,False,False,True,False,False,False,False,False,True,False,False,Samedi-22-24h,OUI,Samedi,2020-03-28 22:00
21405,49,False,False,False,False,False,False,False,False,False,False,False,False,True,False,Samedi-22-24h,OUI,Samedi,2020-03-28 22:00
21406,91,True,False,True,True,False,False,False,False,False,False,False,False,False,False,Samedi-22-24h,OUI,Samedi,2020-03-28 22:00
21407,22,False,False,False,False,False,False,False,False,False,True,False,False,False,False,Samedi-22-24h,NON,Samedi,2020-03-28 22:00
21408,151,False,False,False,False,True,False,False,False,False,False,False,False,False,False,Samedi-22-24h,OUI,Samedi,2020-03-28 22:00
21409,193,False,False,False,False,True,True,False,False,False,False,False,False,False,False,Samedi-22-24h,OUI,Samedi,2020-03-28 22:00
21410,9,True,True,False,False,False,False,False,False,False,False,False,False,False,False,Samedi-22-24h,OUI,Samedi,2020-03-28 22:00
21411,99,True,False,True,False,False,False,False,False,False,False,False,False,False,False,Samedi-22-24h,NON,Samedi,2020-03-28 22:00
21412,181,False,False,False,False,True,True,False,False,False,False,False,False,False,False,Samedi-22-24h,OUI,Samedi,2020-03-28 22:00
21413,111,False,False,False,False,False,True,False,True,False,False,False,False,False,False,Samedi-22-24h,OUI,Samedi,2020-03-28 22:00
21414,44,False,True,False,False,False,True,False,False,False,False,False,False,False,False,Samedi-22-24h,NON,Samedi,2020-03-28 22:00
21415,24,False,False,False,False,True,False,False,True,False,False,False,False,False,False,Samedi-22-24h,OUI,Samedi,2020-03-28 22:00
21416,102,False,False,False,False,True,True,False,True,False,False,False,False,False,False,Samedi-22-24h,OUI,Samedi,2020-03-28 22:00
21417,203,True,True,False,False,False,False,False,True,False,False,False,False,False,False,Samedi-22-24h,OUI,Samedi,2020-03-28 22:00
21418,140,False,False,False,False,True,True,False,True,False,False,False,False,False,False,Samedi-22-24h,NON,Samedi,2020-03-28 22:00
21419,188,False,False,False,False,False,True,False,False,True,False,False,False,False,False,Samedi-22-24h,NON,Samedi,2020-03-28 22:00
21420,206,False,False,False,True,False,False,False,False,False,False,True,False,False,False,Samedi-22-24h,NON,Samedi,2020-03-28 22:00
21421,273,False,False,False,False,False,False,False,False,False,False,False,True,False,False,Samedi-22-24h,NON,Samedi,2020-03-28 22:00
21422,69,True,False,True,False,False,False,False,False,False,False,False,False,False,False,Samedi-22-24h,OUI,Samedi,2020-03-28 22:00
21423,87,True,False,False,True,False,False,False,False,False,False,True,False,False,False,Samedi-22-24h,OUI,Samedi,2020-03-28 22:00
21424,83,True,False,True,False,False,False,False,False,False,False,False,False,False,False,Samedi-22-24h,OUI,Samedi,2020-03-28 22:00
21425,149,True,False,True,True,False,False,False,False,False,False,False,False,False,False,Samedi-22-24h,OUI,Samedi,2020-03-28 22:00
21426,274,False,False,False,False,False,True,False,False,False,False,False,False,False,False,Samedi-22-24h,NON,Samedi,2020-03-28 22:00
21427,282,True,False,True,True,False,False,False,False,False,False,False,False,False,False,Samedi-22-24h,OUI,Samedi,2020-03-28 22:00
21428,147,False,False,False,False,False,False,False,False,False,False,False,False,False,False,Samedi-22-24h,NON,Samedi,2020-03-28 22:00
21429,238,False,False,False,False,False,False,False,False,False,False,False,True,False,False,Samedi-22-24h,OUI,Samedi,2020-03-28 22:00
21430,201,False,False,False,False,False,False,False,False,False,False,False,False,False,False,Samedi-22-24h,NON,Samedi,2020-03-28 22:00
21431,152,False,True,False,False,False,False,False,False,False,False,False,False,False,False,Samedi-22-24h,OUI,Samedi,2020-03-28 22:00
21432,222,False,False,False,False,False,True,False,False,True,True,False,False,False,False,Samedi-22-24h,NON,Samedi,2020-03-28 22:00
21433,106,False,False,False,False,False,True,False,False,False,False,False,True,False,False,Samedi-22-24h,OUI,Samedi,2020-03-28 22:00
21434,133,False,False,True,False,True,False,False,False,False,False,False,False,False,False,Samedi-22-24h,OUI,Samedi,2020-03-28 22:00
21435,163,False,False,False,False,True,False,False,False,False,False,False,False,False,False,Samedi-22-24h,NON,Samedi,2020-03-28 22:00
21436,231,False,False,False,False,False,False,False,False,False,False,False,False,False,False,Samedi-22-24h,NON,Samedi,2020-03-28 22:00
21437,25,False,False,False,False,True,False,False,False,False,False,False,False,False,False,Samedi-22-24h,NON,Samedi,2020-03-28 22:00
21438,196,False,False,True,False,True,False,False,True,False,False,False,False,False,False,Samedi-22-24h,OUI,Samedi,2020-03-28 22:00
21439,5,False,False,False,False,True,True,False,False,False,False,False,False,False,False,Samedi-22-24h,OUI,Samedi,2020-03-28 22:00
21440,90,False,True,False,False,False,False,False,False,False,False,False,False,False,False,Samedi-22-24h,OUI,Samedi,2020-03-28 22:00
21441,244,True,False,True,False,False,False,False,False,False,False,False,False,False,False,Samedi-22-24h,NON,Samedi,2020-03-28 22:00
21442,107,False,True,False,False,False,True,False,False,False,False,False,False,False,False,Samedi-22-24h,OUI,Samedi,2020-03-28 22:00
21443,218,False,True,False,False,True,True,False,False,False,False,False,False,False,False,Samedi-22-24h,OUI,Samedi,2020-03-28 22:00
21444,62,False,True,True,False,True,True,False,False,False,False,False,False,False,False,Samedi-22-24h,OUI,Samedi,2020-03-28 22:00
21445,79,False,True,False,False,False,False,False,False,False,False,False,False,False,False,Samedi-22-24h,OUI,Samedi,2020-03-28 22:00
21446,208,False,False,False,False,False,True,False,False,False,False,False,False,False,False,Samedi-22-24h,OUI,Samedi,2020-03-28 22:00
21447,270,False,False,False,False,False,False,False,False,True,False,False,False,False,False,Samedi-22-24h,OUI,Samedi,2020-03-28 22:00
21448,166,True,False,False,False,True,True,False,False,False,False,False,False,False,False,Samedi-22-24h,OUI,Samedi,2020-03-28 22:00
21449,77,False,False,True,False,True,False,False,False,False,False,False,False,False,False,Samedi-22-24h,OUI,Samedi,2020-03-28 22:00
21450,29,False,False,False,False,False,True,False,False,False,False,False,True,False,False,Samedi-22-24h,OUI,Samedi,2020-03-28 22:00
21451,240,False,False,False,False,False,True,False,False,False,False,False,False,False,False,Samedi-22-24h,OUI,Samedi,2020-03-28 22:00
21452,184,False,True,False,False,False,False,False,False,False,False,False,False,False,False,Samedi-22-24h,OUI,Samedi,2020-03-28 22:00
21453,277,False,True,True,False,False,True,False,False,False,False,False,False,False,False,Samedi-22-24h,OUI,Samedi,2020-03-28 22:00
21454,80,True,False,False,False,False,True,False,False,False,True,False,False,False,False,Samedi-22-24h,NON,Samedi,2020-03-28 22:00
21455,185,True,True,True,False,False,True,False,False,False,False,True,False,True,False,Samedi-22-24h,NON,Samedi,2020-03-28 22:00
21456,204,False,False,False,False,True,True,False,False,False,False,False,True,False,False,Samedi-22-24h,OUI,Samedi,2020-03-28 22:00
21457,252,True,True,True,False,False,True,False,False,False,False,False,False,False,False,Samedi-22-24h,OUI,Samedi,2020-03-28 22:00
21458,26,False,False,False,False,True,False,False,False,False,False,False,False,False,False,Samedi-22-24h,NON,Samedi,2020-03-28 22:00
21459,70,False,False,False,False,True,False,False,False,False,False,False,True,False,False,Samedi-22-24h,NON,Samedi,2020-03-28 22:00
21460,233,False,False,False,False,True,False,False,False,False,False,False,False,False,False,Samedi-22-24h,OUI,Samedi,2020-03-28 22:00
21461,37,True,True,True,False,True,True,False,False,False,False,False,False,False,False,Samedi-22-24h,OUI,Samedi,2020-03-28 22:00
21462,185,False,False,True,False,False,False,False,False,False,False,False,False,False,False,Samedi-22-24h,OUI,Samedi,2020-03-28 22:00
21463,138,True,False,False,False,True,True,False,False,False,False,False,False,False,False,Samedi-22-24h,OUI,Samedi,2020-03-28 22:00
21464,224,True,False,True,False,False,False,False,False,False,False,False,False,False,False,Samedi-22-24h,OUI,Samedi,2020-03-28 22:00
21465,66,False,False,False,False,True,True,False,False,False,False,False,False,True,False,Samedi-22-24h,OUI,Samedi,2020-03-28 22:00
21466,211,False,False,True,False,False,False,False,False,False,False,False,False,True,False,Samedi-22-24h,OUI,Samedi,2020-03-28 22:00
21467,14,False,False,False,False,True,True,False,False,False,False,False,False,False,False,Samedi-22-24h,OUI,Samedi,2020-03-28 22:00
21468,145,False,False,False,False,True,False,False,False,False,False,False,False,False,False,Samedi-22-24h,NON,Samedi,2020-03-28 22:00
21469,36,False,False,False,False,False,False,False,False,False,False,False,True,False,False,Samedi-22-24h,NON,Samedi,2020-03-28 22:00
21470,60,True,True,True,False,False,True,False,False,False,False,False,False,False,False,Samedi-22-24h,NON,Samedi,2020-03-28 22:00
21471,137,True,True,True,False,False,True,False,False,False,False,True,False,False,False,Samedi-22-24h,OUI,Samedi,2020-03-28 22:00
21472,285,False,True,False,False,True,True,False,False,False,False,False,False,False,False,Samedi-22-24h,OUI,Samedi,2020-03-28 22:00
21473,40,False,True,True,False,True,True,False,False,False,False,False,False,False,False,Samedi-22-24h,OUI,Samedi,2020-03-28 22:00
21474,97,False,False,False,False,False,True,False,False,False,False,False,False,False,False,Samedi-22-24h,NON,Samedi,2020-03-28 22:00
21475,109,True,False,True,True,False,False,False,False,False,False,False,False,False,False,Samedi-22-24h,OUI,Samedi,2020-03-28 22:00
21476,10,False,False,False,False,False,False,False,False,False,False,False,False,False,False,Samedi-22-24h,NON,Samedi,2020-03-28 22:00
21477,256,False,False,False,False,False,False,False,False,False,False,False,True,False,False,Samedi-22-24h,OUI,Samedi,2020-03-28 22:00
21478,141,True,True,True,False,False,False,False,False,False,False,True,False,False,False,Samedi-22-24h,NON,Samedi,2020-03-28 22:00
21479,28,False,False,False,False,False,False,False,False,False,False,False,False,False,False,Samedi-22-24h,NON,Samedi,2020-03-28 22:00
21480,101,True,True,True,True,True,True,False,False,False,False,False,False,False,False,Samedi-22-24h,OUI,Samedi,2020-03-28 22:00
21481,48,True,False,True,False,True,False,False,False,False,False,False,False,True,False,Samedi-22-24h,OUI,Samedi,2020-03-28 22:00
21482,27,False,False,False,False,False,True,False,False,False,False,False,False,False,False,Samedi-22-24h,OUI,Samedi,2020-03-28 22:00
21483,142,True,False,True,False,False,False,False,False,False,False,True,False,True,False,Samedi-22-24h,NON,Samedi,2020-03-28 22:00
21484,234,False,False,True,False,False,False,False,False,False,False,True,False,False,False,Samedi-22-24h,OUI,Samedi,2020-03-28 22:00
21485,23,False,False,False,False,True,False,False,False,False,False,False,False,False,False,Samedi-22-24h,NON,Samedi,2020-03-28 22:00
21486,195,False,False,False,False,True,False,False,False,True,False,False,False,False,False,Samedi-22-24h,OUI,Samedi,2020-03-28 22:00
21487,275,False,False,False,False,False,False,False,False,False,False,False,True,False,False,Samedi-22-24h,NON,Samedi,2020-03-28 22:00
21488,226,False,False,False,False,True,True,False,False,False,False,False,False,False,False,Samedi-22-24h,OUI,Samedi,2020-03-28 22:00
21489,207,False,False,True,False,False,False,False,False,False,False,False,False,False,False,Samedi-22-24h,NON,Samedi,2020-03-28 22:00
21490,57,False,False,False,False,False,False,False,False,False,False,False,False,False,False,Samedi-22-24h,NON,Samedi,2020-03-28 22:00
21491,4,False,True,False,False,False,True,False,False,False,False,False,False,False,False,Samedi-22-24h,NON,Samedi,2020-03-28 22:00
21492,265,False,False,False,False,False,True,False,False,False,False,False,False,False,False,Samedi-22-24h,NON,Samedi,2020-03-28 22:00
21493,88,False,True,False,False,False,False,False,False,False,False,False,False,False,False,Samedi-22-24h,NON,Samedi,2020-03-28 22:00
21494,198,False,False,False,False,False,False,False,False,False,False,True,False,False,False,Samedi-22-24h,OUI,Samedi,2020-03-28 22:00
21495,249,True,True,True,False,False,False,False,False,False,False,False,False,False,False,Samedi-22-24h,NON,Samedi,2020-03-28 22:00
21496,263,False,False,False,False,True,True,False,False,False,False,False,False,False,False,Samedi-22-24h,OUI,Samedi,2020-03-28 22:00
21497,217,True,False,True,False,False,False,False,False,False,False,False,False,True,False,Samedi-22-24h,OUI,Samedi,2020-03-28 22:00
21498,278,False,False,False,False,True,True,False,False,False,False,False,False,False,False,Samedi-22-24h,NON,Samedi,2020-03-28 22:00
21499,189,False,True,False,False,False,False,False,False,False,False,False,False,False,False,Samedi-22-24h,NON,Samedi,2020-03-28 22:00
21500,61,True,False,True,False,False,False,False,False,False,False,False,False,False,False,Samedi-22-24h,OUI,Samedi,2020-03-28 22:00
21501,251,False,False,False,False,False,False,False,False,False,False,False,False,True,False,Samedi-22-24h,NON,Samedi,2020-03-28 22:00
21502,281,False,True,False,False,False,False,False,False,False,False,False,False,False,False,Samedi-22-24h,OUI,Samedi,2020-03-28 22:00
21503,134,False,True,False,False,False,False,False,False,False,False,False,False,False,False,Samedi-22-24h,OUI,Samedi,2020-03-28 22:00
21504,293,False,True,False,False,False,True,False,False,False,False,False,False,False,False,Samedi-22-24h,NON,Samedi,2020-03-28 22:00
21505,279,True,True,True,True,False,True,False,False,False,False,False,False,False,False,Samedi-22-24h,NON,Samedi,2020-03-28 22:00
21506,81,True,False,True,True,False,False,False,True,False,False,False,False,False,False,Samedi-22-24h,OUI,Samedi,2020-03-28 22:00
21507,92,True,False,False,True,False,False,False,False,False,False,True,False,False,False,Samedi-22-24h,OUI,Samedi,2020-03-28 22:00
21508,147,False,False,False,False,False,False,False,False,False,False,False,False,False,False,Samedi-22-24h,NON,Samedi,2020-03-28 22:00
21509,33,False,True,False,False,True,False,False,False,False,False,False,False,False,False,Samedi-22-24h,OUI,Samedi,2020-03-28 22:00
21510,266,False,False,False,False,False,False,False,False,False,False,False,False,False,False,Samedi-22-24h,NON,Samedi,2020-03-28 22:00
21511,225,True,False,False,False,False,True,False,False,False,False,False,False,False,False,Samedi-22-24h,OUI,Samedi,2020-03-28 22:00
21512,83,True,False,True,False,False,False,False,False,False,False,False,False,False,False,Samedi-22-24h,OUI,Samedi,2020-03-28 22:00
21513,95,False,False,False,False,True,True,False,True,False,False,False,False,False,False,Samedi-22-24h,NON,Samedi,2020-03-28 22:00
21514,127,False,False,False,False,True,False,False,False,False,False,False,False,False,False,Samedi-22-24h,NON,Samedi,2020-03-28 22:00
21515,20,False,False,False,False,False,False,False,False,False,False,False,False,False,False,Samedi-22-24h,NON,Samedi,2020-03-28 22:00
21516,89,False,False,False,False,False,False,False,False,True,False,False,False,False,False,Samedi-22-24h,OUI,Samedi,2020-03-28 22:00
21517,120,False,True,True,False,True,True,False,True,False,False,True,False,False,False,Samedi-22-24h,OUI,Samedi,2020-03-28 22:00
21518,253,False,False,False,False,True,True,False,False,False,False,False,True,False,False,Samedi-22-24h,OUI,Samedi,2020-03-28 22:00
21519,52,False,False,True,False,False,False,False,False,False,False,False,False,False,False,Samedi-22-24h,OUI,Samedi,2020-03-28 22:00
21520,168,True,False,True,False,False,False,False,True,False,False,False,False,False,False,Samedi-22-24h,OUI,Samedi,2020-03-28 22:00
21521,202,False,True,False,False,False,False,False,False,False,False,False,False,False,False,Samedi-22-24h,OUI,Samedi,2020-03-28 22:00
21522,172,False,False,False,False,True,False,False,False,False,False,False,False,False,False,Samedi-22-24h,OUI,Samedi,2020-03-28 22:00
21523,239,False,False,False,False,True,True,False,False,False,False,False,False,False,False,Samedi-22-24h,NON,Samedi,2020-03-28 22:00
21524,85,False,False,False,False,True,False,False,False,False,False,False,False,False,False,Samedi-22-24h,OUI,Samedi,2020-03-28 22:00
21525,215,False,False,False,False,False,False,False,False,True,False,False,False,False,False,Samedi-22-24h,OUI,Samedi,2020-03-28 22:00
21526,260,True,False,True,False,False,False,False,False,False,False,False,False,False,False,Samedi-22-24h,OUI,Samedi,2020-03-28 22:00
21527,286,True,True,False,False,True,False,False,False,False,False,False,False,False,False,Samedi-22-24h,OUI,Samedi,2020-03-28 22:00
21528,72,False,True,False,False,False,False,False,False,False,False,False,False,False,False,Dimanche-00-02h,NON,Dimanche,2020-03-29 00:00
21529,167,True,True,True,True,True,True,False,False,False,False,False,False,False,False,Dimanche-00-02h,OUI,Dimanche,2020-03-29 00:00
21530,130,True,False,True,False,False,False,False,True,False,False,False,False,True,True,Dimanche-00-02h,NON,Dimanche,2020-03-29 00:00
21531,288,True,True,True,False,True,False,False,False,False,False,False,False,False,False,Dimanche-00-02h,OUI,Dimanche,2020-03-29 00:00
21532,59,False,False,False,False,False,True,False,False,False,False,False,False,False,False,Dimanche-00-02h,NON,Dimanche,2020-03-29 00:00
21533,178,True,False,False,False,False,False,False,False,False,False,True,False,False,False,Dimanche-00-02h,OUI,Dimanche,2020-03-29 00:00
21534,254,False,False,False,False,False,False,False,False,False,False,False,True,False,False,Dimanche-00-02h,NON,Dimanche,2020-03-29 00:00
21535,34,False,False,False,False,False,False,False,False,False,False,False,False,False,False,Dimanche-00-02h,NON,Dimanche,2020-03-29 00:00
21536,264,False,False,False,False,True,True,True,False,False,False,False,False,False,False,Dimanche-00-02h,OUI,Dimanche,2020-03-29 00:00
21537,158,True,False,False,False,True,False,False,False,False,True,False,False,False,False,Dimanche-00-02h,NON,Dimanche,2020-03-29 00:00
21538,210,False,True,False,False,True,True,False,False,False,False,False,False,False,False,Dimanche-00-02h,NON,Dimanche,2020-03-29 00:00
21539,93,False,False,False,False,True,False,False,False,False,False,False,False,True,False,Dimanche-00-02h,OUI,Dimanche,2020-03-29 00:00
21540,144,True,False,True,False,True,False,False,False,False,False,False,False,False,False,Dimanche-00-02h,OUI,Dimanche,2020-03-29 00:00
21541,164,False,True,False,False,True,True,False,False,False,False,False,False,False,False,Dimanche-00-02h,OUI,Dimanche,2020-03-29 00:00
21542,289,False,False,False,False,True,True,False,False,False,False,False,False,False,False,Dimanche-00-02h,OUI,Dimanche,2020-03-29 00:00
21543,50,False,False,False,False,False,False,False,False,False,False,False,False,False,False,Dimanche-00-02h,NON,Dimanche,2020-03-29 00:00
21544,51,True,True,False,False,True,False,False,False,False,False,False,False,False,False,Dimanche-00-02h,OUI,Dimanche,2020-03-29 00:00
21545,247,False,False,True,False,False,False,False,False,False,False,False,False,False,False,Dimanche-00-02h,NON,Dimanche,2020-03-29 00:00
21546,159,False,False,False,False,False,False,False,True,False,False,False,False,False,False,Dimanche-00-02h,NON,Dimanche,2020-03-29 00:00
21547,54,False,False,False,False,False,True,False,False,False,False,False,False,False,False,Dimanche-00-02h,NON,Dimanche,2020-03-29 00:00
21548,55,True,False,False,False,True,True,False,True,False,False,False,False,False,False,Dimanche-00-02h,OUI,Dimanche,2020-03-29 00:00
21549,257,False,False,False,False,True,False,False,False,False,False,False,False,False,False,Dimanche-00-02h,NON,Dimanche,2020-03-29 00:00
21550,67,False,False,False,False,False,False,False,False,False,False,False,False,False,False,Dimanche-00-02h,NON,Dimanche,2020-03-29 00:00
21551,71,True,False,True,False,False,False,False,False,False,False,False,False,False,False,Dimanche-00-02h,NON,Dimanche,2020-03-29 00:00
21552,280,False,False,False,False,False,True,False,False,False,False,False,False,False,False,Dimanche-00-02h,OUI,Dimanche,2020-03-29 00:00
21553,283,True,True,False,False,False,False,False,False,False,False,False,False,False,False,Dimanche-00-02h,OUI,Dimanche,2020-03-29 00:00
21554,154,False,False,False,False,True,True,False,False,False,False,False,True,False,False,Dimanche-00-02h,OUI,Dimanche,2020-03-29 00:00
21555,171,False,False,False,False,False,False,False,False,False,False,False,True,False,False,Dimanche-00-02h,OUI,Dimanche,2020-03-29 00:00
21556,131,False,False,True,False,False,False,False,False,False,False,False,False,False,False,Dimanche-00-02h,NON,Dimanche,2020-03-29 00:00
21557,237,True,False,False,False,False,True,True,False,False,False,False,False,True,False,Dimanche-00-02h,OUI,Dimanche,2020-03-29 00:00
21558,75,False,False,False,False,True,True,False,False,False,False,False,False,False,False,Dimanche-00-02h,NON,Dimanche,2020-03-29 00:00
21559,235,True,False,False,False,True,False,False,False,False,False,False,False,False,False,Dimanche-00-02h,NON,Dimanche,2020-03-29 00:00
21560,180,False,False,False,False,True,True,False,False,False,False,False,False,False,False,Dimanche-00-02h,OUI,Dimanche,2020-03-29 00:00
21561,219,False,False,False,False,False,True,False,False,False,False,False,False,False,False,Dimanche-00-02h,NON,Dimanche,2020-03-29 00:00
21562,250,False,False,False,False,False,False,False,False,True,False,False,False,False,False,Dimanche-00-02h,NON,Dimanche,2020-03-29 00:00
21563,267,True,True,False,False,False,False,False,False,False,False,False,False,False,False,Dimanche-00-02h,OUI,Dimanche,2020-03-29 00:00
21564,160,False,True,False,False,False,True,False,False,False,False,False,False,False,False,Dimanche-00-02h,OUI,Dimanche,2020-03-29 00:00
21565,182,False,True,False,False,True,True,True,False,False,False,False,False,False,False,Dimanche-00-02h,OUI,Dimanche,2020-03-29 00:00
21566,143,False,False,False,False,False,False,False,True,False,False,True,False,False,False,Dimanche-00-02h,NON,Dimanche,2020-03-29 00:00
21567,223,True,True,False,False,False,False,False,False,False,False,False,False,False,False,Dimanche-00-02h,NON,Dimanche,2020-03-29 00:00
21568,192,True,False,True,False,False,False,False,False,False,False,False,False,False,False,Dimanche-00-02h,OUI,Dimanche,2020-03-29 00:00
21569,30,False,False,True,False,False,False,False,True,False,False,False,False,False,False,Dimanche-00-02h,OUI,Dimanche,2020-03-29 00:00
21570,125,True,False,False,False,True,False,False,True,False,False,False,False,False,False,Dimanche-00-02h,NON,Dimanche,2020-03-29 00:00
21571,39,False,False,True,False,True,False,False,True,False,False,False,False,False,False,Dimanche-00-02h,NON,Dimanche,2020-03-29 00:00
21572,113,True,False,True,False,False,False,False,False,False,False,False,False,False,False,Dimanche-00-02h,OUI,Dimanche,2020-03-29 00:00
21573,121,True,False,True,False,False,False,False,True,False,False,False,False,False,False,Dimanche-00-02h,NON,Dimanche,2020-03-29 00:00
21574,228,False,False,False,False,False,False,False,False,False,False,True,False,False,False,Dimanche-00-02h,OUI,Dimanche,2020-03-29 00:00
21575,290,False,False,False,False,False,False,False,False,True,False,False,False,False,False,Dimanche-00-02h,NON,Dimanche,2020-03-29 00:00
21576,197,False,False,True,False,True,False,False,False,False,False,False,False,False,False,Dimanche-00-02h,NON,Dimanche,2020-03-29 00:00
21577,31,True,True,True,False,False,True,False,False,False,False,False,False,False,False,Dimanche-00-02h,OUI,Dimanche,2020-03-29 00:00
21578,173,True,False,False,False,True,True,False,True,False,False,False,False,False,False,Dimanche-00-02h,NON,Dimanche,2020-03-29 00:00
21579,74,True,False,False,True,False,False,False,True,False,False,True,False,False,False,Dimanche-00-02h,OUI,Dimanche,2020-03-29 00:00
21580,15,False,False,True,False,False,False,False,False,False,False,False,False,False,False,Dimanche-00-02h,NON,Dimanche,2020-03-29 00:00
21581,45,True,False,False,False,True,True,False,True,False,False,False,False,False,False,Dimanche-00-02h,OUI,Dimanche,2020-03-29 00:00
21582,63,False,False,True,False,False,False,False,False,False,False,False,False,False,False,Dimanche-00-02h,OUI,Dimanche,2020-03-29 00:00
21583,3,False,False,False,False,False,True,False,False,False,False,False,True,False,False,Dimanche-00-02h,OUI,Dimanche,2020-03-29 00:00
21584,21,True,False,True,False,False,False,False,False,False,False,False,False,False,False,Dimanche-00-02h,OUI,Dimanche,2020-03-29 00:00
21585,78,False,True,True,False,True,True,False,True,False,False,False,False,False,False,Dimanche-00-02h,OUI,Dimanche,2020-03-29 00:00
21586,47,False,True,False,False,False,False,False,False,False,False,False,False,False,False,Dimanche-00-02h,NON,Dimanche,2020-03-29 00:00
21587,151,True,True,False,False,True,False,False,True,False,False,False,False,False,False,Dimanche-00-02h,OUI,Dimanche,2020-03-29 00:00
21588,6,True,False,True,False,False,False,False,False,False,False,False,False,False,False,Dimanche-00-02h,OUI,Dimanche,2020-03-29 00:00
21589,135,True,False,True,False,False,False,False,False,False,False,False,False,True,False,Dimanche-00-02h,OUI,Dimanche,2020-03-29 00:00
21590,221,False,False,False,False,True,True,False,False,False,False,False,False,False,False,Dimanche-00-02h,OUI,Dimanche,2020-03-29 00:00
21591,170,False,False,True,False,False,False,False,False,False,False,True,False,False,True,Dimanche-00-02h,OUI,Dimanche,2020-03-29 00:00
21592,129,False,True,False,False,False,False,False,False,False,False,False,False,False,False,Dimanche-00-02h,OUI,Dimanche,2020-03-29 00:00
21593,132,True,True,True,False,False,True,False,False,False,False,False,False,False,False,Dimanche-00-02h,OUI,Dimanche,2020-03-29 00:00
21594,110,False,True,False,False,False,False,False,False,False,False,False,False,False,False,Dimanche-00-02h,OUI,Dimanche,2020-03-29 00:00
21595,191,False,False,False,False,False,True,False,False,False,False,False,False,False,False,Dimanche-00-02h,OUI,Dimanche,2020-03-29 00:00
21596,94,True,True,True,False,False,True,False,False,False,False,True,False,True,False,Dimanche-00-02h,OUI,Dimanche,2020-03-29 00:00
21597,108,False,False,False,False,False,True,True,False,False,False,False,False,False,False,Dimanche-00-02h,OUI,Dimanche,2020-03-29 00:00
21598,236,False,False,False,False,True,True,False,False,False,False,False,False,False,False,Dimanche-00-02h,OUI,Dimanche,2020-03-29 00:00
21599,42,True,False,True,False,True,False,False,False,False,False,False,False,False,False,Dimanche-00-02h,NON,Dimanche,2020-03-29 00:00
21600,155,True,False,False,False,True,False,False,False,False,False,False,False,False,False,Dimanche-00-02h,NON,Dimanche,2020-03-29 00:00
21601,1,False,False,False,False,False,False,False,False,False,False,False,False,False,False,Dimanche-00-02h,NON,Dimanche,2020-03-29 00:00
21602,58,False,True,True,False,False,True,False,False,False,False,True,False,False,False,Dimanche-00-02h,OUI,Dimanche,2020-03-29 00:00
21603,0,False,True,False,False,False,False,False,False,False,False,False,False,False,False,Dimanche-00-02h,OUI,Dimanche,2020-03-29 00:00
21604,269,False,False,False,False,False,False,False,False,False,False,False,False,False,False,Dimanche-00-02h,NON,Dimanche,2020-03-29 00:00
21605,2,True,False,True,False,False,False,False,False,False,False,False,False,False,False,Dimanche-00-02h,NON,Dimanche,2020-03-29 00:00
21606,103,False,False,False,False,True,False,False,False,False,False,False,False,False,False,Dimanche-00-02h,NON,Dimanche,2020-03-29 00:00
21607,12,False,True,False,False,True,False,False,False,False,False,False,False,False,False,Dimanche-00-02h,OUI,Dimanche,2020-03-29 00:00
21608,245,True,False,False,False,True,True,False,True,False,False,False,False,False,False,Dimanche-00-02h,NON,Dimanche,2020-03-29 00:00
21609,161,False,False,True,False,False,False,False,False,False,False,True,False,False,False,Dimanche-00-02h,OUI,Dimanche,2020-03-29 00:00
21610,38,False,False,False,False,False,False,False,False,True,False,False,False,False,False,Dimanche-00-02h,NON,Dimanche,2020-03-29 00:00
21611,122,False,False,False,False,False,False,False,False,False,False,False,False,False,False,Dimanche-00-02h,NON,Dimanche,2020-03-29 00:00
21612,248,False,False,True,False,False,False,False,False,False,False,False,False,True,False,Dimanche-00-02h,OUI,Dimanche,2020-03-29 00:00
21613,271,False,True,True,False,False,True,False,False,False,False,False,False,False,False,Dimanche-00-02h,OUI,Dimanche,2020-03-29 00:00
21614,116,False,False,True,False,False,False,False,False,False,False,False,False,False,False,Dimanche-00-02h,OUI,Dimanche,2020-03-29 00:00
21615,117,True,True,True,True,False,True,False,False,False,False,False,False,False,False,Dimanche-00-02h,NON,Dimanche,2020-03-29 00:00
21616,213,False,False,False,False,True,True,False,True,False,False,False,False,False,False,Dimanche-00-02h,OUI,Dimanche,2020-03-29 00:00
21617,220,False,True,True,False,False,True,False,False,False,False,False,False,False,False,Dimanche-00-02h,OUI,Dimanche,2020-03-29 00:00
21618,176,False,False,True,False,False,False,False,False,False,False,False,False,False,False,Dimanche-00-02h,NON,Dimanche,2020-03-29 00:00
21619,96,False,False,False,False,True,True,False,False,False,True,False,False,False,False,Dimanche-00-02h,NON,Dimanche,2020-03-29 00:00
21620,214,False,False,False,False,True,True,False,False,False,True,False,False,False,False,Dimanche-00-02h,OUI,Dimanche,2020-03-29 00:00
21621,11,True,False,False,True,False,False,False,False,False,False,True,False,False,False,Dimanche-00-02h,NON,Dimanche,2020-03-29 00:00
21622,255,True,False,True,False,False,False,False,True,False,False,False,False,False,False,Dimanche-00-02h,NON,Dimanche,2020-03-29 00:00
21623,86,False,False,True,False,False,False,False,False,False,False,False,False,False,False,Dimanche-00-02h,NON,Dimanche,2020-03-29 00:00
21624,209,True,False,False,False,True,True,False,True,False,False,False,False,False,False,Dimanche-00-02h,OUI,Dimanche,2020-03-29 00:00
21625,291,False,False,False,False,False,True,False,False,True,False,False,False,False,False,Dimanche-00-02h,OUI,Dimanche,2020-03-29 00:00
21626,287,False,False,False,False,False,False,False,False,False,False,False,True,False,False,Dimanche-00-02h,OUI,Dimanche,2020-03-29 00:00
21627,104,False,False,False,False,True,True,False,False,False,False,False,False,False,False,Dimanche-00-02h,NON,Dimanche,2020-03-29 00:00
21628,18,False,False,False,False,True,False,False,False,False,False,False,False,False,False,Dimanche-00-02h,OUI,Dimanche,2020-03-29 00:00
21629,123,False,True,False,False,True,True,False,False,False,False,False,False,False,False,Dimanche-00-02h,NON,Dimanche,2020-03-29 00:00
21630,136,False,False,False,False,True,False,False,False,False,False,False,False,False,False,Dimanche-00-02h,NON,Dimanche,2020-03-29 00:00
21631,276,True,False,True,False,False,False,False,False,False,False,False,False,False,False,Dimanche-00-02h,NON,Dimanche,2020-03-29 00:00
21632,53,False,False,False,False,True,True,False,False,False,False,False,False,False,False,Dimanche-00-02h,OUI,Dimanche,2020-03-29 00:00
21633,179,True,False,True,False,False,False,False,False,False,False,False,False,False,False,Dimanche-00-02h,OUI,Dimanche,2020-03-29 00:00
21634,200,False,False,False,False,False,False,False,False,False,False,False,False,False,False,Dimanche-00-02h,NON,Dimanche,2020-03-29 00:00
21635,73,False,False,False,False,False,False,False,False,False,False,False,False,False,False,Dimanche-00-02h,NON,Dimanche,2020-03-29 00:00
21636,156,False,False,False,False,True,True,False,False,False,False,False,False,False,False,Dimanche-00-02h,NON,Dimanche,2020-03-29 00:00
21637,128,True,True,True,False,False,True,False,False,False,False,False,False,False,False,Dimanche-00-02h,OUI,Dimanche,2020-03-29 00:00
21638,118,False,False,False,False,False,False,False,False,False,False,False,False,False,False,Dimanche-00-02h,NON,Dimanche,2020-03-29 00:00
21639,112,True,False,True,False,False,False,False,False,False,False,False,False,False,False,Dimanche-00-02h,OUI,Dimanche,2020-03-29 00:00
21640,35,False,False,False,False,True,True,False,False,False,False,False,False,False,False,Dimanche-00-02h,NON,Dimanche,2020-03-29 00:00
21641,32,False,False,False,False,False,False,False,False,False,False,False,True,False,False,Dimanche-00-02h,NON,Dimanche,2020-03-29 00:00
21642,199,True,False,True,False,False,False,False,False,False,False,False,False,False,False,Dimanche-00-02h,OUI,Dimanche,2020-03-29 00:00
21643,153,True,False,False,False,True,True,False,False,False,False,False,False,False,False,Dimanche-00-02h,NON,Dimanche,2020-03-29 00:00
21644,82,False,False,True,False,False,False,False,False,False,False,False,False,False,False,Dimanche-00-02h,OUI,Dimanche,2020-03-29 00:00
21645,292,False,True,False,False,False,False,False,False,False,False,False,False,False,False,Dimanche-00-02h,OUI,Dimanche,2020-03-29 00:00
21646,169,False,False,False,True,False,False,False,False,False,False,False,False,False,False,Dimanche-00-02h,NON,Dimanche,2020-03-29 00:00
21647,16,False,False,False,False,True,True,False,False,False,False,False,False,False,False,Dimanche-00-02h,OUI,Dimanche,2020-03-29 00:00
21648,46,True,True,True,False,False,True,True,False,False,False,False,False,False,False,Dimanche-00-02h,NON,Dimanche,2020-03-29 00:00
21649,216,False,True,False,False,False,True,False,False,False,False,False,False,False,False,Dimanche-00-02h,OUI,Dimanche,2020-03-29 00:00
21650,174,False,True,True,False,False,True,False,False,False,False,True,False,False,False,Dimanche-00-02h,OUI,Dimanche,2020-03-29 00:00
21651,43,False,False,False,False,True,False,False,False,False,False,False,False,False,False,Dimanche-00-02h,NON,Dimanche,2020-03-29 00:00
21652,165,False,False,False,False,True,True,False,False,False,False,False,False,False,False,Dimanche-00-02h,NON,Dimanche,2020-03-29 00:00
21653,126,False,True,False,False,False,True,False,False,False,False,False,False,False,False,Dimanche-00-02h,OUI,Dimanche,2020-03-29 00:00
21654,41,False,False,False,False,False,True,False,False,True,False,False,False,False,False,Dimanche-00-02h,NON,Dimanche,2020-03-29 00:00
21655,157,False,False,True,False,False,False,False,False,False,False,False,False,False,False,Dimanche-00-02h,NON,Dimanche,2020-03-29 00:00
21656,272,False,True,True,False,False,False,True,False,False,False,True,False,True,True,Dimanche-00-02h,OUI,Dimanche,2020-03-29 00:00
21657,115,True,False,True,False,False,False,False,False,False,False,False,False,False,False,Dimanche-00-02h,OUI,Dimanche,2020-03-29 00:00
21658,84,False,False,False,False,False,False,False,False,False,False,False,True,False,False,Dimanche-00-02h,OUI,Dimanche,2020-03-29 00:00
21659,183,True,True,True,True,False,False,False,False,False,False,False,False,False,False,Dimanche-00-02h,NON,Dimanche,2020-03-29 00:00
21660,65,True,True,False,False,False,True,False,False,False,False,False,False,False,False,Dimanche-00-02h,OUI,Dimanche,2020-03-29 00:00
21661,105,True,False,False,False,False,False,False,False,False,False,False,False,False,False,Dimanche-00-02h,OUI,Dimanche,2020-03-29 00:00
21662,187,True,False,False,False,False,True,False,False,False,False,False,False,False,False,Dimanche-00-02h,NON,Dimanche,2020-03-29 00:00
21663,139,True,False,True,False,False,False,False,False,False,False,False,False,False,False,Dimanche-00-02h,NON,Dimanche,2020-03-29 00:00
21664,259,False,False,False,False,True,True,False,False,False,False,False,False,False,False,Dimanche-00-02h,NON,Dimanche,2020-03-29 00:00
21665,124,True,False,True,False,False,False,False,False,False,False,True,False,False,False,Dimanche-00-02h,NON,Dimanche,2020-03-29 00:00
21666,98,False,False,False,False,False,True,False,False,False,False,False,True,False,False,Dimanche-00-02h,OUI,Dimanche,2020-03-29 00:00
21667,284,False,True,True,False,False,True,False,False,False,False,False,False,True,False,Dimanche-00-02h,OUI,Dimanche,2020-03-29 00:00
21668,148,True,False,True,False,True,False,False,True,False,False,False,False,False,False,Dimanche-00-02h,NON,Dimanche,2020-03-29 00:00
21669,258,True,False,True,False,False,False,False,False,False,False,False,False,False,False,Dimanche-00-02h,OUI,Dimanche,2020-03-29 00:00
21670,175,False,False,False,False,False,True,False,False,False,False,False,False,False,False,Dimanche-00-02h,NON,Dimanche,2020-03-29 00:00
21671,119,False,False,False,False,False,False,False,False,False,False,True,False,False,False,Dimanche-00-02h,NON,Dimanche,2020-03-29 00:00
21672,229,True,False,True,False,False,False,False,True,False,False,False,False,False,False,Dimanche-00-02h,NON,Dimanche,2020-03-29 00:00
21673,230,False,False,False,False,False,True,True,False,False,False,False,False,False,False,Dimanche-00-02h,NON,Dimanche,2020-03-29 00:00
21674,17,True,False,False,False,False,True,True,False,False,False,False,False,False,False,Dimanche-00-02h,NON,Dimanche,2020-03-29 00:00
21675,177,False,False,False,False,False,False,False,False,False,False,False,False,False,False,Dimanche-00-02h,NON,Dimanche,2020-03-29 00:00
21676,7,False,False,False,False,False,False,False,False,False,False,False,False,False,False,Dimanche-00-02h,NON,Dimanche,2020-03-29 00:00
21677,241,False,False,True,False,False,False,False,False,False,False,False,False,False,False,Dimanche-00-02h,NON,Dimanche,2020-03-29 00:00
21678,8,True,False,False,False,True,True,False,True,False,False,False,False,False,False,Dimanche-00-02h,NON,Dimanche,2020-03-29 00:00
21679,268,False,True,False,False,False,True,False,False,False,False,False,False,False,False,Dimanche-00-02h,OUI,Dimanche,2020-03-29 00:00
21680,294,False,False,True,False,True,False,False,False,False,False,False,False,False,False,Dimanche-00-02h,OUI,Dimanche,2020-03-29 00:00
21681,242,True,False,False,False,True,True,False,False,False,False,False,False,False,False,Dimanche-00-02h,NON,Dimanche,2020-03-29 00:00
21682,194,False,False,False,False,False,True,False,False,False,False,False,False,False,False,Dimanche-00-02h,NON,Dimanche,2020-03-29 00:00
21683,243,False,False,False,False,True,True,False,False,False,False,False,False,False,False,Dimanche-00-02h,OUI,Dimanche,2020-03-29 00:00
21684,212,True,True,True,False,False,True,False,False,False,False,False,False,False,False,Dimanche-00-02h,OUI,Dimanche,2020-03-29 00:00
21685,19,False,False,False,False,False,True,False,False,False,False,False,False,False,False,Dimanche-00-02h,OUI,Dimanche,2020-03-29 00:00
21686,114,False,False,False,False,True,False,False,False,False,False,False,False,False,False,Dimanche-00-02h,OUI,Dimanche,2020-03-29 00:00
21687,190,False,False,False,False,False,True,False,False,True,False,False,False,False,False,Dimanche-00-02h,NON,Dimanche,2020-03-29 00:00
21688,64,False,False,True,False,False,False,False,False,False,False,False,False,False,False,Dimanche-00-02h,NON,Dimanche,2020-03-29 00:00
21689,227,False,False,False,False,False,False,False,False,False,False,False,False,False,False,Dimanche-00-02h,NON,Dimanche,2020-03-29 00:00
21690,232,False,False,False,False,False,True,False,False,False,False,False,False,False,False,Dimanche-00-02h,OUI,Dimanche,2020-03-29 00:00
21691,246,False,True,False,False,False,True,True,False,False,False,False,False,False,False,Dimanche-00-02h,OUI,Dimanche,2020-03-29 00:00
21692,100,False,False,False,False,False,True,False,False,False,False,False,False,False,False,Dimanche-00-02h,OUI,Dimanche,2020-03-29 00:00
21693,13,False,False,False,False,True,False,False,False,False,False,False,False,False,False,Dimanche-00-02h,NON,Dimanche,2020-03-29 00:00
21694,262,True,True,True,False,False,False,False,False,False,False,False,False,False,False,Dimanche-00-02h,OUI,Dimanche,2020-03-29 00:00
21695,76,True,True,True,False,False,True,False,False,False,False,True,False,False,False,Dimanche-00-02h,NON,Dimanche,2020-03-29 00:00
21696,261,False,True,False,False,True,False,False,False,False,False,False,False,False,False,Dimanche-00-02h,NON,Dimanche,2020-03-29 00:00
21697,150,False,True,False,False,False,False,False,False,False,False,False,False,False,False,Dimanche-00-02h,OUI,Dimanche,2020-03-29 00:00
21698,205,False,False,False,False,False,False,False,False,False,False,False,False,False,False,Dimanche-00-02h,NON,Dimanche,2020-03-29 00:00
21699,56,False,False,False,False,True,True,False,False,False,False,False,False,False,False,Dimanche-00-02h,OUI,Dimanche,2020-03-29 00:00
21700,186,False,False,False,False,True,False,False,False,False,False,False,False,False,False,Dimanche-00-02h,OUI,Dimanche,2020-03-29 00:00
21701,162,True,False,False,False,True,True,False,False,False,False,False,False,False,False,Dimanche-00-02h,NON,Dimanche,2020-03-29 00:00
21702,68,False,True,False,False,True,True,False,False,False,False,False,False,False,False,Dimanche-00-02h,OUI,Dimanche,2020-03-29 00:00
21703,146,False,False,False,False,False,True,False,False,False,False,False,True,False,False,Dimanche-00-02h,OUI,Dimanche,2020-03-29 00:00
21704,49,False,False,False,False,False,False,False,False,False,False,False,False,True,False,Dimanche-00-02h,OUI,Dimanche,2020-03-29 00:00
21705,91,True,False,True,True,False,False,False,False,False,False,False,False,False,False,Dimanche-00-02h,OUI,Dimanche,2020-03-29 00:00
21706,22,False,False,False,False,False,False,False,False,False,True,False,False,False,False,Dimanche-00-02h,NON,Dimanche,2020-03-29 00:00
21707,151,False,False,False,False,True,False,False,False,False,False,False,False,False,False,Dimanche-00-02h,OUI,Dimanche,2020-03-29 00:00
21708,193,False,False,False,False,True,True,False,False,False,False,False,False,False,False,Dimanche-00-02h,OUI,Dimanche,2020-03-29 00:00
21709,9,True,True,False,False,False,False,False,False,False,False,False,False,False,False,Dimanche-00-02h,NON,Dimanche,2020-03-29 00:00
21710,99,True,False,True,False,False,False,False,False,False,False,False,False,False,False,Dimanche-00-02h,NON,Dimanche,2020-03-29 00:00
21711,181,False,False,False,False,True,True,False,False,False,False,False,False,False,False,Dimanche-00-02h,OUI,Dimanche,2020-03-29 00:00
21712,111,False,False,False,False,False,True,False,True,False,False,False,False,False,False,Dimanche-00-02h,OUI,Dimanche,2020-03-29 00:00
21713,44,False,True,False,False,False,True,False,False,False,False,False,False,False,False,Dimanche-00-02h,NON,Dimanche,2020-03-29 00:00
21714,24,False,False,False,False,True,False,False,True,False,False,False,False,False,False,Dimanche-00-02h,NON,Dimanche,2020-03-29 00:00
21715,102,False,False,False,False,True,True,False,True,False,False,False,False,False,False,Dimanche-00-02h,OUI,Dimanche,2020-03-29 00:00
21716,203,True,True,False,False,False,False,False,True,False,False,False,False,False,False,Dimanche-00-02h,NON,Dimanche,2020-03-29 00:00
21717,140,False,False,False,False,True,True,False,True,False,False,False,False,False,False,Dimanche-00-02h,NON,Dimanche,2020-03-29 00:00
21718,188,False,False,False,False,False,True,False,False,True,False,False,False,False,False,Dimanche-00-02h,NON,Dimanche,2020-03-29 00:00
21719,206,False,False,False,True,False,False,False,False,False,False,True,False,False,False,Dimanche-00-02h,NON,Dimanche,2020-03-29 00:00
21720,273,False,False,False,False,False,False,False,False,False,False,False,True,False,False,Dimanche-00-02h,NON,Dimanche,2020-03-29 00:00
21721,69,True,False,True,False,False,False,False,False,False,False,False,False,False,False,Dimanche-00-02h,NON,Dimanche,2020-03-29 00:00
21722,87,True,False,False,True,False,False,False,False,False,False,True,False,False,False,Dimanche-00-02h,OUI,Dimanche,2020-03-29 00:00
21723,83,True,False,True,False,False,False,False,False,False,False,False,False,False,False,Dimanche-00-02h,NON,Dimanche,2020-03-29 00:00
21724,149,True,False,True,True,False,False,False,False,False,False,False,False,False,False,Dimanche-00-02h,OUI,Dimanche,2020-03-29 00:00
21725,274,False,False,False,False,False,True,False,False,False,False,False,False,False,False,Dimanche-00-02h,NON,Dimanche,2020-03-29 00:00
21726,282,True,False,True,True,False,False,False,False,False,False,False,False,False,False,Dimanche-00-02h,OUI,Dimanche,2020-03-29 00:00
21727,147,False,False,False,False,False,False,False,False,False,False,False,False,False,False,Dimanche-00-02h,NON,Dimanche,2020-03-29 00:00
21728,238,False,False,False,False,False,False,False,False,False,False,False,True,False,False,Dimanche-00-02h,NON,Dimanche,2020-03-29 00:00
21729,201,False,False,False,False,False,False,False,False,False,False,False,False,False,False,Dimanche-00-02h,NON,Dimanche,2020-03-29 00:00
21730,152,False,True,False,False,False,False,False,False,False,False,False,False,False,False,Dimanche-00-02h,NON,Dimanche,2020-03-29 00:00
21731,222,False,False,False,False,False,True,False,False,True,True,False,False,False,False,Dimanche-00-02h,NON,Dimanche,2020-03-29 00:00
21732,106,False,False,False,False,False,True,False,False,False,False,False,True,False,False,Dimanche-00-02h,OUI,Dimanche,2020-03-29 00:00
21733,133,False,False,True,False,True,False,False,False,False,False,False,False,False,False,Dimanche-00-02h,NON,Dimanche,2020-03-29 00:00
21734,163,False,False,False,False,True,False,False,False,False,False,False,False,False,False,Dimanche-00-02h,NON,Dimanche,2020-03-29 00:00
21735,231,False,False,False,False,False,False,False,False,False,False,False,False,False,False,Dimanche-00-02h,NON,Dimanche,2020-03-29 00:00
21736,25,False,False,False,False,True,False,False,False,False,False,False,False,False,False,Dimanche-00-02h,NON,Dimanche,2020-03-29 00:00
21737,196,False,False,True,False,True,False,False,True,False,False,False,False,False,False,Dimanche-00-02h,OUI,Dimanche,2020-03-29 00:00
21738,5,False,False,False,False,True,True,False,False,False,False,False,False,False,False,Dimanche-00-02h,NON,Dimanche,2020-03-29 00:00
21739,90,False,True,False,False,False,False,False,False,False,False,False,False,False,False,Dimanche-00-02h,OUI,Dimanche,2020-03-29 00:00
21740,244,True,False,True,False,False,False,False,False,False,False,False,False,False,False,Dimanche-00-02h,NON,Dimanche,2020-03-29 00:00
21741,107,False,True,False,False,False,True,False,False,False,False,False,False,False,False,Dimanche-00-02h,OUI,Dimanche,2020-03-29 00:00
21742,218,False,True,False,False,True,True,False,False,False,False,False,False,False,False,Dimanche-00-02h,OUI,Dimanche,2020-03-29 00:00
21743,62,False,True,True,False,True,True,False,False,False,False,False,False,False,False,Dimanche-00-02h,OUI,Dimanche,2020-03-29 00:00
21744,79,False,True,False,False,False,False,False,False,False,False,False,False,False,False,Dimanche-00-02h,OUI,Dimanche,2020-03-29 00:00
21745,208,False,False,False,False,False,True,False,False,False,False,False,False,False,False,Dimanche-00-02h,NON,Dimanche,2020-03-29 00:00
21746,270,False,False,False,False,False,False,False,False,True,False,False,False,False,False,Dimanche-00-02h,NON,Dimanche,2020-03-29 00:00
21747,166,True,False,False,False,True,True,False,False,False,False,False,False,False,False,Dimanche-00-02h,OUI,Dimanche,2020-03-29 00:00
21748,77,False,False,True,False,True,False,False,False,False,False,False,False,False,False,Dimanche-00-02h,NON,Dimanche,2020-03-29 00:00
21749,29,False,False,False,False,False,True,False,False,False,False,False,True,False,False,Dimanche-00-02h,OUI,Dimanche,2020-03-29 00:00
21750,240,False,False,False,False,False,True,False,False,False,False,False,False,False,False,Dimanche-00-02h,OUI,Dimanche,2020-03-29 00:00
21751,184,False,True,False,False,False,False,False,False,False,False,False,False,False,False,Dimanche-00-02h,OUI,Dimanche,2020-03-29 00:00
21752,277,False,True,True,False,False,True,False,False,False,False,False,False,False,False,Dimanche-00-02h,OUI,Dimanche,2020-03-29 00:00
21753,80,True,False,False,False,False,True,False,False,False,True,False,False,False,False,Dimanche-00-02h,NON,Dimanche,2020-03-29 00:00
21754,185,True,True,True,False,False,True,False,False,False,False,True,False,True,False,Dimanche-00-02h,NON,Dimanche,2020-03-29 00:00
21755,204,False,False,False,False,True,True,False,False,False,False,False,True,False,False,Dimanche-00-02h,OUI,Dimanche,2020-03-29 00:00
21756,252,True,True,True,False,False,True,False,False,False,False,False,False,False,False,Dimanche-00-02h,OUI,Dimanche,2020-03-29 00:00
21757,26,False,False,False,False,True,False,False,False,False,False,False,False,False,False,Dimanche-00-02h,NON,Dimanche,2020-03-29 00:00
21758,70,False,False,False,False,True,False,False,False,False,False,False,True,False,False,Dimanche-00-02h,NON,Dimanche,2020-03-29 00:00
21759,233,False,False,False,False,True,False,False,False,False,False,False,False,False,False,Dimanche-00-02h,NON,Dimanche,2020-03-29 00:00
21760,37,True,True,True,False,True,True,False,False,False,False,False,False,False,False,Dimanche-00-02h,NON,Dimanche,2020-03-29 00:00
21761,185,False,False,True,False,False,False,False,False,False,False,False,False,False,False,Dimanche-00-02h,OUI,Dimanche,2020-03-29 00:00
21762,138,True,False,False,False,True,True,False,False,False,False,False,False,False,False,Dimanche-00-02h,OUI,Dimanche,2020-03-29 00:00
21763,224,True,False,True,False,False,False,False,False,False,False,False,False,False,False,Dimanche-00-02h,OUI,Dimanche,2020-03-29 00:00
21764,66,False,False,False,False,True,True,False,False,False,False,False,False,True,False,Dimanche-00-02h,OUI,Dimanche,2020-03-29 00:00
21765,211,False,False,True,False,False,False,False,False,False,False,False,False,True,False,Dimanche-00-02h,NON,Dimanche,2020-03-29 00:00
21766,14,False,False,False,False,True,True,False,False,False,False,False,False,False,False,Dimanche-00-02h,NON,Dimanche,2020-03-29 00:00
21767,145,False,False,False,False,True,False,False,False,False,False,False,False,False,False,Dimanche-00-02h,NON,Dimanche,2020-03-29 00:00
21768,36,False,False,False,False,False,False,False,False,False,False,False,True,False,False,Dimanche-00-02h,NON,Dimanche,2020-03-29 00:00
21769,60,True,True,True,False,False,True,False,False,False,False,False,False,False,False,Dimanche-00-02h,NON,Dimanche,2020-03-29 00:00
21770,137,True,True,True,False,False,True,False,False,False,False,True,False,False,False,Dimanche-00-02h,OUI,Dimanche,2020-03-29 00:00
21771,285,False,True,False,False,True,True,False,False,False,False,False,False,False,False,Dimanche-00-02h,NON,Dimanche,2020-03-29 00:00
21772,40,False,True,True,False,True,True,False,False,False,False,False,False,False,False,Dimanche-00-02h,OUI,Dimanche,2020-03-29 00:00
21773,97,False,False,False,False,False,True,False,False,False,False,False,False,False,False,Dimanche-00-02h,OUI,Dimanche,2020-03-29 00:00
21774,109,True,False,True,True,False,False,False,False,False,False,False,False,False,False,Dimanche-00-02h,NON,Dimanche,2020-03-29 00:00
21775,10,False,False,False,False,False,False,False,False,False,False,False,False,False,False,Dimanche-00-02h,NON,Dimanche,2020-03-29 00:00
21776,256,False,False,False,False,False,False,False,False,False,False,False,True,False,False,Dimanche-00-02h,OUI,Dimanche,2020-03-29 00:00
21777,141,True,True,True,False,False,False,False,False,False,False,True,False,False,False,Dimanche-00-02h,NON,Dimanche,2020-03-29 00:00
21778,28,False,False,False,False,False,False,False,False,False,False,False,False,False,False,Dimanche-00-02h,NON,Dimanche,2020-03-29 00:00
21779,101,True,True,True,True,True,True,False,False,False,False,False,False,False,False,Dimanche-00-02h,OUI,Dimanche,2020-03-29 00:00
21780,48,True,False,True,False,True,False,False,False,False,False,False,False,True,False,Dimanche-00-02h,OUI,Dimanche,2020-03-29 00:00
21781,27,False,False,False,False,False,True,False,False,False,False,False,False,False,False,Dimanche-00-02h,OUI,Dimanche,2020-03-29 00:00
21782,142,True,False,True,False,False,False,False,False,False,False,True,False,True,False,Dimanche-00-02h,NON,Dimanche,2020-03-29 00:00
21783,234,False,False,True,False,False,False,False,False,False,False,True,False,False,False,Dimanche-00-02h,OUI,Dimanche,2020-03-29 00:00
21784,23,False,False,False,False,True,False,False,False,False,False,False,False,False,False,Dimanche-00-02h,NON,Dimanche,2020-03-29 00:00
21785,195,False,False,False,False,True,False,False,False,True,False,False,False,False,False,Dimanche-00-02h,NON,Dimanche,2020-03-29 00:00
21786,275,False,False,False,False,False,False,False,False,False,False,False,True,False,False,Dimanche-00-02h,NON,Dimanche,2020-03-29 00:00
21787,226,False,False,False,False,True,True,False,False,False,False,False,False,False,False,Dimanche-00-02h,NON,Dimanche,2020-03-29 00:00
21788,207,False,False,True,False,False,False,False,False,False,False,False,False,False,False,Dimanche-00-02h,NON,Dimanche,2020-03-29 00:00
21789,57,False,False,False,False,False,False,False,False,False,False,False,False,False,False,Dimanche-00-02h,NON,Dimanche,2020-03-29 00:00
21790,4,False,True,False,False,False,True,False,False,False,False,False,False,False,False,Dimanche-00-02h,NON,Dimanche,2020-03-29 00:00
21791,265,False,False,False,False,False,True,False,False,False,False,False,False,False,False,Dimanche-00-02h,NON,Dimanche,2020-03-29 00:00
21792,88,False,True,False,False,False,False,False,False,False,False,False,False,False,False,Dimanche-00-02h,NON,Dimanche,2020-03-29 00:00
21793,198,False,False,False,False,False,False,False,False,False,False,True,False,False,False,Dimanche-00-02h,NON,Dimanche,2020-03-29 00:00
21794,249,True,True,True,False,False,False,False,False,False,False,False,False,False,False,Dimanche-00-02h,NON,Dimanche,2020-03-29 00:00
21795,263,False,False,False,False,True,True,False,False,False,False,False,False,False,False,Dimanche-00-02h,NON,Dimanche,2020-03-29 00:00
21796,217,True,False,True,False,False,False,False,False,False,False,False,False,True,False,Dimanche-00-02h,OUI,Dimanche,2020-03-29 00:00
21797,278,False,False,False,False,True,True,False,False,False,False,False,False,False,False,Dimanche-00-02h,NON,Dimanche,2020-03-29 00:00
21798,189,False,True,False,False,False,False,False,False,False,False,False,False,False,False,Dimanche-00-02h,NON,Dimanche,2020-03-29 00:00
21799,61,True,False,True,False,False,False,False,False,False,False,False,False,False,False,Dimanche-00-02h,OUI,Dimanche,2020-03-29 00:00
21800,251,False,False,False,False,False,False,False,False,False,False,False,False,True,False,Dimanche-00-02h,NON,Dimanche,2020-03-29 00:00
21801,281,False,True,False,False,False,False,False,False,False,False,False,False,False,False,Dimanche-00-02h,OUI,Dimanche,2020-03-29 00:00
21802,134,False,True,False,False,False,False,False,False,False,False,False,False,False,False,Dimanche-00-02h,OUI,Dimanche,2020-03-29 00:00
21803,293,False,True,False,False,False,True,False,False,False,False,False,False,False,False,Dimanche-00-02h,NON,Dimanche,2020-03-29 00:00
21804,279,True,True,True,True,False,True,False,False,False,False,False,False,False,False,Dimanche-00-02h,NON,Dimanche,2020-03-29 00:00
21805,81,True,False,True,True,False,False,False,True,False,False,False,False,False,False,Dimanche-00-02h,OUI,Dimanche,2020-03-29 00:00
21806,92,True,False,False,True,False,False,False,False,False,False,True,False,False,False,Dimanche-00-02h,NON,Dimanche,2020-03-29 00:00
21807,147,False,False,False,False,False,False,False,False,False,False,False,False,False,False,Dimanche-00-02h,NON,Dimanche,2020-03-29 00:00
21808,33,False,True,False,False,True,False,False,False,False,False,False,False,False,False,Dimanche-00-02h,OUI,Dimanche,2020-03-29 00:00
21809,266,False,False,False,False,False,False,False,False,False,False,False,False,False,False,Dimanche-00-02h,NON,Dimanche,2020-03-29 00:00
21810,225,True,False,False,False,False,True,False,False,False,False,False,False,False,False,Dimanche-00-02h,OUI,Dimanche,2020-03-29 00:00
21811,83,True,False,True,False,False,False,False,False,False,False,False,False,False,False,Dimanche-00-02h,NON,Dimanche,2020-03-29 00:00
21812,95,False,False,False,False,True,True,False,True,False,False,False,False,False,False,Dimanche-00-02h,NON,Dimanche,2020-03-29 00:00
21813,127,False,False,False,False,True,False,False,False,False,False,False,False,False,False,Dimanche-00-02h,NON,Dimanche,2020-03-29 00:00
21814,20,False,False,False,False,False,False,False,False,False,False,False,False,False,False,Dimanche-00-02h,NON,Dimanche,2020-03-29 00:00
21815,89,False,False,False,False,False,False,False,False,True,False,False,False,False,False,Dimanche-00-02h,OUI,Dimanche,2020-03-29 00:00
21816,120,False,True,True,False,True,True,False,True,False,False,True,False,False,False,Dimanche-00-02h,NON,Dimanche,2020-03-29 00:00
21817,253,False,False,False,False,True,True,False,False,False,False,False,True,False,False,Dimanche-00-02h,NON,Dimanche,2020-03-29 00:00
21818,52,False,False,True,False,False,False,False,False,False,False,False,False,False,False,Dimanche-00-02h,NON,Dimanche,2020-03-29 00:00
21819,168,True,False,True,False,False,False,False,True,False,False,False,False,False,False,Dimanche-00-02h,OUI,Dimanche,2020-03-29 00:00
21820,202,False,True,False,False,False,False,False,False,False,False,False,False,False,False,Dimanche-00-02h,OUI,Dimanche,2020-03-29 00:00
21821,172,False,False,False,False,True,False,False,False,False,False,False,False,False,False,Dimanche-00-02h,NON,Dimanche,2020-03-29 00:00
21822,239,False,False,False,False,True,True,False,False,False,False,False,False,False,False,Dimanche-00-02h,NON,Dimanche,2020-03-29 00:00
21823,85,False,False,False,False,True,False,False,False,False,False,False,False,False,False,Dimanche-00-02h,NON,Dimanche,2020-03-29 00:00
21824,215,False,False,False,False,False,False,False,False,True,False,False,False,False,False,Dimanche-00-02h,OUI,Dimanche,2020-03-29 00:00
21825,260,True,False,True,False,False,False,False,False,False,False,False,False,False,False,Dimanche-00-02h,NON,Dimanche,2020-03-29 00:00
21826,286,True,True,False,False,True,False,False,False,False,False,False,False,False,False,Dimanche-00-02h,NON,Dimanche,2020-03-29 00:00
21827,72,False,True,False,False,False,False,False,False,False,False,False,False,False,False,Dimanche-02-04h,NON,Dimanche,2020-03-29 02:00
21828,167,True,True,True,True,True,True,False,False,False,False,False,False,False,False,Dimanche-02-04h,OUI,Dimanche,2020-03-29 02:00
21829,130,True,False,True,False,False,False,False,True,False,False,False,False,True,True,Dimanche-02-04h,NON,Dimanche,2020-03-29 02:00
21830,288,True,True,True,False,True,False,False,False,False,False,False,False,False,False,Dimanche-02-04h,OUI,Dimanche,2020-03-29 02:00
21831,59,False,False,False,False,False,True,False,False,False,False,False,False,False,False,Dimanche-02-04h,NON,Dimanche,2020-03-29 02:00
21832,178,True,False,False,False,False,False,False,False,False,False,True,False,False,False,Dimanche-02-04h,OUI,Dimanche,2020-03-29 02:00
21833,254,False,False,False,False,False,False,False,False,False,False,False,True,False,False,Dimanche-02-04h,NON,Dimanche,2020-03-29 02:00
21834,34,False,False,False,False,False,False,False,False,False,False,False,False,False,False,Dimanche-02-04h,NON,Dimanche,2020-03-29 02:00
21835,264,False,False,False,False,True,True,True,False,False,False,False,False,False,False,Dimanche-02-04h,OUI,Dimanche,2020-03-29 02:00
21836,158,True,False,False,False,True,False,False,False,False,True,False,False,False,False,Dimanche-02-04h,NON,Dimanche,2020-03-29 02:00
21837,210,False,True,False,False,True,True,False,False,False,False,False,False,False,False,Dimanche-02-04h,NON,Dimanche,2020-03-29 02:00
21838,93,False,False,False,False,True,False,False,False,False,False,False,False,True,False,Dimanche-02-04h,OUI,Dimanche,2020-03-29 02:00
21839,144,True,False,True,False,True,False,False,False,False,False,False,False,False,False,Dimanche-02-04h,OUI,Dimanche,2020-03-29 02:00
21840,164,False,True,False,False,True,True,False,False,False,False,False,False,False,False,Dimanche-02-04h,OUI,Dimanche,2020-03-29 02:00
21841,289,False,False,False,False,True,True,False,False,False,False,False,False,False,False,Dimanche-02-04h,OUI,Dimanche,2020-03-29 02:00
21842,50,False,False,False,False,False,False,False,False,False,False,False,False,False,False,Dimanche-02-04h,NON,Dimanche,2020-03-29 02:00
21843,51,True,True,False,False,True,False,False,False,False,False,False,False,False,False,Dimanche-02-04h,OUI,Dimanche,2020-03-29 02:00
21844,247,False,False,True,False,False,False,False,False,False,False,False,False,False,False,Dimanche-02-04h,NON,Dimanche,2020-03-29 02:00
21845,159,False,False,False,False,False,False,False,True,False,False,False,False,False,False,Dimanche-02-04h,NON,Dimanche,2020-03-29 02:00
21846,54,False,False,False,False,False,True,False,False,False,False,False,False,False,False,Dimanche-02-04h,NON,Dimanche,2020-03-29 02:00
21847,55,True,False,False,False,True,True,False,True,False,False,False,False,False,False,Dimanche-02-04h,OUI,Dimanche,2020-03-29 02:00
21848,257,False,False,False,False,True,False,False,False,False,False,False,False,False,False,Dimanche-02-04h,NON,Dimanche,2020-03-29 02:00
21849,67,False,False,False,False,False,False,False,False,False,False,False,False,False,False,Dimanche-02-04h,NON,Dimanche,2020-03-29 02:00
21850,71,True,False,True,False,False,False,False,False,False,False,False,False,False,False,Dimanche-02-04h,NON,Dimanche,2020-03-29 02:00
21851,280,False,False,False,False,False,True,False,False,False,False,False,False,False,False,Dimanche-02-04h,OUI,Dimanche,2020-03-29 02:00
21852,283,True,True,False,False,False,False,False,False,False,False,False,False,False,False,Dimanche-02-04h,OUI,Dimanche,2020-03-29 02:00
21853,154,False,False,False,False,True,True,False,False,False,False,False,True,False,False,Dimanche-02-04h,OUI,Dimanche,2020-03-29 02:00
21854,171,False,False,False,False,False,False,False,False,False,False,False,True,False,False,Dimanche-02-04h,NON,Dimanche,2020-03-29 02:00
21855,131,False,False,True,False,False,False,False,False,False,False,False,False,False,False,Dimanche-02-04h,NON,Dimanche,2020-03-29 02:00
21856,237,True,False,False,False,False,True,True,False,False,False,False,False,True,False,Dimanche-02-04h,OUI,Dimanche,2020-03-29 02:00
21857,75,False,False,False,False,True,True,False,False,False,False,False,False,False,False,Dimanche-02-04h,NON,Dimanche,2020-03-29 02:00
21858,235,True,False,False,False,True,False,False,False,False,False,False,False,False,False,Dimanche-02-04h,NON,Dimanche,2020-03-29 02:00
21859,180,False,False,False,False,True,True,False,False,False,False,False,False,False,False,Dimanche-02-04h,OUI,Dimanche,2020-03-29 02:00
21860,219,False,False,False,False,False,True,False,False,False,False,False,False,False,False,Dimanche-02-04h,NON,Dimanche,2020-03-29 02:00
21861,250,False,False,False,False,False,False,False,False,True,False,False,False,False,False,Dimanche-02-04h,NON,Dimanche,2020-03-29 02:00
21862,267,True,True,False,False,False,False,False,False,False,False,False,False,False,False,Dimanche-02-04h,OUI,Dimanche,2020-03-29 02:00
21863,160,False,True,False,False,False,True,False,False,False,False,False,False,False,False,Dimanche-02-04h,OUI,Dimanche,2020-03-29 02:00
21864,182,False,True,False,False,True,True,True,False,False,False,False,False,False,False,Dimanche-02-04h,NON,Dimanche,2020-03-29 02:00
21865,143,False,False,False,False,False,False,False,True,False,False,True,False,False,False,Dimanche-02-04h,NON,Dimanche,2020-03-29 02:00
21866,223,True,True,False,False,False,False,False,False,False,False,False,False,False,False,Dimanche-02-04h,NON,Dimanche,2020-03-29 02:00
21867,192,True,False,True,False,False,False,False,False,False,False,False,False,False,False,Dimanche-02-04h,OUI,Dimanche,2020-03-29 02:00
21868,30,False,False,True,False,False,False,False,True,False,False,False,False,False,False,Dimanche-02-04h,OUI,Dimanche,2020-03-29 02:00
21869,125,True,False,False,False,True,False,False,True,False,False,False,False,False,False,Dimanche-02-04h,NON,Dimanche,2020-03-29 02:00
21870,39,False,False,True,False,True,False,False,True,False,False,False,False,False,False,Dimanche-02-04h,NON,Dimanche,2020-03-29 02:00
21871,113,True,False,True,False,False,False,False,False,False,False,False,False,False,False,Dimanche-02-04h,OUI,Dimanche,2020-03-29 02:00
21872,121,True,False,True,False,False,False,False,True,False,False,False,False,False,False,Dimanche-02-04h,NON,Dimanche,2020-03-29 02:00
21873,228,False,False,False,False,False,False,False,False,False,False,True,False,False,False,Dimanche-02-04h,OUI,Dimanche,2020-03-29 02:00
21874,290,False,False,False,False,False,False,False,False,True,False,False,False,False,False,Dimanche-02-04h,NON,Dimanche,2020-03-29 02:00
21875,197,False,False,True,False,True,False,False,False,False,False,False,False,False,False,Dimanche-02-04h,NON,Dimanche,2020-03-29 02:00
21876,31,True,True,True,False,False,True,False,False,False,False,False,False,False,False,Dimanche-02-04h,OUI,Dimanche,2020-03-29 02:00
21877,173,True,False,False,False,True,True,False,True,False,False,False,False,False,False,Dimanche-02-04h,NON,Dimanche,2020-03-29 02:00
21878,74,True,False,False,True,False,False,False,True,False,False,True,False,False,False,Dimanche-02-04h,OUI,Dimanche,2020-03-29 02:00
21879,15,False,False,True,False,False,False,False,False,False,False,False,False,False,False,Dimanche-02-04h,NON,Dimanche,2020-03-29 02:00
21880,45,True,False,False,False,True,True,False,True,False,False,False,False,False,False,Dimanche-02-04h,OUI,Dimanche,2020-03-29 02:00
21881,63,False,False,True,False,False,False,False,False,False,False,False,False,False,False,Dimanche-02-04h,OUI,Dimanche,2020-03-29 02:00
21882,3,False,False,False,False,False,True,False,False,False,False,False,True,False,False,Dimanche-02-04h,OUI,Dimanche,2020-03-29 02:00
21883,21,True,False,True,False,False,False,False,False,False,False,False,False,False,False,Dimanche-02-04h,OUI,Dimanche,2020-03-29 02:00
21884,78,False,True,True,False,True,True,False,True,False,False,False,False,False,False,Dimanche-02-04h,OUI,Dimanche,2020-03-29 02:00
21885,47,False,True,False,False,False,False,False,False,False,False,False,False,False,False,Dimanche-02-04h,NON,Dimanche,2020-03-29 02:00
21886,151,True,True,False,False,True,False,False,True,False,False,False,False,False,False,Dimanche-02-04h,OUI,Dimanche,2020-03-29 02:00
21887,6,True,False,True,False,False,False,False,False,False,False,False,False,False,False,Dimanche-02-04h,OUI,Dimanche,2020-03-29 02:00
21888,135,True,False,True,False,False,False,False,False,False,False,False,False,True,False,Dimanche-02-04h,OUI,Dimanche,2020-03-29 02:00
21889,221,False,False,False,False,True,True,False,False,False,False,False,False,False,False,Dimanche-02-04h,OUI,Dimanche,2020-03-29 02:00
21890,170,False,False,True,False,False,False,False,False,False,False,True,False,False,True,Dimanche-02-04h,OUI,Dimanche,2020-03-29 02:00
21891,129,False,True,False,False,False,False,False,False,False,False,False,False,False,False,Dimanche-02-04h,OUI,Dimanche,2020-03-29 02:00
21892,132,True,True,True,False,False,True,False,False,False,False,False,False,False,False,Dimanche-02-04h,OUI,Dimanche,2020-03-29 02:00
21893,110,False,True,False,False,False,False,False,False,False,False,False,False,False,False,Dimanche-02-04h,OUI,Dimanche,2020-03-29 02:00
21894,191,False,False,False,False,False,True,False,False,False,False,False,False,False,False,Dimanche-02-04h,OUI,Dimanche,2020-03-29 02:00
21895,94,True,True,True,False,False,True,False,False,False,False,True,False,True,False,Dimanche-02-04h,NON,Dimanche,2020-03-29 02:00
21896,108,False,False,False,False,False,True,True,False,False,False,False,False,False,False,Dimanche-02-04h,OUI,Dimanche,2020-03-29 02:00
21897,236,False,False,False,False,True,True,False,False,False,False,False,False,False,False,Dimanche-02-04h,OUI,Dimanche,2020-03-29 02:00
21898,42,True,False,True,False,True,False,False,False,False,False,False,False,False,False,Dimanche-02-04h,NON,Dimanche,2020-03-29 02:00
21899,155,True,False,False,False,True,False,False,False,False,False,False,False,False,False,Dimanche-02-04h,NON,Dimanche,2020-03-29 02:00
21900,1,False,False,False,False,False,False,False,False,False,False,False,False,False,False,Dimanche-02-04h,NON,Dimanche,2020-03-29 02:00
21901,58,False,True,True,False,False,True,False,False,False,False,True,False,False,False,Dimanche-02-04h,OUI,Dimanche,2020-03-29 02:00
21902,0,False,True,False,False,False,False,False,False,False,False,False,False,False,False,Dimanche-02-04h,OUI,Dimanche,2020-03-29 02:00
21903,269,False,False,False,False,False,False,False,False,False,False,False,False,False,False,Dimanche-02-04h,NON,Dimanche,2020-03-29 02:00
21904,2,True,False,True,False,False,False,False,False,False,False,False,False,False,False,Dimanche-02-04h,NON,Dimanche,2020-03-29 02:00
21905,103,False,False,False,False,True,False,False,False,False,False,False,False,False,False,Dimanche-02-04h,NON,Dimanche,2020-03-29 02:00
21906,12,False,True,False,False,True,False,False,False,False,False,False,False,False,False,Dimanche-02-04h,OUI,Dimanche,2020-03-29 02:00
21907,245,True,False,False,False,True,True,False,True,False,False,False,False,False,False,Dimanche-02-04h,NON,Dimanche,2020-03-29 02:00
21908,161,False,False,True,False,False,False,False,False,False,False,True,False,False,False,Dimanche-02-04h,OUI,Dimanche,2020-03-29 02:00
21909,38,False,False,False,False,False,False,False,False,True,False,False,False,False,False,Dimanche-02-04h,NON,Dimanche,2020-03-29 02:00
21910,122,False,False,False,False,False,False,False,False,False,False,False,False,False,False,Dimanche-02-04h,NON,Dimanche,2020-03-29 02:00
21911,248,False,False,True,False,False,False,False,False,False,False,False,False,True,False,Dimanche-02-04h,OUI,Dimanche,2020-03-29 02:00
21912,271,False,True,True,False,False,True,False,False,False,False,False,False,False,False,Dimanche-02-04h,OUI,Dimanche,2020-03-29 02:00
21913,116,False,False,True,False,False,False,False,False,False,False,False,False,False,False,Dimanche-02-04h,OUI,Dimanche,2020-03-29 02:00
21914,117,True,True,True,True,False,True,False,False,False,False,False,False,False,False,Dimanche-02-04h,NON,Dimanche,2020-03-29 02:00
21915,213,False,False,False,False,True,True,False,True,False,False,False,False,False,False,Dimanche-02-04h,OUI,Dimanche,2020-03-29 02:00
21916,220,False,True,True,False,False,True,False,False,False,False,False,False,False,False,Dimanche-02-04h,OUI,Dimanche,2020-03-29 02:00
21917,176,False,False,True,False,False,False,False,False,False,False,False,False,False,False,Dimanche-02-04h,NON,Dimanche,2020-03-29 02:00
21918,96,False,False,False,False,True,True,False,False,False,True,False,False,False,False,Dimanche-02-04h,NON,Dimanche,2020-03-29 02:00
21919,214,False,False,False,False,True,True,False,False,False,True,False,False,False,False,Dimanche-02-04h,OUI,Dimanche,2020-03-29 02:00
21920,11,True,False,False,True,False,False,False,False,False,False,True,False,False,False,Dimanche-02-04h,NON,Dimanche,2020-03-29 02:00
21921,255,True,False,True,False,False,False,False,True,False,False,False,False,False,False,Dimanche-02-04h,NON,Dimanche,2020-03-29 02:00
21922,86,False,False,True,False,False,False,False,False,False,False,False,False,False,False,Dimanche-02-04h,NON,Dimanche,2020-03-29 02:00
21923,209,True,False,False,False,True,True,False,True,False,False,False,False,False,False,Dimanche-02-04h,OUI,Dimanche,2020-03-29 02:00
21924,291,False,False,False,False,False,True,False,False,True,False,False,False,False,False,Dimanche-02-04h,OUI,Dimanche,2020-03-29 02:00
21925,287,False,False,False,False,False,False,False,False,False,False,False,True,False,False,Dimanche-02-04h,OUI,Dimanche,2020-03-29 02:00
21926,104,False,False,False,False,True,True,False,False,False,False,False,False,False,False,Dimanche-02-04h,NON,Dimanche,2020-03-29 02:00
21927,18,False,False,False,False,True,False,False,False,False,False,False,False,False,False,Dimanche-02-04h,OUI,Dimanche,2020-03-29 02:00
21928,123,False,True,False,False,True,True,False,False,False,False,False,False,False,False,Dimanche-02-04h,NON,Dimanche,2020-03-29 02:00
21929,136,False,False,False,False,True,False,False,False,False,False,False,False,False,False,Dimanche-02-04h,NON,Dimanche,2020-03-29 02:00
21930,276,True,False,True,False,False,False,False,False,False,False,False,False,False,False,Dimanche-02-04h,NON,Dimanche,2020-03-29 02:00
21931,53,False,False,False,False,True,True,False,False,False,False,False,False,False,False,Dimanche-02-04h,OUI,Dimanche,2020-03-29 02:00
21932,179,True,False,True,False,False,False,False,False,False,False,False,False,False,False,Dimanche-02-04h,OUI,Dimanche,2020-03-29 02:00
21933,200,False,False,False,False,False,False,False,False,False,False,False,False,False,False,Dimanche-02-04h,NON,Dimanche,2020-03-29 02:00
21934,73,False,False,False,False,False,False,False,False,False,False,False,False,False,False,Dimanche-02-04h,NON,Dimanche,2020-03-29 02:00
21935,156,False,False,False,False,True,True,False,False,False,False,False,False,False,False,Dimanche-02-04h,NON,Dimanche,2020-03-29 02:00
21936,128,True,True,True,False,False,True,False,False,False,False,False,False,False,False,Dimanche-02-04h,OUI,Dimanche,2020-03-29 02:00
21937,118,False,False,False,False,False,False,False,False,False,False,False,False,False,False,Dimanche-02-04h,NON,Dimanche,2020-03-29 02:00
21938,112,True,False,True,False,False,False,False,False,False,False,False,False,False,False,Dimanche-02-04h,OUI,Dimanche,2020-03-29 02:00
21939,35,False,False,False,False,True,True,False,False,False,False,False,False,False,False,Dimanche-02-04h,NON,Dimanche,2020-03-29 02:00
21940,32,False,False,False,False,False,False,False,False,False,False,False,True,False,False,Dimanche-02-04h,NON,Dimanche,2020-03-29 02:00
21941,199,True,False,True,False,False,False,False,False,False,False,False,False,False,False,Dimanche-02-04h,OUI,Dimanche,2020-03-29 02:00
21942,153,True,False,False,False,True,True,False,False,False,False,False,False,False,False,Dimanche-02-04h,NON,Dimanche,2020-03-29 02:00
21943,82,False,False,True,False,False,False,False,False,False,False,False,False,False,False,Dimanche-02-04h,OUI,Dimanche,2020-03-29 02:00
21944,292,False,True,False,False,False,False,False,False,False,False,False,False,False,False,Dimanche-02-04h,OUI,Dimanche,2020-03-29 02:00
21945,169,False,False,False,True,False,False,False,False,False,False,False,False,False,False,Dimanche-02-04h,NON,Dimanche,2020-03-29 02:00
21946,16,False,False,False,False,True,True,False,False,False,False,False,False,False,False,Dimanche-02-04h,OUI,Dimanche,2020-03-29 02:00
21947,46,True,True,True,False,False,True,True,False,False,False,False,False,False,False,Dimanche-02-04h,NON,Dimanche,2020-03-29 02:00
21948,216,False,True,False,False,False,True,False,False,False,False,False,False,False,False,Dimanche-02-04h,OUI,Dimanche,2020-03-29 02:00
21949,174,False,True,True,False,False,True,False,False,False,False,True,False,False,False,Dimanche-02-04h,OUI,Dimanche,2020-03-29 02:00
21950,43,False,False,False,False,True,False,False,False,False,False,False,False,False,False,Dimanche-02-04h,NON,Dimanche,2020-03-29 02:00
21951,165,False,False,False,False,True,True,False,False,False,False,False,False,False,False,Dimanche-02-04h,NON,Dimanche,2020-03-29 02:00
21952,126,False,True,False,False,False,True,False,False,False,False,False,False,False,False,Dimanche-02-04h,OUI,Dimanche,2020-03-29 02:00
21953,41,False,False,False,False,False,True,False,False,True,False,False,False,False,False,Dimanche-02-04h,NON,Dimanche,2020-03-29 02:00
21954,157,False,False,True,False,False,False,False,False,False,False,False,False,False,False,Dimanche-02-04h,NON,Dimanche,2020-03-29 02:00
21955,272,False,True,True,False,False,False,True,False,False,False,True,False,True,True,Dimanche-02-04h,OUI,Dimanche,2020-03-29 02:00
21956,115,True,False,True,False,False,False,False,False,False,False,False,False,False,False,Dimanche-02-04h,OUI,Dimanche,2020-03-29 02:00
21957,84,False,False,False,False,False,False,False,False,False,False,False,True,False,False,Dimanche-02-04h,OUI,Dimanche,2020-03-29 02:00
21958,183,True,True,True,True,False,False,False,False,False,False,False,False,False,False,Dimanche-02-04h,NON,Dimanche,2020-03-29 02:00
21959,65,True,True,False,False,False,True,False,False,False,False,False,False,False,False,Dimanche-02-04h,OUI,Dimanche,2020-03-29 02:00
21960,105,True,False,False,False,False,False,False,False,False,False,False,False,False,False,Dimanche-02-04h,OUI,Dimanche,2020-03-29 02:00
21961,187,True,False,False,False,False,True,False,False,False,False,False,False,False,False,Dimanche-02-04h,NON,Dimanche,2020-03-29 02:00
21962,139,True,False,True,False,False,False,False,False,False,False,False,False,False,False,Dimanche-02-04h,NON,Dimanche,2020-03-29 02:00
21963,259,False,False,False,False,True,True,False,False,False,False,False,False,False,False,Dimanche-02-04h,NON,Dimanche,2020-03-29 02:00
21964,124,True,False,True,False,False,False,False,False,False,False,True,False,False,False,Dimanche-02-04h,NON,Dimanche,2020-03-29 02:00
21965,98,False,False,False,False,False,True,False,False,False,False,False,True,False,False,Dimanche-02-04h,OUI,Dimanche,2020-03-29 02:00
21966,284,False,True,True,False,False,True,False,False,False,False,False,False,True,False,Dimanche-02-04h,OUI,Dimanche,2020-03-29 02:00
21967,148,True,False,True,False,True,False,False,True,False,False,False,False,False,False,Dimanche-02-04h,NON,Dimanche,2020-03-29 02:00
21968,258,True,False,True,False,False,False,False,False,False,False,False,False,False,False,Dimanche-02-04h,OUI,Dimanche,2020-03-29 02:00
21969,175,False,False,False,False,False,True,False,False,False,False,False,False,False,False,Dimanche-02-04h,NON,Dimanche,2020-03-29 02:00
21970,119,False,False,False,False,False,False,False,False,False,False,True,False,False,False,Dimanche-02-04h,NON,Dimanche,2020-03-29 02:00
21971,229,True,False,True,False,False,False,False,True,False,False,False,False,False,False,Dimanche-02-04h,NON,Dimanche,2020-03-29 02:00
21972,230,False,False,False,False,False,True,True,False,False,False,False,False,False,False,Dimanche-02-04h,NON,Dimanche,2020-03-29 02:00
21973,17,True,False,False,False,False,True,True,False,False,False,False,False,False,False,Dimanche-02-04h,NON,Dimanche,2020-03-29 02:00
21974,177,False,False,False,False,False,False,False,False,False,False,False,False,False,False,Dimanche-02-04h,NON,Dimanche,2020-03-29 02:00
21975,7,False,False,False,False,False,False,False,False,False,False,False,False,False,False,Dimanche-02-04h,NON,Dimanche,2020-03-29 02:00
21976,241,False,False,True,False,False,False,False,False,False,False,False,False,False,False,Dimanche-02-04h,NON,Dimanche,2020-03-29 02:00
21977,8,True,False,False,False,True,True,False,True,False,False,False,False,False,False,Dimanche-02-04h,NON,Dimanche,2020-03-29 02:00
21978,268,False,True,False,False,False,True,False,False,False,False,False,False,False,False,Dimanche-02-04h,OUI,Dimanche,2020-03-29 02:00
21979,294,False,False,True,False,True,False,False,False,False,False,False,False,False,False,Dimanche-02-04h,OUI,Dimanche,2020-03-29 02:00
21980,242,True,False,False,False,True,True,False,False,False,False,False,False,False,False,Dimanche-02-04h,NON,Dimanche,2020-03-29 02:00
21981,194,False,False,False,False,False,True,False,False,False,False,False,False,False,False,Dimanche-02-04h,NON,Dimanche,2020-03-29 02:00
21982,243,False,False,False,False,True,True,False,False,False,False,False,False,False,False,Dimanche-02-04h,OUI,Dimanche,2020-03-29 02:00
21983,212,True,True,True,False,False,True,False,False,False,False,False,False,False,False,Dimanche-02-04h,OUI,Dimanche,2020-03-29 02:00
21984,19,False,False,False,False,False,True,False,False,False,False,False,False,False,False,Dimanche-02-04h,OUI,Dimanche,2020-03-29 02:00
21985,114,False,False,False,False,True,False,False,False,False,False,False,False,False,False,Dimanche-02-04h,OUI,Dimanche,2020-03-29 02:00
21986,190,False,False,False,False,False,True,False,False,True,False,False,False,False,False,Dimanche-02-04h,NON,Dimanche,2020-03-29 02:00
21987,64,False,False,True,False,False,False,False,False,False,False,False,False,False,False,Dimanche-02-04h,NON,Dimanche,2020-03-29 02:00
21988,227,False,False,False,False,False,False,False,False,False,False,False,False,False,False,Dimanche-02-04h,NON,Dimanche,2020-03-29 02:00
21989,232,False,False,False,False,False,True,False,False,False,False,False,False,False,False,Dimanche-02-04h,OUI,Dimanche,2020-03-29 02:00
21990,246,False,True,False,False,False,True,True,False,False,False,False,False,False,False,Dimanche-02-04h,OUI,Dimanche,2020-03-29 02:00
21991,100,False,False,False,False,False,True,False,False,False,False,False,False,False,False,Dimanche-02-04h,OUI,Dimanche,2020-03-29 02:00
21992,13,False,False,False,False,True,False,False,False,False,False,False,False,False,False,Dimanche-02-04h,NON,Dimanche,2020-03-29 02:00
21993,262,True,True,True,False,False,False,False,False,False,False,False,False,False,False,Dimanche-02-04h,OUI,Dimanche,2020-03-29 02:00
21994,76,True,True,True,False,False,True,False,False,False,False,True,False,False,False,Dimanche-02-04h,NON,Dimanche,2020-03-29 02:00
21995,261,False,True,False,False,True,False,False,False,False,False,False,False,False,False,Dimanche-02-04h,NON,Dimanche,2020-03-29 02:00
21996,150,False,True,False,False,False,False,False,False,False,False,False,False,False,False,Dimanche-02-04h,NON,Dimanche,2020-03-29 02:00
21997,205,False,False,False,False,False,False,False,False,False,False,False,False,False,False,Dimanche-02-04h,NON,Dimanche,2020-03-29 02:00
21998,56,False,False,False,False,True,True,False,False,False,False,False,False,False,False,Dimanche-02-04h,OUI,Dimanche,2020-03-29 02:00
21999,186,False,False,False,False,True,False,False,False,False,False,False,False,False,False,Dimanche-02-04h,OUI,Dimanche,2020-03-29 02:00
22000,162,True,False,False,False,True,True,False,False,False,False,False,False,False,False,Dimanche-02-04h,NON,Dimanche,2020-03-29 02:00
22001,68,False,True,False,False,True,True,False,False,False,False,False,False,False,False,Dimanche-02-04h,NON,Dimanche,2020-03-29 02:00
22002,146,False,False,False,False,False,True,False,False,False,False,False,True,False,False,Dimanche-02-04h,OUI,Dimanche,2020-03-29 02:00
22003,49,False,False,False,False,False,False,False,False,False,False,False,False,True,False,Dimanche-02-04h,OUI,Dimanche,2020-03-29 02:00
22004,91,True,False,True,True,False,False,False,False,False,False,False,False,False,False,Dimanche-02-04h,OUI,Dimanche,2020-03-29 02:00
22005,22,False,False,False,False,False,False,False,False,False,True,False,False,False,False,Dimanche-02-04h,NON,Dimanche,2020-03-29 02:00
22006,151,False,False,False,False,True,False,False,False,False,False,False,False,False,False,Dimanche-02-04h,OUI,Dimanche,2020-03-29 02:00
22007,193,False,False,False,False,True,True,False,False,False,False,False,False,False,False,Dimanche-02-04h,OUI,Dimanche,2020-03-29 02:00
22008,9,True,True,False,False,False,False,False,False,False,False,False,False,False,False,Dimanche-02-04h,NON,Dimanche,2020-03-29 02:00
22009,99,True,False,True,False,False,False,False,False,False,False,False,False,False,False,Dimanche-02-04h,NON,Dimanche,2020-03-29 02:00
22010,181,False,False,False,False,True,True,False,False,False,False,False,False,False,False,Dimanche-02-04h,OUI,Dimanche,2020-03-29 02:00
22011,111,False,False,False,False,False,True,False,True,False,False,False,False,False,False,Dimanche-02-04h,OUI,Dimanche,2020-03-29 02:00
22012,44,False,True,False,False,False,True,False,False,False,False,False,False,False,False,Dimanche-02-04h,NON,Dimanche,2020-03-29 02:00
22013,24,False,False,False,False,True,False,False,True,False,False,False,False,False,False,Dimanche-02-04h,NON,Dimanche,2020-03-29 02:00
22014,102,False,False,False,False,True,True,False,True,False,False,False,False,False,False,Dimanche-02-04h,OUI,Dimanche,2020-03-29 02:00
22015,203,True,True,False,False,False,False,False,True,False,False,False,False,False,False,Dimanche-02-04h,NON,Dimanche,2020-03-29 02:00
22016,140,False,False,False,False,True,True,False,True,False,False,False,False,False,False,Dimanche-02-04h,NON,Dimanche,2020-03-29 02:00
22017,188,False,False,False,False,False,True,False,False,True,False,False,False,False,False,Dimanche-02-04h,NON,Dimanche,2020-03-29 02:00
22018,206,False,False,False,True,False,False,False,False,False,False,True,False,False,False,Dimanche-02-04h,NON,Dimanche,2020-03-29 02:00
22019,273,False,False,False,False,False,False,False,False,False,False,False,True,False,False,Dimanche-02-04h,NON,Dimanche,2020-03-29 02:00
22020,69,True,False,True,False,False,False,False,False,False,False,False,False,False,False,Dimanche-02-04h,NON,Dimanche,2020-03-29 02:00
22021,87,True,False,False,True,False,False,False,False,False,False,True,False,False,False,Dimanche-02-04h,OUI,Dimanche,2020-03-29 02:00
22022,83,True,False,True,False,False,False,False,False,False,False,False,False,False,False,Dimanche-02-04h,NON,Dimanche,2020-03-29 02:00
22023,149,True,False,True,True,False,False,False,False,False,False,False,False,False,False,Dimanche-02-04h,OUI,Dimanche,2020-03-29 02:00
22024,274,False,False,False,False,False,True,False,False,False,False,False,False,False,False,Dimanche-02-04h,NON,Dimanche,2020-03-29 02:00
22025,282,True,False,True,True,False,False,False,False,False,False,False,False,False,False,Dimanche-02-04h,OUI,Dimanche,2020-03-29 02:00
22026,147,False,False,False,False,False,False,False,False,False,False,False,False,False,False,Dimanche-02-04h,NON,Dimanche,2020-03-29 02:00
22027,238,False,False,False,False,False,False,False,False,False,False,False,True,False,False,Dimanche-02-04h,NON,Dimanche,2020-03-29 02:00
22028,201,False,False,False,False,False,False,False,False,False,False,False,False,False,False,Dimanche-02-04h,NON,Dimanche,2020-03-29 02:00
22029,152,False,True,False,False,False,False,False,False,False,False,False,False,False,False,Dimanche-02-04h,NON,Dimanche,2020-03-29 02:00
22030,222,False,False,False,False,False,True,False,False,True,True,False,False,False,False,Dimanche-02-04h,NON,Dimanche,2020-03-29 02:00
22031,106,False,False,False,False,False,True,False,False,False,False,False,True,False,False,Dimanche-02-04h,OUI,Dimanche,2020-03-29 02:00
22032,133,False,False,True,False,True,False,False,False,False,False,False,False,False,False,Dimanche-02-04h,NON,Dimanche,2020-03-29 02:00
22033,163,False,False,False,False,True,False,False,False,False,False,False,False,False,False,Dimanche-02-04h,NON,Dimanche,2020-03-29 02:00
22034,231,False,False,False,False,False,False,False,False,False,False,False,False,False,False,Dimanche-02-04h,NON,Dimanche,2020-03-29 02:00
22035,25,False,False,False,False,True,False,False,False,False,False,False,False,False,False,Dimanche-02-04h,NON,Dimanche,2020-03-29 02:00
22036,196,False,False,True,False,True,False,False,True,False,False,False,False,False,False,Dimanche-02-04h,OUI,Dimanche,2020-03-29 02:00
22037,5,False,False,False,False,True,True,False,False,False,False,False,False,False,False,Dimanche-02-04h,NON,Dimanche,2020-03-29 02:00
22038,90,False,True,False,False,False,False,False,False,False,False,False,False,False,False,Dimanche-02-04h,OUI,Dimanche,2020-03-29 02:00
22039,244,True,False,True,False,False,False,False,False,False,False,False,False,False,False,Dimanche-02-04h,NON,Dimanche,2020-03-29 02:00
22040,107,False,True,False,False,False,True,False,False,False,False,False,False,False,False,Dimanche-02-04h,OUI,Dimanche,2020-03-29 02:00
22041,218,False,True,False,False,True,True,False,False,False,False,False,False,False,False,Dimanche-02-04h,OUI,Dimanche,2020-03-29 02:00
22042,62,False,True,True,False,True,True,False,False,False,False,False,False,False,False,Dimanche-02-04h,OUI,Dimanche,2020-03-29 02:00
22043,79,False,True,False,False,False,False,False,False,False,False,False,False,False,False,Dimanche-02-04h,OUI,Dimanche,2020-03-29 02:00
22044,208,False,False,False,False,False,True,False,False,False,False,False,False,False,False,Dimanche-02-04h,NON,Dimanche,2020-03-29 02:00
22045,270,False,False,False,False,False,False,False,False,True,False,False,False,False,False,Dimanche-02-04h,NON,Dimanche,2020-03-29 02:00
22046,166,True,False,False,False,True,True,False,False,False,False,False,False,False,False,Dimanche-02-04h,OUI,Dimanche,2020-03-29 02:00
22047,77,False,False,True,False,True,False,False,False,False,False,False,False,False,False,Dimanche-02-04h,NON,Dimanche,2020-03-29 02:00
22048,29,False,False,False,False,False,True,False,False,False,False,False,True,False,False,Dimanche-02-04h,OUI,Dimanche,2020-03-29 02:00
22049,240,False,False,False,False,False,True,False,False,False,False,False,False,False,False,Dimanche-02-04h,OUI,Dimanche,2020-03-29 02:00
22050,184,False,True,False,False,False,False,False,False,False,False,False,False,False,False,Dimanche-02-04h,OUI,Dimanche,2020-03-29 02:00
22051,277,False,True,True,False,False,True,False,False,False,False,False,False,False,False,Dimanche-02-04h,OUI,Dimanche,2020-03-29 02:00
22052,80,True,False,False,False,False,True,False,False,False,True,False,False,False,False,Dimanche-02-04h,NON,Dimanche,2020-03-29 02:00
22053,185,True,True,True,False,False,True,False,False,False,False,True,False,True,False,Dimanche-02-04h,NON,Dimanche,2020-03-29 02:00
22054,204,False,False,False,False,True,True,False,False,False,False,False,True,False,False,Dimanche-02-04h,OUI,Dimanche,2020-03-29 02:00
22055,252,True,True,True,False,False,True,False,False,False,False,False,False,False,False,Dimanche-02-04h,OUI,Dimanche,2020-03-29 02:00
22056,26,False,False,False,False,True,False,False,False,False,False,False,False,False,False,Dimanche-02-04h,NON,Dimanche,2020-03-29 02:00
22057,70,False,False,False,False,True,False,False,False,False,False,False,True,False,False,Dimanche-02-04h,NON,Dimanche,2020-03-29 02:00
22058,233,False,False,False,False,True,False,False,False,False,False,False,False,False,False,Dimanche-02-04h,NON,Dimanche,2020-03-29 02:00
22059,37,True,True,True,False,True,True,False,False,False,False,False,False,False,False,Dimanche-02-04h,NON,Dimanche,2020-03-29 02:00
22060,185,False,False,True,False,False,False,False,False,False,False,False,False,False,False,Dimanche-02-04h,OUI,Dimanche,2020-03-29 02:00
22061,138,True,False,False,False,True,True,False,False,False,False,False,False,False,False,Dimanche-02-04h,OUI,Dimanche,2020-03-29 02:00
22062,224,True,False,True,False,False,False,False,False,False,False,False,False,False,False,Dimanche-02-04h,OUI,Dimanche,2020-03-29 02:00
22063,66,False,False,False,False,True,True,False,False,False,False,False,False,True,False,Dimanche-02-04h,OUI,Dimanche,2020-03-29 02:00
22064,211,False,False,True,False,False,False,False,False,False,False,False,False,True,False,Dimanche-02-04h,NON,Dimanche,2020-03-29 02:00
22065,14,False,False,False,False,True,True,False,False,False,False,False,False,False,False,Dimanche-02-04h,NON,Dimanche,2020-03-29 02:00
22066,145,False,False,False,False,True,False,False,False,False,False,False,False,False,False,Dimanche-02-04h,NON,Dimanche,2020-03-29 02:00
22067,36,False,False,False,False,False,False,False,False,False,False,False,True,False,False,Dimanche-02-04h,NON,Dimanche,2020-03-29 02:00
22068,60,True,True,True,False,False,True,False,False,False,False,False,False,False,False,Dimanche-02-04h,NON,Dimanche,2020-03-29 02:00
22069,137,True,True,True,False,False,True,False,False,False,False,True,False,False,False,Dimanche-02-04h,OUI,Dimanche,2020-03-29 02:00
22070,285,False,True,False,False,True,True,False,False,False,False,False,False,False,False,Dimanche-02-04h,NON,Dimanche,2020-03-29 02:00
22071,40,False,True,True,False,True,True,False,False,False,False,False,False,False,False,Dimanche-02-04h,OUI,Dimanche,2020-03-29 02:00
22072,97,False,False,False,False,False,True,False,False,False,False,False,False,False,False,Dimanche-02-04h,OUI,Dimanche,2020-03-29 02:00
22073,109,True,False,True,True,False,False,False,False,False,False,False,False,False,False,Dimanche-02-04h,NON,Dimanche,2020-03-29 02:00
22074,10,False,False,False,False,False,False,False,False,False,False,False,False,False,False,Dimanche-02-04h,NON,Dimanche,2020-03-29 02:00
22075,256,False,False,False,False,False,False,False,False,False,False,False,True,False,False,Dimanche-02-04h,NON,Dimanche,2020-03-29 02:00
22076,141,True,True,True,False,False,False,False,False,False,False,True,False,False,False,Dimanche-02-04h,NON,Dimanche,2020-03-29 02:00
22077,28,False,False,False,False,False,False,False,False,False,False,False,False,False,False,Dimanche-02-04h,NON,Dimanche,2020-03-29 02:00
22078,101,True,True,True,True,True,True,False,False,False,False,False,False,False,False,Dimanche-02-04h,OUI,Dimanche,2020-03-29 02:00
22079,48,True,False,True,False,True,False,False,False,False,False,False,False,True,False,Dimanche-02-04h,OUI,Dimanche,2020-03-29 02:00
22080,27,False,False,False,False,False,True,False,False,False,False,False,False,False,False,Dimanche-02-04h,OUI,Dimanche,2020-03-29 02:00
22081,142,True,False,True,False,False,False,False,False,False,False,True,False,True,False,Dimanche-02-04h,NON,Dimanche,2020-03-29 02:00
22082,234,False,False,True,False,False,False,False,False,False,False,True,False,False,False,Dimanche-02-04h,OUI,Dimanche,2020-03-29 02:00
22083,23,False,False,False,False,True,False,False,False,False,False,False,False,False,False,Dimanche-02-04h,NON,Dimanche,2020-03-29 02:00
22084,195,False,False,False,False,True,False,False,False,True,False,False,False,False,False,Dimanche-02-04h,NON,Dimanche,2020-03-29 02:00
22085,275,False,False,False,False,False,False,False,False,False,False,False,True,False,False,Dimanche-02-04h,NON,Dimanche,2020-03-29 02:00
22086,226,False,False,False,False,True,True,False,False,False,False,False,False,False,False,Dimanche-02-04h,NON,Dimanche,2020-03-29 02:00
22087,207,False,False,True,False,False,False,False,False,False,False,False,False,False,False,Dimanche-02-04h,NON,Dimanche,2020-03-29 02:00
22088,57,False,False,False,False,False,False,False,False,False,False,False,False,False,False,Dimanche-02-04h,NON,Dimanche,2020-03-29 02:00
22089,4,False,True,False,False,False,True,False,False,False,False,False,False,False,False,Dimanche-02-04h,NON,Dimanche,2020-03-29 02:00
22090,265,False,False,False,False,False,True,False,False,False,False,False,False,False,False,Dimanche-02-04h,NON,Dimanche,2020-03-29 02:00
22091,88,False,True,False,False,False,False,False,False,False,False,False,False,False,False,Dimanche-02-04h,NON,Dimanche,2020-03-29 02:00
22092,198,False,False,False,False,False,False,False,False,False,False,True,False,False,False,Dimanche-02-04h,NON,Dimanche,2020-03-29 02:00
22093,249,True,True,True,False,False,False,False,False,False,False,False,False,False,False,Dimanche-02-04h,NON,Dimanche,2020-03-29 02:00
22094,263,False,False,False,False,True,True,False,False,False,False,False,False,False,False,Dimanche-02-04h,NON,Dimanche,2020-03-29 02:00
22095,217,True,False,True,False,False,False,False,False,False,False,False,False,True,False,Dimanche-02-04h,OUI,Dimanche,2020-03-29 02:00
22096,278,False,False,False,False,True,True,False,False,False,False,False,False,False,False,Dimanche-02-04h,NON,Dimanche,2020-03-29 02:00
22097,189,False,True,False,False,False,False,False,False,False,False,False,False,False,False,Dimanche-02-04h,NON,Dimanche,2020-03-29 02:00
22098,61,True,False,True,False,False,False,False,False,False,False,False,False,False,False,Dimanche-02-04h,OUI,Dimanche,2020-03-29 02:00
22099,251,False,False,False,False,False,False,False,False,False,False,False,False,True,False,Dimanche-02-04h,NON,Dimanche,2020-03-29 02:00
22100,281,False,True,False,False,False,False,False,False,False,False,False,False,False,False,Dimanche-02-04h,NON,Dimanche,2020-03-29 02:00
22101,134,False,True,False,False,False,False,False,False,False,False,False,False,False,False,Dimanche-02-04h,OUI,Dimanche,2020-03-29 02:00
22102,293,False,True,False,False,False,True,False,False,False,False,False,False,False,False,Dimanche-02-04h,NON,Dimanche,2020-03-29 02:00
22103,279,True,True,True,True,False,True,False,False,False,False,False,False,False,False,Dimanche-02-04h,NON,Dimanche,2020-03-29 02:00
22104,81,True,False,True,True,False,False,False,True,False,False,False,False,False,False,Dimanche-02-04h,OUI,Dimanche,2020-03-29 02:00
22105,92,True,False,False,True,False,False,False,False,False,False,True,False,False,False,Dimanche-02-04h,NON,Dimanche,2020-03-29 02:00
22106,147,False,False,False,False,False,False,False,False,False,False,False,False,False,False,Dimanche-02-04h,NON,Dimanche,2020-03-29 02:00
22107,33,False,True,False,False,True,False,False,False,False,False,False,False,False,False,Dimanche-02-04h,OUI,Dimanche,2020-03-29 02:00
22108,266,False,False,False,False,False,False,False,False,False,False,False,False,False,False,Dimanche-02-04h,NON,Dimanche,2020-03-29 02:00
22109,225,True,False,False,False,False,True,False,False,False,False,False,False,False,False,Dimanche-02-04h,OUI,Dimanche,2020-03-29 02:00
22110,83,True,False,True,False,False,False,False,False,False,False,False,False,False,False,Dimanche-02-04h,NON,Dimanche,2020-03-29 02:00
22111,95,False,False,False,False,True,True,False,True,False,False,False,False,False,False,Dimanche-02-04h,NON,Dimanche,2020-03-29 02:00
22112,127,False,False,False,False,True,False,False,False,False,False,False,False,False,False,Dimanche-02-04h,NON,Dimanche,2020-03-29 02:00
22113,20,False,False,False,False,False,False,False,False,False,False,False,False,False,False,Dimanche-02-04h,NON,Dimanche,2020-03-29 02:00
22114,89,False,False,False,False,False,False,False,False,True,False,False,False,False,False,Dimanche-02-04h,OUI,Dimanche,2020-03-29 02:00
22115,120,False,True,True,False,True,True,False,True,False,False,True,False,False,False,Dimanche-02-04h,NON,Dimanche,2020-03-29 02:00
22116,253,False,False,False,False,True,True,False,False,False,False,False,True,False,False,Dimanche-02-04h,NON,Dimanche,2020-03-29 02:00
22117,52,False,False,True,False,False,False,False,False,False,False,False,False,False,False,Dimanche-02-04h,NON,Dimanche,2020-03-29 02:00
22118,168,True,False,True,False,False,False,False,True,False,False,False,False,False,False,Dimanche-02-04h,OUI,Dimanche,2020-03-29 02:00
22119,202,False,True,False,False,False,False,False,False,False,False,False,False,False,False,Dimanche-02-04h,OUI,Dimanche,2020-03-29 02:00
22120,172,False,False,False,False,True,False,False,False,False,False,False,False,False,False,Dimanche-02-04h,NON,Dimanche,2020-03-29 02:00
22121,239,False,False,False,False,True,True,False,False,False,False,False,False,False,False,Dimanche-02-04h,NON,Dimanche,2020-03-29 02:00
22122,85,False,False,False,False,True,False,False,False,False,False,False,False,False,False,Dimanche-02-04h,NON,Dimanche,2020-03-29 02:00
22123,215,False,False,False,False,False,False,False,False,True,False,False,False,False,False,Dimanche-02-04h,OUI,Dimanche,2020-03-29 02:00
22124,260,True,False,True,False,False,False,False,False,False,False,False,False,False,False,Dimanche-02-04h,NON,Dimanche,2020-03-29 02:00
22125,286,True,True,False,False,True,False,False,False,False,False,False,False,False,False,Dimanche-02-04h,NON,Dimanche,2020-03-29 02:00
22126,72,False,True,False,False,False,False,False,False,False,False,False,False,False,False,Dimanche-04-06h,NON,Dimanche,2020-03-29 04:00
22127,167,True,True,True,True,True,True,False,False,False,False,False,False,False,False,Dimanche-04-06h,OUI,Dimanche,2020-03-29 04:00
22128,130,True,False,True,False,False,False,False,True,False,False,False,False,True,True,Dimanche-04-06h,NON,Dimanche,2020-03-29 04:00
22129,288,True,True,True,False,True,False,False,False,False,False,False,False,False,False,Dimanche-04-06h,NON,Dimanche,2020-03-29 04:00
22130,59,False,False,False,False,False,True,False,False,False,False,False,False,False,False,Dimanche-04-06h,NON,Dimanche,2020-03-29 04:00
22131,178,True,False,False,False,False,False,False,False,False,False,True,False,False,False,Dimanche-04-06h,OUI,Dimanche,2020-03-29 04:00
22132,254,False,False,False,False,False,False,False,False,False,False,False,True,False,False,Dimanche-04-06h,NON,Dimanche,2020-03-29 04:00
22133,34,False,False,False,False,False,False,False,False,False,False,False,False,False,False,Dimanche-04-06h,NON,Dimanche,2020-03-29 04:00
22134,264,False,False,False,False,True,True,True,False,False,False,False,False,False,False,Dimanche-04-06h,OUI,Dimanche,2020-03-29 04:00
22135,158,True,False,False,False,True,False,False,False,False,True,False,False,False,False,Dimanche-04-06h,NON,Dimanche,2020-03-29 04:00
22136,210,False,True,False,False,True,True,False,False,False,False,False,False,False,False,Dimanche-04-06h,NON,Dimanche,2020-03-29 04:00
22137,93,False,False,False,False,True,False,False,False,False,False,False,False,True,False,Dimanche-04-06h,OUI,Dimanche,2020-03-29 04:00
22138,144,True,False,True,False,True,False,False,False,False,False,False,False,False,False,Dimanche-04-06h,OUI,Dimanche,2020-03-29 04:00
22139,164,False,True,False,False,True,True,False,False,False,False,False,False,False,False,Dimanche-04-06h,OUI,Dimanche,2020-03-29 04:00
22140,289,False,False,False,False,True,True,False,False,False,False,False,False,False,False,Dimanche-04-06h,OUI,Dimanche,2020-03-29 04:00
22141,50,False,False,False,False,False,False,False,False,False,False,False,False,False,False,Dimanche-04-06h,NON,Dimanche,2020-03-29 04:00
22142,51,True,True,False,False,True,False,False,False,False,False,False,False,False,False,Dimanche-04-06h,OUI,Dimanche,2020-03-29 04:00
22143,247,False,False,True,False,False,False,False,False,False,False,False,False,False,False,Dimanche-04-06h,NON,Dimanche,2020-03-29 04:00
22144,159,False,False,False,False,False,False,False,True,False,False,False,False,False,False,Dimanche-04-06h,NON,Dimanche,2020-03-29 04:00
22145,54,False,False,False,False,False,True,False,False,False,False,False,False,False,False,Dimanche-04-06h,NON,Dimanche,2020-03-29 04:00
22146,55,True,False,False,False,True,True,False,True,False,False,False,False,False,False,Dimanche-04-06h,OUI,Dimanche,2020-03-29 04:00
22147,257,False,False,False,False,True,False,False,False,False,False,False,False,False,False,Dimanche-04-06h,NON,Dimanche,2020-03-29 04:00
22148,67,False,False,False,False,False,False,False,False,False,False,False,False,False,False,Dimanche-04-06h,NON,Dimanche,2020-03-29 04:00
22149,71,True,False,True,False,False,False,False,False,False,False,False,False,False,False,Dimanche-04-06h,NON,Dimanche,2020-03-29 04:00
22150,280,False,False,False,False,False,True,False,False,False,False,False,False,False,False,Dimanche-04-06h,OUI,Dimanche,2020-03-29 04:00
22151,283,True,True,False,False,False,False,False,False,False,False,False,False,False,False,Dimanche-04-06h,OUI,Dimanche,2020-03-29 04:00
22152,154,False,False,False,False,True,True,False,False,False,False,False,True,False,False,Dimanche-04-06h,OUI,Dimanche,2020-03-29 04:00
22153,171,False,False,False,False,False,False,False,False,False,False,False,True,False,False,Dimanche-04-06h,NON,Dimanche,2020-03-29 04:00
22154,131,False,False,True,False,False,False,False,False,False,False,False,False,False,False,Dimanche-04-06h,NON,Dimanche,2020-03-29 04:00
22155,237,True,False,False,False,False,True,True,False,False,False,False,False,True,False,Dimanche-04-06h,OUI,Dimanche,2020-03-29 04:00
22156,75,False,False,False,False,True,True,False,False,False,False,False,False,False,False,Dimanche-04-06h,NON,Dimanche,2020-03-29 04:00
22157,235,True,False,False,False,True,False,False,False,False,False,False,False,False,False,Dimanche-04-06h,NON,Dimanche,2020-03-29 04:00
22158,180,False,False,False,False,True,True,False,False,False,False,False,False,False,False,Dimanche-04-06h,OUI,Dimanche,2020-03-29 04:00
22159,219,False,False,False,False,False,True,False,False,False,False,False,False,False,False,Dimanche-04-06h,NON,Dimanche,2020-03-29 04:00
22160,250,False,False,False,False,False,False,False,False,True,False,False,False,False,False,Dimanche-04-06h,NON,Dimanche,2020-03-29 04:00
22161,267,True,True,False,False,False,False,False,False,False,False,False,False,False,False,Dimanche-04-06h,OUI,Dimanche,2020-03-29 04:00
22162,160,False,True,False,False,False,True,False,False,False,False,False,False,False,False,Dimanche-04-06h,OUI,Dimanche,2020-03-29 04:00
22163,182,False,True,False,False,True,True,True,False,False,False,False,False,False,False,Dimanche-04-06h,NON,Dimanche,2020-03-29 04:00
22164,143,False,False,False,False,False,False,False,True,False,False,True,False,False,False,Dimanche-04-06h,OUI,Dimanche,2020-03-29 04:00
22165,223,True,True,False,False,False,False,False,False,False,False,False,False,False,False,Dimanche-04-06h,NON,Dimanche,2020-03-29 04:00
22166,192,True,False,True,False,False,False,False,False,False,False,False,False,False,False,Dimanche-04-06h,OUI,Dimanche,2020-03-29 04:00
22167,30,False,False,True,False,False,False,False,True,False,False,False,False,False,False,Dimanche-04-06h,OUI,Dimanche,2020-03-29 04:00
22168,125,True,False,False,False,True,False,False,True,False,False,False,False,False,False,Dimanche-04-06h,NON,Dimanche,2020-03-29 04:00
22169,39,False,False,True,False,True,False,False,True,False,False,False,False,False,False,Dimanche-04-06h,NON,Dimanche,2020-03-29 04:00
22170,113,True,False,True,False,False,False,False,False,False,False,False,False,False,False,Dimanche-04-06h,OUI,Dimanche,2020-03-29 04:00
22171,121,True,False,True,False,False,False,False,True,False,False,False,False,False,False,Dimanche-04-06h,NON,Dimanche,2020-03-29 04:00
22172,228,False,False,False,False,False,False,False,False,False,False,True,False,False,False,Dimanche-04-06h,OUI,Dimanche,2020-03-29 04:00
22173,290,False,False,False,False,False,False,False,False,True,False,False,False,False,False,Dimanche-04-06h,NON,Dimanche,2020-03-29 04:00
22174,197,False,False,True,False,True,False,False,False,False,False,False,False,False,False,Dimanche-04-06h,NON,Dimanche,2020-03-29 04:00
22175,31,True,True,True,False,False,True,False,False,False,False,False,False,False,False,Dimanche-04-06h,OUI,Dimanche,2020-03-29 04:00
22176,173,True,False,False,False,True,True,False,True,False,False,False,False,False,False,Dimanche-04-06h,NON,Dimanche,2020-03-29 04:00
22177,74,True,False,False,True,False,False,False,True,False,False,True,False,False,False,Dimanche-04-06h,OUI,Dimanche,2020-03-29 04:00
22178,15,False,False,True,False,False,False,False,False,False,False,False,False,False,False,Dimanche-04-06h,NON,Dimanche,2020-03-29 04:00
22179,45,True,False,False,False,True,True,False,True,False,False,False,False,False,False,Dimanche-04-06h,OUI,Dimanche,2020-03-29 04:00
22180,63,False,False,True,False,False,False,False,False,False,False,False,False,False,False,Dimanche-04-06h,OUI,Dimanche,2020-03-29 04:00
22181,3,False,False,False,False,False,True,False,False,False,False,False,True,False,False,Dimanche-04-06h,OUI,Dimanche,2020-03-29 04:00
22182,21,True,False,True,False,False,False,False,False,False,False,False,False,False,False,Dimanche-04-06h,OUI,Dimanche,2020-03-29 04:00
22183,78,False,True,True,False,True,True,False,True,False,False,False,False,False,False,Dimanche-04-06h,OUI,Dimanche,2020-03-29 04:00
22184,47,False,True,False,False,False,False,False,False,False,False,False,False,False,False,Dimanche-04-06h,NON,Dimanche,2020-03-29 04:00
22185,151,True,True,False,False,True,False,False,True,False,False,False,False,False,False,Dimanche-04-06h,OUI,Dimanche,2020-03-29 04:00
22186,6,True,False,True,False,False,False,False,False,False,False,False,False,False,False,Dimanche-04-06h,OUI,Dimanche,2020-03-29 04:00
22187,135,True,False,True,False,False,False,False,False,False,False,False,False,True,False,Dimanche-04-06h,OUI,Dimanche,2020-03-29 04:00
22188,221,False,False,False,False,True,True,False,False,False,False,False,False,False,False,Dimanche-04-06h,OUI,Dimanche,2020-03-29 04:00
22189,170,False,False,True,False,False,False,False,False,False,False,True,False,False,True,Dimanche-04-06h,OUI,Dimanche,2020-03-29 04:00
22190,129,False,True,False,False,False,False,False,False,False,False,False,False,False,False,Dimanche-04-06h,OUI,Dimanche,2020-03-29 04:00
22191,132,True,True,True,False,False,True,False,False,False,False,False,False,False,False,Dimanche-04-06h,OUI,Dimanche,2020-03-29 04:00
22192,110,False,True,False,False,False,False,False,False,False,False,False,False,False,False,Dimanche-04-06h,OUI,Dimanche,2020-03-29 04:00
22193,191,False,False,False,False,False,True,False,False,False,False,False,False,False,False,Dimanche-04-06h,OUI,Dimanche,2020-03-29 04:00
22194,94,True,True,True,False,False,True,False,False,False,False,True,False,True,False,Dimanche-04-06h,NON,Dimanche,2020-03-29 04:00
22195,108,False,False,False,False,False,True,True,False,False,False,False,False,False,False,Dimanche-04-06h,OUI,Dimanche,2020-03-29 04:00
22196,236,False,False,False,False,True,True,False,False,False,False,False,False,False,False,Dimanche-04-06h,OUI,Dimanche,2020-03-29 04:00
22197,42,True,False,True,False,True,False,False,False,False,False,False,False,False,False,Dimanche-04-06h,NON,Dimanche,2020-03-29 04:00
22198,155,True,False,False,False,True,False,False,False,False,False,False,False,False,False,Dimanche-04-06h,NON,Dimanche,2020-03-29 04:00
22199,1,False,False,False,False,False,False,False,False,False,False,False,False,False,False,Dimanche-04-06h,NON,Dimanche,2020-03-29 04:00
22200,58,False,True,True,False,False,True,False,False,False,False,True,False,False,False,Dimanche-04-06h,OUI,Dimanche,2020-03-29 04:00
22201,0,False,True,False,False,False,False,False,False,False,False,False,False,False,False,Dimanche-04-06h,OUI,Dimanche,2020-03-29 04:00
22202,269,False,False,False,False,False,False,False,False,False,False,False,False,False,False,Dimanche-04-06h,NON,Dimanche,2020-03-29 04:00
22203,2,True,False,True,False,False,False,False,False,False,False,False,False,False,False,Dimanche-04-06h,NON,Dimanche,2020-03-29 04:00
22204,103,False,False,False,False,True,False,False,False,False,False,False,False,False,False,Dimanche-04-06h,NON,Dimanche,2020-03-29 04:00
22205,12,False,True,False,False,True,False,False,False,False,False,False,False,False,False,Dimanche-04-06h,OUI,Dimanche,2020-03-29 04:00
22206,245,True,False,False,False,True,True,False,True,False,False,False,False,False,False,Dimanche-04-06h,NON,Dimanche,2020-03-29 04:00
22207,161,False,False,True,False,False,False,False,False,False,False,True,False,False,False,Dimanche-04-06h,OUI,Dimanche,2020-03-29 04:00
22208,38,False,False,False,False,False,False,False,False,True,False,False,False,False,False,Dimanche-04-06h,NON,Dimanche,2020-03-29 04:00
22209,122,False,False,False,False,False,False,False,False,False,False,False,False,False,False,Dimanche-04-06h,NON,Dimanche,2020-03-29 04:00
22210,248,False,False,True,False,False,False,False,False,False,False,False,False,True,False,Dimanche-04-06h,OUI,Dimanche,2020-03-29 04:00
22211,271,False,True,True,False,False,True,False,False,False,False,False,False,False,False,Dimanche-04-06h,OUI,Dimanche,2020-03-29 04:00
22212,116,False,False,True,False,False,False,False,False,False,False,False,False,False,False,Dimanche-04-06h,OUI,Dimanche,2020-03-29 04:00
22213,117,True,True,True,True,False,True,False,False,False,False,False,False,False,False,Dimanche-04-06h,NON,Dimanche,2020-03-29 04:00
22214,213,False,False,False,False,True,True,False,True,False,False,False,False,False,False,Dimanche-04-06h,OUI,Dimanche,2020-03-29 04:00
22215,220,False,True,True,False,False,True,False,False,False,False,False,False,False,False,Dimanche-04-06h,OUI,Dimanche,2020-03-29 04:00
22216,176,False,False,True,False,False,False,False,False,False,False,False,False,False,False,Dimanche-04-06h,NON,Dimanche,2020-03-29 04:00
22217,96,False,False,False,False,True,True,False,False,False,True,False,False,False,False,Dimanche-04-06h,NON,Dimanche,2020-03-29 04:00
22218,214,False,False,False,False,True,True,False,False,False,True,False,False,False,False,Dimanche-04-06h,OUI,Dimanche,2020-03-29 04:00
22219,11,True,False,False,True,False,False,False,False,False,False,True,False,False,False,Dimanche-04-06h,NON,Dimanche,2020-03-29 04:00
22220,255,True,False,True,False,False,False,False,True,False,False,False,False,False,False,Dimanche-04-06h,NON,Dimanche,2020-03-29 04:00
22221,86,False,False,True,False,False,False,False,False,False,False,False,False,False,False,Dimanche-04-06h,NON,Dimanche,2020-03-29 04:00
22222,209,True,False,False,False,True,True,False,True,False,False,False,False,False,False,Dimanche-04-06h,OUI,Dimanche,2020-03-29 04:00
22223,291,False,False,False,False,False,True,False,False,True,False,False,False,False,False,Dimanche-04-06h,OUI,Dimanche,2020-03-29 04:00
22224,287,False,False,False,False,False,False,False,False,False,False,False,True,False,False,Dimanche-04-06h,OUI,Dimanche,2020-03-29 04:00
22225,104,False,False,False,False,True,True,False,False,False,False,False,False,False,False,Dimanche-04-06h,NON,Dimanche,2020-03-29 04:00
22226,18,False,False,False,False,True,False,False,False,False,False,False,False,False,False,Dimanche-04-06h,OUI,Dimanche,2020-03-29 04:00
22227,123,False,True,False,False,True,True,False,False,False,False,False,False,False,False,Dimanche-04-06h,NON,Dimanche,2020-03-29 04:00
22228,136,False,False,False,False,True,False,False,False,False,False,False,False,False,False,Dimanche-04-06h,NON,Dimanche,2020-03-29 04:00
22229,276,True,False,True,False,False,False,False,False,False,False,False,False,False,False,Dimanche-04-06h,NON,Dimanche,2020-03-29 04:00
22230,53,False,False,False,False,True,True,False,False,False,False,False,False,False,False,Dimanche-04-06h,OUI,Dimanche,2020-03-29 04:00
22231,179,True,False,True,False,False,False,False,False,False,False,False,False,False,False,Dimanche-04-06h,OUI,Dimanche,2020-03-29 04:00
22232,200,False,False,False,False,False,False,False,False,False,False,False,False,False,False,Dimanche-04-06h,NON,Dimanche,2020-03-29 04:00
22233,73,False,False,False,False,False,False,False,False,False,False,False,False,False,False,Dimanche-04-06h,NON,Dimanche,2020-03-29 04:00
22234,156,False,False,False,False,True,True,False,False,False,False,False,False,False,False,Dimanche-04-06h,NON,Dimanche,2020-03-29 04:00
22235,128,True,True,True,False,False,True,False,False,False,False,False,False,False,False,Dimanche-04-06h,OUI,Dimanche,2020-03-29 04:00
22236,118,False,False,False,False,False,False,False,False,False,False,False,False,False,False,Dimanche-04-06h,NON,Dimanche,2020-03-29 04:00
22237,112,True,False,True,False,False,False,False,False,False,False,False,False,False,False,Dimanche-04-06h,OUI,Dimanche,2020-03-29 04:00
22238,35,False,False,False,False,True,True,False,False,False,False,False,False,False,False,Dimanche-04-06h,NON,Dimanche,2020-03-29 04:00
22239,32,False,False,False,False,False,False,False,False,False,False,False,True,False,False,Dimanche-04-06h,NON,Dimanche,2020-03-29 04:00
22240,199,True,False,True,False,False,False,False,False,False,False,False,False,False,False,Dimanche-04-06h,OUI,Dimanche,2020-03-29 04:00
22241,153,True,False,False,False,True,True,False,False,False,False,False,False,False,False,Dimanche-04-06h,NON,Dimanche,2020-03-29 04:00
22242,82,False,False,True,False,False,False,False,False,False,False,False,False,False,False,Dimanche-04-06h,OUI,Dimanche,2020-03-29 04:00
22243,292,False,True,False,False,False,False,False,False,False,False,False,False,False,False,Dimanche-04-06h,OUI,Dimanche,2020-03-29 04:00
22244,169,False,False,False,True,False,False,False,False,False,False,False,False,False,False,Dimanche-04-06h,NON,Dimanche,2020-03-29 04:00
22245,16,False,False,False,False,True,True,False,False,False,False,False,False,False,False,Dimanche-04-06h,OUI,Dimanche,2020-03-29 04:00
22246,46,True,True,True,False,False,True,True,False,False,False,False,False,False,False,Dimanche-04-06h,NON,Dimanche,2020-03-29 04:00
22247,216,False,True,False,False,False,True,False,False,False,False,False,False,False,False,Dimanche-04-06h,OUI,Dimanche,2020-03-29 04:00
22248,174,False,True,True,False,False,True,False,False,False,False,True,False,False,False,Dimanche-04-06h,OUI,Dimanche,2020-03-29 04:00
22249,43,False,False,False,False,True,False,False,False,False,False,False,False,False,False,Dimanche-04-06h,NON,Dimanche,2020-03-29 04:00
22250,165,False,False,False,False,True,True,False,False,False,False,False,False,False,False,Dimanche-04-06h,NON,Dimanche,2020-03-29 04:00
22251,126,False,True,False,False,False,True,False,False,False,False,False,False,False,False,Dimanche-04-06h,OUI,Dimanche,2020-03-29 04:00
22252,41,False,False,False,False,False,True,False,False,True,False,False,False,False,False,Dimanche-04-06h,NON,Dimanche,2020-03-29 04:00
22253,157,False,False,True,False,False,False,False,False,False,False,False,False,False,False,Dimanche-04-06h,NON,Dimanche,2020-03-29 04:00
22254,272,False,True,True,False,False,False,True,False,False,False,True,False,True,True,Dimanche-04-06h,OUI,Dimanche,2020-03-29 04:00
22255,115,True,False,True,False,False,False,False,False,False,False,False,False,False,False,Dimanche-04-06h,OUI,Dimanche,2020-03-29 04:00
22256,84,False,False,False,False,False,False,False,False,False,False,False,True,False,False,Dimanche-04-06h,OUI,Dimanche,2020-03-29 04:00
22257,183,True,True,True,True,False,False,False,False,False,False,False,False,False,False,Dimanche-04-06h,NON,Dimanche,2020-03-29 04:00
22258,65,True,True,False,False,False,True,False,False,False,False,False,False,False,False,Dimanche-04-06h,OUI,Dimanche,2020-03-29 04:00
22259,105,True,False,False,False,False,False,False,False,False,False,False,False,False,False,Dimanche-04-06h,OUI,Dimanche,2020-03-29 04:00
22260,187,True,False,False,False,False,True,False,False,False,False,False,False,False,False,Dimanche-04-06h,NON,Dimanche,2020-03-29 04:00
22261,139,True,False,True,False,False,False,False,False,False,False,False,False,False,False,Dimanche-04-06h,NON,Dimanche,2020-03-29 04:00
22262,259,False,False,False,False,True,True,False,False,False,False,False,False,False,False,Dimanche-04-06h,NON,Dimanche,2020-03-29 04:00
22263,124,True,False,True,False,False,False,False,False,False,False,True,False,False,False,Dimanche-04-06h,NON,Dimanche,2020-03-29 04:00
22264,98,False,False,False,False,False,True,False,False,False,False,False,True,False,False,Dimanche-04-06h,OUI,Dimanche,2020-03-29 04:00
22265,284,False,True,True,False,False,True,False,False,False,False,False,False,True,False,Dimanche-04-06h,OUI,Dimanche,2020-03-29 04:00
22266,148,True,False,True,False,True,False,False,True,False,False,False,False,False,False,Dimanche-04-06h,NON,Dimanche,2020-03-29 04:00
22267,258,True,False,True,False,False,False,False,False,False,False,False,False,False,False,Dimanche-04-06h,OUI,Dimanche,2020-03-29 04:00
22268,175,False,False,False,False,False,True,False,False,False,False,False,False,False,False,Dimanche-04-06h,NON,Dimanche,2020-03-29 04:00
22269,119,False,False,False,False,False,False,False,False,False,False,True,False,False,False,Dimanche-04-06h,NON,Dimanche,2020-03-29 04:00
22270,229,True,False,True,False,False,False,False,True,False,False,False,False,False,False,Dimanche-04-06h,NON,Dimanche,2020-03-29 04:00
22271,230,False,False,False,False,False,True,True,False,False,False,False,False,False,False,Dimanche-04-06h,NON,Dimanche,2020-03-29 04:00
22272,17,True,False,False,False,False,True,True,False,False,False,False,False,False,False,Dimanche-04-06h,NON,Dimanche,2020-03-29 04:00
22273,177,False,False,False,False,False,False,False,False,False,False,False,False,False,False,Dimanche-04-06h,NON,Dimanche,2020-03-29 04:00
22274,7,False,False,False,False,False,False,False,False,False,False,False,False,False,False,Dimanche-04-06h,NON,Dimanche,2020-03-29 04:00
22275,241,False,False,True,False,False,False,False,False,False,False,False,False,False,False,Dimanche-04-06h,NON,Dimanche,2020-03-29 04:00
22276,8,True,False,False,False,True,True,False,True,False,False,False,False,False,False,Dimanche-04-06h,NON,Dimanche,2020-03-29 04:00
22277,268,False,True,False,False,False,True,False,False,False,False,False,False,False,False,Dimanche-04-06h,OUI,Dimanche,2020-03-29 04:00
22278,294,False,False,True,False,True,False,False,False,False,False,False,False,False,False,Dimanche-04-06h,OUI,Dimanche,2020-03-29 04:00
22279,242,True,False,False,False,True,True,False,False,False,False,False,False,False,False,Dimanche-04-06h,NON,Dimanche,2020-03-29 04:00
22280,194,False,False,False,False,False,True,False,False,False,False,False,False,False,False,Dimanche-04-06h,NON,Dimanche,2020-03-29 04:00
22281,243,False,False,False,False,True,True,False,False,False,False,False,False,False,False,Dimanche-04-06h,OUI,Dimanche,2020-03-29 04:00
22282,212,True,True,True,False,False,True,False,False,False,False,False,False,False,False,Dimanche-04-06h,OUI,Dimanche,2020-03-29 04:00
22283,19,False,False,False,False,False,True,False,False,False,False,False,False,False,False,Dimanche-04-06h,OUI,Dimanche,2020-03-29 04:00
22284,114,False,False,False,False,True,False,False,False,False,False,False,False,False,False,Dimanche-04-06h,OUI,Dimanche,2020-03-29 04:00
22285,190,False,False,False,False,False,True,False,False,True,False,False,False,False,False,Dimanche-04-06h,NON,Dimanche,2020-03-29 04:00
22286,64,False,False,True,False,False,False,False,False,False,False,False,False,False,False,Dimanche-04-06h,NON,Dimanche,2020-03-29 04:00
22287,227,False,False,False,False,False,False,False,False,False,False,False,False,False,False,Dimanche-04-06h,NON,Dimanche,2020-03-29 04:00
22288,232,False,False,False,False,False,True,False,False,False,False,False,False,False,False,Dimanche-04-06h,OUI,Dimanche,2020-03-29 04:00
22289,246,False,True,False,False,False,True,True,False,False,False,False,False,False,False,Dimanche-04-06h,OUI,Dimanche,2020-03-29 04:00
22290,100,False,False,False,False,False,True,False,False,False,False,False,False,False,False,Dimanche-04-06h,OUI,Dimanche,2020-03-29 04:00
22291,13,False,False,False,False,True,False,False,False,False,False,False,False,False,False,Dimanche-04-06h,NON,Dimanche,2020-03-29 04:00
22292,262,True,True,True,False,False,False,False,False,False,False,False,False,False,False,Dimanche-04-06h,OUI,Dimanche,2020-03-29 04:00
22293,76,True,True,True,False,False,True,False,False,False,False,True,False,False,False,Dimanche-04-06h,NON,Dimanche,2020-03-29 04:00
22294,261,False,True,False,False,True,False,False,False,False,False,False,False,False,False,Dimanche-04-06h,NON,Dimanche,2020-03-29 04:00
22295,150,False,True,False,False,False,False,False,False,False,False,False,False,False,False,Dimanche-04-06h,OUI,Dimanche,2020-03-29 04:00
22296,205,False,False,False,False,False,False,False,False,False,False,False,False,False,False,Dimanche-04-06h,NON,Dimanche,2020-03-29 04:00
22297,56,False,False,False,False,True,True,False,False,False,False,False,False,False,False,Dimanche-04-06h,OUI,Dimanche,2020-03-29 04:00
22298,186,False,False,False,False,True,False,False,False,False,False,False,False,False,False,Dimanche-04-06h,OUI,Dimanche,2020-03-29 04:00
22299,162,True,False,False,False,True,True,False,False,False,False,False,False,False,False,Dimanche-04-06h,NON,Dimanche,2020-03-29 04:00
22300,68,False,True,False,False,True,True,False,False,False,False,False,False,False,False,Dimanche-04-06h,OUI,Dimanche,2020-03-29 04:00
22301,146,False,False,False,False,False,True,False,False,False,False,False,True,False,False,Dimanche-04-06h,OUI,Dimanche,2020-03-29 04:00
22302,49,False,False,False,False,False,False,False,False,False,False,False,False,True,False,Dimanche-04-06h,OUI,Dimanche,2020-03-29 04:00
22303,91,True,False,True,True,False,False,False,False,False,False,False,False,False,False,Dimanche-04-06h,OUI,Dimanche,2020-03-29 04:00
22304,22,False,False,False,False,False,False,False,False,False,True,False,False,False,False,Dimanche-04-06h,NON,Dimanche,2020-03-29 04:00
22305,151,False,False,False,False,True,False,False,False,False,False,False,False,False,False,Dimanche-04-06h,OUI,Dimanche,2020-03-29 04:00
22306,193,False,False,False,False,True,True,False,False,False,False,False,False,False,False,Dimanche-04-06h,OUI,Dimanche,2020-03-29 04:00
22307,9,True,True,False,False,False,False,False,False,False,False,False,False,False,False,Dimanche-04-06h,NON,Dimanche,2020-03-29 04:00
22308,99,True,False,True,False,False,False,False,False,False,False,False,False,False,False,Dimanche-04-06h,NON,Dimanche,2020-03-29 04:00
22309,181,False,False,False,False,True,True,False,False,False,False,False,False,False,False,Dimanche-04-06h,OUI,Dimanche,2020-03-29 04:00
22310,111,False,False,False,False,False,True,False,True,False,False,False,False,False,False,Dimanche-04-06h,OUI,Dimanche,2020-03-29 04:00
22311,44,False,True,False,False,False,True,False,False,False,False,False,False,False,False,Dimanche-04-06h,NON,Dimanche,2020-03-29 04:00
22312,24,False,False,False,False,True,False,False,True,False,False,False,False,False,False,Dimanche-04-06h,NON,Dimanche,2020-03-29 04:00
22313,102,False,False,False,False,True,True,False,True,False,False,False,False,False,False,Dimanche-04-06h,OUI,Dimanche,2020-03-29 04:00
22314,203,True,True,False,False,False,False,False,True,False,False,False,False,False,False,Dimanche-04-06h,NON,Dimanche,2020-03-29 04:00
22315,140,False,False,False,False,True,True,False,True,False,False,False,False,False,False,Dimanche-04-06h,NON,Dimanche,2020-03-29 04:00
22316,188,False,False,False,False,False,True,False,False,True,False,False,False,False,False,Dimanche-04-06h,NON,Dimanche,2020-03-29 04:00
22317,206,False,False,False,True,False,False,False,False,False,False,True,False,False,False,Dimanche-04-06h,NON,Dimanche,2020-03-29 04:00
22318,273,False,False,False,False,False,False,False,False,False,False,False,True,False,False,Dimanche-04-06h,NON,Dimanche,2020-03-29 04:00
22319,69,True,False,True,False,False,False,False,False,False,False,False,False,False,False,Dimanche-04-06h,NON,Dimanche,2020-03-29 04:00
22320,87,True,False,False,True,False,False,False,False,False,False,True,False,False,False,Dimanche-04-06h,OUI,Dimanche,2020-03-29 04:00
22321,83,True,False,True,False,False,False,False,False,False,False,False,False,False,False,Dimanche-04-06h,NON,Dimanche,2020-03-29 04:00
22322,149,True,False,True,True,False,False,False,False,False,False,False,False,False,False,Dimanche-04-06h,OUI,Dimanche,2020-03-29 04:00
22323,274,False,False,False,False,False,True,False,False,False,False,False,False,False,False,Dimanche-04-06h,NON,Dimanche,2020-03-29 04:00
22324,282,True,False,True,True,False,False,False,False,False,False,False,False,False,False,Dimanche-04-06h,NON,Dimanche,2020-03-29 04:00
22325,147,False,False,False,False,False,False,False,False,False,False,False,False,False,False,Dimanche-04-06h,NON,Dimanche,2020-03-29 04:00
22326,238,False,False,False,False,False,False,False,False,False,False,False,True,False,False,Dimanche-04-06h,NON,Dimanche,2020-03-29 04:00
22327,201,False,False,False,False,False,False,False,False,False,False,False,False,False,False,Dimanche-04-06h,NON,Dimanche,2020-03-29 04:00
22328,152,False,True,False,False,False,False,False,False,False,False,False,False,False,False,Dimanche-04-06h,NON,Dimanche,2020-03-29 04:00
22329,222,False,False,False,False,False,True,False,False,True,True,False,False,False,False,Dimanche-04-06h,NON,Dimanche,2020-03-29 04:00
22330,106,False,False,False,False,False,True,False,False,False,False,False,True,False,False,Dimanche-04-06h,OUI,Dimanche,2020-03-29 04:00
22331,133,False,False,True,False,True,False,False,False,False,False,False,False,False,False,Dimanche-04-06h,NON,Dimanche,2020-03-29 04:00
22332,163,False,False,False,False,True,False,False,False,False,False,False,False,False,False,Dimanche-04-06h,NON,Dimanche,2020-03-29 04:00
22333,231,False,False,False,False,False,False,False,False,False,False,False,False,False,False,Dimanche-04-06h,NON,Dimanche,2020-03-29 04:00
22334,25,False,False,False,False,True,False,False,False,False,False,False,False,False,False,Dimanche-04-06h,NON,Dimanche,2020-03-29 04:00
22335,196,False,False,True,False,True,False,False,True,False,False,False,False,False,False,Dimanche-04-06h,OUI,Dimanche,2020-03-29 04:00
22336,5,False,False,False,False,True,True,False,False,False,False,False,False,False,False,Dimanche-04-06h,NON,Dimanche,2020-03-29 04:00
22337,90,False,True,False,False,False,False,False,False,False,False,False,False,False,False,Dimanche-04-06h,OUI,Dimanche,2020-03-29 04:00
22338,244,True,False,True,False,False,False,False,False,False,False,False,False,False,False,Dimanche-04-06h,NON,Dimanche,2020-03-29 04:00
22339,107,False,True,False,False,False,True,False,False,False,False,False,False,False,False,Dimanche-04-06h,OUI,Dimanche,2020-03-29 04:00
22340,218,False,True,False,False,True,True,False,False,False,False,False,False,False,False,Dimanche-04-06h,OUI,Dimanche,2020-03-29 04:00
22341,62,False,True,True,False,True,True,False,False,False,False,False,False,False,False,Dimanche-04-06h,OUI,Dimanche,2020-03-29 04:00
22342,79,False,True,False,False,False,False,False,False,False,False,False,False,False,False,Dimanche-04-06h,OUI,Dimanche,2020-03-29 04:00
22343,208,False,False,False,False,False,True,False,False,False,False,False,False,False,False,Dimanche-04-06h,NON,Dimanche,2020-03-29 04:00
22344,270,False,False,False,False,False,False,False,False,True,False,False,False,False,False,Dimanche-04-06h,NON,Dimanche,2020-03-29 04:00
22345,166,True,False,False,False,True,True,False,False,False,False,False,False,False,False,Dimanche-04-06h,OUI,Dimanche,2020-03-29 04:00
22346,77,False,False,True,False,True,False,False,False,False,False,False,False,False,False,Dimanche-04-06h,NON,Dimanche,2020-03-29 04:00
22347,29,False,False,False,False,False,True,False,False,False,False,False,True,False,False,Dimanche-04-06h,OUI,Dimanche,2020-03-29 04:00
22348,240,False,False,False,False,False,True,False,False,False,False,False,False,False,False,Dimanche-04-06h,OUI,Dimanche,2020-03-29 04:00
22349,184,False,True,False,False,False,False,False,False,False,False,False,False,False,False,Dimanche-04-06h,OUI,Dimanche,2020-03-29 04:00
22350,277,False,True,True,False,False,True,False,False,False,False,False,False,False,False,Dimanche-04-06h,OUI,Dimanche,2020-03-29 04:00
22351,80,True,False,False,False,False,True,False,False,False,True,False,False,False,False,Dimanche-04-06h,NON,Dimanche,2020-03-29 04:00
22352,185,True,True,True,False,False,True,False,False,False,False,True,False,True,False,Dimanche-04-06h,NON,Dimanche,2020-03-29 04:00
22353,204,False,False,False,False,True,True,False,False,False,False,False,True,False,False,Dimanche-04-06h,OUI,Dimanche,2020-03-29 04:00
22354,252,True,True,True,False,False,True,False,False,False,False,False,False,False,False,Dimanche-04-06h,OUI,Dimanche,2020-03-29 04:00
22355,26,False,False,False,False,True,False,False,False,False,False,False,False,False,False,Dimanche-04-06h,NON,Dimanche,2020-03-29 04:00
22356,70,False,False,False,False,True,False,False,False,False,False,False,True,False,False,Dimanche-04-06h,NON,Dimanche,2020-03-29 04:00
22357,233,False,False,False,False,True,False,False,False,False,False,False,False,False,False,Dimanche-04-06h,NON,Dimanche,2020-03-29 04:00
22358,37,True,True,True,False,True,True,False,False,False,False,False,False,False,False,Dimanche-04-06h,NON,Dimanche,2020-03-29 04:00
22359,185,False,False,True,False,False,False,False,False,False,False,False,False,False,False,Dimanche-04-06h,OUI,Dimanche,2020-03-29 04:00
22360,138,True,False,False,False,True,True,False,False,False,False,False,False,False,False,Dimanche-04-06h,OUI,Dimanche,2020-03-29 04:00
22361,224,True,False,True,False,False,False,False,False,False,False,False,False,False,False,Dimanche-04-06h,OUI,Dimanche,2020-03-29 04:00
22362,66,False,False,False,False,True,True,False,False,False,False,False,False,True,False,Dimanche-04-06h,OUI,Dimanche,2020-03-29 04:00
22363,211,False,False,True,False,False,False,False,False,False,False,False,False,True,False,Dimanche-04-06h,NON,Dimanche,2020-03-29 04:00
22364,14,False,False,False,False,True,True,False,False,False,False,False,False,False,False,Dimanche-04-06h,NON,Dimanche,2020-03-29 04:00
22365,145,False,False,False,False,True,False,False,False,False,False,False,False,False,False,Dimanche-04-06h,NON,Dimanche,2020-03-29 04:00
22366,36,False,False,False,False,False,False,False,False,False,False,False,True,False,False,Dimanche-04-06h,NON,Dimanche,2020-03-29 04:00
22367,60,True,True,True,False,False,True,False,False,False,False,False,False,False,False,Dimanche-04-06h,NON,Dimanche,2020-03-29 04:00
22368,137,True,True,True,False,False,True,False,False,False,False,True,False,False,False,Dimanche-04-06h,OUI,Dimanche,2020-03-29 04:00
22369,285,False,True,False,False,True,True,False,False,False,False,False,False,False,False,Dimanche-04-06h,OUI,Dimanche,2020-03-29 04:00
22370,40,False,True,True,False,True,True,False,False,False,False,False,False,False,False,Dimanche-04-06h,OUI,Dimanche,2020-03-29 04:00
22371,97,False,False,False,False,False,True,False,False,False,False,False,False,False,False,Dimanche-04-06h,OUI,Dimanche,2020-03-29 04:00
22372,109,True,False,True,True,False,False,False,False,False,False,False,False,False,False,Dimanche-04-06h,NON,Dimanche,2020-03-29 04:00
22373,10,False,False,False,False,False,False,False,False,False,False,False,False,False,False,Dimanche-04-06h,NON,Dimanche,2020-03-29 04:00
22374,256,False,False,False,False,False,False,False,False,False,False,False,True,False,False,Dimanche-04-06h,NON,Dimanche,2020-03-29 04:00
22375,141,True,True,True,False,False,False,False,False,False,False,True,False,False,False,Dimanche-04-06h,NON,Dimanche,2020-03-29 04:00
22376,28,False,False,False,False,False,False,False,False,False,False,False,False,False,False,Dimanche-04-06h,NON,Dimanche,2020-03-29 04:00
22377,101,True,True,True,True,True,True,False,False,False,False,False,False,False,False,Dimanche-04-06h,OUI,Dimanche,2020-03-29 04:00
22378,48,True,False,True,False,True,False,False,False,False,False,False,False,True,False,Dimanche-04-06h,OUI,Dimanche,2020-03-29 04:00
22379,27,False,False,False,False,False,True,False,False,False,False,False,False,False,False,Dimanche-04-06h,OUI,Dimanche,2020-03-29 04:00
22380,142,True,False,True,False,False,False,False,False,False,False,True,False,True,False,Dimanche-04-06h,NON,Dimanche,2020-03-29 04:00
22381,234,False,False,True,False,False,False,False,False,False,False,True,False,False,False,Dimanche-04-06h,OUI,Dimanche,2020-03-29 04:00
22382,23,False,False,False,False,True,False,False,False,False,False,False,False,False,False,Dimanche-04-06h,NON,Dimanche,2020-03-29 04:00
22383,195,False,False,False,False,True,False,False,False,True,False,False,False,False,False,Dimanche-04-06h,NON,Dimanche,2020-03-29 04:00
22384,275,False,False,False,False,False,False,False,False,False,False,False,True,False,False,Dimanche-04-06h,NON,Dimanche,2020-03-29 04:00
22385,226,False,False,False,False,True,True,False,False,False,False,False,False,False,False,Dimanche-04-06h,NON,Dimanche,2020-03-29 04:00
22386,207,False,False,True,False,False,False,False,False,False,False,False,False,False,False,Dimanche-04-06h,NON,Dimanche,2020-03-29 04:00
22387,57,False,False,False,False,False,False,False,False,False,False,False,False,False,False,Dimanche-04-06h,NON,Dimanche,2020-03-29 04:00
22388,4,False,True,False,False,False,True,False,False,False,False,False,False,False,False,Dimanche-04-06h,NON,Dimanche,2020-03-29 04:00
22389,265,False,False,False,False,False,True,False,False,False,False,False,False,False,False,Dimanche-04-06h,NON,Dimanche,2020-03-29 04:00
22390,88,False,True,False,False,False,False,False,False,False,False,False,False,False,False,Dimanche-04-06h,NON,Dimanche,2020-03-29 04:00
22391,198,False,False,False,False,False,False,False,False,False,False,True,False,False,False,Dimanche-04-06h,NON,Dimanche,2020-03-29 04:00
22392,249,True,True,True,False,False,False,False,False,False,False,False,False,False,False,Dimanche-04-06h,NON,Dimanche,2020-03-29 04:00
22393,263,False,False,False,False,True,True,False,False,False,False,False,False,False,False,Dimanche-04-06h,NON,Dimanche,2020-03-29 04:00
22394,217,True,False,True,False,False,False,False,False,False,False,False,False,True,False,Dimanche-04-06h,OUI,Dimanche,2020-03-29 04:00
22395,278,False,False,False,False,True,True,False,False,False,False,False,False,False,False,Dimanche-04-06h,NON,Dimanche,2020-03-29 04:00
22396,189,False,True,False,False,False,False,False,False,False,False,False,False,False,False,Dimanche-04-06h,NON,Dimanche,2020-03-29 04:00
22397,61,True,False,True,False,False,False,False,False,False,False,False,False,False,False,Dimanche-04-06h,OUI,Dimanche,2020-03-29 04:00
22398,251,False,False,False,False,False,False,False,False,False,False,False,False,True,False,Dimanche-04-06h,NON,Dimanche,2020-03-29 04:00
22399,281,False,True,False,False,False,False,False,False,False,False,False,False,False,False,Dimanche-04-06h,NON,Dimanche,2020-03-29 04:00
22400,134,False,True,False,False,False,False,False,False,False,False,False,False,False,False,Dimanche-04-06h,OUI,Dimanche,2020-03-29 04:00
22401,293,False,True,False,False,False,True,False,False,False,False,False,False,False,False,Dimanche-04-06h,NON,Dimanche,2020-03-29 04:00
22402,279,True,True,True,True,False,True,False,False,False,False,False,False,False,False,Dimanche-04-06h,NON,Dimanche,2020-03-29 04:00
22403,81,True,False,True,True,False,False,False,True,False,False,False,False,False,False,Dimanche-04-06h,OUI,Dimanche,2020-03-29 04:00
22404,92,True,False,False,True,False,False,False,False,False,False,True,False,False,False,Dimanche-04-06h,NON,Dimanche,2020-03-29 04:00
22405,147,False,False,False,False,False,False,False,False,False,False,False,False,False,False,Dimanche-04-06h,NON,Dimanche,2020-03-29 04:00
22406,33,False,True,False,False,True,False,False,False,False,False,False,False,False,False,Dimanche-04-06h,OUI,Dimanche,2020-03-29 04:00
22407,266,False,False,False,False,False,False,False,False,False,False,False,False,False,False,Dimanche-04-06h,NON,Dimanche,2020-03-29 04:00
22408,225,True,False,False,False,False,True,False,False,False,False,False,False,False,False,Dimanche-04-06h,OUI,Dimanche,2020-03-29 04:00
22409,83,True,False,True,False,False,False,False,False,False,False,False,False,False,False,Dimanche-04-06h,NON,Dimanche,2020-03-29 04:00
22410,95,False,False,False,False,True,True,False,True,False,False,False,False,False,False,Dimanche-04-06h,NON,Dimanche,2020-03-29 04:00
22411,127,False,False,False,False,True,False,False,False,False,False,False,False,False,False,Dimanche-04-06h,NON,Dimanche,2020-03-29 04:00
22412,20,False,False,False,False,False,False,False,False,False,False,False,False,False,False,Dimanche-04-06h,NON,Dimanche,2020-03-29 04:00
22413,89,False,False,False,False,False,False,False,False,True,False,False,False,False,False,Dimanche-04-06h,OUI,Dimanche,2020-03-29 04:00
22414,120,False,True,True,False,True,True,False,True,False,False,True,False,False,False,Dimanche-04-06h,NON,Dimanche,2020-03-29 04:00
22415,253,False,False,False,False,True,True,False,False,False,False,False,True,False,False,Dimanche-04-06h,NON,Dimanche,2020-03-29 04:00
22416,52,False,False,True,False,False,False,False,False,False,False,False,False,False,False,Dimanche-04-06h,NON,Dimanche,2020-03-29 04:00
22417,168,True,False,True,False,False,False,False,True,False,False,False,False,False,False,Dimanche-04-06h,OUI,Dimanche,2020-03-29 04:00
22418,202,False,True,False,False,False,False,False,False,False,False,False,False,False,False,Dimanche-04-06h,OUI,Dimanche,2020-03-29 04:00
22419,172,False,False,False,False,True,False,False,False,False,False,False,False,False,False,Dimanche-04-06h,NON,Dimanche,2020-03-29 04:00
22420,239,False,False,False,False,True,True,False,False,False,False,False,False,False,False,Dimanche-04-06h,NON,Dimanche,2020-03-29 04:00
22421,85,False,False,False,False,True,False,False,False,False,False,False,False,False,False,Dimanche-04-06h,NON,Dimanche,2020-03-29 04:00
22422,215,False,False,False,False,False,False,False,False,True,False,False,False,False,False,Dimanche-04-06h,OUI,Dimanche,2020-03-29 04:00
22423,260,True,False,True,False,False,False,False,False,False,False,False,False,False,False,Dimanche-04-06h,NON,Dimanche,2020-03-29 04:00
22424,286,True,True,False,False,True,False,False,False,False,False,False,False,False,False,Dimanche-04-06h,NON,Dimanche,2020-03-29 04:00
22425,72,False,True,False,False,False,False,False,False,False,False,False,False,False,False,Dimanche-06-08h,NON,Dimanche,2020-03-29 06:00
22426,167,True,True,True,True,True,True,False,False,False,False,False,False,False,False,Dimanche-06-08h,OUI,Dimanche,2020-03-29 06:00
22427,130,True,False,True,False,False,False,False,True,False,False,False,False,True,True,Dimanche-06-08h,NON,Dimanche,2020-03-29 06:00
22428,288,True,True,True,False,True,False,False,False,False,False,False,False,False,False,Dimanche-06-08h,NON,Dimanche,2020-03-29 06:00
22429,59,False,False,False,False,False,True,False,False,False,False,False,False,False,False,Dimanche-06-08h,NON,Dimanche,2020-03-29 06:00
22430,178,True,False,False,False,False,False,False,False,False,False,True,False,False,False,Dimanche-06-08h,OUI,Dimanche,2020-03-29 06:00
22431,254,False,False,False,False,False,False,False,False,False,False,False,True,False,False,Dimanche-06-08h,NON,Dimanche,2020-03-29 06:00
22432,34,False,False,False,False,False,False,False,False,False,False,False,False,False,False,Dimanche-06-08h,NON,Dimanche,2020-03-29 06:00
22433,264,False,False,False,False,True,True,True,False,False,False,False,False,False,False,Dimanche-06-08h,OUI,Dimanche,2020-03-29 06:00
22434,158,True,False,False,False,True,False,False,False,False,True,False,False,False,False,Dimanche-06-08h,NON,Dimanche,2020-03-29 06:00
22435,210,False,True,False,False,True,True,False,False,False,False,False,False,False,False,Dimanche-06-08h,NON,Dimanche,2020-03-29 06:00
22436,93,False,False,False,False,True,False,False,False,False,False,False,False,True,False,Dimanche-06-08h,OUI,Dimanche,2020-03-29 06:00
22437,144,True,False,True,False,True,False,False,False,False,False,False,False,False,False,Dimanche-06-08h,OUI,Dimanche,2020-03-29 06:00
22438,164,False,True,False,False,True,True,False,False,False,False,False,False,False,False,Dimanche-06-08h,OUI,Dimanche,2020-03-29 06:00
22439,289,False,False,False,False,True,True,False,False,False,False,False,False,False,False,Dimanche-06-08h,OUI,Dimanche,2020-03-29 06:00
22440,50,False,False,False,False,False,False,False,False,False,False,False,False,False,False,Dimanche-06-08h,NON,Dimanche,2020-03-29 06:00
22441,51,True,True,False,False,True,False,False,False,False,False,False,False,False,False,Dimanche-06-08h,OUI,Dimanche,2020-03-29 06:00
22442,247,False,False,True,False,False,False,False,False,False,False,False,False,False,False,Dimanche-06-08h,OUI,Dimanche,2020-03-29 06:00
22443,159,False,False,False,False,False,False,False,True,False,False,False,False,False,False,Dimanche-06-08h,NON,Dimanche,2020-03-29 06:00
22444,54,False,False,False,False,False,True,False,False,False,False,False,False,False,False,Dimanche-06-08h,NON,Dimanche,2020-03-29 06:00
22445,55,True,False,False,False,True,True,False,True,False,False,False,False,False,False,Dimanche-06-08h,OUI,Dimanche,2020-03-29 06:00
22446,257,False,False,False,False,True,False,False,False,False,False,False,False,False,False,Dimanche-06-08h,NON,Dimanche,2020-03-29 06:00
22447,67,False,False,False,False,False,False,False,False,False,False,False,False,False,False,Dimanche-06-08h,NON,Dimanche,2020-03-29 06:00
22448,71,True,False,True,False,False,False,False,False,False,False,False,False,False,False,Dimanche-06-08h,NON,Dimanche,2020-03-29 06:00
22449,280,False,False,False,False,False,True,False,False,False,False,False,False,False,False,Dimanche-06-08h,OUI,Dimanche,2020-03-29 06:00
22450,283,True,True,False,False,False,False,False,False,False,False,False,False,False,False,Dimanche-06-08h,OUI,Dimanche,2020-03-29 06:00
22451,154,False,False,False,False,True,True,False,False,False,False,False,True,False,False,Dimanche-06-08h,OUI,Dimanche,2020-03-29 06:00
22452,171,False,False,False,False,False,False,False,False,False,False,False,True,False,False,Dimanche-06-08h,NON,Dimanche,2020-03-29 06:00
22453,131,False,False,True,False,False,False,False,False,False,False,False,False,False,False,Dimanche-06-08h,NON,Dimanche,2020-03-29 06:00
22454,237,True,False,False,False,False,True,True,False,False,False,False,False,True,False,Dimanche-06-08h,OUI,Dimanche,2020-03-29 06:00
22455,75,False,False,False,False,True,True,False,False,False,False,False,False,False,False,Dimanche-06-08h,NON,Dimanche,2020-03-29 06:00
22456,235,True,False,False,False,True,False,False,False,False,False,False,False,False,False,Dimanche-06-08h,NON,Dimanche,2020-03-29 06:00
22457,180,False,False,False,False,True,True,False,False,False,False,False,False,False,False,Dimanche-06-08h,OUI,Dimanche,2020-03-29 06:00
22458,219,False,False,False,False,False,True,False,False,False,False,False,False,False,False,Dimanche-06-08h,NON,Dimanche,2020-03-29 06:00
22459,250,False,False,False,False,False,False,False,False,True,False,False,False,False,False,Dimanche-06-08h,NON,Dimanche,2020-03-29 06:00
22460,267,True,True,False,False,False,False,False,False,False,False,False,False,False,False,Dimanche-06-08h,OUI,Dimanche,2020-03-29 06:00
22461,160,False,True,False,False,False,True,False,False,False,False,False,False,False,False,Dimanche-06-08h,OUI,Dimanche,2020-03-29 06:00
22462,182,False,True,False,False,True,True,True,False,False,False,False,False,False,False,Dimanche-06-08h,NON,Dimanche,2020-03-29 06:00
22463,143,False,False,False,False,False,False,False,True,False,False,True,False,False,False,Dimanche-06-08h,OUI,Dimanche,2020-03-29 06:00
22464,223,True,True,False,False,False,False,False,False,False,False,False,False,False,False,Dimanche-06-08h,NON,Dimanche,2020-03-29 06:00
22465,192,True,False,True,False,False,False,False,False,False,False,False,False,False,False,Dimanche-06-08h,NON,Dimanche,2020-03-29 06:00
22466,30,False,False,True,False,False,False,False,True,False,False,False,False,False,False,Dimanche-06-08h,OUI,Dimanche,2020-03-29 06:00
22467,125,True,False,False,False,True,False,False,True,False,False,False,False,False,False,Dimanche-06-08h,NON,Dimanche,2020-03-29 06:00
22468,39,False,False,True,False,True,False,False,True,False,False,False,False,False,False,Dimanche-06-08h,NON,Dimanche,2020-03-29 06:00
22469,113,True,False,True,False,False,False,False,False,False,False,False,False,False,False,Dimanche-06-08h,OUI,Dimanche,2020-03-29 06:00
22470,121,True,False,True,False,False,False,False,True,False,False,False,False,False,False,Dimanche-06-08h,NON,Dimanche,2020-03-29 06:00
22471,228,False,False,False,False,False,False,False,False,False,False,True,False,False,False,Dimanche-06-08h,OUI,Dimanche,2020-03-29 06:00
22472,290,False,False,False,False,False,False,False,False,True,False,False,False,False,False,Dimanche-06-08h,NON,Dimanche,2020-03-29 06:00
22473,197,False,False,True,False,True,False,False,False,False,False,False,False,False,False,Dimanche-06-08h,NON,Dimanche,2020-03-29 06:00
22474,31,True,True,True,False,False,True,False,False,False,False,False,False,False,False,Dimanche-06-08h,OUI,Dimanche,2020-03-29 06:00
22475,173,True,False,False,False,True,True,False,True,False,False,False,False,False,False,Dimanche-06-08h,OUI,Dimanche,2020-03-29 06:00
22476,74,True,False,False,True,False,False,False,True,False,False,True,False,False,False,Dimanche-06-08h,NON,Dimanche,2020-03-29 06:00
22477,15,False,False,True,False,False,False,False,False,False,False,False,False,False,False,Dimanche-06-08h,NON,Dimanche,2020-03-29 06:00
22478,45,True,False,False,False,True,True,False,True,False,False,False,False,False,False,Dimanche-06-08h,OUI,Dimanche,2020-03-29 06:00
22479,63,False,False,True,False,False,False,False,False,False,False,False,False,False,False,Dimanche-06-08h,OUI,Dimanche,2020-03-29 06:00
22480,3,False,False,False,False,False,True,False,False,False,False,False,True,False,False,Dimanche-06-08h,OUI,Dimanche,2020-03-29 06:00
22481,21,True,False,True,False,False,False,False,False,False,False,False,False,False,False,Dimanche-06-08h,OUI,Dimanche,2020-03-29 06:00
22482,78,False,True,True,False,True,True,False,True,False,False,False,False,False,False,Dimanche-06-08h,OUI,Dimanche,2020-03-29 06:00
22483,47,False,True,False,False,False,False,False,False,False,False,False,False,False,False,Dimanche-06-08h,NON,Dimanche,2020-03-29 06:00
22484,151,True,True,False,False,True,False,False,True,False,False,False,False,False,False,Dimanche-06-08h,OUI,Dimanche,2020-03-29 06:00
22485,6,True,False,True,False,False,False,False,False,False,False,False,False,False,False,Dimanche-06-08h,OUI,Dimanche,2020-03-29 06:00
22486,135,True,False,True,False,False,False,False,False,False,False,False,False,True,False,Dimanche-06-08h,OUI,Dimanche,2020-03-29 06:00
22487,221,False,False,False,False,True,True,False,False,False,False,False,False,False,False,Dimanche-06-08h,OUI,Dimanche,2020-03-29 06:00
22488,170,False,False,True,False,False,False,False,False,False,False,True,False,False,True,Dimanche-06-08h,OUI,Dimanche,2020-03-29 06:00
22489,129,False,True,False,False,False,False,False,False,False,False,False,False,False,False,Dimanche-06-08h,OUI,Dimanche,2020-03-29 06:00
22490,132,True,True,True,False,False,True,False,False,False,False,False,False,False,False,Dimanche-06-08h,OUI,Dimanche,2020-03-29 06:00
22491,110,False,True,False,False,False,False,False,False,False,False,False,False,False,False,Dimanche-06-08h,OUI,Dimanche,2020-03-29 06:00
22492,191,False,False,False,False,False,True,False,False,False,False,False,False,False,False,Dimanche-06-08h,OUI,Dimanche,2020-03-29 06:00
22493,94,True,True,True,False,False,True,False,False,False,False,True,False,True,False,Dimanche-06-08h,NON,Dimanche,2020-03-29 06:00
22494,108,False,False,False,False,False,True,True,False,False,False,False,False,False,False,Dimanche-06-08h,OUI,Dimanche,2020-03-29 06:00
22495,236,False,False,False,False,True,True,False,False,False,False,False,False,False,False,Dimanche-06-08h,OUI,Dimanche,2020-03-29 06:00
22496,42,True,False,True,False,True,False,False,False,False,False,False,False,False,False,Dimanche-06-08h,NON,Dimanche,2020-03-29 06:00
22497,155,True,False,False,False,True,False,False,False,False,False,False,False,False,False,Dimanche-06-08h,NON,Dimanche,2020-03-29 06:00
22498,1,False,False,False,False,False,False,False,False,False,False,False,False,False,False,Dimanche-06-08h,NON,Dimanche,2020-03-29 06:00
22499,58,False,True,True,False,False,True,False,False,False,False,True,False,False,False,Dimanche-06-08h,OUI,Dimanche,2020-03-29 06:00
22500,0,False,True,False,False,False,False,False,False,False,False,False,False,False,False,Dimanche-06-08h,OUI,Dimanche,2020-03-29 06:00
22501,269,False,False,False,False,False,False,False,False,False,False,False,False,False,False,Dimanche-06-08h,NON,Dimanche,2020-03-29 06:00
22502,2,True,False,True,False,False,False,False,False,False,False,False,False,False,False,Dimanche-06-08h,NON,Dimanche,2020-03-29 06:00
22503,103,False,False,False,False,True,False,False,False,False,False,False,False,False,False,Dimanche-06-08h,NON,Dimanche,2020-03-29 06:00
22504,12,False,True,False,False,True,False,False,False,False,False,False,False,False,False,Dimanche-06-08h,OUI,Dimanche,2020-03-29 06:00
22505,245,True,False,False,False,True,True,False,True,False,False,False,False,False,False,Dimanche-06-08h,NON,Dimanche,2020-03-29 06:00
22506,161,False,False,True,False,False,False,False,False,False,False,True,False,False,False,Dimanche-06-08h,OUI,Dimanche,2020-03-29 06:00
22507,38,False,False,False,False,False,False,False,False,True,False,False,False,False,False,Dimanche-06-08h,NON,Dimanche,2020-03-29 06:00
22508,122,False,False,False,False,False,False,False,False,False,False,False,False,False,False,Dimanche-06-08h,NON,Dimanche,2020-03-29 06:00
22509,248,False,False,True,False,False,False,False,False,False,False,False,False,True,False,Dimanche-06-08h,OUI,Dimanche,2020-03-29 06:00
22510,271,False,True,True,False,False,True,False,False,False,False,False,False,False,False,Dimanche-06-08h,OUI,Dimanche,2020-03-29 06:00
22511,116,False,False,True,False,False,False,False,False,False,False,False,False,False,False,Dimanche-06-08h,OUI,Dimanche,2020-03-29 06:00
22512,117,True,True,True,True,False,True,False,False,False,False,False,False,False,False,Dimanche-06-08h,NON,Dimanche,2020-03-29 06:00
22513,213,False,False,False,False,True,True,False,True,False,False,False,False,False,False,Dimanche-06-08h,OUI,Dimanche,2020-03-29 06:00
22514,220,False,True,True,False,False,True,False,False,False,False,False,False,False,False,Dimanche-06-08h,OUI,Dimanche,2020-03-29 06:00
22515,176,False,False,True,False,False,False,False,False,False,False,False,False,False,False,Dimanche-06-08h,NON,Dimanche,2020-03-29 06:00
22516,96,False,False,False,False,True,True,False,False,False,True,False,False,False,False,Dimanche-06-08h,NON,Dimanche,2020-03-29 06:00
22517,214,False,False,False,False,True,True,False,False,False,True,False,False,False,False,Dimanche-06-08h,OUI,Dimanche,2020-03-29 06:00
22518,11,True,False,False,True,False,False,False,False,False,False,True,False,False,False,Dimanche-06-08h,NON,Dimanche,2020-03-29 06:00
22519,255,True,False,True,False,False,False,False,True,False,False,False,False,False,False,Dimanche-06-08h,NON,Dimanche,2020-03-29 06:00
22520,86,False,False,True,False,False,False,False,False,False,False,False,False,False,False,Dimanche-06-08h,NON,Dimanche,2020-03-29 06:00
22521,209,True,False,False,False,True,True,False,True,False,False,False,False,False,False,Dimanche-06-08h,OUI,Dimanche,2020-03-29 06:00
22522,291,False,False,False,False,False,True,False,False,True,False,False,False,False,False,Dimanche-06-08h,OUI,Dimanche,2020-03-29 06:00
22523,287,False,False,False,False,False,False,False,False,False,False,False,True,False,False,Dimanche-06-08h,OUI,Dimanche,2020-03-29 06:00
22524,104,False,False,False,False,True,True,False,False,False,False,False,False,False,False,Dimanche-06-08h,NON,Dimanche,2020-03-29 06:00
22525,18,False,False,False,False,True,False,False,False,False,False,False,False,False,False,Dimanche-06-08h,OUI,Dimanche,2020-03-29 06:00
22526,123,False,True,False,False,True,True,False,False,False,False,False,False,False,False,Dimanche-06-08h,NON,Dimanche,2020-03-29 06:00
22527,136,False,False,False,False,True,False,False,False,False,False,False,False,False,False,Dimanche-06-08h,NON,Dimanche,2020-03-29 06:00
22528,276,True,False,True,False,False,False,False,False,False,False,False,False,False,False,Dimanche-06-08h,OUI,Dimanche,2020-03-29 06:00
22529,53,False,False,False,False,True,True,False,False,False,False,False,False,False,False,Dimanche-06-08h,OUI,Dimanche,2020-03-29 06:00
22530,179,True,False,True,False,False,False,False,False,False,False,False,False,False,False,Dimanche-06-08h,OUI,Dimanche,2020-03-29 06:00
22531,200,False,False,False,False,False,False,False,False,False,False,False,False,False,False,Dimanche-06-08h,NON,Dimanche,2020-03-29 06:00
22532,73,False,False,False,False,False,False,False,False,False,False,False,False,False,False,Dimanche-06-08h,NON,Dimanche,2020-03-29 06:00
22533,156,False,False,False,False,True,True,False,False,False,False,False,False,False,False,Dimanche-06-08h,NON,Dimanche,2020-03-29 06:00
22534,128,True,True,True,False,False,True,False,False,False,False,False,False,False,False,Dimanche-06-08h,OUI,Dimanche,2020-03-29 06:00
22535,118,False,False,False,False,False,False,False,False,False,False,False,False,False,False,Dimanche-06-08h,NON,Dimanche,2020-03-29 06:00
22536,112,True,False,True,False,False,False,False,False,False,False,False,False,False,False,Dimanche-06-08h,OUI,Dimanche,2020-03-29 06:00
22537,35,False,False,False,False,True,True,False,False,False,False,False,False,False,False,Dimanche-06-08h,NON,Dimanche,2020-03-29 06:00
22538,32,False,False,False,False,False,False,False,False,False,False,False,True,False,False,Dimanche-06-08h,NON,Dimanche,2020-03-29 06:00
22539,199,True,False,True,False,False,False,False,False,False,False,False,False,False,False,Dimanche-06-08h,OUI,Dimanche,2020-03-29 06:00
22540,153,True,False,False,False,True,True,False,False,False,False,False,False,False,False,Dimanche-06-08h,NON,Dimanche,2020-03-29 06:00
22541,82,False,False,True,False,False,False,False,False,False,False,False,False,False,False,Dimanche-06-08h,OUI,Dimanche,2020-03-29 06:00
22542,292,False,True,False,False,False,False,False,False,False,False,False,False,False,False,Dimanche-06-08h,OUI,Dimanche,2020-03-29 06:00
22543,169,False,False,False,True,False,False,False,False,False,False,False,False,False,False,Dimanche-06-08h,NON,Dimanche,2020-03-29 06:00
22544,16,False,False,False,False,True,True,False,False,False,False,False,False,False,False,Dimanche-06-08h,OUI,Dimanche,2020-03-29 06:00
22545,46,True,True,True,False,False,True,True,False,False,False,False,False,False,False,Dimanche-06-08h,NON,Dimanche,2020-03-29 06:00
22546,216,False,True,False,False,False,True,False,False,False,False,False,False,False,False,Dimanche-06-08h,OUI,Dimanche,2020-03-29 06:00
22547,174,False,True,True,False,False,True,False,False,False,False,True,False,False,False,Dimanche-06-08h,OUI,Dimanche,2020-03-29 06:00
22548,43,False,False,False,False,True,False,False,False,False,False,False,False,False,False,Dimanche-06-08h,NON,Dimanche,2020-03-29 06:00
22549,165,False,False,False,False,True,True,False,False,False,False,False,False,False,False,Dimanche-06-08h,NON,Dimanche,2020-03-29 06:00
22550,126,False,True,False,False,False,True,False,False,False,False,False,False,False,False,Dimanche-06-08h,OUI,Dimanche,2020-03-29 06:00
22551,41,False,False,False,False,False,True,False,False,True,False,False,False,False,False,Dimanche-06-08h,NON,Dimanche,2020-03-29 06:00
22552,157,False,False,True,False,False,False,False,False,False,False,False,False,False,False,Dimanche-06-08h,NON,Dimanche,2020-03-29 06:00
22553,272,False,True,True,False,False,False,True,False,False,False,True,False,True,True,Dimanche-06-08h,OUI,Dimanche,2020-03-29 06:00
22554,115,True,False,True,False,False,False,False,False,False,False,False,False,False,False,Dimanche-06-08h,OUI,Dimanche,2020-03-29 06:00
22555,84,False,False,False,False,False,False,False,False,False,False,False,True,False,False,Dimanche-06-08h,OUI,Dimanche,2020-03-29 06:00
22556,183,True,True,True,True,False,False,False,False,False,False,False,False,False,False,Dimanche-06-08h,NON,Dimanche,2020-03-29 06:00
22557,65,True,True,False,False,False,True,False,False,False,False,False,False,False,False,Dimanche-06-08h,OUI,Dimanche,2020-03-29 06:00
22558,105,True,False,False,False,False,False,False,False,False,False,False,False,False,False,Dimanche-06-08h,OUI,Dimanche,2020-03-29 06:00
22559,187,True,False,False,False,False,True,False,False,False,False,False,False,False,False,Dimanche-06-08h,OUI,Dimanche,2020-03-29 06:00
22560,139,True,False,True,False,False,False,False,False,False,False,False,False,False,False,Dimanche-06-08h,NON,Dimanche,2020-03-29 06:00
22561,259,False,False,False,False,True,True,False,False,False,False,False,False,False,False,Dimanche-06-08h,NON,Dimanche,2020-03-29 06:00
22562,124,True,False,True,False,False,False,False,False,False,False,True,False,False,False,Dimanche-06-08h,NON,Dimanche,2020-03-29 06:00
22563,98,False,False,False,False,False,True,False,False,False,False,False,True,False,False,Dimanche-06-08h,OUI,Dimanche,2020-03-29 06:00
22564,284,False,True,True,False,False,True,False,False,False,False,False,False,True,False,Dimanche-06-08h,OUI,Dimanche,2020-03-29 06:00
22565,148,True,False,True,False,True,False,False,True,False,False,False,False,False,False,Dimanche-06-08h,NON,Dimanche,2020-03-29 06:00
22566,258,True,False,True,False,False,False,False,False,False,False,False,False,False,False,Dimanche-06-08h,OUI,Dimanche,2020-03-29 06:00
22567,175,False,False,False,False,False,True,False,False,False,False,False,False,False,False,Dimanche-06-08h,NON,Dimanche,2020-03-29 06:00
22568,119,False,False,False,False,False,False,False,False,False,False,True,False,False,False,Dimanche-06-08h,NON,Dimanche,2020-03-29 06:00
22569,229,True,False,True,False,False,False,False,True,False,False,False,False,False,False,Dimanche-06-08h,NON,Dimanche,2020-03-29 06:00
22570,230,False,False,False,False,False,True,True,False,False,False,False,False,False,False,Dimanche-06-08h,NON,Dimanche,2020-03-29 06:00
22571,17,True,False,False,False,False,True,True,False,False,False,False,False,False,False,Dimanche-06-08h,NON,Dimanche,2020-03-29 06:00
22572,177,False,False,False,False,False,False,False,False,False,False,False,False,False,False,Dimanche-06-08h,NON,Dimanche,2020-03-29 06:00
22573,7,False,False,False,False,False,False,False,False,False,False,False,False,False,False,Dimanche-06-08h,NON,Dimanche,2020-03-29 06:00
22574,241,False,False,True,False,False,False,False,False,False,False,False,False,False,False,Dimanche-06-08h,NON,Dimanche,2020-03-29 06:00
22575,8,True,False,False,False,True,True,False,True,False,False,False,False,False,False,Dimanche-06-08h,OUI,Dimanche,2020-03-29 06:00
22576,268,False,True,False,False,False,True,False,False,False,False,False,False,False,False,Dimanche-06-08h,OUI,Dimanche,2020-03-29 06:00
22577,294,False,False,True,False,True,False,False,False,False,False,False,False,False,False,Dimanche-06-08h,OUI,Dimanche,2020-03-29 06:00
22578,242,True,False,False,False,True,True,False,False,False,False,False,False,False,False,Dimanche-06-08h,NON,Dimanche,2020-03-29 06:00
22579,194,False,False,False,False,False,True,False,False,False,False,False,False,False,False,Dimanche-06-08h,NON,Dimanche,2020-03-29 06:00
22580,243,False,False,False,False,True,True,False,False,False,False,False,False,False,False,Dimanche-06-08h,OUI,Dimanche,2020-03-29 06:00
22581,212,True,True,True,False,False,True,False,False,False,False,False,False,False,False,Dimanche-06-08h,OUI,Dimanche,2020-03-29 06:00
22582,19,False,False,False,False,False,True,False,False,False,False,False,False,False,False,Dimanche-06-08h,OUI,Dimanche,2020-03-29 06:00
22583,114,False,False,False,False,True,False,False,False,False,False,False,False,False,False,Dimanche-06-08h,OUI,Dimanche,2020-03-29 06:00
22584,190,False,False,False,False,False,True,False,False,True,False,False,False,False,False,Dimanche-06-08h,NON,Dimanche,2020-03-29 06:00
22585,64,False,False,True,False,False,False,False,False,False,False,False,False,False,False,Dimanche-06-08h,NON,Dimanche,2020-03-29 06:00
22586,227,False,False,False,False,False,False,False,False,False,False,False,False,False,False,Dimanche-06-08h,NON,Dimanche,2020-03-29 06:00
22587,232,False,False,False,False,False,True,False,False,False,False,False,False,False,False,Dimanche-06-08h,OUI,Dimanche,2020-03-29 06:00
22588,246,False,True,False,False,False,True,True,False,False,False,False,False,False,False,Dimanche-06-08h,OUI,Dimanche,2020-03-29 06:00
22589,100,False,False,False,False,False,True,False,False,False,False,False,False,False,False,Dimanche-06-08h,OUI,Dimanche,2020-03-29 06:00
22590,13,False,False,False,False,True,False,False,False,False,False,False,False,False,False,Dimanche-06-08h,NON,Dimanche,2020-03-29 06:00
22591,262,True,True,True,False,False,False,False,False,False,False,False,False,False,False,Dimanche-06-08h,OUI,Dimanche,2020-03-29 06:00
22592,76,True,True,True,False,False,True,False,False,False,False,True,False,False,False,Dimanche-06-08h,NON,Dimanche,2020-03-29 06:00
22593,261,False,True,False,False,True,False,False,False,False,False,False,False,False,False,Dimanche-06-08h,NON,Dimanche,2020-03-29 06:00
22594,150,False,True,False,False,False,False,False,False,False,False,False,False,False,False,Dimanche-06-08h,OUI,Dimanche,2020-03-29 06:00
22595,205,False,False,False,False,False,False,False,False,False,False,False,False,False,False,Dimanche-06-08h,NON,Dimanche,2020-03-29 06:00
22596,56,False,False,False,False,True,True,False,False,False,False,False,False,False,False,Dimanche-06-08h,OUI,Dimanche,2020-03-29 06:00
22597,186,False,False,False,False,True,False,False,False,False,False,False,False,False,False,Dimanche-06-08h,OUI,Dimanche,2020-03-29 06:00
22598,162,True,False,False,False,True,True,False,False,False,False,False,False,False,False,Dimanche-06-08h,NON,Dimanche,2020-03-29 06:00
22599,68,False,True,False,False,True,True,False,False,False,False,False,False,False,False,Dimanche-06-08h,OUI,Dimanche,2020-03-29 06:00
22600,146,False,False,False,False,False,True,False,False,False,False,False,True,False,False,Dimanche-06-08h,OUI,Dimanche,2020-03-29 06:00
22601,49,False,False,False,False,False,False,False,False,False,False,False,False,True,False,Dimanche-06-08h,OUI,Dimanche,2020-03-29 06:00
22602,91,True,False,True,True,False,False,False,False,False,False,False,False,False,False,Dimanche-06-08h,OUI,Dimanche,2020-03-29 06:00
22603,22,False,False,False,False,False,False,False,False,False,True,False,False,False,False,Dimanche-06-08h,NON,Dimanche,2020-03-29 06:00
22604,151,False,False,False,False,True,False,False,False,False,False,False,False,False,False,Dimanche-06-08h,OUI,Dimanche,2020-03-29 06:00
22605,193,False,False,False,False,True,True,False,False,False,False,False,False,False,False,Dimanche-06-08h,OUI,Dimanche,2020-03-29 06:00
22606,9,True,True,False,False,False,False,False,False,False,False,False,False,False,False,Dimanche-06-08h,NON,Dimanche,2020-03-29 06:00
22607,99,True,False,True,False,False,False,False,False,False,False,False,False,False,False,Dimanche-06-08h,NON,Dimanche,2020-03-29 06:00
22608,181,False,False,False,False,True,True,False,False,False,False,False,False,False,False,Dimanche-06-08h,OUI,Dimanche,2020-03-29 06:00
22609,111,False,False,False,False,False,True,False,True,False,False,False,False,False,False,Dimanche-06-08h,OUI,Dimanche,2020-03-29 06:00
22610,44,False,True,False,False,False,True,False,False,False,False,False,False,False,False,Dimanche-06-08h,NON,Dimanche,2020-03-29 06:00
22611,24,False,False,False,False,True,False,False,True,False,False,False,False,False,False,Dimanche-06-08h,NON,Dimanche,2020-03-29 06:00
22612,102,False,False,False,False,True,True,False,True,False,False,False,False,False,False,Dimanche-06-08h,OUI,Dimanche,2020-03-29 06:00
22613,203,True,True,False,False,False,False,False,True,False,False,False,False,False,False,Dimanche-06-08h,NON,Dimanche,2020-03-29 06:00
22614,140,False,False,False,False,True,True,False,True,False,False,False,False,False,False,Dimanche-06-08h,NON,Dimanche,2020-03-29 06:00
22615,188,False,False,False,False,False,True,False,False,True,False,False,False,False,False,Dimanche-06-08h,NON,Dimanche,2020-03-29 06:00
22616,206,False,False,False,True,False,False,False,False,False,False,True,False,False,False,Dimanche-06-08h,NON,Dimanche,2020-03-29 06:00
22617,273,False,False,False,False,False,False,False,False,False,False,False,True,False,False,Dimanche-06-08h,NON,Dimanche,2020-03-29 06:00
22618,69,True,False,True,False,False,False,False,False,False,False,False,False,False,False,Dimanche-06-08h,NON,Dimanche,2020-03-29 06:00
22619,87,True,False,False,True,False,False,False,False,False,False,True,False,False,False,Dimanche-06-08h,NON,Dimanche,2020-03-29 06:00
22620,83,True,False,True,False,False,False,False,False,False,False,False,False,False,False,Dimanche-06-08h,NON,Dimanche,2020-03-29 06:00
22621,149,True,False,True,True,False,False,False,False,False,False,False,False,False,False,Dimanche-06-08h,OUI,Dimanche,2020-03-29 06:00
22622,274,False,False,False,False,False,True,False,False,False,False,False,False,False,False,Dimanche-06-08h,NON,Dimanche,2020-03-29 06:00
22623,282,True,False,True,True,False,False,False,False,False,False,False,False,False,False,Dimanche-06-08h,NON,Dimanche,2020-03-29 06:00
22624,147,False,False,False,False,False,False,False,False,False,False,False,False,False,False,Dimanche-06-08h,NON,Dimanche,2020-03-29 06:00
22625,238,False,False,False,False,False,False,False,False,False,False,False,True,False,False,Dimanche-06-08h,NON,Dimanche,2020-03-29 06:00
22626,201,False,False,False,False,False,False,False,False,False,False,False,False,False,False,Dimanche-06-08h,NON,Dimanche,2020-03-29 06:00
22627,152,False,True,False,False,False,False,False,False,False,False,False,False,False,False,Dimanche-06-08h,NON,Dimanche,2020-03-29 06:00
22628,222,False,False,False,False,False,True,False,False,True,True,False,False,False,False,Dimanche-06-08h,OUI,Dimanche,2020-03-29 06:00
22629,106,False,False,False,False,False,True,False,False,False,False,False,True,False,False,Dimanche-06-08h,OUI,Dimanche,2020-03-29 06:00
22630,133,False,False,True,False,True,False,False,False,False,False,False,False,False,False,Dimanche-06-08h,NON,Dimanche,2020-03-29 06:00
22631,163,False,False,False,False,True,False,False,False,False,False,False,False,False,False,Dimanche-06-08h,NON,Dimanche,2020-03-29 06:00
22632,231,False,False,False,False,False,False,False,False,False,False,False,False,False,False,Dimanche-06-08h,NON,Dimanche,2020-03-29 06:00
22633,25,False,False,False,False,True,False,False,False,False,False,False,False,False,False,Dimanche-06-08h,NON,Dimanche,2020-03-29 06:00
22634,196,False,False,True,False,True,False,False,True,False,False,False,False,False,False,Dimanche-06-08h,OUI,Dimanche,2020-03-29 06:00
22635,5,False,False,False,False,True,True,False,False,False,False,False,False,False,False,Dimanche-06-08h,NON,Dimanche,2020-03-29 06:00
22636,90,False,True,False,False,False,False,False,False,False,False,False,False,False,False,Dimanche-06-08h,OUI,Dimanche,2020-03-29 06:00
22637,244,True,False,True,False,False,False,False,False,False,False,False,False,False,False,Dimanche-06-08h,NON,Dimanche,2020-03-29 06:00
22638,107,False,True,False,False,False,True,False,False,False,False,False,False,False,False,Dimanche-06-08h,OUI,Dimanche,2020-03-29 06:00
22639,218,False,True,False,False,True,True,False,False,False,False,False,False,False,False,Dimanche-06-08h,OUI,Dimanche,2020-03-29 06:00
22640,62,False,True,True,False,True,True,False,False,False,False,False,False,False,False,Dimanche-06-08h,OUI,Dimanche,2020-03-29 06:00
22641,79,False,True,False,False,False,False,False,False,False,False,False,False,False,False,Dimanche-06-08h,OUI,Dimanche,2020-03-29 06:00
22642,208,False,False,False,False,False,True,False,False,False,False,False,False,False,False,Dimanche-06-08h,OUI,Dimanche,2020-03-29 06:00
22643,270,False,False,False,False,False,False,False,False,True,False,False,False,False,False,Dimanche-06-08h,NON,Dimanche,2020-03-29 06:00
22644,166,True,False,False,False,True,True,False,False,False,False,False,False,False,False,Dimanche-06-08h,OUI,Dimanche,2020-03-29 06:00
22645,77,False,False,True,False,True,False,False,False,False,False,False,False,False,False,Dimanche-06-08h,NON,Dimanche,2020-03-29 06:00
22646,29,False,False,False,False,False,True,False,False,False,False,False,True,False,False,Dimanche-06-08h,OUI,Dimanche,2020-03-29 06:00
22647,240,False,False,False,False,False,True,False,False,False,False,False,False,False,False,Dimanche-06-08h,OUI,Dimanche,2020-03-29 06:00
22648,184,False,True,False,False,False,False,False,False,False,False,False,False,False,False,Dimanche-06-08h,OUI,Dimanche,2020-03-29 06:00
22649,277,False,True,True,False,False,True,False,False,False,False,False,False,False,False,Dimanche-06-08h,OUI,Dimanche,2020-03-29 06:00
22650,80,True,False,False,False,False,True,False,False,False,True,False,False,False,False,Dimanche-06-08h,NON,Dimanche,2020-03-29 06:00
22651,185,True,True,True,False,False,True,False,False,False,False,True,False,True,False,Dimanche-06-08h,NON,Dimanche,2020-03-29 06:00
22652,204,False,False,False,False,True,True,False,False,False,False,False,True,False,False,Dimanche-06-08h,OUI,Dimanche,2020-03-29 06:00
22653,252,True,True,True,False,False,True,False,False,False,False,False,False,False,False,Dimanche-06-08h,OUI,Dimanche,2020-03-29 06:00
22654,26,False,False,False,False,True,False,False,False,False,False,False,False,False,False,Dimanche-06-08h,NON,Dimanche,2020-03-29 06:00
22655,70,False,False,False,False,True,False,False,False,False,False,False,True,False,False,Dimanche-06-08h,NON,Dimanche,2020-03-29 06:00
22656,233,False,False,False,False,True,False,False,False,False,False,False,False,False,False,Dimanche-06-08h,OUI,Dimanche,2020-03-29 06:00
22657,37,True,True,True,False,True,True,False,False,False,False,False,False,False,False,Dimanche-06-08h,NON,Dimanche,2020-03-29 06:00
22658,185,False,False,True,False,False,False,False,False,False,False,False,False,False,False,Dimanche-06-08h,OUI,Dimanche,2020-03-29 06:00
22659,138,True,False,False,False,True,True,False,False,False,False,False,False,False,False,Dimanche-06-08h,OUI,Dimanche,2020-03-29 06:00
22660,224,True,False,True,False,False,False,False,False,False,False,False,False,False,False,Dimanche-06-08h,OUI,Dimanche,2020-03-29 06:00
22661,66,False,False,False,False,True,True,False,False,False,False,False,False,True,False,Dimanche-06-08h,OUI,Dimanche,2020-03-29 06:00
22662,211,False,False,True,False,False,False,False,False,False,False,False,False,True,False,Dimanche-06-08h,NON,Dimanche,2020-03-29 06:00
22663,14,False,False,False,False,True,True,False,False,False,False,False,False,False,False,Dimanche-06-08h,NON,Dimanche,2020-03-29 06:00
22664,145,False,False,False,False,True,False,False,False,False,False,False,False,False,False,Dimanche-06-08h,NON,Dimanche,2020-03-29 06:00
22665,36,False,False,False,False,False,False,False,False,False,False,False,True,False,False,Dimanche-06-08h,NON,Dimanche,2020-03-29 06:00
22666,60,True,True,True,False,False,True,False,False,False,False,False,False,False,False,Dimanche-06-08h,NON,Dimanche,2020-03-29 06:00
22667,137,True,True,True,False,False,True,False,False,False,False,True,False,False,False,Dimanche-06-08h,OUI,Dimanche,2020-03-29 06:00
22668,285,False,True,False,False,True,True,False,False,False,False,False,False,False,False,Dimanche-06-08h,OUI,Dimanche,2020-03-29 06:00
22669,40,False,True,True,False,True,True,False,False,False,False,False,False,False,False,Dimanche-06-08h,OUI,Dimanche,2020-03-29 06:00
22670,97,False,False,False,False,False,True,False,False,False,False,False,False,False,False,Dimanche-06-08h,OUI,Dimanche,2020-03-29 06:00
22671,109,True,False,True,True,False,False,False,False,False,False,False,False,False,False,Dimanche-06-08h,NON,Dimanche,2020-03-29 06:00
22672,10,False,False,False,False,False,False,False,False,False,False,False,False,False,False,Dimanche-06-08h,NON,Dimanche,2020-03-29 06:00
22673,256,False,False,False,False,False,False,False,False,False,False,False,True,False,False,Dimanche-06-08h,NON,Dimanche,2020-03-29 06:00
22674,141,True,True,True,False,False,False,False,False,False,False,True,False,False,False,Dimanche-06-08h,NON,Dimanche,2020-03-29 06:00
22675,28,False,False,False,False,False,False,False,False,False,False,False,False,False,False,Dimanche-06-08h,NON,Dimanche,2020-03-29 06:00
22676,101,True,True,True,True,True,True,False,False,False,False,False,False,False,False,Dimanche-06-08h,OUI,Dimanche,2020-03-29 06:00
22677,48,True,False,True,False,True,False,False,False,False,False,False,False,True,False,Dimanche-06-08h,OUI,Dimanche,2020-03-29 06:00
22678,27,False,False,False,False,False,True,False,False,False,False,False,False,False,False,Dimanche-06-08h,OUI,Dimanche,2020-03-29 06:00
22679,142,True,False,True,False,False,False,False,False,False,False,True,False,True,False,Dimanche-06-08h,NON,Dimanche,2020-03-29 06:00
22680,234,False,False,True,False,False,False,False,False,False,False,True,False,False,False,Dimanche-06-08h,OUI,Dimanche,2020-03-29 06:00
22681,23,False,False,False,False,True,False,False,False,False,False,False,False,False,False,Dimanche-06-08h,NON,Dimanche,2020-03-29 06:00
22682,195,False,False,False,False,True,False,False,False,True,False,False,False,False,False,Dimanche-06-08h,NON,Dimanche,2020-03-29 06:00
22683,275,False,False,False,False,False,False,False,False,False,False,False,True,False,False,Dimanche-06-08h,NON,Dimanche,2020-03-29 06:00
22684,226,False,False,False,False,True,True,False,False,False,False,False,False,False,False,Dimanche-06-08h,NON,Dimanche,2020-03-29 06:00
22685,207,False,False,True,False,False,False,False,False,False,False,False,False,False,False,Dimanche-06-08h,OUI,Dimanche,2020-03-29 06:00
22686,57,False,False,False,False,False,False,False,False,False,False,False,False,False,False,Dimanche-06-08h,NON,Dimanche,2020-03-29 06:00
22687,4,False,True,False,False,False,True,False,False,False,False,False,False,False,False,Dimanche-06-08h,NON,Dimanche,2020-03-29 06:00
22688,265,False,False,False,False,False,True,False,False,False,False,False,False,False,False,Dimanche-06-08h,NON,Dimanche,2020-03-29 06:00
22689,88,False,True,False,False,False,False,False,False,False,False,False,False,False,False,Dimanche-06-08h,NON,Dimanche,2020-03-29 06:00
22690,198,False,False,False,False,False,False,False,False,False,False,True,False,False,False,Dimanche-06-08h,NON,Dimanche,2020-03-29 06:00
22691,249,True,True,True,False,False,False,False,False,False,False,False,False,False,False,Dimanche-06-08h,NON,Dimanche,2020-03-29 06:00
22692,263,False,False,False,False,True,True,False,False,False,False,False,False,False,False,Dimanche-06-08h,NON,Dimanche,2020-03-29 06:00
22693,217,True,False,True,False,False,False,False,False,False,False,False,False,True,False,Dimanche-06-08h,OUI,Dimanche,2020-03-29 06:00
22694,278,False,False,False,False,True,True,False,False,False,False,False,False,False,False,Dimanche-06-08h,NON,Dimanche,2020-03-29 06:00
22695,189,False,True,False,False,False,False,False,False,False,False,False,False,False,False,Dimanche-06-08h,NON,Dimanche,2020-03-29 06:00
22696,61,True,False,True,False,False,False,False,False,False,False,False,False,False,False,Dimanche-06-08h,OUI,Dimanche,2020-03-29 06:00
22697,251,False,False,False,False,False,False,False,False,False,False,False,False,True,False,Dimanche-06-08h,NON,Dimanche,2020-03-29 06:00
22698,281,False,True,False,False,False,False,False,False,False,False,False,False,False,False,Dimanche-06-08h,NON,Dimanche,2020-03-29 06:00
22699,134,False,True,False,False,False,False,False,False,False,False,False,False,False,False,Dimanche-06-08h,OUI,Dimanche,2020-03-29 06:00
22700,293,False,True,False,False,False,True,False,False,False,False,False,False,False,False,Dimanche-06-08h,NON,Dimanche,2020-03-29 06:00
22701,279,True,True,True,True,False,True,False,False,False,False,False,False,False,False,Dimanche-06-08h,NON,Dimanche,2020-03-29 06:00
22702,81,True,False,True,True,False,False,False,True,False,False,False,False,False,False,Dimanche-06-08h,OUI,Dimanche,2020-03-29 06:00
22703,92,True,False,False,True,False,False,False,False,False,False,True,False,False,False,Dimanche-06-08h,NON,Dimanche,2020-03-29 06:00
22704,147,False,False,False,False,False,False,False,False,False,False,False,False,False,False,Dimanche-06-08h,NON,Dimanche,2020-03-29 06:00
22705,33,False,True,False,False,True,False,False,False,False,False,False,False,False,False,Dimanche-06-08h,OUI,Dimanche,2020-03-29 06:00
22706,266,False,False,False,False,False,False,False,False,False,False,False,False,False,False,Dimanche-06-08h,NON,Dimanche,2020-03-29 06:00
22707,225,True,False,False,False,False,True,False,False,False,False,False,False,False,False,Dimanche-06-08h,OUI,Dimanche,2020-03-29 06:00
22708,83,True,False,True,False,False,False,False,False,False,False,False,False,False,False,Dimanche-06-08h,NON,Dimanche,2020-03-29 06:00
22709,95,False,False,False,False,True,True,False,True,False,False,False,False,False,False,Dimanche-06-08h,NON,Dimanche,2020-03-29 06:00
22710,127,False,False,False,False,True,False,False,False,False,False,False,False,False,False,Dimanche-06-08h,NON,Dimanche,2020-03-29 06:00
22711,20,False,False,False,False,False,False,False,False,False,False,False,False,False,False,Dimanche-06-08h,NON,Dimanche,2020-03-29 06:00
22712,89,False,False,False,False,False,False,False,False,True,False,False,False,False,False,Dimanche-06-08h,OUI,Dimanche,2020-03-29 06:00
22713,120,False,True,True,False,True,True,False,True,False,False,True,False,False,False,Dimanche-06-08h,OUI,Dimanche,2020-03-29 06:00
22714,253,False,False,False,False,True,True,False,False,False,False,False,True,False,False,Dimanche-06-08h,NON,Dimanche,2020-03-29 06:00
22715,52,False,False,True,False,False,False,False,False,False,False,False,False,False,False,Dimanche-06-08h,NON,Dimanche,2020-03-29 06:00
22716,168,True,False,True,False,False,False,False,True,False,False,False,False,False,False,Dimanche-06-08h,OUI,Dimanche,2020-03-29 06:00
22717,202,False,True,False,False,False,False,False,False,False,False,False,False,False,False,Dimanche-06-08h,OUI,Dimanche,2020-03-29 06:00
22718,172,False,False,False,False,True,False,False,False,False,False,False,False,False,False,Dimanche-06-08h,OUI,Dimanche,2020-03-29 06:00
22719,239,False,False,False,False,True,True,False,False,False,False,False,False,False,False,Dimanche-06-08h,NON,Dimanche,2020-03-29 06:00
22720,85,False,False,False,False,True,False,False,False,False,False,False,False,False,False,Dimanche-06-08h,NON,Dimanche,2020-03-29 06:00
22721,215,False,False,False,False,False,False,False,False,True,False,False,False,False,False,Dimanche-06-08h,OUI,Dimanche,2020-03-29 06:00
22722,260,True,False,True,False,False,False,False,False,False,False,False,False,False,False,Dimanche-06-08h,NON,Dimanche,2020-03-29 06:00
22723,286,True,True,False,False,True,False,False,False,False,False,False,False,False,False,Dimanche-06-08h,NON,Dimanche,2020-03-29 06:00
22724,72,False,True,False,False,False,False,False,False,False,False,False,False,False,False,Dimanche-08-10h,OUI,Dimanche,2020-03-29 08:00
22725,167,True,True,True,True,True,True,False,False,False,False,False,False,False,False,Dimanche-08-10h,OUI,Dimanche,2020-03-29 08:00
22726,130,True,False,True,False,False,False,False,True,False,False,False,False,True,True,Dimanche-08-10h,NON,Dimanche,2020-03-29 08:00
22727,288,True,True,True,False,True,False,False,False,False,False,False,False,False,False,Dimanche-08-10h,NON,Dimanche,2020-03-29 08:00
22728,59,False,False,False,False,False,True,False,False,False,False,False,False,False,False,Dimanche-08-10h,OUI,Dimanche,2020-03-29 08:00
22729,178,True,False,False,False,False,False,False,False,False,False,True,False,False,False,Dimanche-08-10h,OUI,Dimanche,2020-03-29 08:00
22730,254,False,False,False,False,False,False,False,False,False,False,False,True,False,False,Dimanche-08-10h,NON,Dimanche,2020-03-29 08:00
22731,34,False,False,False,False,False,False,False,False,False,False,False,False,False,False,Dimanche-08-10h,NON,Dimanche,2020-03-29 08:00
22732,264,False,False,False,False,True,True,True,False,False,False,False,False,False,False,Dimanche-08-10h,OUI,Dimanche,2020-03-29 08:00
22733,158,True,False,False,False,True,False,False,False,False,True,False,False,False,False,Dimanche-08-10h,NON,Dimanche,2020-03-29 08:00
22734,210,False,True,False,False,True,True,False,False,False,False,False,False,False,False,Dimanche-08-10h,NON,Dimanche,2020-03-29 08:00
22735,93,False,False,False,False,True,False,False,False,False,False,False,False,True,False,Dimanche-08-10h,OUI,Dimanche,2020-03-29 08:00
22736,144,True,False,True,False,True,False,False,False,False,False,False,False,False,False,Dimanche-08-10h,OUI,Dimanche,2020-03-29 08:00
22737,164,False,True,False,False,True,True,False,False,False,False,False,False,False,False,Dimanche-08-10h,OUI,Dimanche,2020-03-29 08:00
22738,289,False,False,False,False,True,True,False,False,False,False,False,False,False,False,Dimanche-08-10h,OUI,Dimanche,2020-03-29 08:00
22739,50,False,False,False,False,False,False,False,False,False,False,False,False,False,False,Dimanche-08-10h,NON,Dimanche,2020-03-29 08:00
22740,51,True,True,False,False,True,False,False,False,False,False,False,False,False,False,Dimanche-08-10h,OUI,Dimanche,2020-03-29 08:00
22741,247,False,False,True,False,False,False,False,False,False,False,False,False,False,False,Dimanche-08-10h,OUI,Dimanche,2020-03-29 08:00
22742,159,False,False,False,False,False,False,False,True,False,False,False,False,False,False,Dimanche-08-10h,NON,Dimanche,2020-03-29 08:00
22743,54,False,False,False,False,False,True,False,False,False,False,False,False,False,False,Dimanche-08-10h,NON,Dimanche,2020-03-29 08:00
22744,55,True,False,False,False,True,True,False,True,False,False,False,False,False,False,Dimanche-08-10h,OUI,Dimanche,2020-03-29 08:00
22745,257,False,False,False,False,True,False,False,False,False,False,False,False,False,False,Dimanche-08-10h,NON,Dimanche,2020-03-29 08:00
22746,67,False,False,False,False,False,False,False,False,False,False,False,False,False,False,Dimanche-08-10h,NON,Dimanche,2020-03-29 08:00
22747,71,True,False,True,False,False,False,False,False,False,False,False,False,False,False,Dimanche-08-10h,NON,Dimanche,2020-03-29 08:00
22748,280,False,False,False,False,False,True,False,False,False,False,False,False,False,False,Dimanche-08-10h,OUI,Dimanche,2020-03-29 08:00
22749,283,True,True,False,False,False,False,False,False,False,False,False,False,False,False,Dimanche-08-10h,OUI,Dimanche,2020-03-29 08:00
22750,154,False,False,False,False,True,True,False,False,False,False,False,True,False,False,Dimanche-08-10h,OUI,Dimanche,2020-03-29 08:00
22751,171,False,False,False,False,False,False,False,False,False,False,False,True,False,False,Dimanche-08-10h,NON,Dimanche,2020-03-29 08:00
22752,131,False,False,True,False,False,False,False,False,False,False,False,False,False,False,Dimanche-08-10h,NON,Dimanche,2020-03-29 08:00
22753,237,True,False,False,False,False,True,True,False,False,False,False,False,True,False,Dimanche-08-10h,OUI,Dimanche,2020-03-29 08:00
22754,75,False,False,False,False,True,True,False,False,False,False,False,False,False,False,Dimanche-08-10h,NON,Dimanche,2020-03-29 08:00
22755,235,True,False,False,False,True,False,False,False,False,False,False,False,False,False,Dimanche-08-10h,OUI,Dimanche,2020-03-29 08:00
22756,180,False,False,False,False,True,True,False,False,False,False,False,False,False,False,Dimanche-08-10h,OUI,Dimanche,2020-03-29 08:00
22757,219,False,False,False,False,False,True,False,False,False,False,False,False,False,False,Dimanche-08-10h,NON,Dimanche,2020-03-29 08:00
22758,250,False,False,False,False,False,False,False,False,True,False,False,False,False,False,Dimanche-08-10h,NON,Dimanche,2020-03-29 08:00
22759,267,True,True,False,False,False,False,False,False,False,False,False,False,False,False,Dimanche-08-10h,OUI,Dimanche,2020-03-29 08:00
22760,160,False,True,False,False,False,True,False,False,False,False,False,False,False,False,Dimanche-08-10h,OUI,Dimanche,2020-03-29 08:00
22761,182,False,True,False,False,True,True,True,False,False,False,False,False,False,False,Dimanche-08-10h,OUI,Dimanche,2020-03-29 08:00
22762,143,False,False,False,False,False,False,False,True,False,False,True,False,False,False,Dimanche-08-10h,OUI,Dimanche,2020-03-29 08:00
22763,223,True,True,False,False,False,False,False,False,False,False,False,False,False,False,Dimanche-08-10h,OUI,Dimanche,2020-03-29 08:00
22764,192,True,False,True,False,False,False,False,False,False,False,False,False,False,False,Dimanche-08-10h,NON,Dimanche,2020-03-29 08:00
22765,30,False,False,True,False,False,False,False,True,False,False,False,False,False,False,Dimanche-08-10h,OUI,Dimanche,2020-03-29 08:00
22766,125,True,False,False,False,True,False,False,True,False,False,False,False,False,False,Dimanche-08-10h,OUI,Dimanche,2020-03-29 08:00
22767,39,False,False,True,False,True,False,False,True,False,False,False,False,False,False,Dimanche-08-10h,OUI,Dimanche,2020-03-29 08:00
22768,113,True,False,True,False,False,False,False,False,False,False,False,False,False,False,Dimanche-08-10h,OUI,Dimanche,2020-03-29 08:00
22769,121,True,False,True,False,False,False,False,True,False,False,False,False,False,False,Dimanche-08-10h,NON,Dimanche,2020-03-29 08:00
22770,228,False,False,False,False,False,False,False,False,False,False,True,False,False,False,Dimanche-08-10h,OUI,Dimanche,2020-03-29 08:00
22771,290,False,False,False,False,False,False,False,False,True,False,False,False,False,False,Dimanche-08-10h,OUI,Dimanche,2020-03-29 08:00
22772,197,False,False,True,False,True,False,False,False,False,False,False,False,False,False,Dimanche-08-10h,NON,Dimanche,2020-03-29 08:00
22773,31,True,True,True,False,False,True,False,False,False,False,False,False,False,False,Dimanche-08-10h,OUI,Dimanche,2020-03-29 08:00
22774,173,True,False,False,False,True,True,False,True,False,False,False,False,False,False,Dimanche-08-10h,OUI,Dimanche,2020-03-29 08:00
22775,74,True,False,False,True,False,False,False,True,False,False,True,False,False,False,Dimanche-08-10h,OUI,Dimanche,2020-03-29 08:00
22776,15,False,False,True,False,False,False,False,False,False,False,False,False,False,False,Dimanche-08-10h,OUI,Dimanche,2020-03-29 08:00
22777,45,True,False,False,False,True,True,False,True,False,False,False,False,False,False,Dimanche-08-10h,OUI,Dimanche,2020-03-29 08:00
22778,63,False,False,True,False,False,False,False,False,False,False,False,False,False,False,Dimanche-08-10h,OUI,Dimanche,2020-03-29 08:00
22779,3,False,False,False,False,False,True,False,False,False,False,False,True,False,False,Dimanche-08-10h,OUI,Dimanche,2020-03-29 08:00
22780,21,True,False,True,False,False,False,False,False,False,False,False,False,False,False,Dimanche-08-10h,OUI,Dimanche,2020-03-29 08:00
22781,78,False,True,True,False,True,True,False,True,False,False,False,False,False,False,Dimanche-08-10h,OUI,Dimanche,2020-03-29 08:00
22782,47,False,True,False,False,False,False,False,False,False,False,False,False,False,False,Dimanche-08-10h,OUI,Dimanche,2020-03-29 08:00
22783,151,True,True,False,False,True,False,False,True,False,False,False,False,False,False,Dimanche-08-10h,OUI,Dimanche,2020-03-29 08:00
22784,6,True,False,True,False,False,False,False,False,False,False,False,False,False,False,Dimanche-08-10h,OUI,Dimanche,2020-03-29 08:00
22785,135,True,False,True,False,False,False,False,False,False,False,False,False,True,False,Dimanche-08-10h,OUI,Dimanche,2020-03-29 08:00
22786,221,False,False,False,False,True,True,False,False,False,False,False,False,False,False,Dimanche-08-10h,OUI,Dimanche,2020-03-29 08:00
22787,170,False,False,True,False,False,False,False,False,False,False,True,False,False,True,Dimanche-08-10h,OUI,Dimanche,2020-03-29 08:00
22788,129,False,True,False,False,False,False,False,False,False,False,False,False,False,False,Dimanche-08-10h,OUI,Dimanche,2020-03-29 08:00
22789,132,True,True,True,False,False,True,False,False,False,False,False,False,False,False,Dimanche-08-10h,OUI,Dimanche,2020-03-29 08:00
22790,110,False,True,False,False,False,False,False,False,False,False,False,False,False,False,Dimanche-08-10h,OUI,Dimanche,2020-03-29 08:00
22791,191,False,False,False,False,False,True,False,False,False,False,False,False,False,False,Dimanche-08-10h,OUI,Dimanche,2020-03-29 08:00
22792,94,True,True,True,False,False,True,False,False,False,False,True,False,True,False,Dimanche-08-10h,NON,Dimanche,2020-03-29 08:00
22793,108,False,False,False,False,False,True,True,False,False,False,False,False,False,False,Dimanche-08-10h,OUI,Dimanche,2020-03-29 08:00
22794,236,False,False,False,False,True,True,False,False,False,False,False,False,False,False,Dimanche-08-10h,OUI,Dimanche,2020-03-29 08:00
22795,42,True,False,True,False,True,False,False,False,False,False,False,False,False,False,Dimanche-08-10h,NON,Dimanche,2020-03-29 08:00
22796,155,True,False,False,False,True,False,False,False,False,False,False,False,False,False,Dimanche-08-10h,OUI,Dimanche,2020-03-29 08:00
22797,1,False,False,False,False,False,False,False,False,False,False,False,False,False,False,Dimanche-08-10h,NON,Dimanche,2020-03-29 08:00
22798,58,False,True,True,False,False,True,False,False,False,False,True,False,False,False,Dimanche-08-10h,OUI,Dimanche,2020-03-29 08:00
22799,0,False,True,False,False,False,False,False,False,False,False,False,False,False,False,Dimanche-08-10h,OUI,Dimanche,2020-03-29 08:00
22800,269,False,False,False,False,False,False,False,False,False,False,False,False,False,False,Dimanche-08-10h,NON,Dimanche,2020-03-29 08:00
22801,2,True,False,True,False,False,False,False,False,False,False,False,False,False,False,Dimanche-08-10h,OUI,Dimanche,2020-03-29 08:00
22802,103,False,False,False,False,True,False,False,False,False,False,False,False,False,False,Dimanche-08-10h,NON,Dimanche,2020-03-29 08:00
22803,12,False,True,False,False,True,False,False,False,False,False,False,False,False,False,Dimanche-08-10h,OUI,Dimanche,2020-03-29 08:00
22804,245,True,False,False,False,True,True,False,True,False,False,False,False,False,False,Dimanche-08-10h,OUI,Dimanche,2020-03-29 08:00
22805,161,False,False,True,False,False,False,False,False,False,False,True,False,False,False,Dimanche-08-10h,OUI,Dimanche,2020-03-29 08:00
22806,38,False,False,False,False,False,False,False,False,True,False,False,False,False,False,Dimanche-08-10h,NON,Dimanche,2020-03-29 08:00
22807,122,False,False,False,False,False,False,False,False,False,False,False,False,False,False,Dimanche-08-10h,NON,Dimanche,2020-03-29 08:00
22808,248,False,False,True,False,False,False,False,False,False,False,False,False,True,False,Dimanche-08-10h,OUI,Dimanche,2020-03-29 08:00
22809,271,False,True,True,False,False,True,False,False,False,False,False,False,False,False,Dimanche-08-10h,OUI,Dimanche,2020-03-29 08:00
22810,116,False,False,True,False,False,False,False,False,False,False,False,False,False,False,Dimanche-08-10h,OUI,Dimanche,2020-03-29 08:00
22811,117,True,True,True,True,False,True,False,False,False,False,False,False,False,False,Dimanche-08-10h,NON,Dimanche,2020-03-29 08:00
22812,213,False,False,False,False,True,True,False,True,False,False,False,False,False,False,Dimanche-08-10h,OUI,Dimanche,2020-03-29 08:00
22813,220,False,True,True,False,False,True,False,False,False,False,False,False,False,False,Dimanche-08-10h,OUI,Dimanche,2020-03-29 08:00
22814,176,False,False,True,False,False,False,False,False,False,False,False,False,False,False,Dimanche-08-10h,OUI,Dimanche,2020-03-29 08:00
22815,96,False,False,False,False,True,True,False,False,False,True,False,False,False,False,Dimanche-08-10h,NON,Dimanche,2020-03-29 08:00
22816,214,False,False,False,False,True,True,False,False,False,True,False,False,False,False,Dimanche-08-10h,OUI,Dimanche,2020-03-29 08:00
22817,11,True,False,False,True,False,False,False,False,False,False,True,False,False,False,Dimanche-08-10h,OUI,Dimanche,2020-03-29 08:00
22818,255,True,False,True,False,False,False,False,True,False,False,False,False,False,False,Dimanche-08-10h,NON,Dimanche,2020-03-29 08:00
22819,86,False,False,True,False,False,False,False,False,False,False,False,False,False,False,Dimanche-08-10h,NON,Dimanche,2020-03-29 08:00
22820,209,True,False,False,False,True,True,False,True,False,False,False,False,False,False,Dimanche-08-10h,OUI,Dimanche,2020-03-29 08:00
22821,291,False,False,False,False,False,True,False,False,True,False,False,False,False,False,Dimanche-08-10h,NON,Dimanche,2020-03-29 08:00
22822,287,False,False,False,False,False,False,False,False,False,False,False,True,False,False,Dimanche-08-10h,OUI,Dimanche,2020-03-29 08:00
22823,104,False,False,False,False,True,True,False,False,False,False,False,False,False,False,Dimanche-08-10h,OUI,Dimanche,2020-03-29 08:00
22824,18,False,False,False,False,True,False,False,False,False,False,False,False,False,False,Dimanche-08-10h,OUI,Dimanche,2020-03-29 08:00
22825,123,False,True,False,False,True,True,False,False,False,False,False,False,False,False,Dimanche-08-10h,NON,Dimanche,2020-03-29 08:00
22826,136,False,False,False,False,True,False,False,False,False,False,False,False,False,False,Dimanche-08-10h,OUI,Dimanche,2020-03-29 08:00
22827,276,True,False,True,False,False,False,False,False,False,False,False,False,False,False,Dimanche-08-10h,OUI,Dimanche,2020-03-29 08:00
22828,53,False,False,False,False,True,True,False,False,False,False,False,False,False,False,Dimanche-08-10h,OUI,Dimanche,2020-03-29 08:00
22829,179,True,False,True,False,False,False,False,False,False,False,False,False,False,False,Dimanche-08-10h,OUI,Dimanche,2020-03-29 08:00
22830,200,False,False,False,False,False,False,False,False,False,False,False,False,False,False,Dimanche-08-10h,NON,Dimanche,2020-03-29 08:00
22831,73,False,False,False,False,False,False,False,False,False,False,False,False,False,False,Dimanche-08-10h,NON,Dimanche,2020-03-29 08:00
22832,156,False,False,False,False,True,True,False,False,False,False,False,False,False,False,Dimanche-08-10h,OUI,Dimanche,2020-03-29 08:00
22833,128,True,True,True,False,False,True,False,False,False,False,False,False,False,False,Dimanche-08-10h,OUI,Dimanche,2020-03-29 08:00
22834,118,False,False,False,False,False,False,False,False,False,False,False,False,False,False,Dimanche-08-10h,NON,Dimanche,2020-03-29 08:00
22835,112,True,False,True,False,False,False,False,False,False,False,False,False,False,False,Dimanche-08-10h,OUI,Dimanche,2020-03-29 08:00
22836,35,False,False,False,False,True,True,False,False,False,False,False,False,False,False,Dimanche-08-10h,NON,Dimanche,2020-03-29 08:00
22837,32,False,False,False,False,False,False,False,False,False,False,False,True,False,False,Dimanche-08-10h,NON,Dimanche,2020-03-29 08:00
22838,199,True,False,True,False,False,False,False,False,False,False,False,False,False,False,Dimanche-08-10h,OUI,Dimanche,2020-03-29 08:00
22839,153,True,False,False,False,True,True,False,False,False,False,False,False,False,False,Dimanche-08-10h,NON,Dimanche,2020-03-29 08:00
22840,82,False,False,True,False,False,False,False,False,False,False,False,False,False,False,Dimanche-08-10h,OUI,Dimanche,2020-03-29 08:00
22841,292,False,True,False,False,False,False,False,False,False,False,False,False,False,False,Dimanche-08-10h,OUI,Dimanche,2020-03-29 08:00
22842,169,False,False,False,True,False,False,False,False,False,False,False,False,False,False,Dimanche-08-10h,NON,Dimanche,2020-03-29 08:00
22843,16,False,False,False,False,True,True,False,False,False,False,False,False,False,False,Dimanche-08-10h,OUI,Dimanche,2020-03-29 08:00
22844,46,True,True,True,False,False,True,True,False,False,False,False,False,False,False,Dimanche-08-10h,NON,Dimanche,2020-03-29 08:00
22845,216,False,True,False,False,False,True,False,False,False,False,False,False,False,False,Dimanche-08-10h,OUI,Dimanche,2020-03-29 08:00
22846,174,False,True,True,False,False,True,False,False,False,False,True,False,False,False,Dimanche-08-10h,OUI,Dimanche,2020-03-29 08:00
22847,43,False,False,False,False,True,False,False,False,False,False,False,False,False,False,Dimanche-08-10h,NON,Dimanche,2020-03-29 08:00
22848,165,False,False,False,False,True,True,False,False,False,False,False,False,False,False,Dimanche-08-10h,OUI,Dimanche,2020-03-29 08:00
22849,126,False,True,False,False,False,True,False,False,False,False,False,False,False,False,Dimanche-08-10h,OUI,Dimanche,2020-03-29 08:00
22850,41,False,False,False,False,False,True,False,False,True,False,False,False,False,False,Dimanche-08-10h,NON,Dimanche,2020-03-29 08:00
22851,157,False,False,True,False,False,False,False,False,False,False,False,False,False,False,Dimanche-08-10h,NON,Dimanche,2020-03-29 08:00
22852,272,False,True,True,False,False,False,True,False,False,False,True,False,True,True,Dimanche-08-10h,OUI,Dimanche,2020-03-29 08:00
22853,115,True,False,True,False,False,False,False,False,False,False,False,False,False,False,Dimanche-08-10h,OUI,Dimanche,2020-03-29 08:00
22854,84,False,False,False,False,False,False,False,False,False,False,False,True,False,False,Dimanche-08-10h,OUI,Dimanche,2020-03-29 08:00
22855,183,True,True,True,True,False,False,False,False,False,False,False,False,False,False,Dimanche-08-10h,NON,Dimanche,2020-03-29 08:00
22856,65,True,True,False,False,False,True,False,False,False,False,False,False,False,False,Dimanche-08-10h,OUI,Dimanche,2020-03-29 08:00
22857,105,True,False,False,False,False,False,False,False,False,False,False,False,False,False,Dimanche-08-10h,OUI,Dimanche,2020-03-29 08:00
22858,187,True,False,False,False,False,True,False,False,False,False,False,False,False,False,Dimanche-08-10h,OUI,Dimanche,2020-03-29 08:00
22859,139,True,False,True,False,False,False,False,False,False,False,False,False,False,False,Dimanche-08-10h,NON,Dimanche,2020-03-29 08:00
22860,259,False,False,False,False,True,True,False,False,False,False,False,False,False,False,Dimanche-08-10h,NON,Dimanche,2020-03-29 08:00
22861,124,True,False,True,False,False,False,False,False,False,False,True,False,False,False,Dimanche-08-10h,OUI,Dimanche,2020-03-29 08:00
22862,98,False,False,False,False,False,True,False,False,False,False,False,True,False,False,Dimanche-08-10h,OUI,Dimanche,2020-03-29 08:00
22863,284,False,True,True,False,False,True,False,False,False,False,False,False,True,False,Dimanche-08-10h,OUI,Dimanche,2020-03-29 08:00
22864,148,True,False,True,False,True,False,False,True,False,False,False,False,False,False,Dimanche-08-10h,NON,Dimanche,2020-03-29 08:00
22865,258,True,False,True,False,False,False,False,False,False,False,False,False,False,False,Dimanche-08-10h,OUI,Dimanche,2020-03-29 08:00
22866,175,False,False,False,False,False,True,False,False,False,False,False,False,False,False,Dimanche-08-10h,NON,Dimanche,2020-03-29 08:00
22867,119,False,False,False,False,False,False,False,False,False,False,True,False,False,False,Dimanche-08-10h,NON,Dimanche,2020-03-29 08:00
22868,229,True,False,True,False,False,False,False,True,False,False,False,False,False,False,Dimanche-08-10h,NON,Dimanche,2020-03-29 08:00
22869,230,False,False,False,False,False,True,True,False,False,False,False,False,False,False,Dimanche-08-10h,NON,Dimanche,2020-03-29 08:00
22870,17,True,False,False,False,False,True,True,False,False,False,False,False,False,False,Dimanche-08-10h,OUI,Dimanche,2020-03-29 08:00
22871,177,False,False,False,False,False,False,False,False,False,False,False,False,False,False,Dimanche-08-10h,NON,Dimanche,2020-03-29 08:00
22872,7,False,False,False,False,False,False,False,False,False,False,False,False,False,False,Dimanche-08-10h,NON,Dimanche,2020-03-29 08:00
22873,241,False,False,True,False,False,False,False,False,False,False,False,False,False,False,Dimanche-08-10h,NON,Dimanche,2020-03-29 08:00
22874,8,True,False,False,False,True,True,False,True,False,False,False,False,False,False,Dimanche-08-10h,OUI,Dimanche,2020-03-29 08:00
22875,268,False,True,False,False,False,True,False,False,False,False,False,False,False,False,Dimanche-08-10h,OUI,Dimanche,2020-03-29 08:00
22876,294,False,False,True,False,True,False,False,False,False,False,False,False,False,False,Dimanche-08-10h,OUI,Dimanche,2020-03-29 08:00
22877,242,True,False,False,False,True,True,False,False,False,False,False,False,False,False,Dimanche-08-10h,NON,Dimanche,2020-03-29 08:00
22878,194,False,False,False,False,False,True,False,False,False,False,False,False,False,False,Dimanche-08-10h,NON,Dimanche,2020-03-29 08:00
22879,243,False,False,False,False,True,True,False,False,False,False,False,False,False,False,Dimanche-08-10h,OUI,Dimanche,2020-03-29 08:00
22880,212,True,True,True,False,False,True,False,False,False,False,False,False,False,False,Dimanche-08-10h,OUI,Dimanche,2020-03-29 08:00
22881,19,False,False,False,False,False,True,False,False,False,False,False,False,False,False,Dimanche-08-10h,OUI,Dimanche,2020-03-29 08:00
22882,114,False,False,False,False,True,False,False,False,False,False,False,False,False,False,Dimanche-08-10h,OUI,Dimanche,2020-03-29 08:00
22883,190,False,False,False,False,False,True,False,False,True,False,False,False,False,False,Dimanche-08-10h,NON,Dimanche,2020-03-29 08:00
22884,64,False,False,True,False,False,False,False,False,False,False,False,False,False,False,Dimanche-08-10h,OUI,Dimanche,2020-03-29 08:00
22885,227,False,False,False,False,False,False,False,False,False,False,False,False,False,False,Dimanche-08-10h,NON,Dimanche,2020-03-29 08:00
22886,232,False,False,False,False,False,True,False,False,False,False,False,False,False,False,Dimanche-08-10h,OUI,Dimanche,2020-03-29 08:00
22887,246,False,True,False,False,False,True,True,False,False,False,False,False,False,False,Dimanche-08-10h,OUI,Dimanche,2020-03-29 08:00
22888,100,False,False,False,False,False,True,False,False,False,False,False,False,False,False,Dimanche-08-10h,OUI,Dimanche,2020-03-29 08:00
22889,13,False,False,False,False,True,False,False,False,False,False,False,False,False,False,Dimanche-08-10h,OUI,Dimanche,2020-03-29 08:00
22890,262,True,True,True,False,False,False,False,False,False,False,False,False,False,False,Dimanche-08-10h,OUI,Dimanche,2020-03-29 08:00
22891,76,True,True,True,False,False,True,False,False,False,False,True,False,False,False,Dimanche-08-10h,NON,Dimanche,2020-03-29 08:00
22892,261,False,True,False,False,True,False,False,False,False,False,False,False,False,False,Dimanche-08-10h,NON,Dimanche,2020-03-29 08:00
22893,150,False,True,False,False,False,False,False,False,False,False,False,False,False,False,Dimanche-08-10h,OUI,Dimanche,2020-03-29 08:00
22894,205,False,False,False,False,False,False,False,False,False,False,False,False,False,False,Dimanche-08-10h,NON,Dimanche,2020-03-29 08:00
22895,56,False,False,False,False,True,True,False,False,False,False,False,False,False,False,Dimanche-08-10h,OUI,Dimanche,2020-03-29 08:00
22896,186,False,False,False,False,True,False,False,False,False,False,False,False,False,False,Dimanche-08-10h,OUI,Dimanche,2020-03-29 08:00
22897,162,True,False,False,False,True,True,False,False,False,False,False,False,False,False,Dimanche-08-10h,NON,Dimanche,2020-03-29 08:00
22898,68,False,True,False,False,True,True,False,False,False,False,False,False,False,False,Dimanche-08-10h,OUI,Dimanche,2020-03-29 08:00
22899,146,False,False,False,False,False,True,False,False,False,False,False,True,False,False,Dimanche-08-10h,OUI,Dimanche,2020-03-29 08:00
22900,49,False,False,False,False,False,False,False,False,False,False,False,False,True,False,Dimanche-08-10h,OUI,Dimanche,2020-03-29 08:00
22901,91,True,False,True,True,False,False,False,False,False,False,False,False,False,False,Dimanche-08-10h,OUI,Dimanche,2020-03-29 08:00
22902,22,False,False,False,False,False,False,False,False,False,True,False,False,False,False,Dimanche-08-10h,NON,Dimanche,2020-03-29 08:00
22903,151,False,False,False,False,True,False,False,False,False,False,False,False,False,False,Dimanche-08-10h,OUI,Dimanche,2020-03-29 08:00
22904,193,False,False,False,False,True,True,False,False,False,False,False,False,False,False,Dimanche-08-10h,OUI,Dimanche,2020-03-29 08:00
22905,9,True,True,False,False,False,False,False,False,False,False,False,False,False,False,Dimanche-08-10h,OUI,Dimanche,2020-03-29 08:00
22906,99,True,False,True,False,False,False,False,False,False,False,False,False,False,False,Dimanche-08-10h,NON,Dimanche,2020-03-29 08:00
22907,181,False,False,False,False,True,True,False,False,False,False,False,False,False,False,Dimanche-08-10h,OUI,Dimanche,2020-03-29 08:00
22908,111,False,False,False,False,False,True,False,True,False,False,False,False,False,False,Dimanche-08-10h,OUI,Dimanche,2020-03-29 08:00
22909,44,False,True,False,False,False,True,False,False,False,False,False,False,False,False,Dimanche-08-10h,NON,Dimanche,2020-03-29 08:00
22910,24,False,False,False,False,True,False,False,True,False,False,False,False,False,False,Dimanche-08-10h,NON,Dimanche,2020-03-29 08:00
22911,102,False,False,False,False,True,True,False,True,False,False,False,False,False,False,Dimanche-08-10h,OUI,Dimanche,2020-03-29 08:00
22912,203,True,True,False,False,False,False,False,True,False,False,False,False,False,False,Dimanche-08-10h,OUI,Dimanche,2020-03-29 08:00
22913,140,False,False,False,False,True,True,False,True,False,False,False,False,False,False,Dimanche-08-10h,NON,Dimanche,2020-03-29 08:00
22914,188,False,False,False,False,False,True,False,False,True,False,False,False,False,False,Dimanche-08-10h,NON,Dimanche,2020-03-29 08:00
22915,206,False,False,False,True,False,False,False,False,False,False,True,False,False,False,Dimanche-08-10h,NON,Dimanche,2020-03-29 08:00
22916,273,False,False,False,False,False,False,False,False,False,False,False,True,False,False,Dimanche-08-10h,OUI,Dimanche,2020-03-29 08:00
22917,69,True,False,True,False,False,False,False,False,False,False,False,False,False,False,Dimanche-08-10h,NON,Dimanche,2020-03-29 08:00
22918,87,True,False,False,True,False,False,False,False,False,False,True,False,False,False,Dimanche-08-10h,NON,Dimanche,2020-03-29 08:00
22919,83,True,False,True,False,False,False,False,False,False,False,False,False,False,False,Dimanche-08-10h,NON,Dimanche,2020-03-29 08:00
22920,149,True,False,True,True,False,False,False,False,False,False,False,False,False,False,Dimanche-08-10h,OUI,Dimanche,2020-03-29 08:00
22921,274,False,False,False,False,False,True,False,False,False,False,False,False,False,False,Dimanche-08-10h,NON,Dimanche,2020-03-29 08:00
22922,282,True,False,True,True,False,False,False,False,False,False,False,False,False,False,Dimanche-08-10h,NON,Dimanche,2020-03-29 08:00
22923,147,False,False,False,False,False,False,False,False,False,False,False,False,False,False,Dimanche-08-10h,NON,Dimanche,2020-03-29 08:00
22924,238,False,False,False,False,False,False,False,False,False,False,False,True,False,False,Dimanche-08-10h,NON,Dimanche,2020-03-29 08:00
22925,201,False,False,False,False,False,False,False,False,False,False,False,False,False,False,Dimanche-08-10h,NON,Dimanche,2020-03-29 08:00
22926,152,False,True,False,False,False,False,False,False,False,False,False,False,False,False,Dimanche-08-10h,OUI,Dimanche,2020-03-29 08:00
22927,222,False,False,False,False,False,True,False,False,True,True,False,False,False,False,Dimanche-08-10h,OUI,Dimanche,2020-03-29 08:00
22928,106,False,False,False,False,False,True,False,False,False,False,False,True,False,False,Dimanche-08-10h,OUI,Dimanche,2020-03-29 08:00
22929,133,False,False,True,False,True,False,False,False,False,False,False,False,False,False,Dimanche-08-10h,OUI,Dimanche,2020-03-29 08:00
22930,163,False,False,False,False,True,False,False,False,False,False,False,False,False,False,Dimanche-08-10h,NON,Dimanche,2020-03-29 08:00
22931,231,False,False,False,False,False,False,False,False,False,False,False,False,False,False,Dimanche-08-10h,NON,Dimanche,2020-03-29 08:00
22932,25,False,False,False,False,True,False,False,False,False,False,False,False,False,False,Dimanche-08-10h,NON,Dimanche,2020-03-29 08:00
22933,196,False,False,True,False,True,False,False,True,False,False,False,False,False,False,Dimanche-08-10h,OUI,Dimanche,2020-03-29 08:00
22934,5,False,False,False,False,True,True,False,False,False,False,False,False,False,False,Dimanche-08-10h,NON,Dimanche,2020-03-29 08:00
22935,90,False,True,False,False,False,False,False,False,False,False,False,False,False,False,Dimanche-08-10h,OUI,Dimanche,2020-03-29 08:00
22936,244,True,False,True,False,False,False,False,False,False,False,False,False,False,False,Dimanche-08-10h,NON,Dimanche,2020-03-29 08:00
22937,107,False,True,False,False,False,True,False,False,False,False,False,False,False,False,Dimanche-08-10h,OUI,Dimanche,2020-03-29 08:00
22938,218,False,True,False,False,True,True,False,False,False,False,False,False,False,False,Dimanche-08-10h,OUI,Dimanche,2020-03-29 08:00
22939,62,False,True,True,False,True,True,False,False,False,False,False,False,False,False,Dimanche-08-10h,OUI,Dimanche,2020-03-29 08:00
22940,79,False,True,False,False,False,False,False,False,False,False,False,False,False,False,Dimanche-08-10h,OUI,Dimanche,2020-03-29 08:00
22941,208,False,False,False,False,False,True,False,False,False,False,False,False,False,False,Dimanche-08-10h,OUI,Dimanche,2020-03-29 08:00
22942,270,False,False,False,False,False,False,False,False,True,False,False,False,False,False,Dimanche-08-10h,NON,Dimanche,2020-03-29 08:00
22943,166,True,False,False,False,True,True,False,False,False,False,False,False,False,False,Dimanche-08-10h,OUI,Dimanche,2020-03-29 08:00
22944,77,False,False,True,False,True,False,False,False,False,False,False,False,False,False,Dimanche-08-10h,NON,Dimanche,2020-03-29 08:00
22945,29,False,False,False,False,False,True,False,False,False,False,False,True,False,False,Dimanche-08-10h,OUI,Dimanche,2020-03-29 08:00
22946,240,False,False,False,False,False,True,False,False,False,False,False,False,False,False,Dimanche-08-10h,OUI,Dimanche,2020-03-29 08:00
22947,184,False,True,False,False,False,False,False,False,False,False,False,False,False,False,Dimanche-08-10h,OUI,Dimanche,2020-03-29 08:00
22948,277,False,True,True,False,False,True,False,False,False,False,False,False,False,False,Dimanche-08-10h,OUI,Dimanche,2020-03-29 08:00
22949,80,True,False,False,False,False,True,False,False,False,True,False,False,False,False,Dimanche-08-10h,NON,Dimanche,2020-03-29 08:00
22950,185,True,True,True,False,False,True,False,False,False,False,True,False,True,False,Dimanche-08-10h,NON,Dimanche,2020-03-29 08:00
22951,204,False,False,False,False,True,True,False,False,False,False,False,True,False,False,Dimanche-08-10h,OUI,Dimanche,2020-03-29 08:00
22952,252,True,True,True,False,False,True,False,False,False,False,False,False,False,False,Dimanche-08-10h,OUI,Dimanche,2020-03-29 08:00
22953,26,False,False,False,False,True,False,False,False,False,False,False,False,False,False,Dimanche-08-10h,NON,Dimanche,2020-03-29 08:00
22954,70,False,False,False,False,True,False,False,False,False,False,False,True,False,False,Dimanche-08-10h,NON,Dimanche,2020-03-29 08:00
22955,233,False,False,False,False,True,False,False,False,False,False,False,False,False,False,Dimanche-08-10h,OUI,Dimanche,2020-03-29 08:00
22956,37,True,True,True,False,True,True,False,False,False,False,False,False,False,False,Dimanche-08-10h,NON,Dimanche,2020-03-29 08:00
22957,185,False,False,True,False,False,False,False,False,False,False,False,False,False,False,Dimanche-08-10h,OUI,Dimanche,2020-03-29 08:00
22958,138,True,False,False,False,True,True,False,False,False,False,False,False,False,False,Dimanche-08-10h,OUI,Dimanche,2020-03-29 08:00
22959,224,True,False,True,False,False,False,False,False,False,False,False,False,False,False,Dimanche-08-10h,OUI,Dimanche,2020-03-29 08:00
22960,66,False,False,False,False,True,True,False,False,False,False,False,False,True,False,Dimanche-08-10h,OUI,Dimanche,2020-03-29 08:00
22961,211,False,False,True,False,False,False,False,False,False,False,False,False,True,False,Dimanche-08-10h,NON,Dimanche,2020-03-29 08:00
22962,14,False,False,False,False,True,True,False,False,False,False,False,False,False,False,Dimanche-08-10h,NON,Dimanche,2020-03-29 08:00
22963,145,False,False,False,False,True,False,False,False,False,False,False,False,False,False,Dimanche-08-10h,NON,Dimanche,2020-03-29 08:00
22964,36,False,False,False,False,False,False,False,False,False,False,False,True,False,False,Dimanche-08-10h,NON,Dimanche,2020-03-29 08:00
22965,60,True,True,True,False,False,True,False,False,False,False,False,False,False,False,Dimanche-08-10h,NON,Dimanche,2020-03-29 08:00
22966,137,True,True,True,False,False,True,False,False,False,False,True,False,False,False,Dimanche-08-10h,OUI,Dimanche,2020-03-29 08:00
22967,285,False,True,False,False,True,True,False,False,False,False,False,False,False,False,Dimanche-08-10h,OUI,Dimanche,2020-03-29 08:00
22968,40,False,True,True,False,True,True,False,False,False,False,False,False,False,False,Dimanche-08-10h,OUI,Dimanche,2020-03-29 08:00
22969,97,False,False,False,False,False,True,False,False,False,False,False,False,False,False,Dimanche-08-10h,OUI,Dimanche,2020-03-29 08:00
22970,109,True,False,True,True,False,False,False,False,False,False,False,False,False,False,Dimanche-08-10h,NON,Dimanche,2020-03-29 08:00
22971,10,False,False,False,False,False,False,False,False,False,False,False,False,False,False,Dimanche-08-10h,NON,Dimanche,2020-03-29 08:00
22972,256,False,False,False,False,False,False,False,False,False,False,False,True,False,False,Dimanche-08-10h,NON,Dimanche,2020-03-29 08:00
22973,141,True,True,True,False,False,False,False,False,False,False,True,False,False,False,Dimanche-08-10h,NON,Dimanche,2020-03-29 08:00
22974,28,False,False,False,False,False,False,False,False,False,False,False,False,False,False,Dimanche-08-10h,NON,Dimanche,2020-03-29 08:00
22975,101,True,True,True,True,True,True,False,False,False,False,False,False,False,False,Dimanche-08-10h,OUI,Dimanche,2020-03-29 08:00
22976,48,True,False,True,False,True,False,False,False,False,False,False,False,True,False,Dimanche-08-10h,OUI,Dimanche,2020-03-29 08:00
22977,27,False,False,False,False,False,True,False,False,False,False,False,False,False,False,Dimanche-08-10h,OUI,Dimanche,2020-03-29 08:00
22978,142,True,False,True,False,False,False,False,False,False,False,True,False,True,False,Dimanche-08-10h,NON,Dimanche,2020-03-29 08:00
22979,234,False,False,True,False,False,False,False,False,False,False,True,False,False,False,Dimanche-08-10h,OUI,Dimanche,2020-03-29 08:00
22980,23,False,False,False,False,True,False,False,False,False,False,False,False,False,False,Dimanche-08-10h,NON,Dimanche,2020-03-29 08:00
22981,195,False,False,False,False,True,False,False,False,True,False,False,False,False,False,Dimanche-08-10h,OUI,Dimanche,2020-03-29 08:00
22982,275,False,False,False,False,False,False,False,False,False,False,False,True,False,False,Dimanche-08-10h,NON,Dimanche,2020-03-29 08:00
22983,226,False,False,False,False,True,True,False,False,False,False,False,False,False,False,Dimanche-08-10h,OUI,Dimanche,2020-03-29 08:00
22984,207,False,False,True,False,False,False,False,False,False,False,False,False,False,False,Dimanche-08-10h,OUI,Dimanche,2020-03-29 08:00
22985,57,False,False,False,False,False,False,False,False,False,False,False,False,False,False,Dimanche-08-10h,NON,Dimanche,2020-03-29 08:00
22986,4,False,True,False,False,False,True,False,False,False,False,False,False,False,False,Dimanche-08-10h,NON,Dimanche,2020-03-29 08:00
22987,265,False,False,False,False,False,True,False,False,False,False,False,False,False,False,Dimanche-08-10h,OUI,Dimanche,2020-03-29 08:00
22988,88,False,True,False,False,False,False,False,False,False,False,False,False,False,False,Dimanche-08-10h,NON,Dimanche,2020-03-29 08:00
22989,198,False,False,False,False,False,False,False,False,False,False,True,False,False,False,Dimanche-08-10h,OUI,Dimanche,2020-03-29 08:00
22990,249,True,True,True,False,False,False,False,False,False,False,False,False,False,False,Dimanche-08-10h,NON,Dimanche,2020-03-29 08:00
22991,263,False,False,False,False,True,True,False,False,False,False,False,False,False,False,Dimanche-08-10h,NON,Dimanche,2020-03-29 08:00
22992,217,True,False,True,False,False,False,False,False,False,False,False,False,True,False,Dimanche-08-10h,OUI,Dimanche,2020-03-29 08:00
22993,278,False,False,False,False,True,True,False,False,False,False,False,False,False,False,Dimanche-08-10h,NON,Dimanche,2020-03-29 08:00
22994,189,False,True,False,False,False,False,False,False,False,False,False,False,False,False,Dimanche-08-10h,NON,Dimanche,2020-03-29 08:00
22995,61,True,False,True,False,False,False,False,False,False,False,False,False,False,False,Dimanche-08-10h,OUI,Dimanche,2020-03-29 08:00
22996,251,False,False,False,False,False,False,False,False,False,False,False,False,True,False,Dimanche-08-10h,NON,Dimanche,2020-03-29 08:00
22997,281,False,True,False,False,False,False,False,False,False,False,False,False,False,False,Dimanche-08-10h,OUI,Dimanche,2020-03-29 08:00
22998,134,False,True,False,False,False,False,False,False,False,False,False,False,False,False,Dimanche-08-10h,OUI,Dimanche,2020-03-29 08:00
22999,293,False,True,False,False,False,True,False,False,False,False,False,False,False,False,Dimanche-08-10h,NON,Dimanche,2020-03-29 08:00
23000,279,True,True,True,True,False,True,False,False,False,False,False,False,False,False,Dimanche-08-10h,NON,Dimanche,2020-03-29 08:00
23001,81,True,False,True,True,False,False,False,True,False,False,False,False,False,False,Dimanche-08-10h,OUI,Dimanche,2020-03-29 08:00
23002,92,True,False,False,True,False,False,False,False,False,False,True,False,False,False,Dimanche-08-10h,NON,Dimanche,2020-03-29 08:00
23003,147,False,False,False,False,False,False,False,False,False,False,False,False,False,False,Dimanche-08-10h,NON,Dimanche,2020-03-29 08:00
23004,33,False,True,False,False,True,False,False,False,False,False,False,False,False,False,Dimanche-08-10h,OUI,Dimanche,2020-03-29 08:00
23005,266,False,False,False,False,False,False,False,False,False,False,False,False,False,False,Dimanche-08-10h,NON,Dimanche,2020-03-29 08:00
23006,225,True,False,False,False,False,True,False,False,False,False,False,False,False,False,Dimanche-08-10h,OUI,Dimanche,2020-03-29 08:00
23007,83,True,False,True,False,False,False,False,False,False,False,False,False,False,False,Dimanche-08-10h,NON,Dimanche,2020-03-29 08:00
23008,95,False,False,False,False,True,True,False,True,False,False,False,False,False,False,Dimanche-08-10h,OUI,Dimanche,2020-03-29 08:00
23009,127,False,False,False,False,True,False,False,False,False,False,False,False,False,False,Dimanche-08-10h,NON,Dimanche,2020-03-29 08:00
23010,20,False,False,False,False,False,False,False,False,False,False,False,False,False,False,Dimanche-08-10h,NON,Dimanche,2020-03-29 08:00
23011,89,False,False,False,False,False,False,False,False,True,False,False,False,False,False,Dimanche-08-10h,OUI,Dimanche,2020-03-29 08:00
23012,120,False,True,True,False,True,True,False,True,False,False,True,False,False,False,Dimanche-08-10h,OUI,Dimanche,2020-03-29 08:00
23013,253,False,False,False,False,True,True,False,False,False,False,False,True,False,False,Dimanche-08-10h,NON,Dimanche,2020-03-29 08:00
23014,52,False,False,True,False,False,False,False,False,False,False,False,False,False,False,Dimanche-08-10h,NON,Dimanche,2020-03-29 08:00
23015,168,True,False,True,False,False,False,False,True,False,False,False,False,False,False,Dimanche-08-10h,OUI,Dimanche,2020-03-29 08:00
23016,202,False,True,False,False,False,False,False,False,False,False,False,False,False,False,Dimanche-08-10h,OUI,Dimanche,2020-03-29 08:00
23017,172,False,False,False,False,True,False,False,False,False,False,False,False,False,False,Dimanche-08-10h,OUI,Dimanche,2020-03-29 08:00
23018,239,False,False,False,False,True,True,False,False,False,False,False,False,False,False,Dimanche-08-10h,NON,Dimanche,2020-03-29 08:00
23019,85,False,False,False,False,True,False,False,False,False,False,False,False,False,False,Dimanche-08-10h,NON,Dimanche,2020-03-29 08:00
23020,215,False,False,False,False,False,False,False,False,True,False,False,False,False,False,Dimanche-08-10h,OUI,Dimanche,2020-03-29 08:00
23021,260,True,False,True,False,False,False,False,False,False,False,False,False,False,False,Dimanche-08-10h,NON,Dimanche,2020-03-29 08:00
23022,286,True,True,False,False,True,False,False,False,False,False,False,False,False,False,Dimanche-08-10h,OUI,Dimanche,2020-03-29 08:00
23023,72,False,True,False,False,False,False,False,False,False,False,False,False,False,False,Dimanche-10-12h,OUI,Dimanche,2020-03-29 10:00
23024,167,True,True,True,True,True,True,False,False,False,False,False,False,False,False,Dimanche-10-12h,OUI,Dimanche,2020-03-29 10:00
23025,130,True,False,True,False,False,False,False,True,False,False,False,False,True,True,Dimanche-10-12h,NON,Dimanche,2020-03-29 10:00
23026,288,True,True,True,False,True,False,False,False,False,False,False,False,False,False,Dimanche-10-12h,NON,Dimanche,2020-03-29 10:00
23027,59,False,False,False,False,False,True,False,False,False,False,False,False,False,False,Dimanche-10-12h,NON,Dimanche,2020-03-29 10:00
23028,178,True,False,False,False,False,False,False,False,False,False,True,False,False,False,Dimanche-10-12h,OUI,Dimanche,2020-03-29 10:00
23029,254,False,False,False,False,False,False,False,False,False,False,False,True,False,False,Dimanche-10-12h,NON,Dimanche,2020-03-29 10:00
23030,34,False,False,False,False,False,False,False,False,False,False,False,False,False,False,Dimanche-10-12h,NON,Dimanche,2020-03-29 10:00
23031,264,False,False,False,False,True,True,True,False,False,False,False,False,False,False,Dimanche-10-12h,OUI,Dimanche,2020-03-29 10:00
23032,158,True,False,False,False,True,False,False,False,False,True,False,False,False,False,Dimanche-10-12h,OUI,Dimanche,2020-03-29 10:00
23033,210,False,True,False,False,True,True,False,False,False,False,False,False,False,False,Dimanche-10-12h,NON,Dimanche,2020-03-29 10:00
23034,93,False,False,False,False,True,False,False,False,False,False,False,False,True,False,Dimanche-10-12h,OUI,Dimanche,2020-03-29 10:00
23035,144,True,False,True,False,True,False,False,False,False,False,False,False,False,False,Dimanche-10-12h,OUI,Dimanche,2020-03-29 10:00
23036,164,False,True,False,False,True,True,False,False,False,False,False,False,False,False,Dimanche-10-12h,OUI,Dimanche,2020-03-29 10:00
23037,289,False,False,False,False,True,True,False,False,False,False,False,False,False,False,Dimanche-10-12h,OUI,Dimanche,2020-03-29 10:00
23038,50,False,False,False,False,False,False,False,False,False,False,False,False,False,False,Dimanche-10-12h,NON,Dimanche,2020-03-29 10:00
23039,51,True,True,False,False,True,False,False,False,False,False,False,False,False,False,Dimanche-10-12h,OUI,Dimanche,2020-03-29 10:00
23040,247,False,False,True,False,False,False,False,False,False,False,False,False,False,False,Dimanche-10-12h,OUI,Dimanche,2020-03-29 10:00
23041,159,False,False,False,False,False,False,False,True,False,False,False,False,False,False,Dimanche-10-12h,NON,Dimanche,2020-03-29 10:00
23042,54,False,False,False,False,False,True,False,False,False,False,False,False,False,False,Dimanche-10-12h,NON,Dimanche,2020-03-29 10:00
23043,55,True,False,False,False,True,True,False,True,False,False,False,False,False,False,Dimanche-10-12h,OUI,Dimanche,2020-03-29 10:00
23044,257,False,False,False,False,True,False,False,False,False,False,False,False,False,False,Dimanche-10-12h,NON,Dimanche,2020-03-29 10:00
23045,67,False,False,False,False,False,False,False,False,False,False,False,False,False,False,Dimanche-10-12h,NON,Dimanche,2020-03-29 10:00
23046,71,True,False,True,False,False,False,False,False,False,False,False,False,False,False,Dimanche-10-12h,NON,Dimanche,2020-03-29 10:00
23047,280,False,False,False,False,False,True,False,False,False,False,False,False,False,False,Dimanche-10-12h,OUI,Dimanche,2020-03-29 10:00
23048,283,True,True,False,False,False,False,False,False,False,False,False,False,False,False,Dimanche-10-12h,OUI,Dimanche,2020-03-29 10:00
23049,154,False,False,False,False,True,True,False,False,False,False,False,True,False,False,Dimanche-10-12h,OUI,Dimanche,2020-03-29 10:00
23050,171,False,False,False,False,False,False,False,False,False,False,False,True,False,False,Dimanche-10-12h,OUI,Dimanche,2020-03-29 10:00
23051,131,False,False,True,False,False,False,False,False,False,False,False,False,False,False,Dimanche-10-12h,NON,Dimanche,2020-03-29 10:00
23052,237,True,False,False,False,False,True,True,False,False,False,False,False,True,False,Dimanche-10-12h,OUI,Dimanche,2020-03-29 10:00
23053,75,False,False,False,False,True,True,False,False,False,False,False,False,False,False,Dimanche-10-12h,NON,Dimanche,2020-03-29 10:00
23054,235,True,False,False,False,True,False,False,False,False,False,False,False,False,False,Dimanche-10-12h,OUI,Dimanche,2020-03-29 10:00
23055,180,False,False,False,False,True,True,False,False,False,False,False,False,False,False,Dimanche-10-12h,OUI,Dimanche,2020-03-29 10:00
23056,219,False,False,False,False,False,True,False,False,False,False,False,False,False,False,Dimanche-10-12h,NON,Dimanche,2020-03-29 10:00
23057,250,False,False,False,False,False,False,False,False,True,False,False,False,False,False,Dimanche-10-12h,NON,Dimanche,2020-03-29 10:00
23058,267,True,True,False,False,False,False,False,False,False,False,False,False,False,False,Dimanche-10-12h,OUI,Dimanche,2020-03-29 10:00
23059,160,False,True,False,False,False,True,False,False,False,False,False,False,False,False,Dimanche-10-12h,OUI,Dimanche,2020-03-29 10:00
23060,182,False,True,False,False,True,True,True,False,False,False,False,False,False,False,Dimanche-10-12h,OUI,Dimanche,2020-03-29 10:00
23061,143,False,False,False,False,False,False,False,True,False,False,True,False,False,False,Dimanche-10-12h,OUI,Dimanche,2020-03-29 10:00
23062,223,True,True,False,False,False,False,False,False,False,False,False,False,False,False,Dimanche-10-12h,OUI,Dimanche,2020-03-29 10:00
23063,192,True,False,True,False,False,False,False,False,False,False,False,False,False,False,Dimanche-10-12h,NON,Dimanche,2020-03-29 10:00
23064,30,False,False,True,False,False,False,False,True,False,False,False,False,False,False,Dimanche-10-12h,OUI,Dimanche,2020-03-29 10:00
23065,125,True,False,False,False,True,False,False,True,False,False,False,False,False,False,Dimanche-10-12h,OUI,Dimanche,2020-03-29 10:00
23066,39,False,False,True,False,True,False,False,True,False,False,False,False,False,False,Dimanche-10-12h,OUI,Dimanche,2020-03-29 10:00
23067,113,True,False,True,False,False,False,False,False,False,False,False,False,False,False,Dimanche-10-12h,OUI,Dimanche,2020-03-29 10:00
23068,121,True,False,True,False,False,False,False,True,False,False,False,False,False,False,Dimanche-10-12h,NON,Dimanche,2020-03-29 10:00
23069,228,False,False,False,False,False,False,False,False,False,False,True,False,False,False,Dimanche-10-12h,OUI,Dimanche,2020-03-29 10:00
23070,290,False,False,False,False,False,False,False,False,True,False,False,False,False,False,Dimanche-10-12h,OUI,Dimanche,2020-03-29 10:00
23071,197,False,False,True,False,True,False,False,False,False,False,False,False,False,False,Dimanche-10-12h,NON,Dimanche,2020-03-29 10:00
23072,31,True,True,True,False,False,True,False,False,False,False,False,False,False,False,Dimanche-10-12h,OUI,Dimanche,2020-03-29 10:00
23073,173,True,False,False,False,True,True,False,True,False,False,False,False,False,False,Dimanche-10-12h,OUI,Dimanche,2020-03-29 10:00
23074,74,True,False,False,True,False,False,False,True,False,False,True,False,False,False,Dimanche-10-12h,OUI,Dimanche,2020-03-29 10:00
23075,15,False,False,True,False,False,False,False,False,False,False,False,False,False,False,Dimanche-10-12h,OUI,Dimanche,2020-03-29 10:00
23076,45,True,False,False,False,True,True,False,True,False,False,False,False,False,False,Dimanche-10-12h,OUI,Dimanche,2020-03-29 10:00
23077,63,False,False,True,False,False,False,False,False,False,False,False,False,False,False,Dimanche-10-12h,OUI,Dimanche,2020-03-29 10:00
23078,3,False,False,False,False,False,True,False,False,False,False,False,True,False,False,Dimanche-10-12h,OUI,Dimanche,2020-03-29 10:00
23079,21,True,False,True,False,False,False,False,False,False,False,False,False,False,False,Dimanche-10-12h,OUI,Dimanche,2020-03-29 10:00
23080,78,False,True,True,False,True,True,False,True,False,False,False,False,False,False,Dimanche-10-12h,OUI,Dimanche,2020-03-29 10:00
23081,47,False,True,False,False,False,False,False,False,False,False,False,False,False,False,Dimanche-10-12h,OUI,Dimanche,2020-03-29 10:00
23082,151,True,True,False,False,True,False,False,True,False,False,False,False,False,False,Dimanche-10-12h,OUI,Dimanche,2020-03-29 10:00
23083,6,True,False,True,False,False,False,False,False,False,False,False,False,False,False,Dimanche-10-12h,OUI,Dimanche,2020-03-29 10:00
23084,135,True,False,True,False,False,False,False,False,False,False,False,False,True,False,Dimanche-10-12h,OUI,Dimanche,2020-03-29 10:00
23085,221,False,False,False,False,True,True,False,False,False,False,False,False,False,False,Dimanche-10-12h,OUI,Dimanche,2020-03-29 10:00
23086,170,False,False,True,False,False,False,False,False,False,False,True,False,False,True,Dimanche-10-12h,OUI,Dimanche,2020-03-29 10:00
23087,129,False,True,False,False,False,False,False,False,False,False,False,False,False,False,Dimanche-10-12h,OUI,Dimanche,2020-03-29 10:00
23088,132,True,True,True,False,False,True,False,False,False,False,False,False,False,False,Dimanche-10-12h,OUI,Dimanche,2020-03-29 10:00
23089,110,False,True,False,False,False,False,False,False,False,False,False,False,False,False,Dimanche-10-12h,OUI,Dimanche,2020-03-29 10:00
23090,191,False,False,False,False,False,True,False,False,False,False,False,False,False,False,Dimanche-10-12h,OUI,Dimanche,2020-03-29 10:00
23091,94,True,True,True,False,False,True,False,False,False,False,True,False,True,False,Dimanche-10-12h,NON,Dimanche,2020-03-29 10:00
23092,108,False,False,False,False,False,True,True,False,False,False,False,False,False,False,Dimanche-10-12h,OUI,Dimanche,2020-03-29 10:00
23093,236,False,False,False,False,True,True,False,False,False,False,False,False,False,False,Dimanche-10-12h,OUI,Dimanche,2020-03-29 10:00
23094,42,True,False,True,False,True,False,False,False,False,False,False,False,False,False,Dimanche-10-12h,NON,Dimanche,2020-03-29 10:00
23095,155,True,False,False,False,True,False,False,False,False,False,False,False,False,False,Dimanche-10-12h,OUI,Dimanche,2020-03-29 10:00
23096,1,False,False,False,False,False,False,False,False,False,False,False,False,False,False,Dimanche-10-12h,NON,Dimanche,2020-03-29 10:00
23097,58,False,True,True,False,False,True,False,False,False,False,True,False,False,False,Dimanche-10-12h,OUI,Dimanche,2020-03-29 10:00
23098,0,False,True,False,False,False,False,False,False,False,False,False,False,False,False,Dimanche-10-12h,OUI,Dimanche,2020-03-29 10:00
23099,269,False,False,False,False,False,False,False,False,False,False,False,False,False,False,Dimanche-10-12h,NON,Dimanche,2020-03-29 10:00
23100,2,True,False,True,False,False,False,False,False,False,False,False,False,False,False,Dimanche-10-12h,OUI,Dimanche,2020-03-29 10:00
23101,103,False,False,False,False,True,False,False,False,False,False,False,False,False,False,Dimanche-10-12h,NON,Dimanche,2020-03-29 10:00
23102,12,False,True,False,False,True,False,False,False,False,False,False,False,False,False,Dimanche-10-12h,OUI,Dimanche,2020-03-29 10:00
23103,245,True,False,False,False,True,True,False,True,False,False,False,False,False,False,Dimanche-10-12h,OUI,Dimanche,2020-03-29 10:00
23104,161,False,False,True,False,False,False,False,False,False,False,True,False,False,False,Dimanche-10-12h,OUI,Dimanche,2020-03-29 10:00
23105,38,False,False,False,False,False,False,False,False,True,False,False,False,False,False,Dimanche-10-12h,NON,Dimanche,2020-03-29 10:00
23106,122,False,False,False,False,False,False,False,False,False,False,False,False,False,False,Dimanche-10-12h,NON,Dimanche,2020-03-29 10:00
23107,248,False,False,True,False,False,False,False,False,False,False,False,False,True,False,Dimanche-10-12h,OUI,Dimanche,2020-03-29 10:00
23108,271,False,True,True,False,False,True,False,False,False,False,False,False,False,False,Dimanche-10-12h,OUI,Dimanche,2020-03-29 10:00
23109,116,False,False,True,False,False,False,False,False,False,False,False,False,False,False,Dimanche-10-12h,OUI,Dimanche,2020-03-29 10:00
23110,117,True,True,True,True,False,True,False,False,False,False,False,False,False,False,Dimanche-10-12h,NON,Dimanche,2020-03-29 10:00
23111,213,False,False,False,False,True,True,False,True,False,False,False,False,False,False,Dimanche-10-12h,OUI,Dimanche,2020-03-29 10:00
23112,220,False,True,True,False,False,True,False,False,False,False,False,False,False,False,Dimanche-10-12h,OUI,Dimanche,2020-03-29 10:00
23113,176,False,False,True,False,False,False,False,False,False,False,False,False,False,False,Dimanche-10-12h,OUI,Dimanche,2020-03-29 10:00
23114,96,False,False,False,False,True,True,False,False,False,True,False,False,False,False,Dimanche-10-12h,NON,Dimanche,2020-03-29 10:00
23115,214,False,False,False,False,True,True,False,False,False,True,False,False,False,False,Dimanche-10-12h,OUI,Dimanche,2020-03-29 10:00
23116,11,True,False,False,True,False,False,False,False,False,False,True,False,False,False,Dimanche-10-12h,OUI,Dimanche,2020-03-29 10:00
23117,255,True,False,True,False,False,False,False,True,False,False,False,False,False,False,Dimanche-10-12h,NON,Dimanche,2020-03-29 10:00
23118,86,False,False,True,False,False,False,False,False,False,False,False,False,False,False,Dimanche-10-12h,NON,Dimanche,2020-03-29 10:00
23119,209,True,False,False,False,True,True,False,True,False,False,False,False,False,False,Dimanche-10-12h,OUI,Dimanche,2020-03-29 10:00
23120,291,False,False,False,False,False,True,False,False,True,False,False,False,False,False,Dimanche-10-12h,NON,Dimanche,2020-03-29 10:00
23121,287,False,False,False,False,False,False,False,False,False,False,False,True,False,False,Dimanche-10-12h,OUI,Dimanche,2020-03-29 10:00
23122,104,False,False,False,False,True,True,False,False,False,False,False,False,False,False,Dimanche-10-12h,OUI,Dimanche,2020-03-29 10:00
23123,18,False,False,False,False,True,False,False,False,False,False,False,False,False,False,Dimanche-10-12h,OUI,Dimanche,2020-03-29 10:00
23124,123,False,True,False,False,True,True,False,False,False,False,False,False,False,False,Dimanche-10-12h,NON,Dimanche,2020-03-29 10:00
23125,136,False,False,False,False,True,False,False,False,False,False,False,False,False,False,Dimanche-10-12h,OUI,Dimanche,2020-03-29 10:00
23126,276,True,False,True,False,False,False,False,False,False,False,False,False,False,False,Dimanche-10-12h,OUI,Dimanche,2020-03-29 10:00
23127,53,False,False,False,False,True,True,False,False,False,False,False,False,False,False,Dimanche-10-12h,OUI,Dimanche,2020-03-29 10:00
23128,179,True,False,True,False,False,False,False,False,False,False,False,False,False,False,Dimanche-10-12h,OUI,Dimanche,2020-03-29 10:00
23129,200,False,False,False,False,False,False,False,False,False,False,False,False,False,False,Dimanche-10-12h,NON,Dimanche,2020-03-29 10:00
23130,73,False,False,False,False,False,False,False,False,False,False,False,False,False,False,Dimanche-10-12h,NON,Dimanche,2020-03-29 10:00
23131,156,False,False,False,False,True,True,False,False,False,False,False,False,False,False,Dimanche-10-12h,OUI,Dimanche,2020-03-29 10:00
23132,128,True,True,True,False,False,True,False,False,False,False,False,False,False,False,Dimanche-10-12h,OUI,Dimanche,2020-03-29 10:00
23133,118,False,False,False,False,False,False,False,False,False,False,False,False,False,False,Dimanche-10-12h,NON,Dimanche,2020-03-29 10:00
23134,112,True,False,True,False,False,False,False,False,False,False,False,False,False,False,Dimanche-10-12h,OUI,Dimanche,2020-03-29 10:00
23135,35,False,False,False,False,True,True,False,False,False,False,False,False,False,False,Dimanche-10-12h,NON,Dimanche,2020-03-29 10:00
23136,32,False,False,False,False,False,False,False,False,False,False,False,True,False,False,Dimanche-10-12h,NON,Dimanche,2020-03-29 10:00
23137,199,True,False,True,False,False,False,False,False,False,False,False,False,False,False,Dimanche-10-12h,OUI,Dimanche,2020-03-29 10:00
23138,153,True,False,False,False,True,True,False,False,False,False,False,False,False,False,Dimanche-10-12h,NON,Dimanche,2020-03-29 10:00
23139,82,False,False,True,False,False,False,False,False,False,False,False,False,False,False,Dimanche-10-12h,OUI,Dimanche,2020-03-29 10:00
23140,292,False,True,False,False,False,False,False,False,False,False,False,False,False,False,Dimanche-10-12h,OUI,Dimanche,2020-03-29 10:00
23141,169,False,False,False,True,False,False,False,False,False,False,False,False,False,False,Dimanche-10-12h,NON,Dimanche,2020-03-29 10:00
23142,16,False,False,False,False,True,True,False,False,False,False,False,False,False,False,Dimanche-10-12h,OUI,Dimanche,2020-03-29 10:00
23143,46,True,True,True,False,False,True,True,False,False,False,False,False,False,False,Dimanche-10-12h,NON,Dimanche,2020-03-29 10:00
23144,216,False,True,False,False,False,True,False,False,False,False,False,False,False,False,Dimanche-10-12h,OUI,Dimanche,2020-03-29 10:00
23145,174,False,True,True,False,False,True,False,False,False,False,True,False,False,False,Dimanche-10-12h,OUI,Dimanche,2020-03-29 10:00
23146,43,False,False,False,False,True,False,False,False,False,False,False,False,False,False,Dimanche-10-12h,OUI,Dimanche,2020-03-29 10:00
23147,165,False,False,False,False,True,True,False,False,False,False,False,False,False,False,Dimanche-10-12h,OUI,Dimanche,2020-03-29 10:00
23148,126,False,True,False,False,False,True,False,False,False,False,False,False,False,False,Dimanche-10-12h,OUI,Dimanche,2020-03-29 10:00
23149,41,False,False,False,False,False,True,False,False,True,False,False,False,False,False,Dimanche-10-12h,NON,Dimanche,2020-03-29 10:00
23150,157,False,False,True,False,False,False,False,False,False,False,False,False,False,False,Dimanche-10-12h,NON,Dimanche,2020-03-29 10:00
23151,272,False,True,True,False,False,False,True,False,False,False,True,False,True,True,Dimanche-10-12h,OUI,Dimanche,2020-03-29 10:00
23152,115,True,False,True,False,False,False,False,False,False,False,False,False,False,False,Dimanche-10-12h,OUI,Dimanche,2020-03-29 10:00
23153,84,False,False,False,False,False,False,False,False,False,False,False,True,False,False,Dimanche-10-12h,OUI,Dimanche,2020-03-29 10:00
23154,183,True,True,True,True,False,False,False,False,False,False,False,False,False,False,Dimanche-10-12h,NON,Dimanche,2020-03-29 10:00
23155,65,True,True,False,False,False,True,False,False,False,False,False,False,False,False,Dimanche-10-12h,OUI,Dimanche,2020-03-29 10:00
23156,105,True,False,False,False,False,False,False,False,False,False,False,False,False,False,Dimanche-10-12h,OUI,Dimanche,2020-03-29 10:00
23157,187,True,False,False,False,False,True,False,False,False,False,False,False,False,False,Dimanche-10-12h,OUI,Dimanche,2020-03-29 10:00
23158,139,True,False,True,False,False,False,False,False,False,False,False,False,False,False,Dimanche-10-12h,NON,Dimanche,2020-03-29 10:00
23159,259,False,False,False,False,True,True,False,False,False,False,False,False,False,False,Dimanche-10-12h,NON,Dimanche,2020-03-29 10:00
23160,124,True,False,True,False,False,False,False,False,False,False,True,False,False,False,Dimanche-10-12h,OUI,Dimanche,2020-03-29 10:00
23161,98,False,False,False,False,False,True,False,False,False,False,False,True,False,False,Dimanche-10-12h,OUI,Dimanche,2020-03-29 10:00
23162,284,False,True,True,False,False,True,False,False,False,False,False,False,True,False,Dimanche-10-12h,OUI,Dimanche,2020-03-29 10:00
23163,148,True,False,True,False,True,False,False,True,False,False,False,False,False,False,Dimanche-10-12h,NON,Dimanche,2020-03-29 10:00
23164,258,True,False,True,False,False,False,False,False,False,False,False,False,False,False,Dimanche-10-12h,OUI,Dimanche,2020-03-29 10:00
23165,175,False,False,False,False,False,True,False,False,False,False,False,False,False,False,Dimanche-10-12h,NON,Dimanche,2020-03-29 10:00
23166,119,False,False,False,False,False,False,False,False,False,False,True,False,False,False,Dimanche-10-12h,NON,Dimanche,2020-03-29 10:00
23167,229,True,False,True,False,False,False,False,True,False,False,False,False,False,False,Dimanche-10-12h,NON,Dimanche,2020-03-29 10:00
23168,230,False,False,False,False,False,True,True,False,False,False,False,False,False,False,Dimanche-10-12h,NON,Dimanche,2020-03-29 10:00
23169,17,True,False,False,False,False,True,True,False,False,False,False,False,False,False,Dimanche-10-12h,OUI,Dimanche,2020-03-29 10:00
23170,177,False,False,False,False,False,False,False,False,False,False,False,False,False,False,Dimanche-10-12h,NON,Dimanche,2020-03-29 10:00
23171,7,False,False,False,False,False,False,False,False,False,False,False,False,False,False,Dimanche-10-12h,NON,Dimanche,2020-03-29 10:00
23172,241,False,False,True,False,False,False,False,False,False,False,False,False,False,False,Dimanche-10-12h,OUI,Dimanche,2020-03-29 10:00
23173,8,True,False,False,False,True,True,False,True,False,False,False,False,False,False,Dimanche-10-12h,OUI,Dimanche,2020-03-29 10:00
23174,268,False,True,False,False,False,True,False,False,False,False,False,False,False,False,Dimanche-10-12h,OUI,Dimanche,2020-03-29 10:00
23175,294,False,False,True,False,True,False,False,False,False,False,False,False,False,False,Dimanche-10-12h,OUI,Dimanche,2020-03-29 10:00
23176,242,True,False,False,False,True,True,False,False,False,False,False,False,False,False,Dimanche-10-12h,NON,Dimanche,2020-03-29 10:00
23177,194,False,False,False,False,False,True,False,False,False,False,False,False,False,False,Dimanche-10-12h,NON,Dimanche,2020-03-29 10:00
23178,243,False,False,False,False,True,True,False,False,False,False,False,False,False,False,Dimanche-10-12h,OUI,Dimanche,2020-03-29 10:00
23179,212,True,True,True,False,False,True,False,False,False,False,False,False,False,False,Dimanche-10-12h,OUI,Dimanche,2020-03-29 10:00
23180,19,False,False,False,False,False,True,False,False,False,False,False,False,False,False,Dimanche-10-12h,OUI,Dimanche,2020-03-29 10:00
23181,114,False,False,False,False,True,False,False,False,False,False,False,False,False,False,Dimanche-10-12h,OUI,Dimanche,2020-03-29 10:00
23182,190,False,False,False,False,False,True,False,False,True,False,False,False,False,False,Dimanche-10-12h,NON,Dimanche,2020-03-29 10:00
23183,64,False,False,True,False,False,False,False,False,False,False,False,False,False,False,Dimanche-10-12h,OUI,Dimanche,2020-03-29 10:00
23184,227,False,False,False,False,False,False,False,False,False,False,False,False,False,False,Dimanche-10-12h,NON,Dimanche,2020-03-29 10:00
23185,232,False,False,False,False,False,True,False,False,False,False,False,False,False,False,Dimanche-10-12h,OUI,Dimanche,2020-03-29 10:00
23186,246,False,True,False,False,False,True,True,False,False,False,False,False,False,False,Dimanche-10-12h,OUI,Dimanche,2020-03-29 10:00
23187,100,False,False,False,False,False,True,False,False,False,False,False,False,False,False,Dimanche-10-12h,OUI,Dimanche,2020-03-29 10:00
23188,13,False,False,False,False,True,False,False,False,False,False,False,False,False,False,Dimanche-10-12h,OUI,Dimanche,2020-03-29 10:00
23189,262,True,True,True,False,False,False,False,False,False,False,False,False,False,False,Dimanche-10-12h,OUI,Dimanche,2020-03-29 10:00
23190,76,True,True,True,False,False,True,False,False,False,False,True,False,False,False,Dimanche-10-12h,NON,Dimanche,2020-03-29 10:00
23191,261,False,True,False,False,True,False,False,False,False,False,False,False,False,False,Dimanche-10-12h,NON,Dimanche,2020-03-29 10:00
23192,150,False,True,False,False,False,False,False,False,False,False,False,False,False,False,Dimanche-10-12h,OUI,Dimanche,2020-03-29 10:00
23193,205,False,False,False,False,False,False,False,False,False,False,False,False,False,False,Dimanche-10-12h,NON,Dimanche,2020-03-29 10:00
23194,56,False,False,False,False,True,True,False,False,False,False,False,False,False,False,Dimanche-10-12h,OUI,Dimanche,2020-03-29 10:00
23195,186,False,False,False,False,True,False,False,False,False,False,False,False,False,False,Dimanche-10-12h,OUI,Dimanche,2020-03-29 10:00
23196,162,True,False,False,False,True,True,False,False,False,False,False,False,False,False,Dimanche-10-12h,NON,Dimanche,2020-03-29 10:00
23197,68,False,True,False,False,True,True,False,False,False,False,False,False,False,False,Dimanche-10-12h,OUI,Dimanche,2020-03-29 10:00
23198,146,False,False,False,False,False,True,False,False,False,False,False,True,False,False,Dimanche-10-12h,OUI,Dimanche,2020-03-29 10:00
23199,49,False,False,False,False,False,False,False,False,False,False,False,False,True,False,Dimanche-10-12h,OUI,Dimanche,2020-03-29 10:00
23200,91,True,False,True,True,False,False,False,False,False,False,False,False,False,False,Dimanche-10-12h,OUI,Dimanche,2020-03-29 10:00
23201,22,False,False,False,False,False,False,False,False,False,True,False,False,False,False,Dimanche-10-12h,NON,Dimanche,2020-03-29 10:00
23202,151,False,False,False,False,True,False,False,False,False,False,False,False,False,False,Dimanche-10-12h,OUI,Dimanche,2020-03-29 10:00
23203,193,False,False,False,False,True,True,False,False,False,False,False,False,False,False,Dimanche-10-12h,OUI,Dimanche,2020-03-29 10:00
23204,9,True,True,False,False,False,False,False,False,False,False,False,False,False,False,Dimanche-10-12h,OUI,Dimanche,2020-03-29 10:00
23205,99,True,False,True,False,False,False,False,False,False,False,False,False,False,False,Dimanche-10-12h,NON,Dimanche,2020-03-29 10:00
23206,181,False,False,False,False,True,True,False,False,False,False,False,False,False,False,Dimanche-10-12h,OUI,Dimanche,2020-03-29 10:00
23207,111,False,False,False,False,False,True,False,True,False,False,False,False,False,False,Dimanche-10-12h,OUI,Dimanche,2020-03-29 10:00
23208,44,False,True,False,False,False,True,False,False,False,False,False,False,False,False,Dimanche-10-12h,NON,Dimanche,2020-03-29 10:00
23209,24,False,False,False,False,True,False,False,True,False,False,False,False,False,False,Dimanche-10-12h,NON,Dimanche,2020-03-29 10:00
23210,102,False,False,False,False,True,True,False,True,False,False,False,False,False,False,Dimanche-10-12h,OUI,Dimanche,2020-03-29 10:00
23211,203,True,True,False,False,False,False,False,True,False,False,False,False,False,False,Dimanche-10-12h,OUI,Dimanche,2020-03-29 10:00
23212,140,False,False,False,False,True,True,False,True,False,False,False,False,False,False,Dimanche-10-12h,NON,Dimanche,2020-03-29 10:00
23213,188,False,False,False,False,False,True,False,False,True,False,False,False,False,False,Dimanche-10-12h,NON,Dimanche,2020-03-29 10:00
23214,206,False,False,False,True,False,False,False,False,False,False,True,False,False,False,Dimanche-10-12h,NON,Dimanche,2020-03-29 10:00
23215,273,False,False,False,False,False,False,False,False,False,False,False,True,False,False,Dimanche-10-12h,OUI,Dimanche,2020-03-29 10:00
23216,69,True,False,True,False,False,False,False,False,False,False,False,False,False,False,Dimanche-10-12h,NON,Dimanche,2020-03-29 10:00
23217,87,True,False,False,True,False,False,False,False,False,False,True,False,False,False,Dimanche-10-12h,NON,Dimanche,2020-03-29 10:00
23218,83,True,False,True,False,False,False,False,False,False,False,False,False,False,False,Dimanche-10-12h,NON,Dimanche,2020-03-29 10:00
23219,149,True,False,True,True,False,False,False,False,False,False,False,False,False,False,Dimanche-10-12h,OUI,Dimanche,2020-03-29 10:00
23220,274,False,False,False,False,False,True,False,False,False,False,False,False,False,False,Dimanche-10-12h,NON,Dimanche,2020-03-29 10:00
23221,282,True,False,True,True,False,False,False,False,False,False,False,False,False,False,Dimanche-10-12h,NON,Dimanche,2020-03-29 10:00
23222,147,False,False,False,False,False,False,False,False,False,False,False,False,False,False,Dimanche-10-12h,NON,Dimanche,2020-03-29 10:00
23223,238,False,False,False,False,False,False,False,False,False,False,False,True,False,False,Dimanche-10-12h,NON,Dimanche,2020-03-29 10:00
23224,201,False,False,False,False,False,False,False,False,False,False,False,False,False,False,Dimanche-10-12h,NON,Dimanche,2020-03-29 10:00
23225,152,False,True,False,False,False,False,False,False,False,False,False,False,False,False,Dimanche-10-12h,OUI,Dimanche,2020-03-29 10:00
23226,222,False,False,False,False,False,True,False,False,True,True,False,False,False,False,Dimanche-10-12h,OUI,Dimanche,2020-03-29 10:00
23227,106,False,False,False,False,False,True,False,False,False,False,False,True,False,False,Dimanche-10-12h,OUI,Dimanche,2020-03-29 10:00
23228,133,False,False,True,False,True,False,False,False,False,False,False,False,False,False,Dimanche-10-12h,OUI,Dimanche,2020-03-29 10:00
23229,163,False,False,False,False,True,False,False,False,False,False,False,False,False,False,Dimanche-10-12h,NON,Dimanche,2020-03-29 10:00
23230,231,False,False,False,False,False,False,False,False,False,False,False,False,False,False,Dimanche-10-12h,NON,Dimanche,2020-03-29 10:00
23231,25,False,False,False,False,True,False,False,False,False,False,False,False,False,False,Dimanche-10-12h,NON,Dimanche,2020-03-29 10:00
23232,196,False,False,True,False,True,False,False,True,False,False,False,False,False,False,Dimanche-10-12h,OUI,Dimanche,2020-03-29 10:00
23233,5,False,False,False,False,True,True,False,False,False,False,False,False,False,False,Dimanche-10-12h,OUI,Dimanche,2020-03-29 10:00
23234,90,False,True,False,False,False,False,False,False,False,False,False,False,False,False,Dimanche-10-12h,OUI,Dimanche,2020-03-29 10:00
23235,244,True,False,True,False,False,False,False,False,False,False,False,False,False,False,Dimanche-10-12h,NON,Dimanche,2020-03-29 10:00
23236,107,False,True,False,False,False,True,False,False,False,False,False,False,False,False,Dimanche-10-12h,OUI,Dimanche,2020-03-29 10:00
23237,218,False,True,False,False,True,True,False,False,False,False,False,False,False,False,Dimanche-10-12h,OUI,Dimanche,2020-03-29 10:00
23238,62,False,True,True,False,True,True,False,False,False,False,False,False,False,False,Dimanche-10-12h,OUI,Dimanche,2020-03-29 10:00
23239,79,False,True,False,False,False,False,False,False,False,False,False,False,False,False,Dimanche-10-12h,OUI,Dimanche,2020-03-29 10:00
23240,208,False,False,False,False,False,True,False,False,False,False,False,False,False,False,Dimanche-10-12h,OUI,Dimanche,2020-03-29 10:00
23241,270,False,False,False,False,False,False,False,False,True,False,False,False,False,False,Dimanche-10-12h,NON,Dimanche,2020-03-29 10:00
23242,166,True,False,False,False,True,True,False,False,False,False,False,False,False,False,Dimanche-10-12h,OUI,Dimanche,2020-03-29 10:00
23243,77,False,False,True,False,True,False,False,False,False,False,False,False,False,False,Dimanche-10-12h,NON,Dimanche,2020-03-29 10:00
23244,29,False,False,False,False,False,True,False,False,False,False,False,True,False,False,Dimanche-10-12h,OUI,Dimanche,2020-03-29 10:00
23245,240,False,False,False,False,False,True,False,False,False,False,False,False,False,False,Dimanche-10-12h,OUI,Dimanche,2020-03-29 10:00
23246,184,False,True,False,False,False,False,False,False,False,False,False,False,False,False,Dimanche-10-12h,OUI,Dimanche,2020-03-29 10:00
23247,277,False,True,True,False,False,True,False,False,False,False,False,False,False,False,Dimanche-10-12h,OUI,Dimanche,2020-03-29 10:00
23248,80,True,False,False,False,False,True,False,False,False,True,False,False,False,False,Dimanche-10-12h,NON,Dimanche,2020-03-29 10:00
23249,185,True,True,True,False,False,True,False,False,False,False,True,False,True,False,Dimanche-10-12h,NON,Dimanche,2020-03-29 10:00
23250,204,False,False,False,False,True,True,False,False,False,False,False,True,False,False,Dimanche-10-12h,OUI,Dimanche,2020-03-29 10:00
23251,252,True,True,True,False,False,True,False,False,False,False,False,False,False,False,Dimanche-10-12h,OUI,Dimanche,2020-03-29 10:00
23252,26,False,False,False,False,True,False,False,False,False,False,False,False,False,False,Dimanche-10-12h,OUI,Dimanche,2020-03-29 10:00
23253,70,False,False,False,False,True,False,False,False,False,False,False,True,False,False,Dimanche-10-12h,NON,Dimanche,2020-03-29 10:00
23254,233,False,False,False,False,True,False,False,False,False,False,False,False,False,False,Dimanche-10-12h,OUI,Dimanche,2020-03-29 10:00
23255,37,True,True,True,False,True,True,False,False,False,False,False,False,False,False,Dimanche-10-12h,NON,Dimanche,2020-03-29 10:00
23256,185,False,False,True,False,False,False,False,False,False,False,False,False,False,False,Dimanche-10-12h,OUI,Dimanche,2020-03-29 10:00
23257,138,True,False,False,False,True,True,False,False,False,False,False,False,False,False,Dimanche-10-12h,OUI,Dimanche,2020-03-29 10:00
23258,224,True,False,True,False,False,False,False,False,False,False,False,False,False,False,Dimanche-10-12h,OUI,Dimanche,2020-03-29 10:00
23259,66,False,False,False,False,True,True,False,False,False,False,False,False,True,False,Dimanche-10-12h,OUI,Dimanche,2020-03-29 10:00
23260,211,False,False,True,False,False,False,False,False,False,False,False,False,True,False,Dimanche-10-12h,OUI,Dimanche,2020-03-29 10:00
23261,14,False,False,False,False,True,True,False,False,False,False,False,False,False,False,Dimanche-10-12h,NON,Dimanche,2020-03-29 10:00
23262,145,False,False,False,False,True,False,False,False,False,False,False,False,False,False,Dimanche-10-12h,NON,Dimanche,2020-03-29 10:00
23263,36,False,False,False,False,False,False,False,False,False,False,False,True,False,False,Dimanche-10-12h,OUI,Dimanche,2020-03-29 10:00
23264,60,True,True,True,False,False,True,False,False,False,False,False,False,False,False,Dimanche-10-12h,NON,Dimanche,2020-03-29 10:00
23265,137,True,True,True,False,False,True,False,False,False,False,True,False,False,False,Dimanche-10-12h,OUI,Dimanche,2020-03-29 10:00
23266,285,False,True,False,False,True,True,False,False,False,False,False,False,False,False,Dimanche-10-12h,OUI,Dimanche,2020-03-29 10:00
23267,40,False,True,True,False,True,True,False,False,False,False,False,False,False,False,Dimanche-10-12h,OUI,Dimanche,2020-03-29 10:00
23268,97,False,False,False,False,False,True,False,False,False,False,False,False,False,False,Dimanche-10-12h,OUI,Dimanche,2020-03-29 10:00
23269,109,True,False,True,True,False,False,False,False,False,False,False,False,False,False,Dimanche-10-12h,NON,Dimanche,2020-03-29 10:00
23270,10,False,False,False,False,False,False,False,False,False,False,False,False,False,False,Dimanche-10-12h,NON,Dimanche,2020-03-29 10:00
23271,256,False,False,False,False,False,False,False,False,False,False,False,True,False,False,Dimanche-10-12h,NON,Dimanche,2020-03-29 10:00
23272,141,True,True,True,False,False,False,False,False,False,False,True,False,False,False,Dimanche-10-12h,NON,Dimanche,2020-03-29 10:00
23273,28,False,False,False,False,False,False,False,False,False,False,False,False,False,False,Dimanche-10-12h,NON,Dimanche,2020-03-29 10:00
23274,101,True,True,True,True,True,True,False,False,False,False,False,False,False,False,Dimanche-10-12h,OUI,Dimanche,2020-03-29 10:00
23275,48,True,False,True,False,True,False,False,False,False,False,False,False,True,False,Dimanche-10-12h,OUI,Dimanche,2020-03-29 10:00
23276,27,False,False,False,False,False,True,False,False,False,False,False,False,False,False,Dimanche-10-12h,OUI,Dimanche,2020-03-29 10:00
23277,142,True,False,True,False,False,False,False,False,False,False,True,False,True,False,Dimanche-10-12h,NON,Dimanche,2020-03-29 10:00
23278,234,False,False,True,False,False,False,False,False,False,False,True,False,False,False,Dimanche-10-12h,OUI,Dimanche,2020-03-29 10:00
23279,23,False,False,False,False,True,False,False,False,False,False,False,False,False,False,Dimanche-10-12h,NON,Dimanche,2020-03-29 10:00
23280,195,False,False,False,False,True,False,False,False,True,False,False,False,False,False,Dimanche-10-12h,OUI,Dimanche,2020-03-29 10:00
23281,275,False,False,False,False,False,False,False,False,False,False,False,True,False,False,Dimanche-10-12h,NON,Dimanche,2020-03-29 10:00
23282,226,False,False,False,False,True,True,False,False,False,False,False,False,False,False,Dimanche-10-12h,OUI,Dimanche,2020-03-29 10:00
23283,207,False,False,True,False,False,False,False,False,False,False,False,False,False,False,Dimanche-10-12h,OUI,Dimanche,2020-03-29 10:00
23284,57,False,False,False,False,False,False,False,False,False,False,False,False,False,False,Dimanche-10-12h,NON,Dimanche,2020-03-29 10:00
23285,4,False,True,False,False,False,True,False,False,False,False,False,False,False,False,Dimanche-10-12h,NON,Dimanche,2020-03-29 10:00
23286,265,False,False,False,False,False,True,False,False,False,False,False,False,False,False,Dimanche-10-12h,OUI,Dimanche,2020-03-29 10:00
23287,88,False,True,False,False,False,False,False,False,False,False,False,False,False,False,Dimanche-10-12h,OUI,Dimanche,2020-03-29 10:00
23288,198,False,False,False,False,False,False,False,False,False,False,True,False,False,False,Dimanche-10-12h,OUI,Dimanche,2020-03-29 10:00
23289,249,True,True,True,False,False,False,False,False,False,False,False,False,False,False,Dimanche-10-12h,NON,Dimanche,2020-03-29 10:00
23290,263,False,False,False,False,True,True,False,False,False,False,False,False,False,False,Dimanche-10-12h,NON,Dimanche,2020-03-29 10:00
23291,217,True,False,True,False,False,False,False,False,False,False,False,False,True,False,Dimanche-10-12h,OUI,Dimanche,2020-03-29 10:00
23292,278,False,False,False,False,True,True,False,False,False,False,False,False,False,False,Dimanche-10-12h,OUI,Dimanche,2020-03-29 10:00
23293,189,False,True,False,False,False,False,False,False,False,False,False,False,False,False,Dimanche-10-12h,NON,Dimanche,2020-03-29 10:00
23294,61,True,False,True,False,False,False,False,False,False,False,False,False,False,False,Dimanche-10-12h,OUI,Dimanche,2020-03-29 10:00
23295,251,False,False,False,False,False,False,False,False,False,False,False,False,True,False,Dimanche-10-12h,NON,Dimanche,2020-03-29 10:00
23296,281,False,True,False,False,False,False,False,False,False,False,False,False,False,False,Dimanche-10-12h,OUI,Dimanche,2020-03-29 10:00
23297,134,False,True,False,False,False,False,False,False,False,False,False,False,False,False,Dimanche-10-12h,OUI,Dimanche,2020-03-29 10:00
23298,293,False,True,False,False,False,True,False,False,False,False,False,False,False,False,Dimanche-10-12h,NON,Dimanche,2020-03-29 10:00
23299,279,True,True,True,True,False,True,False,False,False,False,False,False,False,False,Dimanche-10-12h,NON,Dimanche,2020-03-29 10:00
23300,81,True,False,True,True,False,False,False,True,False,False,False,False,False,False,Dimanche-10-12h,OUI,Dimanche,2020-03-29 10:00
23301,92,True,False,False,True,False,False,False,False,False,False,True,False,False,False,Dimanche-10-12h,NON,Dimanche,2020-03-29 10:00
23302,147,False,False,False,False,False,False,False,False,False,False,False,False,False,False,Dimanche-10-12h,NON,Dimanche,2020-03-29 10:00
23303,33,False,True,False,False,True,False,False,False,False,False,False,False,False,False,Dimanche-10-12h,OUI,Dimanche,2020-03-29 10:00
23304,266,False,False,False,False,False,False,False,False,False,False,False,False,False,False,Dimanche-10-12h,NON,Dimanche,2020-03-29 10:00
23305,225,True,False,False,False,False,True,False,False,False,False,False,False,False,False,Dimanche-10-12h,OUI,Dimanche,2020-03-29 10:00
23306,83,True,False,True,False,False,False,False,False,False,False,False,False,False,False,Dimanche-10-12h,OUI,Dimanche,2020-03-29 10:00
23307,95,False,False,False,False,True,True,False,True,False,False,False,False,False,False,Dimanche-10-12h,OUI,Dimanche,2020-03-29 10:00
23308,127,False,False,False,False,True,False,False,False,False,False,False,False,False,False,Dimanche-10-12h,NON,Dimanche,2020-03-29 10:00
23309,20,False,False,False,False,False,False,False,False,False,False,False,False,False,False,Dimanche-10-12h,NON,Dimanche,2020-03-29 10:00
23310,89,False,False,False,False,False,False,False,False,True,False,False,False,False,False,Dimanche-10-12h,OUI,Dimanche,2020-03-29 10:00
23311,120,False,True,True,False,True,True,False,True,False,False,True,False,False,False,Dimanche-10-12h,OUI,Dimanche,2020-03-29 10:00
23312,253,False,False,False,False,True,True,False,False,False,False,False,True,False,False,Dimanche-10-12h,NON,Dimanche,2020-03-29 10:00
23313,52,False,False,True,False,False,False,False,False,False,False,False,False,False,False,Dimanche-10-12h,NON,Dimanche,2020-03-29 10:00
23314,168,True,False,True,False,False,False,False,True,False,False,False,False,False,False,Dimanche-10-12h,OUI,Dimanche,2020-03-29 10:00
23315,202,False,True,False,False,False,False,False,False,False,False,False,False,False,False,Dimanche-10-12h,OUI,Dimanche,2020-03-29 10:00
23316,172,False,False,False,False,True,False,False,False,False,False,False,False,False,False,Dimanche-10-12h,OUI,Dimanche,2020-03-29 10:00
23317,239,False,False,False,False,True,True,False,False,False,False,False,False,False,False,Dimanche-10-12h,NON,Dimanche,2020-03-29 10:00
23318,85,False,False,False,False,True,False,False,False,False,False,False,False,False,False,Dimanche-10-12h,NON,Dimanche,2020-03-29 10:00
23319,215,False,False,False,False,False,False,False,False,True,False,False,False,False,False,Dimanche-10-12h,OUI,Dimanche,2020-03-29 10:00
23320,260,True,False,True,False,False,False,False,False,False,False,False,False,False,False,Dimanche-10-12h,NON,Dimanche,2020-03-29 10:00
23321,286,True,True,False,False,True,False,False,False,False,False,False,False,False,False,Dimanche-10-12h,OUI,Dimanche,2020-03-29 10:00
23322,72,False,True,False,False,False,False,False,False,False,False,False,False,False,False,Dimanche-12-14h,OUI,Dimanche,2020-03-29 12:00
23323,167,True,True,True,True,True,True,False,False,False,False,False,False,False,False,Dimanche-12-14h,OUI,Dimanche,2020-03-29 12:00
23324,130,True,False,True,False,False,False,False,True,False,False,False,False,True,True,Dimanche-12-14h,NON,Dimanche,2020-03-29 12:00
23325,288,True,True,True,False,True,False,False,False,False,False,False,False,False,False,Dimanche-12-14h,NON,Dimanche,2020-03-29 12:00
23326,59,False,False,False,False,False,True,False,False,False,False,False,False,False,False,Dimanche-12-14h,NON,Dimanche,2020-03-29 12:00
23327,178,True,False,False,False,False,False,False,False,False,False,True,False,False,False,Dimanche-12-14h,OUI,Dimanche,2020-03-29 12:00
23328,254,False,False,False,False,False,False,False,False,False,False,False,True,False,False,Dimanche-12-14h,NON,Dimanche,2020-03-29 12:00
23329,34,False,False,False,False,False,False,False,False,False,False,False,False,False,False,Dimanche-12-14h,NON,Dimanche,2020-03-29 12:00
23330,264,False,False,False,False,True,True,True,False,False,False,False,False,False,False,Dimanche-12-14h,OUI,Dimanche,2020-03-29 12:00
23331,158,True,False,False,False,True,False,False,False,False,True,False,False,False,False,Dimanche-12-14h,OUI,Dimanche,2020-03-29 12:00
23332,210,False,True,False,False,True,True,False,False,False,False,False,False,False,False,Dimanche-12-14h,NON,Dimanche,2020-03-29 12:00
23333,93,False,False,False,False,True,False,False,False,False,False,False,False,True,False,Dimanche-12-14h,OUI,Dimanche,2020-03-29 12:00
23334,144,True,False,True,False,True,False,False,False,False,False,False,False,False,False,Dimanche-12-14h,OUI,Dimanche,2020-03-29 12:00
23335,164,False,True,False,False,True,True,False,False,False,False,False,False,False,False,Dimanche-12-14h,OUI,Dimanche,2020-03-29 12:00
23336,289,False,False,False,False,True,True,False,False,False,False,False,False,False,False,Dimanche-12-14h,OUI,Dimanche,2020-03-29 12:00
23337,50,False,False,False,False,False,False,False,False,False,False,False,False,False,False,Dimanche-12-14h,NON,Dimanche,2020-03-29 12:00
23338,51,True,True,False,False,True,False,False,False,False,False,False,False,False,False,Dimanche-12-14h,OUI,Dimanche,2020-03-29 12:00
23339,247,False,False,True,False,False,False,False,False,False,False,False,False,False,False,Dimanche-12-14h,OUI,Dimanche,2020-03-29 12:00
23340,159,False,False,False,False,False,False,False,True,False,False,False,False,False,False,Dimanche-12-14h,NON,Dimanche,2020-03-29 12:00
23341,54,False,False,False,False,False,True,False,False,False,False,False,False,False,False,Dimanche-12-14h,NON,Dimanche,2020-03-29 12:00
23342,55,True,False,False,False,True,True,False,True,False,False,False,False,False,False,Dimanche-12-14h,OUI,Dimanche,2020-03-29 12:00
23343,257,False,False,False,False,True,False,False,False,False,False,False,False,False,False,Dimanche-12-14h,NON,Dimanche,2020-03-29 12:00
23344,67,False,False,False,False,False,False,False,False,False,False,False,False,False,False,Dimanche-12-14h,NON,Dimanche,2020-03-29 12:00
23345,71,True,False,True,False,False,False,False,False,False,False,False,False,False,False,Dimanche-12-14h,NON,Dimanche,2020-03-29 12:00
23346,280,False,False,False,False,False,True,False,False,False,False,False,False,False,False,Dimanche-12-14h,OUI,Dimanche,2020-03-29 12:00
23347,283,True,True,False,False,False,False,False,False,False,False,False,False,False,False,Dimanche-12-14h,OUI,Dimanche,2020-03-29 12:00
23348,154,False,False,False,False,True,True,False,False,False,False,False,True,False,False,Dimanche-12-14h,OUI,Dimanche,2020-03-29 12:00
23349,171,False,False,False,False,False,False,False,False,False,False,False,True,False,False,Dimanche-12-14h,OUI,Dimanche,2020-03-29 12:00
23350,131,False,False,True,False,False,False,False,False,False,False,False,False,False,False,Dimanche-12-14h,NON,Dimanche,2020-03-29 12:00
23351,237,True,False,False,False,False,True,True,False,False,False,False,False,True,False,Dimanche-12-14h,OUI,Dimanche,2020-03-29 12:00
23352,75,False,False,False,False,True,True,False,False,False,False,False,False,False,False,Dimanche-12-14h,OUI,Dimanche,2020-03-29 12:00
23353,235,True,False,False,False,True,False,False,False,False,False,False,False,False,False,Dimanche-12-14h,OUI,Dimanche,2020-03-29 12:00
23354,180,False,False,False,False,True,True,False,False,False,False,False,False,False,False,Dimanche-12-14h,OUI,Dimanche,2020-03-29 12:00
23355,219,False,False,False,False,False,True,False,False,False,False,False,False,False,False,Dimanche-12-14h,NON,Dimanche,2020-03-29 12:00
23356,250,False,False,False,False,False,False,False,False,True,False,False,False,False,False,Dimanche-12-14h,NON,Dimanche,2020-03-29 12:00
23357,267,True,True,False,False,False,False,False,False,False,False,False,False,False,False,Dimanche-12-14h,OUI,Dimanche,2020-03-29 12:00
23358,160,False,True,False,False,False,True,False,False,False,False,False,False,False,False,Dimanche-12-14h,OUI,Dimanche,2020-03-29 12:00
23359,182,False,True,False,False,True,True,True,False,False,False,False,False,False,False,Dimanche-12-14h,OUI,Dimanche,2020-03-29 12:00
23360,143,False,False,False,False,False,False,False,True,False,False,True,False,False,False,Dimanche-12-14h,OUI,Dimanche,2020-03-29 12:00
23361,223,True,True,False,False,False,False,False,False,False,False,False,False,False,False,Dimanche-12-14h,OUI,Dimanche,2020-03-29 12:00
23362,192,True,False,True,False,False,False,False,False,False,False,False,False,False,False,Dimanche-12-14h,NON,Dimanche,2020-03-29 12:00
23363,30,False,False,True,False,False,False,False,True,False,False,False,False,False,False,Dimanche-12-14h,OUI,Dimanche,2020-03-29 12:00
23364,125,True,False,False,False,True,False,False,True,False,False,False,False,False,False,Dimanche-12-14h,NON,Dimanche,2020-03-29 12:00
23365,39,False,False,True,False,True,False,False,True,False,False,False,False,False,False,Dimanche-12-14h,OUI,Dimanche,2020-03-29 12:00
23366,113,True,False,True,False,False,False,False,False,False,False,False,False,False,False,Dimanche-12-14h,OUI,Dimanche,2020-03-29 12:00
23367,121,True,False,True,False,False,False,False,True,False,False,False,False,False,False,Dimanche-12-14h,NON,Dimanche,2020-03-29 12:00
23368,228,False,False,False,False,False,False,False,False,False,False,True,False,False,False,Dimanche-12-14h,OUI,Dimanche,2020-03-29 12:00
23369,290,False,False,False,False,False,False,False,False,True,False,False,False,False,False,Dimanche-12-14h,OUI,Dimanche,2020-03-29 12:00
23370,197,False,False,True,False,True,False,False,False,False,False,False,False,False,False,Dimanche-12-14h,NON,Dimanche,2020-03-29 12:00
23371,31,True,True,True,False,False,True,False,False,False,False,False,False,False,False,Dimanche-12-14h,OUI,Dimanche,2020-03-29 12:00
23372,173,True,False,False,False,True,True,False,True,False,False,False,False,False,False,Dimanche-12-14h,OUI,Dimanche,2020-03-29 12:00
23373,74,True,False,False,True,False,False,False,True,False,False,True,False,False,False,Dimanche-12-14h,OUI,Dimanche,2020-03-29 12:00
23374,15,False,False,True,False,False,False,False,False,False,False,False,False,False,False,Dimanche-12-14h,OUI,Dimanche,2020-03-29 12:00
23375,45,True,False,False,False,True,True,False,True,False,False,False,False,False,False,Dimanche-12-14h,OUI,Dimanche,2020-03-29 12:00
23376,63,False,False,True,False,False,False,False,False,False,False,False,False,False,False,Dimanche-12-14h,OUI,Dimanche,2020-03-29 12:00
23377,3,False,False,False,False,False,True,False,False,False,False,False,True,False,False,Dimanche-12-14h,OUI,Dimanche,2020-03-29 12:00
23378,21,True,False,True,False,False,False,False,False,False,False,False,False,False,False,Dimanche-12-14h,OUI,Dimanche,2020-03-29 12:00
23379,78,False,True,True,False,True,True,False,True,False,False,False,False,False,False,Dimanche-12-14h,OUI,Dimanche,2020-03-29 12:00
23380,47,False,True,False,False,False,False,False,False,False,False,False,False,False,False,Dimanche-12-14h,OUI,Dimanche,2020-03-29 12:00
23381,151,True,True,False,False,True,False,False,True,False,False,False,False,False,False,Dimanche-12-14h,OUI,Dimanche,2020-03-29 12:00
23382,6,True,False,True,False,False,False,False,False,False,False,False,False,False,False,Dimanche-12-14h,OUI,Dimanche,2020-03-29 12:00
23383,135,True,False,True,False,False,False,False,False,False,False,False,False,True,False,Dimanche-12-14h,OUI,Dimanche,2020-03-29 12:00
23384,221,False,False,False,False,True,True,False,False,False,False,False,False,False,False,Dimanche-12-14h,OUI,Dimanche,2020-03-29 12:00
23385,170,False,False,True,False,False,False,False,False,False,False,True,False,False,True,Dimanche-12-14h,NON,Dimanche,2020-03-29 12:00
23386,129,False,True,False,False,False,False,False,False,False,False,False,False,False,False,Dimanche-12-14h,OUI,Dimanche,2020-03-29 12:00
23387,132,True,True,True,False,False,True,False,False,False,False,False,False,False,False,Dimanche-12-14h,OUI,Dimanche,2020-03-29 12:00
23388,110,False,True,False,False,False,False,False,False,False,False,False,False,False,False,Dimanche-12-14h,OUI,Dimanche,2020-03-29 12:00
23389,191,False,False,False,False,False,True,False,False,False,False,False,False,False,False,Dimanche-12-14h,OUI,Dimanche,2020-03-29 12:00
23390,94,True,True,True,False,False,True,False,False,False,False,True,False,True,False,Dimanche-12-14h,NON,Dimanche,2020-03-29 12:00
23391,108,False,False,False,False,False,True,True,False,False,False,False,False,False,False,Dimanche-12-14h,OUI,Dimanche,2020-03-29 12:00
23392,236,False,False,False,False,True,True,False,False,False,False,False,False,False,False,Dimanche-12-14h,OUI,Dimanche,2020-03-29 12:00
23393,42,True,False,True,False,True,False,False,False,False,False,False,False,False,False,Dimanche-12-14h,NON,Dimanche,2020-03-29 12:00
23394,155,True,False,False,False,True,False,False,False,False,False,False,False,False,False,Dimanche-12-14h,OUI,Dimanche,2020-03-29 12:00
23395,1,False,False,False,False,False,False,False,False,False,False,False,False,False,False,Dimanche-12-14h,NON,Dimanche,2020-03-29 12:00
23396,58,False,True,True,False,False,True,False,False,False,False,True,False,False,False,Dimanche-12-14h,OUI,Dimanche,2020-03-29 12:00
23397,0,False,True,False,False,False,False,False,False,False,False,False,False,False,False,Dimanche-12-14h,OUI,Dimanche,2020-03-29 12:00
23398,269,False,False,False,False,False,False,False,False,False,False,False,False,False,False,Dimanche-12-14h,NON,Dimanche,2020-03-29 12:00
23399,2,True,False,True,False,False,False,False,False,False,False,False,False,False,False,Dimanche-12-14h,OUI,Dimanche,2020-03-29 12:00
23400,103,False,False,False,False,True,False,False,False,False,False,False,False,False,False,Dimanche-12-14h,NON,Dimanche,2020-03-29 12:00
23401,12,False,True,False,False,True,False,False,False,False,False,False,False,False,False,Dimanche-12-14h,OUI,Dimanche,2020-03-29 12:00
23402,245,True,False,False,False,True,True,False,True,False,False,False,False,False,False,Dimanche-12-14h,OUI,Dimanche,2020-03-29 12:00
23403,161,False,False,True,False,False,False,False,False,False,False,True,False,False,False,Dimanche-12-14h,OUI,Dimanche,2020-03-29 12:00
23404,38,False,False,False,False,False,False,False,False,True,False,False,False,False,False,Dimanche-12-14h,OUI,Dimanche,2020-03-29 12:00
23405,122,False,False,False,False,False,False,False,False,False,False,False,False,False,False,Dimanche-12-14h,NON,Dimanche,2020-03-29 12:00
23406,248,False,False,True,False,False,False,False,False,False,False,False,False,True,False,Dimanche-12-14h,OUI,Dimanche,2020-03-29 12:00
23407,271,False,True,True,False,False,True,False,False,False,False,False,False,False,False,Dimanche-12-14h,OUI,Dimanche,2020-03-29 12:00
23408,116,False,False,True,False,False,False,False,False,False,False,False,False,False,False,Dimanche-12-14h,OUI,Dimanche,2020-03-29 12:00
23409,117,True,True,True,True,False,True,False,False,False,False,False,False,False,False,Dimanche-12-14h,NON,Dimanche,2020-03-29 12:00
23410,213,False,False,False,False,True,True,False,True,False,False,False,False,False,False,Dimanche-12-14h,OUI,Dimanche,2020-03-29 12:00
23411,220,False,True,True,False,False,True,False,False,False,False,False,False,False,False,Dimanche-12-14h,OUI,Dimanche,2020-03-29 12:00
23412,176,False,False,True,False,False,False,False,False,False,False,False,False,False,False,Dimanche-12-14h,OUI,Dimanche,2020-03-29 12:00
23413,96,False,False,False,False,True,True,False,False,False,True,False,False,False,False,Dimanche-12-14h,NON,Dimanche,2020-03-29 12:00
23414,214,False,False,False,False,True,True,False,False,False,True,False,False,False,False,Dimanche-12-14h,OUI,Dimanche,2020-03-29 12:00
23415,11,True,False,False,True,False,False,False,False,False,False,True,False,False,False,Dimanche-12-14h,OUI,Dimanche,2020-03-29 12:00
23416,255,True,False,True,False,False,False,False,True,False,False,False,False,False,False,Dimanche-12-14h,NON,Dimanche,2020-03-29 12:00
23417,86,False,False,True,False,False,False,False,False,False,False,False,False,False,False,Dimanche-12-14h,NON,Dimanche,2020-03-29 12:00
23418,209,True,False,False,False,True,True,False,True,False,False,False,False,False,False,Dimanche-12-14h,OUI,Dimanche,2020-03-29 12:00
23419,291,False,False,False,False,False,True,False,False,True,False,False,False,False,False,Dimanche-12-14h,NON,Dimanche,2020-03-29 12:00
23420,287,False,False,False,False,False,False,False,False,False,False,False,True,False,False,Dimanche-12-14h,OUI,Dimanche,2020-03-29 12:00
23421,104,False,False,False,False,True,True,False,False,False,False,False,False,False,False,Dimanche-12-14h,OUI,Dimanche,2020-03-29 12:00
23422,18,False,False,False,False,True,False,False,False,False,False,False,False,False,False,Dimanche-12-14h,OUI,Dimanche,2020-03-29 12:00
23423,123,False,True,False,False,True,True,False,False,False,False,False,False,False,False,Dimanche-12-14h,NON,Dimanche,2020-03-29 12:00
23424,136,False,False,False,False,True,False,False,False,False,False,False,False,False,False,Dimanche-12-14h,OUI,Dimanche,2020-03-29 12:00
23425,276,True,False,True,False,False,False,False,False,False,False,False,False,False,False,Dimanche-12-14h,NON,Dimanche,2020-03-29 12:00
23426,53,False,False,False,False,True,True,False,False,False,False,False,False,False,False,Dimanche-12-14h,OUI,Dimanche,2020-03-29 12:00
23427,179,True,False,True,False,False,False,False,False,False,False,False,False,False,False,Dimanche-12-14h,OUI,Dimanche,2020-03-29 12:00
23428,200,False,False,False,False,False,False,False,False,False,False,False,False,False,False,Dimanche-12-14h,NON,Dimanche,2020-03-29 12:00
23429,73,False,False,False,False,False,False,False,False,False,False,False,False,False,False,Dimanche-12-14h,NON,Dimanche,2020-03-29 12:00
23430,156,False,False,False,False,True,True,False,False,False,False,False,False,False,False,Dimanche-12-14h,OUI,Dimanche,2020-03-29 12:00
23431,128,True,True,True,False,False,True,False,False,False,False,False,False,False,False,Dimanche-12-14h,OUI,Dimanche,2020-03-29 12:00
23432,118,False,False,False,False,False,False,False,False,False,False,False,False,False,False,Dimanche-12-14h,NON,Dimanche,2020-03-29 12:00
23433,112,True,False,True,False,False,False,False,False,False,False,False,False,False,False,Dimanche-12-14h,OUI,Dimanche,2020-03-29 12:00
23434,35,False,False,False,False,True,True,False,False,False,False,False,False,False,False,Dimanche-12-14h,NON,Dimanche,2020-03-29 12:00
23435,32,False,False,False,False,False,False,False,False,False,False,False,True,False,False,Dimanche-12-14h,NON,Dimanche,2020-03-29 12:00
23436,199,True,False,True,False,False,False,False,False,False,False,False,False,False,False,Dimanche-12-14h,OUI,Dimanche,2020-03-29 12:00
23437,153,True,False,False,False,True,True,False,False,False,False,False,False,False,False,Dimanche-12-14h,NON,Dimanche,2020-03-29 12:00
23438,82,False,False,True,False,False,False,False,False,False,False,False,False,False,False,Dimanche-12-14h,OUI,Dimanche,2020-03-29 12:00
23439,292,False,True,False,False,False,False,False,False,False,False,False,False,False,False,Dimanche-12-14h,OUI,Dimanche,2020-03-29 12:00
23440,169,False,False,False,True,False,False,False,False,False,False,False,False,False,False,Dimanche-12-14h,NON,Dimanche,2020-03-29 12:00
23441,16,False,False,False,False,True,True,False,False,False,False,False,False,False,False,Dimanche-12-14h,OUI,Dimanche,2020-03-29 12:00
23442,46,True,True,True,False,False,True,True,False,False,False,False,False,False,False,Dimanche-12-14h,NON,Dimanche,2020-03-29 12:00
23443,216,False,True,False,False,False,True,False,False,False,False,False,False,False,False,Dimanche-12-14h,OUI,Dimanche,2020-03-29 12:00
23444,174,False,True,True,False,False,True,False,False,False,False,True,False,False,False,Dimanche-12-14h,OUI,Dimanche,2020-03-29 12:00
23445,43,False,False,False,False,True,False,False,False,False,False,False,False,False,False,Dimanche-12-14h,OUI,Dimanche,2020-03-29 12:00
23446,165,False,False,False,False,True,True,False,False,False,False,False,False,False,False,Dimanche-12-14h,OUI,Dimanche,2020-03-29 12:00
23447,126,False,True,False,False,False,True,False,False,False,False,False,False,False,False,Dimanche-12-14h,OUI,Dimanche,2020-03-29 12:00
23448,41,False,False,False,False,False,True,False,False,True,False,False,False,False,False,Dimanche-12-14h,NON,Dimanche,2020-03-29 12:00
23449,157,False,False,True,False,False,False,False,False,False,False,False,False,False,False,Dimanche-12-14h,NON,Dimanche,2020-03-29 12:00
23450,272,False,True,True,False,False,False,True,False,False,False,True,False,True,True,Dimanche-12-14h,OUI,Dimanche,2020-03-29 12:00
23451,115,True,False,True,False,False,False,False,False,False,False,False,False,False,False,Dimanche-12-14h,OUI,Dimanche,2020-03-29 12:00
23452,84,False,False,False,False,False,False,False,False,False,False,False,True,False,False,Dimanche-12-14h,OUI,Dimanche,2020-03-29 12:00
23453,183,True,True,True,True,False,False,False,False,False,False,False,False,False,False,Dimanche-12-14h,NON,Dimanche,2020-03-29 12:00
23454,65,True,True,False,False,False,True,False,False,False,False,False,False,False,False,Dimanche-12-14h,OUI,Dimanche,2020-03-29 12:00
23455,105,True,False,False,False,False,False,False,False,False,False,False,False,False,False,Dimanche-12-14h,OUI,Dimanche,2020-03-29 12:00
23456,187,True,False,False,False,False,True,False,False,False,False,False,False,False,False,Dimanche-12-14h,OUI,Dimanche,2020-03-29 12:00
23457,139,True,False,True,False,False,False,False,False,False,False,False,False,False,False,Dimanche-12-14h,NON,Dimanche,2020-03-29 12:00
23458,259,False,False,False,False,True,True,False,False,False,False,False,False,False,False,Dimanche-12-14h,NON,Dimanche,2020-03-29 12:00
23459,124,True,False,True,False,False,False,False,False,False,False,True,False,False,False,Dimanche-12-14h,OUI,Dimanche,2020-03-29 12:00
23460,98,False,False,False,False,False,True,False,False,False,False,False,True,False,False,Dimanche-12-14h,OUI,Dimanche,2020-03-29 12:00
23461,284,False,True,True,False,False,True,False,False,False,False,False,False,True,False,Dimanche-12-14h,OUI,Dimanche,2020-03-29 12:00
23462,148,True,False,True,False,True,False,False,True,False,False,False,False,False,False,Dimanche-12-14h,NON,Dimanche,2020-03-29 12:00
23463,258,True,False,True,False,False,False,False,False,False,False,False,False,False,False,Dimanche-12-14h,OUI,Dimanche,2020-03-29 12:00
23464,175,False,False,False,False,False,True,False,False,False,False,False,False,False,False,Dimanche-12-14h,NON,Dimanche,2020-03-29 12:00
23465,119,False,False,False,False,False,False,False,False,False,False,True,False,False,False,Dimanche-12-14h,NON,Dimanche,2020-03-29 12:00
23466,229,True,False,True,False,False,False,False,True,False,False,False,False,False,False,Dimanche-12-14h,NON,Dimanche,2020-03-29 12:00
23467,230,False,False,False,False,False,True,True,False,False,False,False,False,False,False,Dimanche-12-14h,NON,Dimanche,2020-03-29 12:00
23468,17,True,False,False,False,False,True,True,False,False,False,False,False,False,False,Dimanche-12-14h,OUI,Dimanche,2020-03-29 12:00
23469,177,False,False,False,False,False,False,False,False,False,False,False,False,False,False,Dimanche-12-14h,NON,Dimanche,2020-03-29 12:00
23470,7,False,False,False,False,False,False,False,False,False,False,False,False,False,False,Dimanche-12-14h,NON,Dimanche,2020-03-29 12:00
23471,241,False,False,True,False,False,False,False,False,False,False,False,False,False,False,Dimanche-12-14h,OUI,Dimanche,2020-03-29 12:00
23472,8,True,False,False,False,True,True,False,True,False,False,False,False,False,False,Dimanche-12-14h,OUI,Dimanche,2020-03-29 12:00
23473,268,False,True,False,False,False,True,False,False,False,False,False,False,False,False,Dimanche-12-14h,OUI,Dimanche,2020-03-29 12:00
23474,294,False,False,True,False,True,False,False,False,False,False,False,False,False,False,Dimanche-12-14h,OUI,Dimanche,2020-03-29 12:00
23475,242,True,False,False,False,True,True,False,False,False,False,False,False,False,False,Dimanche-12-14h,NON,Dimanche,2020-03-29 12:00
23476,194,False,False,False,False,False,True,False,False,False,False,False,False,False,False,Dimanche-12-14h,NON,Dimanche,2020-03-29 12:00
23477,243,False,False,False,False,True,True,False,False,False,False,False,False,False,False,Dimanche-12-14h,OUI,Dimanche,2020-03-29 12:00
23478,212,True,True,True,False,False,True,False,False,False,False,False,False,False,False,Dimanche-12-14h,OUI,Dimanche,2020-03-29 12:00
23479,19,False,False,False,False,False,True,False,False,False,False,False,False,False,False,Dimanche-12-14h,OUI,Dimanche,2020-03-29 12:00
23480,114,False,False,False,False,True,False,False,False,False,False,False,False,False,False,Dimanche-12-14h,OUI,Dimanche,2020-03-29 12:00
23481,190,False,False,False,False,False,True,False,False,True,False,False,False,False,False,Dimanche-12-14h,NON,Dimanche,2020-03-29 12:00
23482,64,False,False,True,False,False,False,False,False,False,False,False,False,False,False,Dimanche-12-14h,OUI,Dimanche,2020-03-29 12:00
23483,227,False,False,False,False,False,False,False,False,False,False,False,False,False,False,Dimanche-12-14h,NON,Dimanche,2020-03-29 12:00
23484,232,False,False,False,False,False,True,False,False,False,False,False,False,False,False,Dimanche-12-14h,OUI,Dimanche,2020-03-29 12:00
23485,246,False,True,False,False,False,True,True,False,False,False,False,False,False,False,Dimanche-12-14h,OUI,Dimanche,2020-03-29 12:00
23486,100,False,False,False,False,False,True,False,False,False,False,False,False,False,False,Dimanche-12-14h,OUI,Dimanche,2020-03-29 12:00
23487,13,False,False,False,False,True,False,False,False,False,False,False,False,False,False,Dimanche-12-14h,OUI,Dimanche,2020-03-29 12:00
23488,262,True,True,True,False,False,False,False,False,False,False,False,False,False,False,Dimanche-12-14h,OUI,Dimanche,2020-03-29 12:00
23489,76,True,True,True,False,False,True,False,False,False,False,True,False,False,False,Dimanche-12-14h,NON,Dimanche,2020-03-29 12:00
23490,261,False,True,False,False,True,False,False,False,False,False,False,False,False,False,Dimanche-12-14h,NON,Dimanche,2020-03-29 12:00
23491,150,False,True,False,False,False,False,False,False,False,False,False,False,False,False,Dimanche-12-14h,OUI,Dimanche,2020-03-29 12:00
23492,205,False,False,False,False,False,False,False,False,False,False,False,False,False,False,Dimanche-12-14h,NON,Dimanche,2020-03-29 12:00
23493,56,False,False,False,False,True,True,False,False,False,False,False,False,False,False,Dimanche-12-14h,OUI,Dimanche,2020-03-29 12:00
23494,186,False,False,False,False,True,False,False,False,False,False,False,False,False,False,Dimanche-12-14h,OUI,Dimanche,2020-03-29 12:00
23495,162,True,False,False,False,True,True,False,False,False,False,False,False,False,False,Dimanche-12-14h,NON,Dimanche,2020-03-29 12:00
23496,68,False,True,False,False,True,True,False,False,False,False,False,False,False,False,Dimanche-12-14h,OUI,Dimanche,2020-03-29 12:00
23497,146,False,False,False,False,False,True,False,False,False,False,False,True,False,False,Dimanche-12-14h,OUI,Dimanche,2020-03-29 12:00
23498,49,False,False,False,False,False,False,False,False,False,False,False,False,True,False,Dimanche-12-14h,OUI,Dimanche,2020-03-29 12:00
23499,91,True,False,True,True,False,False,False,False,False,False,False,False,False,False,Dimanche-12-14h,OUI,Dimanche,2020-03-29 12:00
23500,22,False,False,False,False,False,False,False,False,False,True,False,False,False,False,Dimanche-12-14h,NON,Dimanche,2020-03-29 12:00
23501,151,False,False,False,False,True,False,False,False,False,False,False,False,False,False,Dimanche-12-14h,OUI,Dimanche,2020-03-29 12:00
23502,193,False,False,False,False,True,True,False,False,False,False,False,False,False,False,Dimanche-12-14h,OUI,Dimanche,2020-03-29 12:00
23503,9,True,True,False,False,False,False,False,False,False,False,False,False,False,False,Dimanche-12-14h,OUI,Dimanche,2020-03-29 12:00
23504,99,True,False,True,False,False,False,False,False,False,False,False,False,False,False,Dimanche-12-14h,NON,Dimanche,2020-03-29 12:00
23505,181,False,False,False,False,True,True,False,False,False,False,False,False,False,False,Dimanche-12-14h,OUI,Dimanche,2020-03-29 12:00
23506,111,False,False,False,False,False,True,False,True,False,False,False,False,False,False,Dimanche-12-14h,OUI,Dimanche,2020-03-29 12:00
23507,44,False,True,False,False,False,True,False,False,False,False,False,False,False,False,Dimanche-12-14h,NON,Dimanche,2020-03-29 12:00
23508,24,False,False,False,False,True,False,False,True,False,False,False,False,False,False,Dimanche-12-14h,NON,Dimanche,2020-03-29 12:00
23509,102,False,False,False,False,True,True,False,True,False,False,False,False,False,False,Dimanche-12-14h,OUI,Dimanche,2020-03-29 12:00
23510,203,True,True,False,False,False,False,False,True,False,False,False,False,False,False,Dimanche-12-14h,OUI,Dimanche,2020-03-29 12:00
23511,140,False,False,False,False,True,True,False,True,False,False,False,False,False,False,Dimanche-12-14h,NON,Dimanche,2020-03-29 12:00
23512,188,False,False,False,False,False,True,False,False,True,False,False,False,False,False,Dimanche-12-14h,NON,Dimanche,2020-03-29 12:00
23513,206,False,False,False,True,False,False,False,False,False,False,True,False,False,False,Dimanche-12-14h,NON,Dimanche,2020-03-29 12:00
23514,273,False,False,False,False,False,False,False,False,False,False,False,True,False,False,Dimanche-12-14h,OUI,Dimanche,2020-03-29 12:00
23515,69,True,False,True,False,False,False,False,False,False,False,False,False,False,False,Dimanche-12-14h,NON,Dimanche,2020-03-29 12:00
23516,87,True,False,False,True,False,False,False,False,False,False,True,False,False,False,Dimanche-12-14h,NON,Dimanche,2020-03-29 12:00
23517,83,True,False,True,False,False,False,False,False,False,False,False,False,False,False,Dimanche-12-14h,NON,Dimanche,2020-03-29 12:00
23518,149,True,False,True,True,False,False,False,False,False,False,False,False,False,False,Dimanche-12-14h,OUI,Dimanche,2020-03-29 12:00
23519,274,False,False,False,False,False,True,False,False,False,False,False,False,False,False,Dimanche-12-14h,NON,Dimanche,2020-03-29 12:00
23520,282,True,False,True,True,False,False,False,False,False,False,False,False,False,False,Dimanche-12-14h,NON,Dimanche,2020-03-29 12:00
23521,147,False,False,False,False,False,False,False,False,False,False,False,False,False,False,Dimanche-12-14h,NON,Dimanche,2020-03-29 12:00
23522,238,False,False,False,False,False,False,False,False,False,False,False,True,False,False,Dimanche-12-14h,NON,Dimanche,2020-03-29 12:00
23523,201,False,False,False,False,False,False,False,False,False,False,False,False,False,False,Dimanche-12-14h,NON,Dimanche,2020-03-29 12:00
23524,152,False,True,False,False,False,False,False,False,False,False,False,False,False,False,Dimanche-12-14h,OUI,Dimanche,2020-03-29 12:00
23525,222,False,False,False,False,False,True,False,False,True,True,False,False,False,False,Dimanche-12-14h,OUI,Dimanche,2020-03-29 12:00
23526,106,False,False,False,False,False,True,False,False,False,False,False,True,False,False,Dimanche-12-14h,OUI,Dimanche,2020-03-29 12:00
23527,133,False,False,True,False,True,False,False,False,False,False,False,False,False,False,Dimanche-12-14h,OUI,Dimanche,2020-03-29 12:00
23528,163,False,False,False,False,True,False,False,False,False,False,False,False,False,False,Dimanche-12-14h,NON,Dimanche,2020-03-29 12:00
23529,231,False,False,False,False,False,False,False,False,False,False,False,False,False,False,Dimanche-12-14h,NON,Dimanche,2020-03-29 12:00
23530,25,False,False,False,False,True,False,False,False,False,False,False,False,False,False,Dimanche-12-14h,NON,Dimanche,2020-03-29 12:00
23531,196,False,False,True,False,True,False,False,True,False,False,False,False,False,False,Dimanche-12-14h,OUI,Dimanche,2020-03-29 12:00
23532,5,False,False,False,False,True,True,False,False,False,False,False,False,False,False,Dimanche-12-14h,OUI,Dimanche,2020-03-29 12:00
23533,90,False,True,False,False,False,False,False,False,False,False,False,False,False,False,Dimanche-12-14h,OUI,Dimanche,2020-03-29 12:00
23534,244,True,False,True,False,False,False,False,False,False,False,False,False,False,False,Dimanche-12-14h,NON,Dimanche,2020-03-29 12:00
23535,107,False,True,False,False,False,True,False,False,False,False,False,False,False,False,Dimanche-12-14h,OUI,Dimanche,2020-03-29 12:00
23536,218,False,True,False,False,True,True,False,False,False,False,False,False,False,False,Dimanche-12-14h,OUI,Dimanche,2020-03-29 12:00
23537,62,False,True,True,False,True,True,False,False,False,False,False,False,False,False,Dimanche-12-14h,OUI,Dimanche,2020-03-29 12:00
23538,79,False,True,False,False,False,False,False,False,False,False,False,False,False,False,Dimanche-12-14h,OUI,Dimanche,2020-03-29 12:00
23539,208,False,False,False,False,False,True,False,False,False,False,False,False,False,False,Dimanche-12-14h,OUI,Dimanche,2020-03-29 12:00
23540,270,False,False,False,False,False,False,False,False,True,False,False,False,False,False,Dimanche-12-14h,NON,Dimanche,2020-03-29 12:00
23541,166,True,False,False,False,True,True,False,False,False,False,False,False,False,False,Dimanche-12-14h,OUI,Dimanche,2020-03-29 12:00
23542,77,False,False,True,False,True,False,False,False,False,False,False,False,False,False,Dimanche-12-14h,NON,Dimanche,2020-03-29 12:00
23543,29,False,False,False,False,False,True,False,False,False,False,False,True,False,False,Dimanche-12-14h,OUI,Dimanche,2020-03-29 12:00
23544,240,False,False,False,False,False,True,False,False,False,False,False,False,False,False,Dimanche-12-14h,OUI,Dimanche,2020-03-29 12:00
23545,184,False,True,False,False,False,False,False,False,False,False,False,False,False,False,Dimanche-12-14h,OUI,Dimanche,2020-03-29 12:00
23546,277,False,True,True,False,False,True,False,False,False,False,False,False,False,False,Dimanche-12-14h,OUI,Dimanche,2020-03-29 12:00
23547,80,True,False,False,False,False,True,False,False,False,True,False,False,False,False,Dimanche-12-14h,NON,Dimanche,2020-03-29 12:00
23548,185,True,True,True,False,False,True,False,False,False,False,True,False,True,False,Dimanche-12-14h,NON,Dimanche,2020-03-29 12:00
23549,204,False,False,False,False,True,True,False,False,False,False,False,True,False,False,Dimanche-12-14h,OUI,Dimanche,2020-03-29 12:00
23550,252,True,True,True,False,False,True,False,False,False,False,False,False,False,False,Dimanche-12-14h,OUI,Dimanche,2020-03-29 12:00
23551,26,False,False,False,False,True,False,False,False,False,False,False,False,False,False,Dimanche-12-14h,OUI,Dimanche,2020-03-29 12:00
23552,70,False,False,False,False,True,False,False,False,False,False,False,True,False,False,Dimanche-12-14h,NON,Dimanche,2020-03-29 12:00
23553,233,False,False,False,False,True,False,False,False,False,False,False,False,False,False,Dimanche-12-14h,OUI,Dimanche,2020-03-29 12:00
23554,37,True,True,True,False,True,True,False,False,False,False,False,False,False,False,Dimanche-12-14h,NON,Dimanche,2020-03-29 12:00
23555,185,False,False,True,False,False,False,False,False,False,False,False,False,False,False,Dimanche-12-14h,OUI,Dimanche,2020-03-29 12:00
23556,138,True,False,False,False,True,True,False,False,False,False,False,False,False,False,Dimanche-12-14h,OUI,Dimanche,2020-03-29 12:00
23557,224,True,False,True,False,False,False,False,False,False,False,False,False,False,False,Dimanche-12-14h,OUI,Dimanche,2020-03-29 12:00
23558,66,False,False,False,False,True,True,False,False,False,False,False,False,True,False,Dimanche-12-14h,OUI,Dimanche,2020-03-29 12:00
23559,211,False,False,True,False,False,False,False,False,False,False,False,False,True,False,Dimanche-12-14h,OUI,Dimanche,2020-03-29 12:00
23560,14,False,False,False,False,True,True,False,False,False,False,False,False,False,False,Dimanche-12-14h,NON,Dimanche,2020-03-29 12:00
23561,145,False,False,False,False,True,False,False,False,False,False,False,False,False,False,Dimanche-12-14h,NON,Dimanche,2020-03-29 12:00
23562,36,False,False,False,False,False,False,False,False,False,False,False,True,False,False,Dimanche-12-14h,OUI,Dimanche,2020-03-29 12:00
23563,60,True,True,True,False,False,True,False,False,False,False,False,False,False,False,Dimanche-12-14h,OUI,Dimanche,2020-03-29 12:00
23564,137,True,True,True,False,False,True,False,False,False,False,True,False,False,False,Dimanche-12-14h,OUI,Dimanche,2020-03-29 12:00
23565,285,False,True,False,False,True,True,False,False,False,False,False,False,False,False,Dimanche-12-14h,OUI,Dimanche,2020-03-29 12:00
23566,40,False,True,True,False,True,True,False,False,False,False,False,False,False,False,Dimanche-12-14h,OUI,Dimanche,2020-03-29 12:00
23567,97,False,False,False,False,False,True,False,False,False,False,False,False,False,False,Dimanche-12-14h,NON,Dimanche,2020-03-29 12:00
23568,109,True,False,True,True,False,False,False,False,False,False,False,False,False,False,Dimanche-12-14h,NON,Dimanche,2020-03-29 12:00
23569,10,False,False,False,False,False,False,False,False,False,False,False,False,False,False,Dimanche-12-14h,NON,Dimanche,2020-03-29 12:00
23570,256,False,False,False,False,False,False,False,False,False,False,False,True,False,False,Dimanche-12-14h,NON,Dimanche,2020-03-29 12:00
23571,141,True,True,True,False,False,False,False,False,False,False,True,False,False,False,Dimanche-12-14h,NON,Dimanche,2020-03-29 12:00
23572,28,False,False,False,False,False,False,False,False,False,False,False,False,False,False,Dimanche-12-14h,NON,Dimanche,2020-03-29 12:00
23573,101,True,True,True,True,True,True,False,False,False,False,False,False,False,False,Dimanche-12-14h,OUI,Dimanche,2020-03-29 12:00
23574,48,True,False,True,False,True,False,False,False,False,False,False,False,True,False,Dimanche-12-14h,OUI,Dimanche,2020-03-29 12:00
23575,27,False,False,False,False,False,True,False,False,False,False,False,False,False,False,Dimanche-12-14h,OUI,Dimanche,2020-03-29 12:00
23576,142,True,False,True,False,False,False,False,False,False,False,True,False,True,False,Dimanche-12-14h,NON,Dimanche,2020-03-29 12:00
23577,234,False,False,True,False,False,False,False,False,False,False,True,False,False,False,Dimanche-12-14h,OUI,Dimanche,2020-03-29 12:00
23578,23,False,False,False,False,True,False,False,False,False,False,False,False,False,False,Dimanche-12-14h,NON,Dimanche,2020-03-29 12:00
23579,195,False,False,False,False,True,False,False,False,True,False,False,False,False,False,Dimanche-12-14h,OUI,Dimanche,2020-03-29 12:00
23580,275,False,False,False,False,False,False,False,False,False,False,False,True,False,False,Dimanche-12-14h,NON,Dimanche,2020-03-29 12:00
23581,226,False,False,False,False,True,True,False,False,False,False,False,False,False,False,Dimanche-12-14h,OUI,Dimanche,2020-03-29 12:00
23582,207,False,False,True,False,False,False,False,False,False,False,False,False,False,False,Dimanche-12-14h,OUI,Dimanche,2020-03-29 12:00
23583,57,False,False,False,False,False,False,False,False,False,False,False,False,False,False,Dimanche-12-14h,NON,Dimanche,2020-03-29 12:00
23584,4,False,True,False,False,False,True,False,False,False,False,False,False,False,False,Dimanche-12-14h,NON,Dimanche,2020-03-29 12:00
23585,265,False,False,False,False,False,True,False,False,False,False,False,False,False,False,Dimanche-12-14h,OUI,Dimanche,2020-03-29 12:00
23586,88,False,True,False,False,False,False,False,False,False,False,False,False,False,False,Dimanche-12-14h,OUI,Dimanche,2020-03-29 12:00
23587,198,False,False,False,False,False,False,False,False,False,False,True,False,False,False,Dimanche-12-14h,OUI,Dimanche,2020-03-29 12:00
23588,249,True,True,True,False,False,False,False,False,False,False,False,False,False,False,Dimanche-12-14h,NON,Dimanche,2020-03-29 12:00
23589,263,False,False,False,False,True,True,False,False,False,False,False,False,False,False,Dimanche-12-14h,OUI,Dimanche,2020-03-29 12:00
23590,217,True,False,True,False,False,False,False,False,False,False,False,False,True,False,Dimanche-12-14h,OUI,Dimanche,2020-03-29 12:00
23591,278,False,False,False,False,True,True,False,False,False,False,False,False,False,False,Dimanche-12-14h,OUI,Dimanche,2020-03-29 12:00
23592,189,False,True,False,False,False,False,False,False,False,False,False,False,False,False,Dimanche-12-14h,NON,Dimanche,2020-03-29 12:00
23593,61,True,False,True,False,False,False,False,False,False,False,False,False,False,False,Dimanche-12-14h,OUI,Dimanche,2020-03-29 12:00
23594,251,False,False,False,False,False,False,False,False,False,False,False,False,True,False,Dimanche-12-14h,NON,Dimanche,2020-03-29 12:00
23595,281,False,True,False,False,False,False,False,False,False,False,False,False,False,False,Dimanche-12-14h,OUI,Dimanche,2020-03-29 12:00
23596,134,False,True,False,False,False,False,False,False,False,False,False,False,False,False,Dimanche-12-14h,OUI,Dimanche,2020-03-29 12:00
23597,293,False,True,False,False,False,True,False,False,False,False,False,False,False,False,Dimanche-12-14h,NON,Dimanche,2020-03-29 12:00
23598,279,True,True,True,True,False,True,False,False,False,False,False,False,False,False,Dimanche-12-14h,NON,Dimanche,2020-03-29 12:00
23599,81,True,False,True,True,False,False,False,True,False,False,False,False,False,False,Dimanche-12-14h,OUI,Dimanche,2020-03-29 12:00
23600,92,True,False,False,True,False,False,False,False,False,False,True,False,False,False,Dimanche-12-14h,NON,Dimanche,2020-03-29 12:00
23601,147,False,False,False,False,False,False,False,False,False,False,False,False,False,False,Dimanche-12-14h,NON,Dimanche,2020-03-29 12:00
23602,33,False,True,False,False,True,False,False,False,False,False,False,False,False,False,Dimanche-12-14h,OUI,Dimanche,2020-03-29 12:00
23603,266,False,False,False,False,False,False,False,False,False,False,False,False,False,False,Dimanche-12-14h,NON,Dimanche,2020-03-29 12:00
23604,225,True,False,False,False,False,True,False,False,False,False,False,False,False,False,Dimanche-12-14h,OUI,Dimanche,2020-03-29 12:00
23605,83,True,False,True,False,False,False,False,False,False,False,False,False,False,False,Dimanche-12-14h,OUI,Dimanche,2020-03-29 12:00
23606,95,False,False,False,False,True,True,False,True,False,False,False,False,False,False,Dimanche-12-14h,OUI,Dimanche,2020-03-29 12:00
23607,127,False,False,False,False,True,False,False,False,False,False,False,False,False,False,Dimanche-12-14h,NON,Dimanche,2020-03-29 12:00
23608,20,False,False,False,False,False,False,False,False,False,False,False,False,False,False,Dimanche-12-14h,NON,Dimanche,2020-03-29 12:00
23609,89,False,False,False,False,False,False,False,False,True,False,False,False,False,False,Dimanche-12-14h,OUI,Dimanche,2020-03-29 12:00
23610,120,False,True,True,False,True,True,False,True,False,False,True,False,False,False,Dimanche-12-14h,OUI,Dimanche,2020-03-29 12:00
23611,253,False,False,False,False,True,True,False,False,False,False,False,True,False,False,Dimanche-12-14h,NON,Dimanche,2020-03-29 12:00
23612,52,False,False,True,False,False,False,False,False,False,False,False,False,False,False,Dimanche-12-14h,NON,Dimanche,2020-03-29 12:00
23613,168,True,False,True,False,False,False,False,True,False,False,False,False,False,False,Dimanche-12-14h,OUI,Dimanche,2020-03-29 12:00
23614,202,False,True,False,False,False,False,False,False,False,False,False,False,False,False,Dimanche-12-14h,OUI,Dimanche,2020-03-29 12:00
23615,172,False,False,False,False,True,False,False,False,False,False,False,False,False,False,Dimanche-12-14h,OUI,Dimanche,2020-03-29 12:00
23616,239,False,False,False,False,True,True,False,False,False,False,False,False,False,False,Dimanche-12-14h,NON,Dimanche,2020-03-29 12:00
23617,85,False,False,False,False,True,False,False,False,False,False,False,False,False,False,Dimanche-12-14h,NON,Dimanche,2020-03-29 12:00
23618,215,False,False,False,False,False,False,False,False,True,False,False,False,False,False,Dimanche-12-14h,OUI,Dimanche,2020-03-29 12:00
23619,260,True,False,True,False,False,False,False,False,False,False,False,False,False,False,Dimanche-12-14h,NON,Dimanche,2020-03-29 12:00
23620,286,True,True,False,False,True,False,False,False,False,False,False,False,False,False,Dimanche-12-14h,OUI,Dimanche,2020-03-29 12:00
23621,72,False,True,False,False,False,False,False,False,False,False,False,False,False,False,Dimanche-14-16h,OUI,Dimanche,2020-03-29 14:00
23622,167,True,True,True,True,True,True,False,False,False,False,False,False,False,False,Dimanche-14-16h,OUI,Dimanche,2020-03-29 14:00
23623,130,True,False,True,False,False,False,False,True,False,False,False,False,True,True,Dimanche-14-16h,NON,Dimanche,2020-03-29 14:00
23624,288,True,True,True,False,True,False,False,False,False,False,False,False,False,False,Dimanche-14-16h,OUI,Dimanche,2020-03-29 14:00
23625,59,False,False,False,False,False,True,False,False,False,False,False,False,False,False,Dimanche-14-16h,NON,Dimanche,2020-03-29 14:00
23626,178,True,False,False,False,False,False,False,False,False,False,True,False,False,False,Dimanche-14-16h,OUI,Dimanche,2020-03-29 14:00
23627,254,False,False,False,False,False,False,False,False,False,False,False,True,False,False,Dimanche-14-16h,NON,Dimanche,2020-03-29 14:00
23628,34,False,False,False,False,False,False,False,False,False,False,False,False,False,False,Dimanche-14-16h,NON,Dimanche,2020-03-29 14:00
23629,264,False,False,False,False,True,True,True,False,False,False,False,False,False,False,Dimanche-14-16h,OUI,Dimanche,2020-03-29 14:00
23630,158,True,False,False,False,True,False,False,False,False,True,False,False,False,False,Dimanche-14-16h,OUI,Dimanche,2020-03-29 14:00
23631,210,False,True,False,False,True,True,False,False,False,False,False,False,False,False,Dimanche-14-16h,NON,Dimanche,2020-03-29 14:00
23632,93,False,False,False,False,True,False,False,False,False,False,False,False,True,False,Dimanche-14-16h,OUI,Dimanche,2020-03-29 14:00
23633,144,True,False,True,False,True,False,False,False,False,False,False,False,False,False,Dimanche-14-16h,OUI,Dimanche,2020-03-29 14:00
23634,164,False,True,False,False,True,True,False,False,False,False,False,False,False,False,Dimanche-14-16h,OUI,Dimanche,2020-03-29 14:00
23635,289,False,False,False,False,True,True,False,False,False,False,False,False,False,False,Dimanche-14-16h,OUI,Dimanche,2020-03-29 14:00
23636,50,False,False,False,False,False,False,False,False,False,False,False,False,False,False,Dimanche-14-16h,NON,Dimanche,2020-03-29 14:00
23637,51,True,True,False,False,True,False,False,False,False,False,False,False,False,False,Dimanche-14-16h,OUI,Dimanche,2020-03-29 14:00
23638,247,False,False,True,False,False,False,False,False,False,False,False,False,False,False,Dimanche-14-16h,OUI,Dimanche,2020-03-29 14:00
23639,159,False,False,False,False,False,False,False,True,False,False,False,False,False,False,Dimanche-14-16h,NON,Dimanche,2020-03-29 14:00
23640,54,False,False,False,False,False,True,False,False,False,False,False,False,False,False,Dimanche-14-16h,OUI,Dimanche,2020-03-29 14:00
23641,55,True,False,False,False,True,True,False,True,False,False,False,False,False,False,Dimanche-14-16h,OUI,Dimanche,2020-03-29 14:00
23642,257,False,False,False,False,True,False,False,False,False,False,False,False,False,False,Dimanche-14-16h,OUI,Dimanche,2020-03-29 14:00
23643,67,False,False,False,False,False,False,False,False,False,False,False,False,False,False,Dimanche-14-16h,NON,Dimanche,2020-03-29 14:00
23644,71,True,False,True,False,False,False,False,False,False,False,False,False,False,False,Dimanche-14-16h,NON,Dimanche,2020-03-29 14:00
23645,280,False,False,False,False,False,True,False,False,False,False,False,False,False,False,Dimanche-14-16h,OUI,Dimanche,2020-03-29 14:00
23646,283,True,True,False,False,False,False,False,False,False,False,False,False,False,False,Dimanche-14-16h,OUI,Dimanche,2020-03-29 14:00
23647,154,False,False,False,False,True,True,False,False,False,False,False,True,False,False,Dimanche-14-16h,OUI,Dimanche,2020-03-29 14:00
23648,171,False,False,False,False,False,False,False,False,False,False,False,True,False,False,Dimanche-14-16h,OUI,Dimanche,2020-03-29 14:00
23649,131,False,False,True,False,False,False,False,False,False,False,False,False,False,False,Dimanche-14-16h,NON,Dimanche,2020-03-29 14:00
23650,237,True,False,False,False,False,True,True,False,False,False,False,False,True,False,Dimanche-14-16h,OUI,Dimanche,2020-03-29 14:00
23651,75,False,False,False,False,True,True,False,False,False,False,False,False,False,False,Dimanche-14-16h,OUI,Dimanche,2020-03-29 14:00
23652,235,True,False,False,False,True,False,False,False,False,False,False,False,False,False,Dimanche-14-16h,OUI,Dimanche,2020-03-29 14:00
23653,180,False,False,False,False,True,True,False,False,False,False,False,False,False,False,Dimanche-14-16h,OUI,Dimanche,2020-03-29 14:00
23654,219,False,False,False,False,False,True,False,False,False,False,False,False,False,False,Dimanche-14-16h,NON,Dimanche,2020-03-29 14:00
23655,250,False,False,False,False,False,False,False,False,True,False,False,False,False,False,Dimanche-14-16h,NON,Dimanche,2020-03-29 14:00
23656,267,True,True,False,False,False,False,False,False,False,False,False,False,False,False,Dimanche-14-16h,OUI,Dimanche,2020-03-29 14:00
23657,160,False,True,False,False,False,True,False,False,False,False,False,False,False,False,Dimanche-14-16h,OUI,Dimanche,2020-03-29 14:00
23658,182,False,True,False,False,True,True,True,False,False,False,False,False,False,False,Dimanche-14-16h,OUI,Dimanche,2020-03-29 14:00
23659,143,False,False,False,False,False,False,False,True,False,False,True,False,False,False,Dimanche-14-16h,OUI,Dimanche,2020-03-29 14:00
23660,223,True,True,False,False,False,False,False,False,False,False,False,False,False,False,Dimanche-14-16h,OUI,Dimanche,2020-03-29 14:00
23661,192,True,False,True,False,False,False,False,False,False,False,False,False,False,False,Dimanche-14-16h,NON,Dimanche,2020-03-29 14:00
23662,30,False,False,True,False,False,False,False,True,False,False,False,False,False,False,Dimanche-14-16h,OUI,Dimanche,2020-03-29 14:00
23663,125,True,False,False,False,True,False,False,True,False,False,False,False,False,False,Dimanche-14-16h,NON,Dimanche,2020-03-29 14:00
23664,39,False,False,True,False,True,False,False,True,False,False,False,False,False,False,Dimanche-14-16h,OUI,Dimanche,2020-03-29 14:00
23665,113,True,False,True,False,False,False,False,False,False,False,False,False,False,False,Dimanche-14-16h,OUI,Dimanche,2020-03-29 14:00
23666,121,True,False,True,False,False,False,False,True,False,False,False,False,False,False,Dimanche-14-16h,NON,Dimanche,2020-03-29 14:00
23667,228,False,False,False,False,False,False,False,False,False,False,True,False,False,False,Dimanche-14-16h,OUI,Dimanche,2020-03-29 14:00
23668,290,False,False,False,False,False,False,False,False,True,False,False,False,False,False,Dimanche-14-16h,OUI,Dimanche,2020-03-29 14:00
23669,197,False,False,True,False,True,False,False,False,False,False,False,False,False,False,Dimanche-14-16h,NON,Dimanche,2020-03-29 14:00
23670,31,True,True,True,False,False,True,False,False,False,False,False,False,False,False,Dimanche-14-16h,OUI,Dimanche,2020-03-29 14:00
23671,173,True,False,False,False,True,True,False,True,False,False,False,False,False,False,Dimanche-14-16h,OUI,Dimanche,2020-03-29 14:00
23672,74,True,False,False,True,False,False,False,True,False,False,True,False,False,False,Dimanche-14-16h,OUI,Dimanche,2020-03-29 14:00
23673,15,False,False,True,False,False,False,False,False,False,False,False,False,False,False,Dimanche-14-16h,OUI,Dimanche,2020-03-29 14:00
23674,45,True,False,False,False,True,True,False,True,False,False,False,False,False,False,Dimanche-14-16h,OUI,Dimanche,2020-03-29 14:00
23675,63,False,False,True,False,False,False,False,False,False,False,False,False,False,False,Dimanche-14-16h,OUI,Dimanche,2020-03-29 14:00
23676,3,False,False,False,False,False,True,False,False,False,False,False,True,False,False,Dimanche-14-16h,OUI,Dimanche,2020-03-29 14:00
23677,21,True,False,True,False,False,False,False,False,False,False,False,False,False,False,Dimanche-14-16h,OUI,Dimanche,2020-03-29 14:00
23678,78,False,True,True,False,True,True,False,True,False,False,False,False,False,False,Dimanche-14-16h,OUI,Dimanche,2020-03-29 14:00
23679,47,False,True,False,False,False,False,False,False,False,False,False,False,False,False,Dimanche-14-16h,OUI,Dimanche,2020-03-29 14:00
23680,151,True,True,False,False,True,False,False,True,False,False,False,False,False,False,Dimanche-14-16h,OUI,Dimanche,2020-03-29 14:00
23681,6,True,False,True,False,False,False,False,False,False,False,False,False,False,False,Dimanche-14-16h,OUI,Dimanche,2020-03-29 14:00
23682,135,True,False,True,False,False,False,False,False,False,False,False,False,True,False,Dimanche-14-16h,OUI,Dimanche,2020-03-29 14:00
23683,221,False,False,False,False,True,True,False,False,False,False,False,False,False,False,Dimanche-14-16h,OUI,Dimanche,2020-03-29 14:00
23684,170,False,False,True,False,False,False,False,False,False,False,True,False,False,True,Dimanche-14-16h,OUI,Dimanche,2020-03-29 14:00
23685,129,False,True,False,False,False,False,False,False,False,False,False,False,False,False,Dimanche-14-16h,OUI,Dimanche,2020-03-29 14:00
23686,132,True,True,True,False,False,True,False,False,False,False,False,False,False,False,Dimanche-14-16h,OUI,Dimanche,2020-03-29 14:00
23687,110,False,True,False,False,False,False,False,False,False,False,False,False,False,False,Dimanche-14-16h,OUI,Dimanche,2020-03-29 14:00
23688,191,False,False,False,False,False,True,False,False,False,False,False,False,False,False,Dimanche-14-16h,OUI,Dimanche,2020-03-29 14:00
23689,94,True,True,True,False,False,True,False,False,False,False,True,False,True,False,Dimanche-14-16h,NON,Dimanche,2020-03-29 14:00
23690,108,False,False,False,False,False,True,True,False,False,False,False,False,False,False,Dimanche-14-16h,OUI,Dimanche,2020-03-29 14:00
23691,236,False,False,False,False,True,True,False,False,False,False,False,False,False,False,Dimanche-14-16h,OUI,Dimanche,2020-03-29 14:00
23692,42,True,False,True,False,True,False,False,False,False,False,False,False,False,False,Dimanche-14-16h,OUI,Dimanche,2020-03-29 14:00
23693,155,True,False,False,False,True,False,False,False,False,False,False,False,False,False,Dimanche-14-16h,OUI,Dimanche,2020-03-29 14:00
23694,1,False,False,False,False,False,False,False,False,False,False,False,False,False,False,Dimanche-14-16h,NON,Dimanche,2020-03-29 14:00
23695,58,False,True,True,False,False,True,False,False,False,False,True,False,False,False,Dimanche-14-16h,OUI,Dimanche,2020-03-29 14:00
23696,0,False,True,False,False,False,False,False,False,False,False,False,False,False,False,Dimanche-14-16h,OUI,Dimanche,2020-03-29 14:00
23697,269,False,False,False,False,False,False,False,False,False,False,False,False,False,False,Dimanche-14-16h,NON,Dimanche,2020-03-29 14:00
23698,2,True,False,True,False,False,False,False,False,False,False,False,False,False,False,Dimanche-14-16h,OUI,Dimanche,2020-03-29 14:00
23699,103,False,False,False,False,True,False,False,False,False,False,False,False,False,False,Dimanche-14-16h,NON,Dimanche,2020-03-29 14:00
23700,12,False,True,False,False,True,False,False,False,False,False,False,False,False,False,Dimanche-14-16h,OUI,Dimanche,2020-03-29 14:00
23701,245,True,False,False,False,True,True,False,True,False,False,False,False,False,False,Dimanche-14-16h,NON,Dimanche,2020-03-29 14:00
23702,161,False,False,True,False,False,False,False,False,False,False,True,False,False,False,Dimanche-14-16h,OUI,Dimanche,2020-03-29 14:00
23703,38,False,False,False,False,False,False,False,False,True,False,False,False,False,False,Dimanche-14-16h,OUI,Dimanche,2020-03-29 14:00
23704,122,False,False,False,False,False,False,False,False,False,False,False,False,False,False,Dimanche-14-16h,NON,Dimanche,2020-03-29 14:00
23705,248,False,False,True,False,False,False,False,False,False,False,False,False,True,False,Dimanche-14-16h,OUI,Dimanche,2020-03-29 14:00
23706,271,False,True,True,False,False,True,False,False,False,False,False,False,False,False,Dimanche-14-16h,OUI,Dimanche,2020-03-29 14:00
23707,116,False,False,True,False,False,False,False,False,False,False,False,False,False,False,Dimanche-14-16h,OUI,Dimanche,2020-03-29 14:00
23708,117,True,True,True,True,False,True,False,False,False,False,False,False,False,False,Dimanche-14-16h,NON,Dimanche,2020-03-29 14:00
23709,213,False,False,False,False,True,True,False,True,False,False,False,False,False,False,Dimanche-14-16h,OUI,Dimanche,2020-03-29 14:00
23710,220,False,True,True,False,False,True,False,False,False,False,False,False,False,False,Dimanche-14-16h,OUI,Dimanche,2020-03-29 14:00
23711,176,False,False,True,False,False,False,False,False,False,False,False,False,False,False,Dimanche-14-16h,OUI,Dimanche,2020-03-29 14:00
23712,96,False,False,False,False,True,True,False,False,False,True,False,False,False,False,Dimanche-14-16h,OUI,Dimanche,2020-03-29 14:00
23713,214,False,False,False,False,True,True,False,False,False,True,False,False,False,False,Dimanche-14-16h,OUI,Dimanche,2020-03-29 14:00
23714,11,True,False,False,True,False,False,False,False,False,False,True,False,False,False,Dimanche-14-16h,OUI,Dimanche,2020-03-29 14:00
23715,255,True,False,True,False,False,False,False,True,False,False,False,False,False,False,Dimanche-14-16h,NON,Dimanche,2020-03-29 14:00
23716,86,False,False,True,False,False,False,False,False,False,False,False,False,False,False,Dimanche-14-16h,NON,Dimanche,2020-03-29 14:00
23717,209,True,False,False,False,True,True,False,True,False,False,False,False,False,False,Dimanche-14-16h,OUI,Dimanche,2020-03-29 14:00
23718,291,False,False,False,False,False,True,False,False,True,False,False,False,False,False,Dimanche-14-16h,NON,Dimanche,2020-03-29 14:00
23719,287,False,False,False,False,False,False,False,False,False,False,False,True,False,False,Dimanche-14-16h,OUI,Dimanche,2020-03-29 14:00
23720,104,False,False,False,False,True,True,False,False,False,False,False,False,False,False,Dimanche-14-16h,OUI,Dimanche,2020-03-29 14:00
23721,18,False,False,False,False,True,False,False,False,False,False,False,False,False,False,Dimanche-14-16h,OUI,Dimanche,2020-03-29 14:00
23722,123,False,True,False,False,True,True,False,False,False,False,False,False,False,False,Dimanche-14-16h,NON,Dimanche,2020-03-29 14:00
23723,136,False,False,False,False,True,False,False,False,False,False,False,False,False,False,Dimanche-14-16h,OUI,Dimanche,2020-03-29 14:00
23724,276,True,False,True,False,False,False,False,False,False,False,False,False,False,False,Dimanche-14-16h,NON,Dimanche,2020-03-29 14:00
23725,53,False,False,False,False,True,True,False,False,False,False,False,False,False,False,Dimanche-14-16h,OUI,Dimanche,2020-03-29 14:00
23726,179,True,False,True,False,False,False,False,False,False,False,False,False,False,False,Dimanche-14-16h,OUI,Dimanche,2020-03-29 14:00
23727,200,False,False,False,False,False,False,False,False,False,False,False,False,False,False,Dimanche-14-16h,NON,Dimanche,2020-03-29 14:00
23728,73,False,False,False,False,False,False,False,False,False,False,False,False,False,False,Dimanche-14-16h,NON,Dimanche,2020-03-29 14:00
23729,156,False,False,False,False,True,True,False,False,False,False,False,False,False,False,Dimanche-14-16h,OUI,Dimanche,2020-03-29 14:00
23730,128,True,True,True,False,False,True,False,False,False,False,False,False,False,False,Dimanche-14-16h,OUI,Dimanche,2020-03-29 14:00
23731,118,False,False,False,False,False,False,False,False,False,False,False,False,False,False,Dimanche-14-16h,NON,Dimanche,2020-03-29 14:00
23732,112,True,False,True,False,False,False,False,False,False,False,False,False,False,False,Dimanche-14-16h,OUI,Dimanche,2020-03-29 14:00
23733,35,False,False,False,False,True,True,False,False,False,False,False,False,False,False,Dimanche-14-16h,NON,Dimanche,2020-03-29 14:00
23734,32,False,False,False,False,False,False,False,False,False,False,False,True,False,False,Dimanche-14-16h,NON,Dimanche,2020-03-29 14:00
23735,199,True,False,True,False,False,False,False,False,False,False,False,False,False,False,Dimanche-14-16h,OUI,Dimanche,2020-03-29 14:00
23736,153,True,False,False,False,True,True,False,False,False,False,False,False,False,False,Dimanche-14-16h,NON,Dimanche,2020-03-29 14:00
23737,82,False,False,True,False,False,False,False,False,False,False,False,False,False,False,Dimanche-14-16h,OUI,Dimanche,2020-03-29 14:00
23738,292,False,True,False,False,False,False,False,False,False,False,False,False,False,False,Dimanche-14-16h,OUI,Dimanche,2020-03-29 14:00
23739,169,False,False,False,True,False,False,False,False,False,False,False,False,False,False,Dimanche-14-16h,NON,Dimanche,2020-03-29 14:00
23740,16,False,False,False,False,True,True,False,False,False,False,False,False,False,False,Dimanche-14-16h,OUI,Dimanche,2020-03-29 14:00
23741,46,True,True,True,False,False,True,True,False,False,False,False,False,False,False,Dimanche-14-16h,NON,Dimanche,2020-03-29 14:00
23742,216,False,True,False,False,False,True,False,False,False,False,False,False,False,False,Dimanche-14-16h,OUI,Dimanche,2020-03-29 14:00
23743,174,False,True,True,False,False,True,False,False,False,False,True,False,False,False,Dimanche-14-16h,OUI,Dimanche,2020-03-29 14:00
23744,43,False,False,False,False,True,False,False,False,False,False,False,False,False,False,Dimanche-14-16h,NON,Dimanche,2020-03-29 14:00
23745,165,False,False,False,False,True,True,False,False,False,False,False,False,False,False,Dimanche-14-16h,OUI,Dimanche,2020-03-29 14:00
23746,126,False,True,False,False,False,True,False,False,False,False,False,False,False,False,Dimanche-14-16h,OUI,Dimanche,2020-03-29 14:00
23747,41,False,False,False,False,False,True,False,False,True,False,False,False,False,False,Dimanche-14-16h,NON,Dimanche,2020-03-29 14:00
23748,157,False,False,True,False,False,False,False,False,False,False,False,False,False,False,Dimanche-14-16h,NON,Dimanche,2020-03-29 14:00
23749,272,False,True,True,False,False,False,True,False,False,False,True,False,True,True,Dimanche-14-16h,OUI,Dimanche,2020-03-29 14:00
23750,115,True,False,True,False,False,False,False,False,False,False,False,False,False,False,Dimanche-14-16h,OUI,Dimanche,2020-03-29 14:00
23751,84,False,False,False,False,False,False,False,False,False,False,False,True,False,False,Dimanche-14-16h,OUI,Dimanche,2020-03-29 14:00
23752,183,True,True,True,True,False,False,False,False,False,False,False,False,False,False,Dimanche-14-16h,NON,Dimanche,2020-03-29 14:00
23753,65,True,True,False,False,False,True,False,False,False,False,False,False,False,False,Dimanche-14-16h,OUI,Dimanche,2020-03-29 14:00
23754,105,True,False,False,False,False,False,False,False,False,False,False,False,False,False,Dimanche-14-16h,OUI,Dimanche,2020-03-29 14:00
23755,187,True,False,False,False,False,True,False,False,False,False,False,False,False,False,Dimanche-14-16h,OUI,Dimanche,2020-03-29 14:00
23756,139,True,False,True,False,False,False,False,False,False,False,False,False,False,False,Dimanche-14-16h,NON,Dimanche,2020-03-29 14:00
23757,259,False,False,False,False,True,True,False,False,False,False,False,False,False,False,Dimanche-14-16h,NON,Dimanche,2020-03-29 14:00
23758,124,True,False,True,False,False,False,False,False,False,False,True,False,False,False,Dimanche-14-16h,OUI,Dimanche,2020-03-29 14:00
23759,98,False,False,False,False,False,True,False,False,False,False,False,True,False,False,Dimanche-14-16h,OUI,Dimanche,2020-03-29 14:00
23760,284,False,True,True,False,False,True,False,False,False,False,False,False,True,False,Dimanche-14-16h,OUI,Dimanche,2020-03-29 14:00
23761,148,True,False,True,False,True,False,False,True,False,False,False,False,False,False,Dimanche-14-16h,NON,Dimanche,2020-03-29 14:00
23762,258,True,False,True,False,False,False,False,False,False,False,False,False,False,False,Dimanche-14-16h,OUI,Dimanche,2020-03-29 14:00
23763,175,False,False,False,False,False,True,False,False,False,False,False,False,False,False,Dimanche-14-16h,NON,Dimanche,2020-03-29 14:00
23764,119,False,False,False,False,False,False,False,False,False,False,True,False,False,False,Dimanche-14-16h,NON,Dimanche,2020-03-29 14:00
23765,229,True,False,True,False,False,False,False,True,False,False,False,False,False,False,Dimanche-14-16h,NON,Dimanche,2020-03-29 14:00
23766,230,False,False,False,False,False,True,True,False,False,False,False,False,False,False,Dimanche-14-16h,NON,Dimanche,2020-03-29 14:00
23767,17,True,False,False,False,False,True,True,False,False,False,False,False,False,False,Dimanche-14-16h,OUI,Dimanche,2020-03-29 14:00
23768,177,False,False,False,False,False,False,False,False,False,False,False,False,False,False,Dimanche-14-16h,NON,Dimanche,2020-03-29 14:00
23769,7,False,False,False,False,False,False,False,False,False,False,False,False,False,False,Dimanche-14-16h,NON,Dimanche,2020-03-29 14:00
23770,241,False,False,True,False,False,False,False,False,False,False,False,False,False,False,Dimanche-14-16h,OUI,Dimanche,2020-03-29 14:00
23771,8,True,False,False,False,True,True,False,True,False,False,False,False,False,False,Dimanche-14-16h,OUI,Dimanche,2020-03-29 14:00
23772,268,False,True,False,False,False,True,False,False,False,False,False,False,False,False,Dimanche-14-16h,OUI,Dimanche,2020-03-29 14:00
23773,294,False,False,True,False,True,False,False,False,False,False,False,False,False,False,Dimanche-14-16h,OUI,Dimanche,2020-03-29 14:00
23774,242,True,False,False,False,True,True,False,False,False,False,False,False,False,False,Dimanche-14-16h,NON,Dimanche,2020-03-29 14:00
23775,194,False,False,False,False,False,True,False,False,False,False,False,False,False,False,Dimanche-14-16h,NON,Dimanche,2020-03-29 14:00
23776,243,False,False,False,False,True,True,False,False,False,False,False,False,False,False,Dimanche-14-16h,OUI,Dimanche,2020-03-29 14:00
23777,212,True,True,True,False,False,True,False,False,False,False,False,False,False,False,Dimanche-14-16h,OUI,Dimanche,2020-03-29 14:00
23778,19,False,False,False,False,False,True,False,False,False,False,False,False,False,False,Dimanche-14-16h,OUI,Dimanche,2020-03-29 14:00
23779,114,False,False,False,False,True,False,False,False,False,False,False,False,False,False,Dimanche-14-16h,OUI,Dimanche,2020-03-29 14:00
23780,190,False,False,False,False,False,True,False,False,True,False,False,False,False,False,Dimanche-14-16h,NON,Dimanche,2020-03-29 14:00
23781,64,False,False,True,False,False,False,False,False,False,False,False,False,False,False,Dimanche-14-16h,OUI,Dimanche,2020-03-29 14:00
23782,227,False,False,False,False,False,False,False,False,False,False,False,False,False,False,Dimanche-14-16h,NON,Dimanche,2020-03-29 14:00
23783,232,False,False,False,False,False,True,False,False,False,False,False,False,False,False,Dimanche-14-16h,OUI,Dimanche,2020-03-29 14:00
23784,246,False,True,False,False,False,True,True,False,False,False,False,False,False,False,Dimanche-14-16h,OUI,Dimanche,2020-03-29 14:00
23785,100,False,False,False,False,False,True,False,False,False,False,False,False,False,False,Dimanche-14-16h,OUI,Dimanche,2020-03-29 14:00
23786,13,False,False,False,False,True,False,False,False,False,False,False,False,False,False,Dimanche-14-16h,OUI,Dimanche,2020-03-29 14:00
23787,262,True,True,True,False,False,False,False,False,False,False,False,False,False,False,Dimanche-14-16h,OUI,Dimanche,2020-03-29 14:00
23788,76,True,True,True,False,False,True,False,False,False,False,True,False,False,False,Dimanche-14-16h,NON,Dimanche,2020-03-29 14:00
23789,261,False,True,False,False,True,False,False,False,False,False,False,False,False,False,Dimanche-14-16h,NON,Dimanche,2020-03-29 14:00
23790,150,False,True,False,False,False,False,False,False,False,False,False,False,False,False,Dimanche-14-16h,OUI,Dimanche,2020-03-29 14:00
23791,205,False,False,False,False,False,False,False,False,False,False,False,False,False,False,Dimanche-14-16h,NON,Dimanche,2020-03-29 14:00
23792,56,False,False,False,False,True,True,False,False,False,False,False,False,False,False,Dimanche-14-16h,OUI,Dimanche,2020-03-29 14:00
23793,186,False,False,False,False,True,False,False,False,False,False,False,False,False,False,Dimanche-14-16h,OUI,Dimanche,2020-03-29 14:00
23794,162,True,False,False,False,True,True,False,False,False,False,False,False,False,False,Dimanche-14-16h,OUI,Dimanche,2020-03-29 14:00
23795,68,False,True,False,False,True,True,False,False,False,False,False,False,False,False,Dimanche-14-16h,OUI,Dimanche,2020-03-29 14:00
23796,146,False,False,False,False,False,True,False,False,False,False,False,True,False,False,Dimanche-14-16h,OUI,Dimanche,2020-03-29 14:00
23797,49,False,False,False,False,False,False,False,False,False,False,False,False,True,False,Dimanche-14-16h,OUI,Dimanche,2020-03-29 14:00
23798,91,True,False,True,True,False,False,False,False,False,False,False,False,False,False,Dimanche-14-16h,OUI,Dimanche,2020-03-29 14:00
23799,22,False,False,False,False,False,False,False,False,False,True,False,False,False,False,Dimanche-14-16h,NON,Dimanche,2020-03-29 14:00
23800,151,False,False,False,False,True,False,False,False,False,False,False,False,False,False,Dimanche-14-16h,OUI,Dimanche,2020-03-29 14:00
23801,193,False,False,False,False,True,True,False,False,False,False,False,False,False,False,Dimanche-14-16h,OUI,Dimanche,2020-03-29 14:00
23802,9,True,True,False,False,False,False,False,False,False,False,False,False,False,False,Dimanche-14-16h,OUI,Dimanche,2020-03-29 14:00
23803,99,True,False,True,False,False,False,False,False,False,False,False,False,False,False,Dimanche-14-16h,NON,Dimanche,2020-03-29 14:00
23804,181,False,False,False,False,True,True,False,False,False,False,False,False,False,False,Dimanche-14-16h,OUI,Dimanche,2020-03-29 14:00
23805,111,False,False,False,False,False,True,False,True,False,False,False,False,False,False,Dimanche-14-16h,OUI,Dimanche,2020-03-29 14:00
23806,44,False,True,False,False,False,True,False,False,False,False,False,False,False,False,Dimanche-14-16h,NON,Dimanche,2020-03-29 14:00
23807,24,False,False,False,False,True,False,False,True,False,False,False,False,False,False,Dimanche-14-16h,NON,Dimanche,2020-03-29 14:00
23808,102,False,False,False,False,True,True,False,True,False,False,False,False,False,False,Dimanche-14-16h,OUI,Dimanche,2020-03-29 14:00
23809,203,True,True,False,False,False,False,False,True,False,False,False,False,False,False,Dimanche-14-16h,OUI,Dimanche,2020-03-29 14:00
23810,140,False,False,False,False,True,True,False,True,False,False,False,False,False,False,Dimanche-14-16h,NON,Dimanche,2020-03-29 14:00
23811,188,False,False,False,False,False,True,False,False,True,False,False,False,False,False,Dimanche-14-16h,NON,Dimanche,2020-03-29 14:00
23812,206,False,False,False,True,False,False,False,False,False,False,True,False,False,False,Dimanche-14-16h,NON,Dimanche,2020-03-29 14:00
23813,273,False,False,False,False,False,False,False,False,False,False,False,True,False,False,Dimanche-14-16h,OUI,Dimanche,2020-03-29 14:00
23814,69,True,False,True,False,False,False,False,False,False,False,False,False,False,False,Dimanche-14-16h,NON,Dimanche,2020-03-29 14:00
23815,87,True,False,False,True,False,False,False,False,False,False,True,False,False,False,Dimanche-14-16h,NON,Dimanche,2020-03-29 14:00
23816,83,True,False,True,False,False,False,False,False,False,False,False,False,False,False,Dimanche-14-16h,NON,Dimanche,2020-03-29 14:00
23817,149,True,False,True,True,False,False,False,False,False,False,False,False,False,False,Dimanche-14-16h,OUI,Dimanche,2020-03-29 14:00
23818,274,False,False,False,False,False,True,False,False,False,False,False,False,False,False,Dimanche-14-16h,NON,Dimanche,2020-03-29 14:00
23819,282,True,False,True,True,False,False,False,False,False,False,False,False,False,False,Dimanche-14-16h,NON,Dimanche,2020-03-29 14:00
23820,147,False,False,False,False,False,False,False,False,False,False,False,False,False,False,Dimanche-14-16h,NON,Dimanche,2020-03-29 14:00
23821,238,False,False,False,False,False,False,False,False,False,False,False,True,False,False,Dimanche-14-16h,OUI,Dimanche,2020-03-29 14:00
23822,201,False,False,False,False,False,False,False,False,False,False,False,False,False,False,Dimanche-14-16h,NON,Dimanche,2020-03-29 14:00
23823,152,False,True,False,False,False,False,False,False,False,False,False,False,False,False,Dimanche-14-16h,OUI,Dimanche,2020-03-29 14:00
23824,222,False,False,False,False,False,True,False,False,True,True,False,False,False,False,Dimanche-14-16h,OUI,Dimanche,2020-03-29 14:00
23825,106,False,False,False,False,False,True,False,False,False,False,False,True,False,False,Dimanche-14-16h,OUI,Dimanche,2020-03-29 14:00
23826,133,False,False,True,False,True,False,False,False,False,False,False,False,False,False,Dimanche-14-16h,OUI,Dimanche,2020-03-29 14:00
23827,163,False,False,False,False,True,False,False,False,False,False,False,False,False,False,Dimanche-14-16h,NON,Dimanche,2020-03-29 14:00
23828,231,False,False,False,False,False,False,False,False,False,False,False,False,False,False,Dimanche-14-16h,NON,Dimanche,2020-03-29 14:00
23829,25,False,False,False,False,True,False,False,False,False,False,False,False,False,False,Dimanche-14-16h,NON,Dimanche,2020-03-29 14:00
23830,196,False,False,True,False,True,False,False,True,False,False,False,False,False,False,Dimanche-14-16h,OUI,Dimanche,2020-03-29 14:00
23831,5,False,False,False,False,True,True,False,False,False,False,False,False,False,False,Dimanche-14-16h,OUI,Dimanche,2020-03-29 14:00
23832,90,False,True,False,False,False,False,False,False,False,False,False,False,False,False,Dimanche-14-16h,OUI,Dimanche,2020-03-29 14:00
23833,244,True,False,True,False,False,False,False,False,False,False,False,False,False,False,Dimanche-14-16h,NON,Dimanche,2020-03-29 14:00
23834,107,False,True,False,False,False,True,False,False,False,False,False,False,False,False,Dimanche-14-16h,OUI,Dimanche,2020-03-29 14:00
23835,218,False,True,False,False,True,True,False,False,False,False,False,False,False,False,Dimanche-14-16h,OUI,Dimanche,2020-03-29 14:00
23836,62,False,True,True,False,True,True,False,False,False,False,False,False,False,False,Dimanche-14-16h,OUI,Dimanche,2020-03-29 14:00
23837,79,False,True,False,False,False,False,False,False,False,False,False,False,False,False,Dimanche-14-16h,OUI,Dimanche,2020-03-29 14:00
23838,208,False,False,False,False,False,True,False,False,False,False,False,False,False,False,Dimanche-14-16h,OUI,Dimanche,2020-03-29 14:00
23839,270,False,False,False,False,False,False,False,False,True,False,False,False,False,False,Dimanche-14-16h,OUI,Dimanche,2020-03-29 14:00
23840,166,True,False,False,False,True,True,False,False,False,False,False,False,False,False,Dimanche-14-16h,OUI,Dimanche,2020-03-29 14:00
23841,77,False,False,True,False,True,False,False,False,False,False,False,False,False,False,Dimanche-14-16h,OUI,Dimanche,2020-03-29 14:00
23842,29,False,False,False,False,False,True,False,False,False,False,False,True,False,False,Dimanche-14-16h,OUI,Dimanche,2020-03-29 14:00
23843,240,False,False,False,False,False,True,False,False,False,False,False,False,False,False,Dimanche-14-16h,OUI,Dimanche,2020-03-29 14:00
23844,184,False,True,False,False,False,False,False,False,False,False,False,False,False,False,Dimanche-14-16h,OUI,Dimanche,2020-03-29 14:00
23845,277,False,True,True,False,False,True,False,False,False,False,False,False,False,False,Dimanche-14-16h,OUI,Dimanche,2020-03-29 14:00
23846,80,True,False,False,False,False,True,False,False,False,True,False,False,False,False,Dimanche-14-16h,NON,Dimanche,2020-03-29 14:00
23847,185,True,True,True,False,False,True,False,False,False,False,True,False,True,False,Dimanche-14-16h,NON,Dimanche,2020-03-29 14:00
23848,204,False,False,False,False,True,True,False,False,False,False,False,True,False,False,Dimanche-14-16h,OUI,Dimanche,2020-03-29 14:00
23849,252,True,True,True,False,False,True,False,False,False,False,False,False,False,False,Dimanche-14-16h,OUI,Dimanche,2020-03-29 14:00
23850,26,False,False,False,False,True,False,False,False,False,False,False,False,False,False,Dimanche-14-16h,OUI,Dimanche,2020-03-29 14:00
23851,70,False,False,False,False,True,False,False,False,False,False,False,True,False,False,Dimanche-14-16h,NON,Dimanche,2020-03-29 14:00
23852,233,False,False,False,False,True,False,False,False,False,False,False,False,False,False,Dimanche-14-16h,OUI,Dimanche,2020-03-29 14:00
23853,37,True,True,True,False,True,True,False,False,False,False,False,False,False,False,Dimanche-14-16h,NON,Dimanche,2020-03-29 14:00
23854,185,False,False,True,False,False,False,False,False,False,False,False,False,False,False,Dimanche-14-16h,OUI,Dimanche,2020-03-29 14:00
23855,138,True,False,False,False,True,True,False,False,False,False,False,False,False,False,Dimanche-14-16h,OUI,Dimanche,2020-03-29 14:00
23856,224,True,False,True,False,False,False,False,False,False,False,False,False,False,False,Dimanche-14-16h,OUI,Dimanche,2020-03-29 14:00
23857,66,False,False,False,False,True,True,False,False,False,False,False,False,True,False,Dimanche-14-16h,OUI,Dimanche,2020-03-29 14:00
23858,211,False,False,True,False,False,False,False,False,False,False,False,False,True,False,Dimanche-14-16h,OUI,Dimanche,2020-03-29 14:00
23859,14,False,False,False,False,True,True,False,False,False,False,False,False,False,False,Dimanche-14-16h,NON,Dimanche,2020-03-29 14:00
23860,145,False,False,False,False,True,False,False,False,False,False,False,False,False,False,Dimanche-14-16h,NON,Dimanche,2020-03-29 14:00
23861,36,False,False,False,False,False,False,False,False,False,False,False,True,False,False,Dimanche-14-16h,OUI,Dimanche,2020-03-29 14:00
23862,60,True,True,True,False,False,True,False,False,False,False,False,False,False,False,Dimanche-14-16h,OUI,Dimanche,2020-03-29 14:00
23863,137,True,True,True,False,False,True,False,False,False,False,True,False,False,False,Dimanche-14-16h,OUI,Dimanche,2020-03-29 14:00
23864,285,False,True,False,False,True,True,False,False,False,False,False,False,False,False,Dimanche-14-16h,OUI,Dimanche,2020-03-29 14:00
23865,40,False,True,True,False,True,True,False,False,False,False,False,False,False,False,Dimanche-14-16h,OUI,Dimanche,2020-03-29 14:00
23866,97,False,False,False,False,False,True,False,False,False,False,False,False,False,False,Dimanche-14-16h,NON,Dimanche,2020-03-29 14:00
23867,109,True,False,True,True,False,False,False,False,False,False,False,False,False,False,Dimanche-14-16h,NON,Dimanche,2020-03-29 14:00
23868,10,False,False,False,False,False,False,False,False,False,False,False,False,False,False,Dimanche-14-16h,NON,Dimanche,2020-03-29 14:00
23869,256,False,False,False,False,False,False,False,False,False,False,False,True,False,False,Dimanche-14-16h,NON,Dimanche,2020-03-29 14:00
23870,141,True,True,True,False,False,False,False,False,False,False,True,False,False,False,Dimanche-14-16h,NON,Dimanche,2020-03-29 14:00
23871,28,False,False,False,False,False,False,False,False,False,False,False,False,False,False,Dimanche-14-16h,NON,Dimanche,2020-03-29 14:00
23872,101,True,True,True,True,True,True,False,False,False,False,False,False,False,False,Dimanche-14-16h,OUI,Dimanche,2020-03-29 14:00
23873,48,True,False,True,False,True,False,False,False,False,False,False,False,True,False,Dimanche-14-16h,OUI,Dimanche,2020-03-29 14:00
23874,27,False,False,False,False,False,True,False,False,False,False,False,False,False,False,Dimanche-14-16h,OUI,Dimanche,2020-03-29 14:00
23875,142,True,False,True,False,False,False,False,False,False,False,True,False,True,False,Dimanche-14-16h,NON,Dimanche,2020-03-29 14:00
23876,234,False,False,True,False,False,False,False,False,False,False,True,False,False,False,Dimanche-14-16h,OUI,Dimanche,2020-03-29 14:00
23877,23,False,False,False,False,True,False,False,False,False,False,False,False,False,False,Dimanche-14-16h,OUI,Dimanche,2020-03-29 14:00
23878,195,False,False,False,False,True,False,False,False,True,False,False,False,False,False,Dimanche-14-16h,OUI,Dimanche,2020-03-29 14:00
23879,275,False,False,False,False,False,False,False,False,False,False,False,True,False,False,Dimanche-14-16h,NON,Dimanche,2020-03-29 14:00
23880,226,False,False,False,False,True,True,False,False,False,False,False,False,False,False,Dimanche-14-16h,OUI,Dimanche,2020-03-29 14:00
23881,207,False,False,True,False,False,False,False,False,False,False,False,False,False,False,Dimanche-14-16h,OUI,Dimanche,2020-03-29 14:00
23882,57,False,False,False,False,False,False,False,False,False,False,False,False,False,False,Dimanche-14-16h,NON,Dimanche,2020-03-29 14:00
23883,4,False,True,False,False,False,True,False,False,False,False,False,False,False,False,Dimanche-14-16h,NON,Dimanche,2020-03-29 14:00
23884,265,False,False,False,False,False,True,False,False,False,False,False,False,False,False,Dimanche-14-16h,OUI,Dimanche,2020-03-29 14:00
23885,88,False,True,False,False,False,False,False,False,False,False,False,False,False,False,Dimanche-14-16h,OUI,Dimanche,2020-03-29 14:00
23886,198,False,False,False,False,False,False,False,False,False,False,True,False,False,False,Dimanche-14-16h,OUI,Dimanche,2020-03-29 14:00
23887,249,True,True,True,False,False,False,False,False,False,False,False,False,False,False,Dimanche-14-16h,NON,Dimanche,2020-03-29 14:00
23888,263,False,False,False,False,True,True,False,False,False,False,False,False,False,False,Dimanche-14-16h,OUI,Dimanche,2020-03-29 14:00
23889,217,True,False,True,False,False,False,False,False,False,False,False,False,True,False,Dimanche-14-16h,OUI,Dimanche,2020-03-29 14:00
23890,278,False,False,False,False,True,True,False,False,False,False,False,False,False,False,Dimanche-14-16h,OUI,Dimanche,2020-03-29 14:00
23891,189,False,True,False,False,False,False,False,False,False,False,False,False,False,False,Dimanche-14-16h,NON,Dimanche,2020-03-29 14:00
23892,61,True,False,True,False,False,False,False,False,False,False,False,False,False,False,Dimanche-14-16h,OUI,Dimanche,2020-03-29 14:00
23893,251,False,False,False,False,False,False,False,False,False,False,False,False,True,False,Dimanche-14-16h,NON,Dimanche,2020-03-29 14:00
23894,281,False,True,False,False,False,False,False,False,False,False,False,False,False,False,Dimanche-14-16h,OUI,Dimanche,2020-03-29 14:00
23895,134,False,True,False,False,False,False,False,False,False,False,False,False,False,False,Dimanche-14-16h,OUI,Dimanche,2020-03-29 14:00
23896,293,False,True,False,False,False,True,False,False,False,False,False,False,False,False,Dimanche-14-16h,NON,Dimanche,2020-03-29 14:00
23897,279,True,True,True,True,False,True,False,False,False,False,False,False,False,False,Dimanche-14-16h,NON,Dimanche,2020-03-29 14:00
23898,81,True,False,True,True,False,False,False,True,False,False,False,False,False,False,Dimanche-14-16h,OUI,Dimanche,2020-03-29 14:00
23899,92,True,False,False,True,False,False,False,False,False,False,True,False,False,False,Dimanche-14-16h,NON,Dimanche,2020-03-29 14:00
23900,147,False,False,False,False,False,False,False,False,False,False,False,False,False,False,Dimanche-14-16h,NON,Dimanche,2020-03-29 14:00
23901,33,False,True,False,False,True,False,False,False,False,False,False,False,False,False,Dimanche-14-16h,OUI,Dimanche,2020-03-29 14:00
23902,266,False,False,False,False,False,False,False,False,False,False,False,False,False,False,Dimanche-14-16h,NON,Dimanche,2020-03-29 14:00
23903,225,True,False,False,False,False,True,False,False,False,False,False,False,False,False,Dimanche-14-16h,OUI,Dimanche,2020-03-29 14:00
23904,83,True,False,True,False,False,False,False,False,False,False,False,False,False,False,Dimanche-14-16h,OUI,Dimanche,2020-03-29 14:00
23905,95,False,False,False,False,True,True,False,True,False,False,False,False,False,False,Dimanche-14-16h,NON,Dimanche,2020-03-29 14:00
23906,127,False,False,False,False,True,False,False,False,False,False,False,False,False,False,Dimanche-14-16h,NON,Dimanche,2020-03-29 14:00
23907,20,False,False,False,False,False,False,False,False,False,False,False,False,False,False,Dimanche-14-16h,NON,Dimanche,2020-03-29 14:00
23908,89,False,False,False,False,False,False,False,False,True,False,False,False,False,False,Dimanche-14-16h,OUI,Dimanche,2020-03-29 14:00
23909,120,False,True,True,False,True,True,False,True,False,False,True,False,False,False,Dimanche-14-16h,OUI,Dimanche,2020-03-29 14:00
23910,253,False,False,False,False,True,True,False,False,False,False,False,True,False,False,Dimanche-14-16h,NON,Dimanche,2020-03-29 14:00
23911,52,False,False,True,False,False,False,False,False,False,False,False,False,False,False,Dimanche-14-16h,NON,Dimanche,2020-03-29 14:00
23912,168,True,False,True,False,False,False,False,True,False,False,False,False,False,False,Dimanche-14-16h,OUI,Dimanche,2020-03-29 14:00
23913,202,False,True,False,False,False,False,False,False,False,False,False,False,False,False,Dimanche-14-16h,OUI,Dimanche,2020-03-29 14:00
23914,172,False,False,False,False,True,False,False,False,False,False,False,False,False,False,Dimanche-14-16h,OUI,Dimanche,2020-03-29 14:00
23915,239,False,False,False,False,True,True,False,False,False,False,False,False,False,False,Dimanche-14-16h,NON,Dimanche,2020-03-29 14:00
23916,85,False,False,False,False,True,False,False,False,False,False,False,False,False,False,Dimanche-14-16h,NON,Dimanche,2020-03-29 14:00
23917,215,False,False,False,False,False,False,False,False,True,False,False,False,False,False,Dimanche-14-16h,OUI,Dimanche,2020-03-29 14:00
23918,260,True,False,True,False,False,False,False,False,False,False,False,False,False,False,Dimanche-14-16h,NON,Dimanche,2020-03-29 14:00
23919,286,True,True,False,False,True,False,False,False,False,False,False,False,False,False,Dimanche-14-16h,OUI,Dimanche,2020-03-29 14:00
23920,72,False,True,False,False,False,False,False,False,False,False,False,False,False,False,Dimanche-16-18h,OUI,Dimanche,2020-03-29 16:00
23921,167,True,True,True,True,True,True,False,False,False,False,False,False,False,False,Dimanche-16-18h,OUI,Dimanche,2020-03-29 16:00
23922,130,True,False,True,False,False,False,False,True,False,False,False,False,True,True,Dimanche-16-18h,NON,Dimanche,2020-03-29 16:00
23923,288,True,True,True,False,True,False,False,False,False,False,False,False,False,False,Dimanche-16-18h,OUI,Dimanche,2020-03-29 16:00
23924,59,False,False,False,False,False,True,False,False,False,False,False,False,False,False,Dimanche-16-18h,OUI,Dimanche,2020-03-29 16:00
23925,178,True,False,False,False,False,False,False,False,False,False,True,False,False,False,Dimanche-16-18h,OUI,Dimanche,2020-03-29 16:00
23926,254,False,False,False,False,False,False,False,False,False,False,False,True,False,False,Dimanche-16-18h,NON,Dimanche,2020-03-29 16:00
23927,34,False,False,False,False,False,False,False,False,False,False,False,False,False,False,Dimanche-16-18h,NON,Dimanche,2020-03-29 16:00
23928,264,False,False,False,False,True,True,True,False,False,False,False,False,False,False,Dimanche-16-18h,OUI,Dimanche,2020-03-29 16:00
23929,158,True,False,False,False,True,False,False,False,False,True,False,False,False,False,Dimanche-16-18h,OUI,Dimanche,2020-03-29 16:00
23930,210,False,True,False,False,True,True,False,False,False,False,False,False,False,False,Dimanche-16-18h,NON,Dimanche,2020-03-29 16:00
23931,93,False,False,False,False,True,False,False,False,False,False,False,False,True,False,Dimanche-16-18h,OUI,Dimanche,2020-03-29 16:00
23932,144,True,False,True,False,True,False,False,False,False,False,False,False,False,False,Dimanche-16-18h,OUI,Dimanche,2020-03-29 16:00
23933,164,False,True,False,False,True,True,False,False,False,False,False,False,False,False,Dimanche-16-18h,OUI,Dimanche,2020-03-29 16:00
23934,289,False,False,False,False,True,True,False,False,False,False,False,False,False,False,Dimanche-16-18h,OUI,Dimanche,2020-03-29 16:00
23935,50,False,False,False,False,False,False,False,False,False,False,False,False,False,False,Dimanche-16-18h,NON,Dimanche,2020-03-29 16:00
23936,51,True,True,False,False,True,False,False,False,False,False,False,False,False,False,Dimanche-16-18h,OUI,Dimanche,2020-03-29 16:00
23937,247,False,False,True,False,False,False,False,False,False,False,False,False,False,False,Dimanche-16-18h,OUI,Dimanche,2020-03-29 16:00
23938,159,False,False,False,False,False,False,False,True,False,False,False,False,False,False,Dimanche-16-18h,NON,Dimanche,2020-03-29 16:00
23939,54,False,False,False,False,False,True,False,False,False,False,False,False,False,False,Dimanche-16-18h,NON,Dimanche,2020-03-29 16:00
23940,55,True,False,False,False,True,True,False,True,False,False,False,False,False,False,Dimanche-16-18h,OUI,Dimanche,2020-03-29 16:00
23941,257,False,False,False,False,True,False,False,False,False,False,False,False,False,False,Dimanche-16-18h,OUI,Dimanche,2020-03-29 16:00
23942,67,False,False,False,False,False,False,False,False,False,False,False,False,False,False,Dimanche-16-18h,NON,Dimanche,2020-03-29 16:00
23943,71,True,False,True,False,False,False,False,False,False,False,False,False,False,False,Dimanche-16-18h,NON,Dimanche,2020-03-29 16:00
23944,280,False,False,False,False,False,True,False,False,False,False,False,False,False,False,Dimanche-16-18h,OUI,Dimanche,2020-03-29 16:00
23945,283,True,True,False,False,False,False,False,False,False,False,False,False,False,False,Dimanche-16-18h,OUI,Dimanche,2020-03-29 16:00
23946,154,False,False,False,False,True,True,False,False,False,False,False,True,False,False,Dimanche-16-18h,OUI,Dimanche,2020-03-29 16:00
23947,171,False,False,False,False,False,False,False,False,False,False,False,True,False,False,Dimanche-16-18h,OUI,Dimanche,2020-03-29 16:00
23948,131,False,False,True,False,False,False,False,False,False,False,False,False,False,False,Dimanche-16-18h,NON,Dimanche,2020-03-29 16:00
23949,237,True,False,False,False,False,True,True,False,False,False,False,False,True,False,Dimanche-16-18h,OUI,Dimanche,2020-03-29 16:00
23950,75,False,False,False,False,True,True,False,False,False,False,False,False,False,False,Dimanche-16-18h,OUI,Dimanche,2020-03-29 16:00
23951,235,True,False,False,False,True,False,False,False,False,False,False,False,False,False,Dimanche-16-18h,OUI,Dimanche,2020-03-29 16:00
23952,180,False,False,False,False,True,True,False,False,False,False,False,False,False,False,Dimanche-16-18h,OUI,Dimanche,2020-03-29 16:00
23953,219,False,False,False,False,False,True,False,False,False,False,False,False,False,False,Dimanche-16-18h,NON,Dimanche,2020-03-29 16:00
23954,250,False,False,False,False,False,False,False,False,True,False,False,False,False,False,Dimanche-16-18h,NON,Dimanche,2020-03-29 16:00
23955,267,True,True,False,False,False,False,False,False,False,False,False,False,False,False,Dimanche-16-18h,OUI,Dimanche,2020-03-29 16:00
23956,160,False,True,False,False,False,True,False,False,False,False,False,False,False,False,Dimanche-16-18h,OUI,Dimanche,2020-03-29 16:00
23957,182,False,True,False,False,True,True,True,False,False,False,False,False,False,False,Dimanche-16-18h,OUI,Dimanche,2020-03-29 16:00
23958,143,False,False,False,False,False,False,False,True,False,False,True,False,False,False,Dimanche-16-18h,OUI,Dimanche,2020-03-29 16:00
23959,223,True,True,False,False,False,False,False,False,False,False,False,False,False,False,Dimanche-16-18h,OUI,Dimanche,2020-03-29 16:00
23960,192,True,False,True,False,False,False,False,False,False,False,False,False,False,False,Dimanche-16-18h,NON,Dimanche,2020-03-29 16:00
23961,30,False,False,True,False,False,False,False,True,False,False,False,False,False,False,Dimanche-16-18h,OUI,Dimanche,2020-03-29 16:00
23962,125,True,False,False,False,True,False,False,True,False,False,False,False,False,False,Dimanche-16-18h,NON,Dimanche,2020-03-29 16:00
23963,39,False,False,True,False,True,False,False,True,False,False,False,False,False,False,Dimanche-16-18h,OUI,Dimanche,2020-03-29 16:00
23964,113,True,False,True,False,False,False,False,False,False,False,False,False,False,False,Dimanche-16-18h,OUI,Dimanche,2020-03-29 16:00
23965,121,True,False,True,False,False,False,False,True,False,False,False,False,False,False,Dimanche-16-18h,NON,Dimanche,2020-03-29 16:00
23966,228,False,False,False,False,False,False,False,False,False,False,True,False,False,False,Dimanche-16-18h,OUI,Dimanche,2020-03-29 16:00
23967,290,False,False,False,False,False,False,False,False,True,False,False,False,False,False,Dimanche-16-18h,OUI,Dimanche,2020-03-29 16:00
23968,197,False,False,True,False,True,False,False,False,False,False,False,False,False,False,Dimanche-16-18h,NON,Dimanche,2020-03-29 16:00
23969,31,True,True,True,False,False,True,False,False,False,False,False,False,False,False,Dimanche-16-18h,OUI,Dimanche,2020-03-29 16:00
23970,173,True,False,False,False,True,True,False,True,False,False,False,False,False,False,Dimanche-16-18h,OUI,Dimanche,2020-03-29 16:00
23971,74,True,False,False,True,False,False,False,True,False,False,True,False,False,False,Dimanche-16-18h,OUI,Dimanche,2020-03-29 16:00
23972,15,False,False,True,False,False,False,False,False,False,False,False,False,False,False,Dimanche-16-18h,OUI,Dimanche,2020-03-29 16:00
23973,45,True,False,False,False,True,True,False,True,False,False,False,False,False,False,Dimanche-16-18h,OUI,Dimanche,2020-03-29 16:00
23974,63,False,False,True,False,False,False,False,False,False,False,False,False,False,False,Dimanche-16-18h,OUI,Dimanche,2020-03-29 16:00
23975,3,False,False,False,False,False,True,False,False,False,False,False,True,False,False,Dimanche-16-18h,OUI,Dimanche,2020-03-29 16:00
23976,21,True,False,True,False,False,False,False,False,False,False,False,False,False,False,Dimanche-16-18h,OUI,Dimanche,2020-03-29 16:00
23977,78,False,True,True,False,True,True,False,True,False,False,False,False,False,False,Dimanche-16-18h,OUI,Dimanche,2020-03-29 16:00
23978,47,False,True,False,False,False,False,False,False,False,False,False,False,False,False,Dimanche-16-18h,NON,Dimanche,2020-03-29 16:00
23979,151,True,True,False,False,True,False,False,True,False,False,False,False,False,False,Dimanche-16-18h,OUI,Dimanche,2020-03-29 16:00
23980,6,True,False,True,False,False,False,False,False,False,False,False,False,False,False,Dimanche-16-18h,OUI,Dimanche,2020-03-29 16:00
23981,135,True,False,True,False,False,False,False,False,False,False,False,False,True,False,Dimanche-16-18h,OUI,Dimanche,2020-03-29 16:00
23982,221,False,False,False,False,True,True,False,False,False,False,False,False,False,False,Dimanche-16-18h,OUI,Dimanche,2020-03-29 16:00
23983,170,False,False,True,False,False,False,False,False,False,False,True,False,False,True,Dimanche-16-18h,OUI,Dimanche,2020-03-29 16:00
23984,129,False,True,False,False,False,False,False,False,False,False,False,False,False,False,Dimanche-16-18h,OUI,Dimanche,2020-03-29 16:00
23985,132,True,True,True,False,False,True,False,False,False,False,False,False,False,False,Dimanche-16-18h,OUI,Dimanche,2020-03-29 16:00
23986,110,False,True,False,False,False,False,False,False,False,False,False,False,False,False,Dimanche-16-18h,OUI,Dimanche,2020-03-29 16:00
23987,191,False,False,False,False,False,True,False,False,False,False,False,False,False,False,Dimanche-16-18h,OUI,Dimanche,2020-03-29 16:00
23988,94,True,True,True,False,False,True,False,False,False,False,True,False,True,False,Dimanche-16-18h,NON,Dimanche,2020-03-29 16:00
23989,108,False,False,False,False,False,True,True,False,False,False,False,False,False,False,Dimanche-16-18h,OUI,Dimanche,2020-03-29 16:00
23990,236,False,False,False,False,True,True,False,False,False,False,False,False,False,False,Dimanche-16-18h,OUI,Dimanche,2020-03-29 16:00
23991,42,True,False,True,False,True,False,False,False,False,False,False,False,False,False,Dimanche-16-18h,OUI,Dimanche,2020-03-29 16:00
23992,155,True,False,False,False,True,False,False,False,False,False,False,False,False,False,Dimanche-16-18h,OUI,Dimanche,2020-03-29 16:00
23993,1,False,False,False,False,False,False,False,False,False,False,False,False,False,False,Dimanche-16-18h,NON,Dimanche,2020-03-29 16:00
23994,58,False,True,True,False,False,True,False,False,False,False,True,False,False,False,Dimanche-16-18h,OUI,Dimanche,2020-03-29 16:00
23995,0,False,True,False,False,False,False,False,False,False,False,False,False,False,False,Dimanche-16-18h,OUI,Dimanche,2020-03-29 16:00
23996,269,False,False,False,False,False,False,False,False,False,False,False,False,False,False,Dimanche-16-18h,NON,Dimanche,2020-03-29 16:00
23997,2,True,False,True,False,False,False,False,False,False,False,False,False,False,False,Dimanche-16-18h,OUI,Dimanche,2020-03-29 16:00
23998,103,False,False,False,False,True,False,False,False,False,False,False,False,False,False,Dimanche-16-18h,NON,Dimanche,2020-03-29 16:00
23999,12,False,True,False,False,True,False,False,False,False,False,False,False,False,False,Dimanche-16-18h,OUI,Dimanche,2020-03-29 16:00
24000,245,True,False,False,False,True,True,False,True,False,False,False,False,False,False,Dimanche-16-18h,NON,Dimanche,2020-03-29 16:00
24001,161,False,False,True,False,False,False,False,False,False,False,True,False,False,False,Dimanche-16-18h,OUI,Dimanche,2020-03-29 16:00
24002,38,False,False,False,False,False,False,False,False,True,False,False,False,False,False,Dimanche-16-18h,OUI,Dimanche,2020-03-29 16:00
24003,122,False,False,False,False,False,False,False,False,False,False,False,False,False,False,Dimanche-16-18h,NON,Dimanche,2020-03-29 16:00
24004,248,False,False,True,False,False,False,False,False,False,False,False,False,True,False,Dimanche-16-18h,OUI,Dimanche,2020-03-29 16:00
24005,271,False,True,True,False,False,True,False,False,False,False,False,False,False,False,Dimanche-16-18h,OUI,Dimanche,2020-03-29 16:00
24006,116,False,False,True,False,False,False,False,False,False,False,False,False,False,False,Dimanche-16-18h,OUI,Dimanche,2020-03-29 16:00
24007,117,True,True,True,True,False,True,False,False,False,False,False,False,False,False,Dimanche-16-18h,NON,Dimanche,2020-03-29 16:00
24008,213,False,False,False,False,True,True,False,True,False,False,False,False,False,False,Dimanche-16-18h,OUI,Dimanche,2020-03-29 16:00
24009,220,False,True,True,False,False,True,False,False,False,False,False,False,False,False,Dimanche-16-18h,OUI,Dimanche,2020-03-29 16:00
24010,176,False,False,True,False,False,False,False,False,False,False,False,False,False,False,Dimanche-16-18h,OUI,Dimanche,2020-03-29 16:00
24011,96,False,False,False,False,True,True,False,False,False,True,False,False,False,False,Dimanche-16-18h,OUI,Dimanche,2020-03-29 16:00
24012,214,False,False,False,False,True,True,False,False,False,True,False,False,False,False,Dimanche-16-18h,OUI,Dimanche,2020-03-29 16:00
24013,11,True,False,False,True,False,False,False,False,False,False,True,False,False,False,Dimanche-16-18h,OUI,Dimanche,2020-03-29 16:00
24014,255,True,False,True,False,False,False,False,True,False,False,False,False,False,False,Dimanche-16-18h,NON,Dimanche,2020-03-29 16:00
24015,86,False,False,True,False,False,False,False,False,False,False,False,False,False,False,Dimanche-16-18h,NON,Dimanche,2020-03-29 16:00
24016,209,True,False,False,False,True,True,False,True,False,False,False,False,False,False,Dimanche-16-18h,OUI,Dimanche,2020-03-29 16:00
24017,291,False,False,False,False,False,True,False,False,True,False,False,False,False,False,Dimanche-16-18h,OUI,Dimanche,2020-03-29 16:00
24018,287,False,False,False,False,False,False,False,False,False,False,False,True,False,False,Dimanche-16-18h,OUI,Dimanche,2020-03-29 16:00
24019,104,False,False,False,False,True,True,False,False,False,False,False,False,False,False,Dimanche-16-18h,OUI,Dimanche,2020-03-29 16:00
24020,18,False,False,False,False,True,False,False,False,False,False,False,False,False,False,Dimanche-16-18h,OUI,Dimanche,2020-03-29 16:00
24021,123,False,True,False,False,True,True,False,False,False,False,False,False,False,False,Dimanche-16-18h,NON,Dimanche,2020-03-29 16:00
24022,136,False,False,False,False,True,False,False,False,False,False,False,False,False,False,Dimanche-16-18h,OUI,Dimanche,2020-03-29 16:00
24023,276,True,False,True,False,False,False,False,False,False,False,False,False,False,False,Dimanche-16-18h,NON,Dimanche,2020-03-29 16:00
24024,53,False,False,False,False,True,True,False,False,False,False,False,False,False,False,Dimanche-16-18h,OUI,Dimanche,2020-03-29 16:00
24025,179,True,False,True,False,False,False,False,False,False,False,False,False,False,False,Dimanche-16-18h,OUI,Dimanche,2020-03-29 16:00
24026,200,False,False,False,False,False,False,False,False,False,False,False,False,False,False,Dimanche-16-18h,NON,Dimanche,2020-03-29 16:00
24027,73,False,False,False,False,False,False,False,False,False,False,False,False,False,False,Dimanche-16-18h,NON,Dimanche,2020-03-29 16:00
24028,156,False,False,False,False,True,True,False,False,False,False,False,False,False,False,Dimanche-16-18h,OUI,Dimanche,2020-03-29 16:00
24029,128,True,True,True,False,False,True,False,False,False,False,False,False,False,False,Dimanche-16-18h,OUI,Dimanche,2020-03-29 16:00
24030,118,False,False,False,False,False,False,False,False,False,False,False,False,False,False,Dimanche-16-18h,NON,Dimanche,2020-03-29 16:00
24031,112,True,False,True,False,False,False,False,False,False,False,False,False,False,False,Dimanche-16-18h,OUI,Dimanche,2020-03-29 16:00
24032,35,False,False,False,False,True,True,False,False,False,False,False,False,False,False,Dimanche-16-18h,OUI,Dimanche,2020-03-29 16:00
24033,32,False,False,False,False,False,False,False,False,False,False,False,True,False,False,Dimanche-16-18h,NON,Dimanche,2020-03-29 16:00
24034,199,True,False,True,False,False,False,False,False,False,False,False,False,False,False,Dimanche-16-18h,OUI,Dimanche,2020-03-29 16:00
24035,153,True,False,False,False,True,True,False,False,False,False,False,False,False,False,Dimanche-16-18h,NON,Dimanche,2020-03-29 16:00
24036,82,False,False,True,False,False,False,False,False,False,False,False,False,False,False,Dimanche-16-18h,OUI,Dimanche,2020-03-29 16:00
24037,292,False,True,False,False,False,False,False,False,False,False,False,False,False,False,Dimanche-16-18h,OUI,Dimanche,2020-03-29 16:00
24038,169,False,False,False,True,False,False,False,False,False,False,False,False,False,False,Dimanche-16-18h,NON,Dimanche,2020-03-29 16:00
24039,16,False,False,False,False,True,True,False,False,False,False,False,False,False,False,Dimanche-16-18h,OUI,Dimanche,2020-03-29 16:00
24040,46,True,True,True,False,False,True,True,False,False,False,False,False,False,False,Dimanche-16-18h,NON,Dimanche,2020-03-29 16:00
24041,216,False,True,False,False,False,True,False,False,False,False,False,False,False,False,Dimanche-16-18h,OUI,Dimanche,2020-03-29 16:00
24042,174,False,True,True,False,False,True,False,False,False,False,True,False,False,False,Dimanche-16-18h,OUI,Dimanche,2020-03-29 16:00
24043,43,False,False,False,False,True,False,False,False,False,False,False,False,False,False,Dimanche-16-18h,NON,Dimanche,2020-03-29 16:00
24044,165,False,False,False,False,True,True,False,False,False,False,False,False,False,False,Dimanche-16-18h,OUI,Dimanche,2020-03-29 16:00
24045,126,False,True,False,False,False,True,False,False,False,False,False,False,False,False,Dimanche-16-18h,OUI,Dimanche,2020-03-29 16:00
24046,41,False,False,False,False,False,True,False,False,True,False,False,False,False,False,Dimanche-16-18h,NON,Dimanche,2020-03-29 16:00
24047,157,False,False,True,False,False,False,False,False,False,False,False,False,False,False,Dimanche-16-18h,NON,Dimanche,2020-03-29 16:00
24048,272,False,True,True,False,False,False,True,False,False,False,True,False,True,True,Dimanche-16-18h,OUI,Dimanche,2020-03-29 16:00
24049,115,True,False,True,False,False,False,False,False,False,False,False,False,False,False,Dimanche-16-18h,OUI,Dimanche,2020-03-29 16:00
24050,84,False,False,False,False,False,False,False,False,False,False,False,True,False,False,Dimanche-16-18h,OUI,Dimanche,2020-03-29 16:00
24051,183,True,True,True,True,False,False,False,False,False,False,False,False,False,False,Dimanche-16-18h,NON,Dimanche,2020-03-29 16:00
24052,65,True,True,False,False,False,True,False,False,False,False,False,False,False,False,Dimanche-16-18h,OUI,Dimanche,2020-03-29 16:00
24053,105,True,False,False,False,False,False,False,False,False,False,False,False,False,False,Dimanche-16-18h,OUI,Dimanche,2020-03-29 16:00
24054,187,True,False,False,False,False,True,False,False,False,False,False,False,False,False,Dimanche-16-18h,OUI,Dimanche,2020-03-29 16:00
24055,139,True,False,True,False,False,False,False,False,False,False,False,False,False,False,Dimanche-16-18h,NON,Dimanche,2020-03-29 16:00
24056,259,False,False,False,False,True,True,False,False,False,False,False,False,False,False,Dimanche-16-18h,NON,Dimanche,2020-03-29 16:00
24057,124,True,False,True,False,False,False,False,False,False,False,True,False,False,False,Dimanche-16-18h,OUI,Dimanche,2020-03-29 16:00
24058,98,False,False,False,False,False,True,False,False,False,False,False,True,False,False,Dimanche-16-18h,OUI,Dimanche,2020-03-29 16:00
24059,284,False,True,True,False,False,True,False,False,False,False,False,False,True,False,Dimanche-16-18h,OUI,Dimanche,2020-03-29 16:00
24060,148,True,False,True,False,True,False,False,True,False,False,False,False,False,False,Dimanche-16-18h,NON,Dimanche,2020-03-29 16:00
24061,258,True,False,True,False,False,False,False,False,False,False,False,False,False,False,Dimanche-16-18h,OUI,Dimanche,2020-03-29 16:00
24062,175,False,False,False,False,False,True,False,False,False,False,False,False,False,False,Dimanche-16-18h,NON,Dimanche,2020-03-29 16:00
24063,119,False,False,False,False,False,False,False,False,False,False,True,False,False,False,Dimanche-16-18h,NON,Dimanche,2020-03-29 16:00
24064,229,True,False,True,False,False,False,False,True,False,False,False,False,False,False,Dimanche-16-18h,NON,Dimanche,2020-03-29 16:00
24065,230,False,False,False,False,False,True,True,False,False,False,False,False,False,False,Dimanche-16-18h,NON,Dimanche,2020-03-29 16:00
24066,17,True,False,False,False,False,True,True,False,False,False,False,False,False,False,Dimanche-16-18h,OUI,Dimanche,2020-03-29 16:00
24067,177,False,False,False,False,False,False,False,False,False,False,False,False,False,False,Dimanche-16-18h,NON,Dimanche,2020-03-29 16:00
24068,7,False,False,False,False,False,False,False,False,False,False,False,False,False,False,Dimanche-16-18h,NON,Dimanche,2020-03-29 16:00
24069,241,False,False,True,False,False,False,False,False,False,False,False,False,False,False,Dimanche-16-18h,OUI,Dimanche,2020-03-29 16:00
24070,8,True,False,False,False,True,True,False,True,False,False,False,False,False,False,Dimanche-16-18h,OUI,Dimanche,2020-03-29 16:00
24071,268,False,True,False,False,False,True,False,False,False,False,False,False,False,False,Dimanche-16-18h,OUI,Dimanche,2020-03-29 16:00
24072,294,False,False,True,False,True,False,False,False,False,False,False,False,False,False,Dimanche-16-18h,OUI,Dimanche,2020-03-29 16:00
24073,242,True,False,False,False,True,True,False,False,False,False,False,False,False,False,Dimanche-16-18h,NON,Dimanche,2020-03-29 16:00
24074,194,False,False,False,False,False,True,False,False,False,False,False,False,False,False,Dimanche-16-18h,NON,Dimanche,2020-03-29 16:00
24075,243,False,False,False,False,True,True,False,False,False,False,False,False,False,False,Dimanche-16-18h,OUI,Dimanche,2020-03-29 16:00
24076,212,True,True,True,False,False,True,False,False,False,False,False,False,False,False,Dimanche-16-18h,OUI,Dimanche,2020-03-29 16:00
24077,19,False,False,False,False,False,True,False,False,False,False,False,False,False,False,Dimanche-16-18h,OUI,Dimanche,2020-03-29 16:00
24078,114,False,False,False,False,True,False,False,False,False,False,False,False,False,False,Dimanche-16-18h,OUI,Dimanche,2020-03-29 16:00
24079,190,False,False,False,False,False,True,False,False,True,False,False,False,False,False,Dimanche-16-18h,NON,Dimanche,2020-03-29 16:00
24080,64,False,False,True,False,False,False,False,False,False,False,False,False,False,False,Dimanche-16-18h,OUI,Dimanche,2020-03-29 16:00
24081,227,False,False,False,False,False,False,False,False,False,False,False,False,False,False,Dimanche-16-18h,NON,Dimanche,2020-03-29 16:00
24082,232,False,False,False,False,False,True,False,False,False,False,False,False,False,False,Dimanche-16-18h,OUI,Dimanche,2020-03-29 16:00
24083,246,False,True,False,False,False,True,True,False,False,False,False,False,False,False,Dimanche-16-18h,OUI,Dimanche,2020-03-29 16:00
24084,100,False,False,False,False,False,True,False,False,False,False,False,False,False,False,Dimanche-16-18h,OUI,Dimanche,2020-03-29 16:00
24085,13,False,False,False,False,True,False,False,False,False,False,False,False,False,False,Dimanche-16-18h,OUI,Dimanche,2020-03-29 16:00
24086,262,True,True,True,False,False,False,False,False,False,False,False,False,False,False,Dimanche-16-18h,OUI,Dimanche,2020-03-29 16:00
24087,76,True,True,True,False,False,True,False,False,False,False,True,False,False,False,Dimanche-16-18h,OUI,Dimanche,2020-03-29 16:00
24088,261,False,True,False,False,True,False,False,False,False,False,False,False,False,False,Dimanche-16-18h,NON,Dimanche,2020-03-29 16:00
24089,150,False,True,False,False,False,False,False,False,False,False,False,False,False,False,Dimanche-16-18h,OUI,Dimanche,2020-03-29 16:00
24090,205,False,False,False,False,False,False,False,False,False,False,False,False,False,False,Dimanche-16-18h,NON,Dimanche,2020-03-29 16:00
24091,56,False,False,False,False,True,True,False,False,False,False,False,False,False,False,Dimanche-16-18h,OUI,Dimanche,2020-03-29 16:00
24092,186,False,False,False,False,True,False,False,False,False,False,False,False,False,False,Dimanche-16-18h,OUI,Dimanche,2020-03-29 16:00
24093,162,True,False,False,False,True,True,False,False,False,False,False,False,False,False,Dimanche-16-18h,OUI,Dimanche,2020-03-29 16:00
24094,68,False,True,False,False,True,True,False,False,False,False,False,False,False,False,Dimanche-16-18h,OUI,Dimanche,2020-03-29 16:00
24095,146,False,False,False,False,False,True,False,False,False,False,False,True,False,False,Dimanche-16-18h,OUI,Dimanche,2020-03-29 16:00
24096,49,False,False,False,False,False,False,False,False,False,False,False,False,True,False,Dimanche-16-18h,OUI,Dimanche,2020-03-29 16:00
24097,91,True,False,True,True,False,False,False,False,False,False,False,False,False,False,Dimanche-16-18h,OUI,Dimanche,2020-03-29 16:00
24098,22,False,False,False,False,False,False,False,False,False,True,False,False,False,False,Dimanche-16-18h,NON,Dimanche,2020-03-29 16:00
24099,151,False,False,False,False,True,False,False,False,False,False,False,False,False,False,Dimanche-16-18h,OUI,Dimanche,2020-03-29 16:00
24100,193,False,False,False,False,True,True,False,False,False,False,False,False,False,False,Dimanche-16-18h,OUI,Dimanche,2020-03-29 16:00
24101,9,True,True,False,False,False,False,False,False,False,False,False,False,False,False,Dimanche-16-18h,OUI,Dimanche,2020-03-29 16:00
24102,99,True,False,True,False,False,False,False,False,False,False,False,False,False,False,Dimanche-16-18h,NON,Dimanche,2020-03-29 16:00
24103,181,False,False,False,False,True,True,False,False,False,False,False,False,False,False,Dimanche-16-18h,OUI,Dimanche,2020-03-29 16:00
24104,111,False,False,False,False,False,True,False,True,False,False,False,False,False,False,Dimanche-16-18h,OUI,Dimanche,2020-03-29 16:00
24105,44,False,True,False,False,False,True,False,False,False,False,False,False,False,False,Dimanche-16-18h,NON,Dimanche,2020-03-29 16:00
24106,24,False,False,False,False,True,False,False,True,False,False,False,False,False,False,Dimanche-16-18h,NON,Dimanche,2020-03-29 16:00
24107,102,False,False,False,False,True,True,False,True,False,False,False,False,False,False,Dimanche-16-18h,OUI,Dimanche,2020-03-29 16:00
24108,203,True,True,False,False,False,False,False,True,False,False,False,False,False,False,Dimanche-16-18h,OUI,Dimanche,2020-03-29 16:00
24109,140,False,False,False,False,True,True,False,True,False,False,False,False,False,False,Dimanche-16-18h,NON,Dimanche,2020-03-29 16:00
24110,188,False,False,False,False,False,True,False,False,True,False,False,False,False,False,Dimanche-16-18h,NON,Dimanche,2020-03-29 16:00
24111,206,False,False,False,True,False,False,False,False,False,False,True,False,False,False,Dimanche-16-18h,NON,Dimanche,2020-03-29 16:00
24112,273,False,False,False,False,False,False,False,False,False,False,False,True,False,False,Dimanche-16-18h,OUI,Dimanche,2020-03-29 16:00
24113,69,True,False,True,False,False,False,False,False,False,False,False,False,False,False,Dimanche-16-18h,NON,Dimanche,2020-03-29 16:00
24114,87,True,False,False,True,False,False,False,False,False,False,True,False,False,False,Dimanche-16-18h,OUI,Dimanche,2020-03-29 16:00
24115,83,True,False,True,False,False,False,False,False,False,False,False,False,False,False,Dimanche-16-18h,NON,Dimanche,2020-03-29 16:00
24116,149,True,False,True,True,False,False,False,False,False,False,False,False,False,False,Dimanche-16-18h,OUI,Dimanche,2020-03-29 16:00
24117,274,False,False,False,False,False,True,False,False,False,False,False,False,False,False,Dimanche-16-18h,NON,Dimanche,2020-03-29 16:00
24118,282,True,False,True,True,False,False,False,False,False,False,False,False,False,False,Dimanche-16-18h,NON,Dimanche,2020-03-29 16:00
24119,147,False,False,False,False,False,False,False,False,False,False,False,False,False,False,Dimanche-16-18h,NON,Dimanche,2020-03-29 16:00
24120,238,False,False,False,False,False,False,False,False,False,False,False,True,False,False,Dimanche-16-18h,OUI,Dimanche,2020-03-29 16:00
24121,201,False,False,False,False,False,False,False,False,False,False,False,False,False,False,Dimanche-16-18h,NON,Dimanche,2020-03-29 16:00
24122,152,False,True,False,False,False,False,False,False,False,False,False,False,False,False,Dimanche-16-18h,OUI,Dimanche,2020-03-29 16:00
24123,222,False,False,False,False,False,True,False,False,True,True,False,False,False,False,Dimanche-16-18h,OUI,Dimanche,2020-03-29 16:00
24124,106,False,False,False,False,False,True,False,False,False,False,False,True,False,False,Dimanche-16-18h,OUI,Dimanche,2020-03-29 16:00
24125,133,False,False,True,False,True,False,False,False,False,False,False,False,False,False,Dimanche-16-18h,OUI,Dimanche,2020-03-29 16:00
24126,163,False,False,False,False,True,False,False,False,False,False,False,False,False,False,Dimanche-16-18h,NON,Dimanche,2020-03-29 16:00
24127,231,False,False,False,False,False,False,False,False,False,False,False,False,False,False,Dimanche-16-18h,NON,Dimanche,2020-03-29 16:00
24128,25,False,False,False,False,True,False,False,False,False,False,False,False,False,False,Dimanche-16-18h,NON,Dimanche,2020-03-29 16:00
24129,196,False,False,True,False,True,False,False,True,False,False,False,False,False,False,Dimanche-16-18h,OUI,Dimanche,2020-03-29 16:00
24130,5,False,False,False,False,True,True,False,False,False,False,False,False,False,False,Dimanche-16-18h,OUI,Dimanche,2020-03-29 16:00
24131,90,False,True,False,False,False,False,False,False,False,False,False,False,False,False,Dimanche-16-18h,OUI,Dimanche,2020-03-29 16:00
24132,244,True,False,True,False,False,False,False,False,False,False,False,False,False,False,Dimanche-16-18h,NON,Dimanche,2020-03-29 16:00
24133,107,False,True,False,False,False,True,False,False,False,False,False,False,False,False,Dimanche-16-18h,OUI,Dimanche,2020-03-29 16:00
24134,218,False,True,False,False,True,True,False,False,False,False,False,False,False,False,Dimanche-16-18h,OUI,Dimanche,2020-03-29 16:00
24135,62,False,True,True,False,True,True,False,False,False,False,False,False,False,False,Dimanche-16-18h,OUI,Dimanche,2020-03-29 16:00
24136,79,False,True,False,False,False,False,False,False,False,False,False,False,False,False,Dimanche-16-18h,OUI,Dimanche,2020-03-29 16:00
24137,208,False,False,False,False,False,True,False,False,False,False,False,False,False,False,Dimanche-16-18h,OUI,Dimanche,2020-03-29 16:00
24138,270,False,False,False,False,False,False,False,False,True,False,False,False,False,False,Dimanche-16-18h,OUI,Dimanche,2020-03-29 16:00
24139,166,True,False,False,False,True,True,False,False,False,False,False,False,False,False,Dimanche-16-18h,OUI,Dimanche,2020-03-29 16:00
24140,77,False,False,True,False,True,False,False,False,False,False,False,False,False,False,Dimanche-16-18h,OUI,Dimanche,2020-03-29 16:00
24141,29,False,False,False,False,False,True,False,False,False,False,False,True,False,False,Dimanche-16-18h,OUI,Dimanche,2020-03-29 16:00
24142,240,False,False,False,False,False,True,False,False,False,False,False,False,False,False,Dimanche-16-18h,OUI,Dimanche,2020-03-29 16:00
24143,184,False,True,False,False,False,False,False,False,False,False,False,False,False,False,Dimanche-16-18h,OUI,Dimanche,2020-03-29 16:00
24144,277,False,True,True,False,False,True,False,False,False,False,False,False,False,False,Dimanche-16-18h,OUI,Dimanche,2020-03-29 16:00
24145,80,True,False,False,False,False,True,False,False,False,True,False,False,False,False,Dimanche-16-18h,NON,Dimanche,2020-03-29 16:00
24146,185,True,True,True,False,False,True,False,False,False,False,True,False,True,False,Dimanche-16-18h,NON,Dimanche,2020-03-29 16:00
24147,204,False,False,False,False,True,True,False,False,False,False,False,True,False,False,Dimanche-16-18h,OUI,Dimanche,2020-03-29 16:00
24148,252,True,True,True,False,False,True,False,False,False,False,False,False,False,False,Dimanche-16-18h,OUI,Dimanche,2020-03-29 16:00
24149,26,False,False,False,False,True,False,False,False,False,False,False,False,False,False,Dimanche-16-18h,OUI,Dimanche,2020-03-29 16:00
24150,70,False,False,False,False,True,False,False,False,False,False,False,True,False,False,Dimanche-16-18h,NON,Dimanche,2020-03-29 16:00
24151,233,False,False,False,False,True,False,False,False,False,False,False,False,False,False,Dimanche-16-18h,OUI,Dimanche,2020-03-29 16:00
24152,37,True,True,True,False,True,True,False,False,False,False,False,False,False,False,Dimanche-16-18h,NON,Dimanche,2020-03-29 16:00
24153,185,False,False,True,False,False,False,False,False,False,False,False,False,False,False,Dimanche-16-18h,OUI,Dimanche,2020-03-29 16:00
24154,138,True,False,False,False,True,True,False,False,False,False,False,False,False,False,Dimanche-16-18h,OUI,Dimanche,2020-03-29 16:00
24155,224,True,False,True,False,False,False,False,False,False,False,False,False,False,False,Dimanche-16-18h,OUI,Dimanche,2020-03-29 16:00
24156,66,False,False,False,False,True,True,False,False,False,False,False,False,True,False,Dimanche-16-18h,OUI,Dimanche,2020-03-29 16:00
24157,211,False,False,True,False,False,False,False,False,False,False,False,False,True,False,Dimanche-16-18h,OUI,Dimanche,2020-03-29 16:00
24158,14,False,False,False,False,True,True,False,False,False,False,False,False,False,False,Dimanche-16-18h,NON,Dimanche,2020-03-29 16:00
24159,145,False,False,False,False,True,False,False,False,False,False,False,False,False,False,Dimanche-16-18h,NON,Dimanche,2020-03-29 16:00
24160,36,False,False,False,False,False,False,False,False,False,False,False,True,False,False,Dimanche-16-18h,OUI,Dimanche,2020-03-29 16:00
24161,60,True,True,True,False,False,True,False,False,False,False,False,False,False,False,Dimanche-16-18h,OUI,Dimanche,2020-03-29 16:00
24162,137,True,True,True,False,False,True,False,False,False,False,True,False,False,False,Dimanche-16-18h,OUI,Dimanche,2020-03-29 16:00
24163,285,False,True,False,False,True,True,False,False,False,False,False,False,False,False,Dimanche-16-18h,OUI,Dimanche,2020-03-29 16:00
24164,40,False,True,True,False,True,True,False,False,False,False,False,False,False,False,Dimanche-16-18h,OUI,Dimanche,2020-03-29 16:00
24165,97,False,False,False,False,False,True,False,False,False,False,False,False,False,False,Dimanche-16-18h,NON,Dimanche,2020-03-29 16:00
24166,109,True,False,True,True,False,False,False,False,False,False,False,False,False,False,Dimanche-16-18h,NON,Dimanche,2020-03-29 16:00
24167,10,False,False,False,False,False,False,False,False,False,False,False,False,False,False,Dimanche-16-18h,NON,Dimanche,2020-03-29 16:00
24168,256,False,False,False,False,False,False,False,False,False,False,False,True,False,False,Dimanche-16-18h,NON,Dimanche,2020-03-29 16:00
24169,141,True,True,True,False,False,False,False,False,False,False,True,False,False,False,Dimanche-16-18h,NON,Dimanche,2020-03-29 16:00
24170,28,False,False,False,False,False,False,False,False,False,False,False,False,False,False,Dimanche-16-18h,NON,Dimanche,2020-03-29 16:00
24171,101,True,True,True,True,True,True,False,False,False,False,False,False,False,False,Dimanche-16-18h,OUI,Dimanche,2020-03-29 16:00
24172,48,True,False,True,False,True,False,False,False,False,False,False,False,True,False,Dimanche-16-18h,OUI,Dimanche,2020-03-29 16:00
24173,27,False,False,False,False,False,True,False,False,False,False,False,False,False,False,Dimanche-16-18h,OUI,Dimanche,2020-03-29 16:00
24174,142,True,False,True,False,False,False,False,False,False,False,True,False,True,False,Dimanche-16-18h,NON,Dimanche,2020-03-29 16:00
24175,234,False,False,True,False,False,False,False,False,False,False,True,False,False,False,Dimanche-16-18h,OUI,Dimanche,2020-03-29 16:00
24176,23,False,False,False,False,True,False,False,False,False,False,False,False,False,False,Dimanche-16-18h,OUI,Dimanche,2020-03-29 16:00
24177,195,False,False,False,False,True,False,False,False,True,False,False,False,False,False,Dimanche-16-18h,OUI,Dimanche,2020-03-29 16:00
24178,275,False,False,False,False,False,False,False,False,False,False,False,True,False,False,Dimanche-16-18h,NON,Dimanche,2020-03-29 16:00
24179,226,False,False,False,False,True,True,False,False,False,False,False,False,False,False,Dimanche-16-18h,OUI,Dimanche,2020-03-29 16:00
24180,207,False,False,True,False,False,False,False,False,False,False,False,False,False,False,Dimanche-16-18h,OUI,Dimanche,2020-03-29 16:00
24181,57,False,False,False,False,False,False,False,False,False,False,False,False,False,False,Dimanche-16-18h,NON,Dimanche,2020-03-29 16:00
24182,4,False,True,False,False,False,True,False,False,False,False,False,False,False,False,Dimanche-16-18h,NON,Dimanche,2020-03-29 16:00
24183,265,False,False,False,False,False,True,False,False,False,False,False,False,False,False,Dimanche-16-18h,OUI,Dimanche,2020-03-29 16:00
24184,88,False,True,False,False,False,False,False,False,False,False,False,False,False,False,Dimanche-16-18h,OUI,Dimanche,2020-03-29 16:00
24185,198,False,False,False,False,False,False,False,False,False,False,True,False,False,False,Dimanche-16-18h,OUI,Dimanche,2020-03-29 16:00
24186,249,True,True,True,False,False,False,False,False,False,False,False,False,False,False,Dimanche-16-18h,NON,Dimanche,2020-03-29 16:00
24187,263,False,False,False,False,True,True,False,False,False,False,False,False,False,False,Dimanche-16-18h,OUI,Dimanche,2020-03-29 16:00
24188,217,True,False,True,False,False,False,False,False,False,False,False,False,True,False,Dimanche-16-18h,OUI,Dimanche,2020-03-29 16:00
24189,278,False,False,False,False,True,True,False,False,False,False,False,False,False,False,Dimanche-16-18h,OUI,Dimanche,2020-03-29 16:00
24190,189,False,True,False,False,False,False,False,False,False,False,False,False,False,False,Dimanche-16-18h,NON,Dimanche,2020-03-29 16:00
24191,61,True,False,True,False,False,False,False,False,False,False,False,False,False,False,Dimanche-16-18h,OUI,Dimanche,2020-03-29 16:00
24192,251,False,False,False,False,False,False,False,False,False,False,False,False,True,False,Dimanche-16-18h,NON,Dimanche,2020-03-29 16:00
24193,281,False,True,False,False,False,False,False,False,False,False,False,False,False,False,Dimanche-16-18h,OUI,Dimanche,2020-03-29 16:00
24194,134,False,True,False,False,False,False,False,False,False,False,False,False,False,False,Dimanche-16-18h,OUI,Dimanche,2020-03-29 16:00
24195,293,False,True,False,False,False,True,False,False,False,False,False,False,False,False,Dimanche-16-18h,NON,Dimanche,2020-03-29 16:00
24196,279,True,True,True,True,False,True,False,False,False,False,False,False,False,False,Dimanche-16-18h,NON,Dimanche,2020-03-29 16:00
24197,81,True,False,True,True,False,False,False,True,False,False,False,False,False,False,Dimanche-16-18h,OUI,Dimanche,2020-03-29 16:00
24198,92,True,False,False,True,False,False,False,False,False,False,True,False,False,False,Dimanche-16-18h,NON,Dimanche,2020-03-29 16:00
24199,147,False,False,False,False,False,False,False,False,False,False,False,False,False,False,Dimanche-16-18h,NON,Dimanche,2020-03-29 16:00
24200,33,False,True,False,False,True,False,False,False,False,False,False,False,False,False,Dimanche-16-18h,OUI,Dimanche,2020-03-29 16:00
24201,266,False,False,False,False,False,False,False,False,False,False,False,False,False,False,Dimanche-16-18h,NON,Dimanche,2020-03-29 16:00
24202,225,True,False,False,False,False,True,False,False,False,False,False,False,False,False,Dimanche-16-18h,OUI,Dimanche,2020-03-29 16:00
24203,83,True,False,True,False,False,False,False,False,False,False,False,False,False,False,Dimanche-16-18h,OUI,Dimanche,2020-03-29 16:00
24204,95,False,False,False,False,True,True,False,True,False,False,False,False,False,False,Dimanche-16-18h,NON,Dimanche,2020-03-29 16:00
24205,127,False,False,False,False,True,False,False,False,False,False,False,False,False,False,Dimanche-16-18h,NON,Dimanche,2020-03-29 16:00
24206,20,False,False,False,False,False,False,False,False,False,False,False,False,False,False,Dimanche-16-18h,NON,Dimanche,2020-03-29 16:00
24207,89,False,False,False,False,False,False,False,False,True,False,False,False,False,False,Dimanche-16-18h,OUI,Dimanche,2020-03-29 16:00
24208,120,False,True,True,False,True,True,False,True,False,False,True,False,False,False,Dimanche-16-18h,OUI,Dimanche,2020-03-29 16:00
24209,253,False,False,False,False,True,True,False,False,False,False,False,True,False,False,Dimanche-16-18h,NON,Dimanche,2020-03-29 16:00
24210,52,False,False,True,False,False,False,False,False,False,False,False,False,False,False,Dimanche-16-18h,NON,Dimanche,2020-03-29 16:00
24211,168,True,False,True,False,False,False,False,True,False,False,False,False,False,False,Dimanche-16-18h,OUI,Dimanche,2020-03-29 16:00
24212,202,False,True,False,False,False,False,False,False,False,False,False,False,False,False,Dimanche-16-18h,OUI,Dimanche,2020-03-29 16:00
24213,172,False,False,False,False,True,False,False,False,False,False,False,False,False,False,Dimanche-16-18h,OUI,Dimanche,2020-03-29 16:00
24214,239,False,False,False,False,True,True,False,False,False,False,False,False,False,False,Dimanche-16-18h,OUI,Dimanche,2020-03-29 16:00
24215,85,False,False,False,False,True,False,False,False,False,False,False,False,False,False,Dimanche-16-18h,OUI,Dimanche,2020-03-29 16:00
24216,215,False,False,False,False,False,False,False,False,True,False,False,False,False,False,Dimanche-16-18h,OUI,Dimanche,2020-03-29 16:00
24217,260,True,False,True,False,False,False,False,False,False,False,False,False,False,False,Dimanche-16-18h,NON,Dimanche,2020-03-29 16:00
24218,286,True,True,False,False,True,False,False,False,False,False,False,False,False,False,Dimanche-16-18h,OUI,Dimanche,2020-03-29 16:00
24219,72,False,True,False,False,False,False,False,False,False,False,False,False,False,False,Dimanche-18-20h,OUI,Dimanche,2020-03-29 18:00
24220,167,True,True,True,True,True,True,False,False,False,False,False,False,False,False,Dimanche-18-20h,OUI,Dimanche,2020-03-29 18:00
24221,130,True,False,True,False,False,False,False,True,False,False,False,False,True,True,Dimanche-18-20h,NON,Dimanche,2020-03-29 18:00
24222,288,True,True,True,False,True,False,False,False,False,False,False,False,False,False,Dimanche-18-20h,OUI,Dimanche,2020-03-29 18:00
24223,59,False,False,False,False,False,True,False,False,False,False,False,False,False,False,Dimanche-18-20h,OUI,Dimanche,2020-03-29 18:00
24224,178,True,False,False,False,False,False,False,False,False,False,True,False,False,False,Dimanche-18-20h,OUI,Dimanche,2020-03-29 18:00
24225,254,False,False,False,False,False,False,False,False,False,False,False,True,False,False,Dimanche-18-20h,NON,Dimanche,2020-03-29 18:00
24226,34,False,False,False,False,False,False,False,False,False,False,False,False,False,False,Dimanche-18-20h,NON,Dimanche,2020-03-29 18:00
24227,264,False,False,False,False,True,True,True,False,False,False,False,False,False,False,Dimanche-18-20h,OUI,Dimanche,2020-03-29 18:00
24228,158,True,False,False,False,True,False,False,False,False,True,False,False,False,False,Dimanche-18-20h,OUI,Dimanche,2020-03-29 18:00
24229,210,False,True,False,False,True,True,False,False,False,False,False,False,False,False,Dimanche-18-20h,NON,Dimanche,2020-03-29 18:00
24230,93,False,False,False,False,True,False,False,False,False,False,False,False,True,False,Dimanche-18-20h,OUI,Dimanche,2020-03-29 18:00
24231,144,True,False,True,False,True,False,False,False,False,False,False,False,False,False,Dimanche-18-20h,OUI,Dimanche,2020-03-29 18:00
24232,164,False,True,False,False,True,True,False,False,False,False,False,False,False,False,Dimanche-18-20h,OUI,Dimanche,2020-03-29 18:00
24233,289,False,False,False,False,True,True,False,False,False,False,False,False,False,False,Dimanche-18-20h,OUI,Dimanche,2020-03-29 18:00
24234,50,False,False,False,False,False,False,False,False,False,False,False,False,False,False,Dimanche-18-20h,NON,Dimanche,2020-03-29 18:00
24235,51,True,True,False,False,True,False,False,False,False,False,False,False,False,False,Dimanche-18-20h,OUI,Dimanche,2020-03-29 18:00
24236,247,False,False,True,False,False,False,False,False,False,False,False,False,False,False,Dimanche-18-20h,OUI,Dimanche,2020-03-29 18:00
24237,159,False,False,False,False,False,False,False,True,False,False,False,False,False,False,Dimanche-18-20h,NON,Dimanche,2020-03-29 18:00
24238,54,False,False,False,False,False,True,False,False,False,False,False,False,False,False,Dimanche-18-20h,OUI,Dimanche,2020-03-29 18:00
24239,55,True,False,False,False,True,True,False,True,False,False,False,False,False,False,Dimanche-18-20h,OUI,Dimanche,2020-03-29 18:00
24240,257,False,False,False,False,True,False,False,False,False,False,False,False,False,False,Dimanche-18-20h,OUI,Dimanche,2020-03-29 18:00
24241,67,False,False,False,False,False,False,False,False,False,False,False,False,False,False,Dimanche-18-20h,NON,Dimanche,2020-03-29 18:00
24242,71,True,False,True,False,False,False,False,False,False,False,False,False,False,False,Dimanche-18-20h,NON,Dimanche,2020-03-29 18:00
24243,280,False,False,False,False,False,True,False,False,False,False,False,False,False,False,Dimanche-18-20h,OUI,Dimanche,2020-03-29 18:00
24244,283,True,True,False,False,False,False,False,False,False,False,False,False,False,False,Dimanche-18-20h,OUI,Dimanche,2020-03-29 18:00
24245,154,False,False,False,False,True,True,False,False,False,False,False,True,False,False,Dimanche-18-20h,OUI,Dimanche,2020-03-29 18:00
24246,171,False,False,False,False,False,False,False,False,False,False,False,True,False,False,Dimanche-18-20h,OUI,Dimanche,2020-03-29 18:00
24247,131,False,False,True,False,False,False,False,False,False,False,False,False,False,False,Dimanche-18-20h,NON,Dimanche,2020-03-29 18:00
24248,237,True,False,False,False,False,True,True,False,False,False,False,False,True,False,Dimanche-18-20h,OUI,Dimanche,2020-03-29 18:00
24249,75,False,False,False,False,True,True,False,False,False,False,False,False,False,False,Dimanche-18-20h,OUI,Dimanche,2020-03-29 18:00
24250,235,True,False,False,False,True,False,False,False,False,False,False,False,False,False,Dimanche-18-20h,OUI,Dimanche,2020-03-29 18:00
24251,180,False,False,False,False,True,True,False,False,False,False,False,False,False,False,Dimanche-18-20h,OUI,Dimanche,2020-03-29 18:00
24252,219,False,False,False,False,False,True,False,False,False,False,False,False,False,False,Dimanche-18-20h,NON,Dimanche,2020-03-29 18:00
24253,250,False,False,False,False,False,False,False,False,True,False,False,False,False,False,Dimanche-18-20h,NON,Dimanche,2020-03-29 18:00
24254,267,True,True,False,False,False,False,False,False,False,False,False,False,False,False,Dimanche-18-20h,OUI,Dimanche,2020-03-29 18:00
24255,160,False,True,False,False,False,True,False,False,False,False,False,False,False,False,Dimanche-18-20h,OUI,Dimanche,2020-03-29 18:00
24256,182,False,True,False,False,True,True,True,False,False,False,False,False,False,False,Dimanche-18-20h,OUI,Dimanche,2020-03-29 18:00
24257,143,False,False,False,False,False,False,False,True,False,False,True,False,False,False,Dimanche-18-20h,OUI,Dimanche,2020-03-29 18:00
24258,223,True,True,False,False,False,False,False,False,False,False,False,False,False,False,Dimanche-18-20h,OUI,Dimanche,2020-03-29 18:00
24259,192,True,False,True,False,False,False,False,False,False,False,False,False,False,False,Dimanche-18-20h,NON,Dimanche,2020-03-29 18:00
24260,30,False,False,True,False,False,False,False,True,False,False,False,False,False,False,Dimanche-18-20h,OUI,Dimanche,2020-03-29 18:00
24261,125,True,False,False,False,True,False,False,True,False,False,False,False,False,False,Dimanche-18-20h,NON,Dimanche,2020-03-29 18:00
24262,39,False,False,True,False,True,False,False,True,False,False,False,False,False,False,Dimanche-18-20h,OUI,Dimanche,2020-03-29 18:00
24263,113,True,False,True,False,False,False,False,False,False,False,False,False,False,False,Dimanche-18-20h,OUI,Dimanche,2020-03-29 18:00
24264,121,True,False,True,False,False,False,False,True,False,False,False,False,False,False,Dimanche-18-20h,NON,Dimanche,2020-03-29 18:00
24265,228,False,False,False,False,False,False,False,False,False,False,True,False,False,False,Dimanche-18-20h,OUI,Dimanche,2020-03-29 18:00
24266,290,False,False,False,False,False,False,False,False,True,False,False,False,False,False,Dimanche-18-20h,OUI,Dimanche,2020-03-29 18:00
24267,197,False,False,True,False,True,False,False,False,False,False,False,False,False,False,Dimanche-18-20h,NON,Dimanche,2020-03-29 18:00
24268,31,True,True,True,False,False,True,False,False,False,False,False,False,False,False,Dimanche-18-20h,OUI,Dimanche,2020-03-29 18:00
24269,173,True,False,False,False,True,True,False,True,False,False,False,False,False,False,Dimanche-18-20h,OUI,Dimanche,2020-03-29 18:00
24270,74,True,False,False,True,False,False,False,True,False,False,True,False,False,False,Dimanche-18-20h,OUI,Dimanche,2020-03-29 18:00
24271,15,False,False,True,False,False,False,False,False,False,False,False,False,False,False,Dimanche-18-20h,OUI,Dimanche,2020-03-29 18:00
24272,45,True,False,False,False,True,True,False,True,False,False,False,False,False,False,Dimanche-18-20h,OUI,Dimanche,2020-03-29 18:00
24273,63,False,False,True,False,False,False,False,False,False,False,False,False,False,False,Dimanche-18-20h,OUI,Dimanche,2020-03-29 18:00
24274,3,False,False,False,False,False,True,False,False,False,False,False,True,False,False,Dimanche-18-20h,OUI,Dimanche,2020-03-29 18:00
24275,21,True,False,True,False,False,False,False,False,False,False,False,False,False,False,Dimanche-18-20h,OUI,Dimanche,2020-03-29 18:00
24276,78,False,True,True,False,True,True,False,True,False,False,False,False,False,False,Dimanche-18-20h,OUI,Dimanche,2020-03-29 18:00
24277,47,False,True,False,False,False,False,False,False,False,False,False,False,False,False,Dimanche-18-20h,OUI,Dimanche,2020-03-29 18:00
24278,151,True,True,False,False,True,False,False,True,False,False,False,False,False,False,Dimanche-18-20h,OUI,Dimanche,2020-03-29 18:00
24279,6,True,False,True,False,False,False,False,False,False,False,False,False,False,False,Dimanche-18-20h,OUI,Dimanche,2020-03-29 18:00
24280,135,True,False,True,False,False,False,False,False,False,False,False,False,True,False,Dimanche-18-20h,OUI,Dimanche,2020-03-29 18:00
24281,221,False,False,False,False,True,True,False,False,False,False,False,False,False,False,Dimanche-18-20h,OUI,Dimanche,2020-03-29 18:00
24282,170,False,False,True,False,False,False,False,False,False,False,True,False,False,True,Dimanche-18-20h,OUI,Dimanche,2020-03-29 18:00
24283,129,False,True,False,False,False,False,False,False,False,False,False,False,False,False,Dimanche-18-20h,OUI,Dimanche,2020-03-29 18:00
24284,132,True,True,True,False,False,True,False,False,False,False,False,False,False,False,Dimanche-18-20h,OUI,Dimanche,2020-03-29 18:00
24285,110,False,True,False,False,False,False,False,False,False,False,False,False,False,False,Dimanche-18-20h,OUI,Dimanche,2020-03-29 18:00
24286,191,False,False,False,False,False,True,False,False,False,False,False,False,False,False,Dimanche-18-20h,OUI,Dimanche,2020-03-29 18:00
24287,94,True,True,True,False,False,True,False,False,False,False,True,False,True,False,Dimanche-18-20h,NON,Dimanche,2020-03-29 18:00
24288,108,False,False,False,False,False,True,True,False,False,False,False,False,False,False,Dimanche-18-20h,OUI,Dimanche,2020-03-29 18:00
24289,236,False,False,False,False,True,True,False,False,False,False,False,False,False,False,Dimanche-18-20h,OUI,Dimanche,2020-03-29 18:00
24290,42,True,False,True,False,True,False,False,False,False,False,False,False,False,False,Dimanche-18-20h,OUI,Dimanche,2020-03-29 18:00
24291,155,True,False,False,False,True,False,False,False,False,False,False,False,False,False,Dimanche-18-20h,OUI,Dimanche,2020-03-29 18:00
24292,1,False,False,False,False,False,False,False,False,False,False,False,False,False,False,Dimanche-18-20h,NON,Dimanche,2020-03-29 18:00
24293,58,False,True,True,False,False,True,False,False,False,False,True,False,False,False,Dimanche-18-20h,OUI,Dimanche,2020-03-29 18:00
24294,0,False,True,False,False,False,False,False,False,False,False,False,False,False,False,Dimanche-18-20h,OUI,Dimanche,2020-03-29 18:00
24295,269,False,False,False,False,False,False,False,False,False,False,False,False,False,False,Dimanche-18-20h,NON,Dimanche,2020-03-29 18:00
24296,2,True,False,True,False,False,False,False,False,False,False,False,False,False,False,Dimanche-18-20h,OUI,Dimanche,2020-03-29 18:00
24297,103,False,False,False,False,True,False,False,False,False,False,False,False,False,False,Dimanche-18-20h,NON,Dimanche,2020-03-29 18:00
24298,12,False,True,False,False,True,False,False,False,False,False,False,False,False,False,Dimanche-18-20h,OUI,Dimanche,2020-03-29 18:00
24299,245,True,False,False,False,True,True,False,True,False,False,False,False,False,False,Dimanche-18-20h,NON,Dimanche,2020-03-29 18:00
24300,161,False,False,True,False,False,False,False,False,False,False,True,False,False,False,Dimanche-18-20h,OUI,Dimanche,2020-03-29 18:00
24301,38,False,False,False,False,False,False,False,False,True,False,False,False,False,False,Dimanche-18-20h,OUI,Dimanche,2020-03-29 18:00
24302,122,False,False,False,False,False,False,False,False,False,False,False,False,False,False,Dimanche-18-20h,NON,Dimanche,2020-03-29 18:00
24303,248,False,False,True,False,False,False,False,False,False,False,False,False,True,False,Dimanche-18-20h,OUI,Dimanche,2020-03-29 18:00
24304,271,False,True,True,False,False,True,False,False,False,False,False,False,False,False,Dimanche-18-20h,OUI,Dimanche,2020-03-29 18:00
24305,116,False,False,True,False,False,False,False,False,False,False,False,False,False,False,Dimanche-18-20h,OUI,Dimanche,2020-03-29 18:00
24306,117,True,True,True,True,False,True,False,False,False,False,False,False,False,False,Dimanche-18-20h,NON,Dimanche,2020-03-29 18:00
24307,213,False,False,False,False,True,True,False,True,False,False,False,False,False,False,Dimanche-18-20h,OUI,Dimanche,2020-03-29 18:00
24308,220,False,True,True,False,False,True,False,False,False,False,False,False,False,False,Dimanche-18-20h,OUI,Dimanche,2020-03-29 18:00
24309,176,False,False,True,False,False,False,False,False,False,False,False,False,False,False,Dimanche-18-20h,OUI,Dimanche,2020-03-29 18:00
24310,96,False,False,False,False,True,True,False,False,False,True,False,False,False,False,Dimanche-18-20h,NON,Dimanche,2020-03-29 18:00
24311,214,False,False,False,False,True,True,False,False,False,True,False,False,False,False,Dimanche-18-20h,OUI,Dimanche,2020-03-29 18:00
24312,11,True,False,False,True,False,False,False,False,False,False,True,False,False,False,Dimanche-18-20h,OUI,Dimanche,2020-03-29 18:00
24313,255,True,False,True,False,False,False,False,True,False,False,False,False,False,False,Dimanche-18-20h,NON,Dimanche,2020-03-29 18:00
24314,86,False,False,True,False,False,False,False,False,False,False,False,False,False,False,Dimanche-18-20h,NON,Dimanche,2020-03-29 18:00
24315,209,True,False,False,False,True,True,False,True,False,False,False,False,False,False,Dimanche-18-20h,OUI,Dimanche,2020-03-29 18:00
24316,291,False,False,False,False,False,True,False,False,True,False,False,False,False,False,Dimanche-18-20h,OUI,Dimanche,2020-03-29 18:00
24317,287,False,False,False,False,False,False,False,False,False,False,False,True,False,False,Dimanche-18-20h,OUI,Dimanche,2020-03-29 18:00
24318,104,False,False,False,False,True,True,False,False,False,False,False,False,False,False,Dimanche-18-20h,OUI,Dimanche,2020-03-29 18:00
24319,18,False,False,False,False,True,False,False,False,False,False,False,False,False,False,Dimanche-18-20h,OUI,Dimanche,2020-03-29 18:00
24320,123,False,True,False,False,True,True,False,False,False,False,False,False,False,False,Dimanche-18-20h,NON,Dimanche,2020-03-29 18:00
24321,136,False,False,False,False,True,False,False,False,False,False,False,False,False,False,Dimanche-18-20h,OUI,Dimanche,2020-03-29 18:00
24322,276,True,False,True,False,False,False,False,False,False,False,False,False,False,False,Dimanche-18-20h,OUI,Dimanche,2020-03-29 18:00
24323,53,False,False,False,False,True,True,False,False,False,False,False,False,False,False,Dimanche-18-20h,OUI,Dimanche,2020-03-29 18:00
24324,179,True,False,True,False,False,False,False,False,False,False,False,False,False,False,Dimanche-18-20h,OUI,Dimanche,2020-03-29 18:00
24325,200,False,False,False,False,False,False,False,False,False,False,False,False,False,False,Dimanche-18-20h,NON,Dimanche,2020-03-29 18:00
24326,73,False,False,False,False,False,False,False,False,False,False,False,False,False,False,Dimanche-18-20h,NON,Dimanche,2020-03-29 18:00
24327,156,False,False,False,False,True,True,False,False,False,False,False,False,False,False,Dimanche-18-20h,OUI,Dimanche,2020-03-29 18:00
24328,128,True,True,True,False,False,True,False,False,False,False,False,False,False,False,Dimanche-18-20h,OUI,Dimanche,2020-03-29 18:00
24329,118,False,False,False,False,False,False,False,False,False,False,False,False,False,False,Dimanche-18-20h,NON,Dimanche,2020-03-29 18:00
24330,112,True,False,True,False,False,False,False,False,False,False,False,False,False,False,Dimanche-18-20h,OUI,Dimanche,2020-03-29 18:00
24331,35,False,False,False,False,True,True,False,False,False,False,False,False,False,False,Dimanche-18-20h,OUI,Dimanche,2020-03-29 18:00
24332,32,False,False,False,False,False,False,False,False,False,False,False,True,False,False,Dimanche-18-20h,NON,Dimanche,2020-03-29 18:00
24333,199,True,False,True,False,False,False,False,False,False,False,False,False,False,False,Dimanche-18-20h,OUI,Dimanche,2020-03-29 18:00
24334,153,True,False,False,False,True,True,False,False,False,False,False,False,False,False,Dimanche-18-20h,NON,Dimanche,2020-03-29 18:00
24335,82,False,False,True,False,False,False,False,False,False,False,False,False,False,False,Dimanche-18-20h,OUI,Dimanche,2020-03-29 18:00
24336,292,False,True,False,False,False,False,False,False,False,False,False,False,False,False,Dimanche-18-20h,OUI,Dimanche,2020-03-29 18:00
24337,169,False,False,False,True,False,False,False,False,False,False,False,False,False,False,Dimanche-18-20h,NON,Dimanche,2020-03-29 18:00
24338,16,False,False,False,False,True,True,False,False,False,False,False,False,False,False,Dimanche-18-20h,OUI,Dimanche,2020-03-29 18:00
24339,46,True,True,True,False,False,True,True,False,False,False,False,False,False,False,Dimanche-18-20h,NON,Dimanche,2020-03-29 18:00
24340,216,False,True,False,False,False,True,False,False,False,False,False,False,False,False,Dimanche-18-20h,OUI,Dimanche,2020-03-29 18:00
24341,174,False,True,True,False,False,True,False,False,False,False,True,False,False,False,Dimanche-18-20h,OUI,Dimanche,2020-03-29 18:00
24342,43,False,False,False,False,True,False,False,False,False,False,False,False,False,False,Dimanche-18-20h,NON,Dimanche,2020-03-29 18:00
24343,165,False,False,False,False,True,True,False,False,False,False,False,False,False,False,Dimanche-18-20h,OUI,Dimanche,2020-03-29 18:00
24344,126,False,True,False,False,False,True,False,False,False,False,False,False,False,False,Dimanche-18-20h,OUI,Dimanche,2020-03-29 18:00
24345,41,False,False,False,False,False,True,False,False,True,False,False,False,False,False,Dimanche-18-20h,NON,Dimanche,2020-03-29 18:00
24346,157,False,False,True,False,False,False,False,False,False,False,False,False,False,False,Dimanche-18-20h,NON,Dimanche,2020-03-29 18:00
24347,272,False,True,True,False,False,False,True,False,False,False,True,False,True,True,Dimanche-18-20h,OUI,Dimanche,2020-03-29 18:00
24348,115,True,False,True,False,False,False,False,False,False,False,False,False,False,False,Dimanche-18-20h,OUI,Dimanche,2020-03-29 18:00
24349,84,False,False,False,False,False,False,False,False,False,False,False,True,False,False,Dimanche-18-20h,OUI,Dimanche,2020-03-29 18:00
24350,183,True,True,True,True,False,False,False,False,False,False,False,False,False,False,Dimanche-18-20h,NON,Dimanche,2020-03-29 18:00
24351,65,True,True,False,False,False,True,False,False,False,False,False,False,False,False,Dimanche-18-20h,OUI,Dimanche,2020-03-29 18:00
24352,105,True,False,False,False,False,False,False,False,False,False,False,False,False,False,Dimanche-18-20h,OUI,Dimanche,2020-03-29 18:00
24353,187,True,False,False,False,False,True,False,False,False,False,False,False,False,False,Dimanche-18-20h,OUI,Dimanche,2020-03-29 18:00
24354,139,True,False,True,False,False,False,False,False,False,False,False,False,False,False,Dimanche-18-20h,NON,Dimanche,2020-03-29 18:00
24355,259,False,False,False,False,True,True,False,False,False,False,False,False,False,False,Dimanche-18-20h,NON,Dimanche,2020-03-29 18:00
24356,124,True,False,True,False,False,False,False,False,False,False,True,False,False,False,Dimanche-18-20h,OUI,Dimanche,2020-03-29 18:00
24357,98,False,False,False,False,False,True,False,False,False,False,False,True,False,False,Dimanche-18-20h,OUI,Dimanche,2020-03-29 18:00
24358,284,False,True,True,False,False,True,False,False,False,False,False,False,True,False,Dimanche-18-20h,OUI,Dimanche,2020-03-29 18:00
24359,148,True,False,True,False,True,False,False,True,False,False,False,False,False,False,Dimanche-18-20h,NON,Dimanche,2020-03-29 18:00
24360,258,True,False,True,False,False,False,False,False,False,False,False,False,False,False,Dimanche-18-20h,OUI,Dimanche,2020-03-29 18:00
24361,175,False,False,False,False,False,True,False,False,False,False,False,False,False,False,Dimanche-18-20h,NON,Dimanche,2020-03-29 18:00
24362,119,False,False,False,False,False,False,False,False,False,False,True,False,False,False,Dimanche-18-20h,NON,Dimanche,2020-03-29 18:00
24363,229,True,False,True,False,False,False,False,True,False,False,False,False,False,False,Dimanche-18-20h,NON,Dimanche,2020-03-29 18:00
24364,230,False,False,False,False,False,True,True,False,False,False,False,False,False,False,Dimanche-18-20h,NON,Dimanche,2020-03-29 18:00
24365,17,True,False,False,False,False,True,True,False,False,False,False,False,False,False,Dimanche-18-20h,OUI,Dimanche,2020-03-29 18:00
24366,177,False,False,False,False,False,False,False,False,False,False,False,False,False,False,Dimanche-18-20h,NON,Dimanche,2020-03-29 18:00
24367,7,False,False,False,False,False,False,False,False,False,False,False,False,False,False,Dimanche-18-20h,NON,Dimanche,2020-03-29 18:00
24368,241,False,False,True,False,False,False,False,False,False,False,False,False,False,False,Dimanche-18-20h,NON,Dimanche,2020-03-29 18:00
24369,8,True,False,False,False,True,True,False,True,False,False,False,False,False,False,Dimanche-18-20h,OUI,Dimanche,2020-03-29 18:00
24370,268,False,True,False,False,False,True,False,False,False,False,False,False,False,False,Dimanche-18-20h,OUI,Dimanche,2020-03-29 18:00
24371,294,False,False,True,False,True,False,False,False,False,False,False,False,False,False,Dimanche-18-20h,OUI,Dimanche,2020-03-29 18:00
24372,242,True,False,False,False,True,True,False,False,False,False,False,False,False,False,Dimanche-18-20h,NON,Dimanche,2020-03-29 18:00
24373,194,False,False,False,False,False,True,False,False,False,False,False,False,False,False,Dimanche-18-20h,NON,Dimanche,2020-03-29 18:00
24374,243,False,False,False,False,True,True,False,False,False,False,False,False,False,False,Dimanche-18-20h,OUI,Dimanche,2020-03-29 18:00
24375,212,True,True,True,False,False,True,False,False,False,False,False,False,False,False,Dimanche-18-20h,OUI,Dimanche,2020-03-29 18:00
24376,19,False,False,False,False,False,True,False,False,False,False,False,False,False,False,Dimanche-18-20h,OUI,Dimanche,2020-03-29 18:00
24377,114,False,False,False,False,True,False,False,False,False,False,False,False,False,False,Dimanche-18-20h,OUI,Dimanche,2020-03-29 18:00
24378,190,False,False,False,False,False,True,False,False,True,False,False,False,False,False,Dimanche-18-20h,NON,Dimanche,2020-03-29 18:00
24379,64,False,False,True,False,False,False,False,False,False,False,False,False,False,False,Dimanche-18-20h,OUI,Dimanche,2020-03-29 18:00
24380,227,False,False,False,False,False,False,False,False,False,False,False,False,False,False,Dimanche-18-20h,NON,Dimanche,2020-03-29 18:00
24381,232,False,False,False,False,False,True,False,False,False,False,False,False,False,False,Dimanche-18-20h,OUI,Dimanche,2020-03-29 18:00
24382,246,False,True,False,False,False,True,True,False,False,False,False,False,False,False,Dimanche-18-20h,OUI,Dimanche,2020-03-29 18:00
24383,100,False,False,False,False,False,True,False,False,False,False,False,False,False,False,Dimanche-18-20h,OUI,Dimanche,2020-03-29 18:00
24384,13,False,False,False,False,True,False,False,False,False,False,False,False,False,False,Dimanche-18-20h,OUI,Dimanche,2020-03-29 18:00
24385,262,True,True,True,False,False,False,False,False,False,False,False,False,False,False,Dimanche-18-20h,OUI,Dimanche,2020-03-29 18:00
24386,76,True,True,True,False,False,True,False,False,False,False,True,False,False,False,Dimanche-18-20h,OUI,Dimanche,2020-03-29 18:00
24387,261,False,True,False,False,True,False,False,False,False,False,False,False,False,False,Dimanche-18-20h,NON,Dimanche,2020-03-29 18:00
24388,150,False,True,False,False,False,False,False,False,False,False,False,False,False,False,Dimanche-18-20h,OUI,Dimanche,2020-03-29 18:00
24389,205,False,False,False,False,False,False,False,False,False,False,False,False,False,False,Dimanche-18-20h,NON,Dimanche,2020-03-29 18:00
24390,56,False,False,False,False,True,True,False,False,False,False,False,False,False,False,Dimanche-18-20h,OUI,Dimanche,2020-03-29 18:00
24391,186,False,False,False,False,True,False,False,False,False,False,False,False,False,False,Dimanche-18-20h,OUI,Dimanche,2020-03-29 18:00
24392,162,True,False,False,False,True,True,False,False,False,False,False,False,False,False,Dimanche-18-20h,OUI,Dimanche,2020-03-29 18:00
24393,68,False,True,False,False,True,True,False,False,False,False,False,False,False,False,Dimanche-18-20h,OUI,Dimanche,2020-03-29 18:00
24394,146,False,False,False,False,False,True,False,False,False,False,False,True,False,False,Dimanche-18-20h,OUI,Dimanche,2020-03-29 18:00
24395,49,False,False,False,False,False,False,False,False,False,False,False,False,True,False,Dimanche-18-20h,OUI,Dimanche,2020-03-29 18:00
24396,91,True,False,True,True,False,False,False,False,False,False,False,False,False,False,Dimanche-18-20h,OUI,Dimanche,2020-03-29 18:00
24397,22,False,False,False,False,False,False,False,False,False,True,False,False,False,False,Dimanche-18-20h,NON,Dimanche,2020-03-29 18:00
24398,151,False,False,False,False,True,False,False,False,False,False,False,False,False,False,Dimanche-18-20h,OUI,Dimanche,2020-03-29 18:00
24399,193,False,False,False,False,True,True,False,False,False,False,False,False,False,False,Dimanche-18-20h,OUI,Dimanche,2020-03-29 18:00
24400,9,True,True,False,False,False,False,False,False,False,False,False,False,False,False,Dimanche-18-20h,OUI,Dimanche,2020-03-29 18:00
24401,99,True,False,True,False,False,False,False,False,False,False,False,False,False,False,Dimanche-18-20h,NON,Dimanche,2020-03-29 18:00
24402,181,False,False,False,False,True,True,False,False,False,False,False,False,False,False,Dimanche-18-20h,OUI,Dimanche,2020-03-29 18:00
24403,111,False,False,False,False,False,True,False,True,False,False,False,False,False,False,Dimanche-18-20h,OUI,Dimanche,2020-03-29 18:00
24404,44,False,True,False,False,False,True,False,False,False,False,False,False,False,False,Dimanche-18-20h,NON,Dimanche,2020-03-29 18:00
24405,24,False,False,False,False,True,False,False,True,False,False,False,False,False,False,Dimanche-18-20h,OUI,Dimanche,2020-03-29 18:00
24406,102,False,False,False,False,True,True,False,True,False,False,False,False,False,False,Dimanche-18-20h,OUI,Dimanche,2020-03-29 18:00
24407,203,True,True,False,False,False,False,False,True,False,False,False,False,False,False,Dimanche-18-20h,NON,Dimanche,2020-03-29 18:00
24408,140,False,False,False,False,True,True,False,True,False,False,False,False,False,False,Dimanche-18-20h,NON,Dimanche,2020-03-29 18:00
24409,188,False,False,False,False,False,True,False,False,True,False,False,False,False,False,Dimanche-18-20h,NON,Dimanche,2020-03-29 18:00
24410,206,False,False,False,True,False,False,False,False,False,False,True,False,False,False,Dimanche-18-20h,NON,Dimanche,2020-03-29 18:00
24411,273,False,False,False,False,False,False,False,False,False,False,False,True,False,False,Dimanche-18-20h,OUI,Dimanche,2020-03-29 18:00
24412,69,True,False,True,False,False,False,False,False,False,False,False,False,False,False,Dimanche-18-20h,NON,Dimanche,2020-03-29 18:00
24413,87,True,False,False,True,False,False,False,False,False,False,True,False,False,False,Dimanche-18-20h,OUI,Dimanche,2020-03-29 18:00
24414,83,True,False,True,False,False,False,False,False,False,False,False,False,False,False,Dimanche-18-20h,NON,Dimanche,2020-03-29 18:00
24415,149,True,False,True,True,False,False,False,False,False,False,False,False,False,False,Dimanche-18-20h,OUI,Dimanche,2020-03-29 18:00
24416,274,False,False,False,False,False,True,False,False,False,False,False,False,False,False,Dimanche-18-20h,OUI,Dimanche,2020-03-29 18:00
24417,282,True,False,True,True,False,False,False,False,False,False,False,False,False,False,Dimanche-18-20h,NON,Dimanche,2020-03-29 18:00
24418,147,False,False,False,False,False,False,False,False,False,False,False,False,False,False,Dimanche-18-20h,NON,Dimanche,2020-03-29 18:00
24419,238,False,False,False,False,False,False,False,False,False,False,False,True,False,False,Dimanche-18-20h,OUI,Dimanche,2020-03-29 18:00
24420,201,False,False,False,False,False,False,False,False,False,False,False,False,False,False,Dimanche-18-20h,NON,Dimanche,2020-03-29 18:00
24421,152,False,True,False,False,False,False,False,False,False,False,False,False,False,False,Dimanche-18-20h,OUI,Dimanche,2020-03-29 18:00
24422,222,False,False,False,False,False,True,False,False,True,True,False,False,False,False,Dimanche-18-20h,OUI,Dimanche,2020-03-29 18:00
24423,106,False,False,False,False,False,True,False,False,False,False,False,True,False,False,Dimanche-18-20h,OUI,Dimanche,2020-03-29 18:00
24424,133,False,False,True,False,True,False,False,False,False,False,False,False,False,False,Dimanche-18-20h,OUI,Dimanche,2020-03-29 18:00
24425,163,False,False,False,False,True,False,False,False,False,False,False,False,False,False,Dimanche-18-20h,NON,Dimanche,2020-03-29 18:00
24426,231,False,False,False,False,False,False,False,False,False,False,False,False,False,False,Dimanche-18-20h,NON,Dimanche,2020-03-29 18:00
24427,25,False,False,False,False,True,False,False,False,False,False,False,False,False,False,Dimanche-18-20h,NON,Dimanche,2020-03-29 18:00
24428,196,False,False,True,False,True,False,False,True,False,False,False,False,False,False,Dimanche-18-20h,OUI,Dimanche,2020-03-29 18:00
24429,5,False,False,False,False,True,True,False,False,False,False,False,False,False,False,Dimanche-18-20h,OUI,Dimanche,2020-03-29 18:00
24430,90,False,True,False,False,False,False,False,False,False,False,False,False,False,False,Dimanche-18-20h,OUI,Dimanche,2020-03-29 18:00
24431,244,True,False,True,False,False,False,False,False,False,False,False,False,False,False,Dimanche-18-20h,NON,Dimanche,2020-03-29 18:00
24432,107,False,True,False,False,False,True,False,False,False,False,False,False,False,False,Dimanche-18-20h,OUI,Dimanche,2020-03-29 18:00
24433,218,False,True,False,False,True,True,False,False,False,False,False,False,False,False,Dimanche-18-20h,OUI,Dimanche,2020-03-29 18:00
24434,62,False,True,True,False,True,True,False,False,False,False,False,False,False,False,Dimanche-18-20h,OUI,Dimanche,2020-03-29 18:00
24435,79,False,True,False,False,False,False,False,False,False,False,False,False,False,False,Dimanche-18-20h,OUI,Dimanche,2020-03-29 18:00
24436,208,False,False,False,False,False,True,False,False,False,False,False,False,False,False,Dimanche-18-20h,OUI,Dimanche,2020-03-29 18:00
24437,270,False,False,False,False,False,False,False,False,True,False,False,False,False,False,Dimanche-18-20h,OUI,Dimanche,2020-03-29 18:00
24438,166,True,False,False,False,True,True,False,False,False,False,False,False,False,False,Dimanche-18-20h,OUI,Dimanche,2020-03-29 18:00
24439,77,False,False,True,False,True,False,False,False,False,False,False,False,False,False,Dimanche-18-20h,OUI,Dimanche,2020-03-29 18:00
24440,29,False,False,False,False,False,True,False,False,False,False,False,True,False,False,Dimanche-18-20h,OUI,Dimanche,2020-03-29 18:00
24441,240,False,False,False,False,False,True,False,False,False,False,False,False,False,False,Dimanche-18-20h,OUI,Dimanche,2020-03-29 18:00
24442,184,False,True,False,False,False,False,False,False,False,False,False,False,False,False,Dimanche-18-20h,OUI,Dimanche,2020-03-29 18:00
24443,277,False,True,True,False,False,True,False,False,False,False,False,False,False,False,Dimanche-18-20h,OUI,Dimanche,2020-03-29 18:00
24444,80,True,False,False,False,False,True,False,False,False,True,False,False,False,False,Dimanche-18-20h,NON,Dimanche,2020-03-29 18:00
24445,185,True,True,True,False,False,True,False,False,False,False,True,False,True,False,Dimanche-18-20h,NON,Dimanche,2020-03-29 18:00
24446,204,False,False,False,False,True,True,False,False,False,False,False,True,False,False,Dimanche-18-20h,OUI,Dimanche,2020-03-29 18:00
24447,252,True,True,True,False,False,True,False,False,False,False,False,False,False,False,Dimanche-18-20h,OUI,Dimanche,2020-03-29 18:00
24448,26,False,False,False,False,True,False,False,False,False,False,False,False,False,False,Dimanche-18-20h,OUI,Dimanche,2020-03-29 18:00
24449,70,False,False,False,False,True,False,False,False,False,False,False,True,False,False,Dimanche-18-20h,NON,Dimanche,2020-03-29 18:00
24450,233,False,False,False,False,True,False,False,False,False,False,False,False,False,False,Dimanche-18-20h,OUI,Dimanche,2020-03-29 18:00
24451,37,True,True,True,False,True,True,False,False,False,False,False,False,False,False,Dimanche-18-20h,NON,Dimanche,2020-03-29 18:00
24452,185,False,False,True,False,False,False,False,False,False,False,False,False,False,False,Dimanche-18-20h,OUI,Dimanche,2020-03-29 18:00
24453,138,True,False,False,False,True,True,False,False,False,False,False,False,False,False,Dimanche-18-20h,OUI,Dimanche,2020-03-29 18:00
24454,224,True,False,True,False,False,False,False,False,False,False,False,False,False,False,Dimanche-18-20h,OUI,Dimanche,2020-03-29 18:00
24455,66,False,False,False,False,True,True,False,False,False,False,False,False,True,False,Dimanche-18-20h,OUI,Dimanche,2020-03-29 18:00
24456,211,False,False,True,False,False,False,False,False,False,False,False,False,True,False,Dimanche-18-20h,OUI,Dimanche,2020-03-29 18:00
24457,14,False,False,False,False,True,True,False,False,False,False,False,False,False,False,Dimanche-18-20h,NON,Dimanche,2020-03-29 18:00
24458,145,False,False,False,False,True,False,False,False,False,False,False,False,False,False,Dimanche-18-20h,NON,Dimanche,2020-03-29 18:00
24459,36,False,False,False,False,False,False,False,False,False,False,False,True,False,False,Dimanche-18-20h,OUI,Dimanche,2020-03-29 18:00
24460,60,True,True,True,False,False,True,False,False,False,False,False,False,False,False,Dimanche-18-20h,NON,Dimanche,2020-03-29 18:00
24461,137,True,True,True,False,False,True,False,False,False,False,True,False,False,False,Dimanche-18-20h,OUI,Dimanche,2020-03-29 18:00
24462,285,False,True,False,False,True,True,False,False,False,False,False,False,False,False,Dimanche-18-20h,OUI,Dimanche,2020-03-29 18:00
24463,40,False,True,True,False,True,True,False,False,False,False,False,False,False,False,Dimanche-18-20h,OUI,Dimanche,2020-03-29 18:00
24464,97,False,False,False,False,False,True,False,False,False,False,False,False,False,False,Dimanche-18-20h,NON,Dimanche,2020-03-29 18:00
24465,109,True,False,True,True,False,False,False,False,False,False,False,False,False,False,Dimanche-18-20h,NON,Dimanche,2020-03-29 18:00
24466,10,False,False,False,False,False,False,False,False,False,False,False,False,False,False,Dimanche-18-20h,NON,Dimanche,2020-03-29 18:00
24467,256,False,False,False,False,False,False,False,False,False,False,False,True,False,False,Dimanche-18-20h,NON,Dimanche,2020-03-29 18:00
24468,141,True,True,True,False,False,False,False,False,False,False,True,False,False,False,Dimanche-18-20h,NON,Dimanche,2020-03-29 18:00
24469,28,False,False,False,False,False,False,False,False,False,False,False,False,False,False,Dimanche-18-20h,NON,Dimanche,2020-03-29 18:00
24470,101,True,True,True,True,True,True,False,False,False,False,False,False,False,False,Dimanche-18-20h,OUI,Dimanche,2020-03-29 18:00
24471,48,True,False,True,False,True,False,False,False,False,False,False,False,True,False,Dimanche-18-20h,OUI,Dimanche,2020-03-29 18:00
24472,27,False,False,False,False,False,True,False,False,False,False,False,False,False,False,Dimanche-18-20h,OUI,Dimanche,2020-03-29 18:00
24473,142,True,False,True,False,False,False,False,False,False,False,True,False,True,False,Dimanche-18-20h,NON,Dimanche,2020-03-29 18:00
24474,234,False,False,True,False,False,False,False,False,False,False,True,False,False,False,Dimanche-18-20h,OUI,Dimanche,2020-03-29 18:00
24475,23,False,False,False,False,True,False,False,False,False,False,False,False,False,False,Dimanche-18-20h,OUI,Dimanche,2020-03-29 18:00
24476,195,False,False,False,False,True,False,False,False,True,False,False,False,False,False,Dimanche-18-20h,OUI,Dimanche,2020-03-29 18:00
24477,275,False,False,False,False,False,False,False,False,False,False,False,True,False,False,Dimanche-18-20h,NON,Dimanche,2020-03-29 18:00
24478,226,False,False,False,False,True,True,False,False,False,False,False,False,False,False,Dimanche-18-20h,OUI,Dimanche,2020-03-29 18:00
24479,207,False,False,True,False,False,False,False,False,False,False,False,False,False,False,Dimanche-18-20h,OUI,Dimanche,2020-03-29 18:00
24480,57,False,False,False,False,False,False,False,False,False,False,False,False,False,False,Dimanche-18-20h,NON,Dimanche,2020-03-29 18:00
24481,4,False,True,False,False,False,True,False,False,False,False,False,False,False,False,Dimanche-18-20h,NON,Dimanche,2020-03-29 18:00
24482,265,False,False,False,False,False,True,False,False,False,False,False,False,False,False,Dimanche-18-20h,OUI,Dimanche,2020-03-29 18:00
24483,88,False,True,False,False,False,False,False,False,False,False,False,False,False,False,Dimanche-18-20h,NON,Dimanche,2020-03-29 18:00
24484,198,False,False,False,False,False,False,False,False,False,False,True,False,False,False,Dimanche-18-20h,OUI,Dimanche,2020-03-29 18:00
24485,249,True,True,True,False,False,False,False,False,False,False,False,False,False,False,Dimanche-18-20h,NON,Dimanche,2020-03-29 18:00
24486,263,False,False,False,False,True,True,False,False,False,False,False,False,False,False,Dimanche-18-20h,OUI,Dimanche,2020-03-29 18:00
24487,217,True,False,True,False,False,False,False,False,False,False,False,False,True,False,Dimanche-18-20h,OUI,Dimanche,2020-03-29 18:00
24488,278,False,False,False,False,True,True,False,False,False,False,False,False,False,False,Dimanche-18-20h,NON,Dimanche,2020-03-29 18:00
24489,189,False,True,False,False,False,False,False,False,False,False,False,False,False,False,Dimanche-18-20h,NON,Dimanche,2020-03-29 18:00
24490,61,True,False,True,False,False,False,False,False,False,False,False,False,False,False,Dimanche-18-20h,OUI,Dimanche,2020-03-29 18:00
24491,251,False,False,False,False,False,False,False,False,False,False,False,False,True,False,Dimanche-18-20h,NON,Dimanche,2020-03-29 18:00
24492,281,False,True,False,False,False,False,False,False,False,False,False,False,False,False,Dimanche-18-20h,OUI,Dimanche,2020-03-29 18:00
24493,134,False,True,False,False,False,False,False,False,False,False,False,False,False,False,Dimanche-18-20h,OUI,Dimanche,2020-03-29 18:00
24494,293,False,True,False,False,False,True,False,False,False,False,False,False,False,False,Dimanche-18-20h,NON,Dimanche,2020-03-29 18:00
24495,279,True,True,True,True,False,True,False,False,False,False,False,False,False,False,Dimanche-18-20h,NON,Dimanche,2020-03-29 18:00
24496,81,True,False,True,True,False,False,False,True,False,False,False,False,False,False,Dimanche-18-20h,OUI,Dimanche,2020-03-29 18:00
24497,92,True,False,False,True,False,False,False,False,False,False,True,False,False,False,Dimanche-18-20h,NON,Dimanche,2020-03-29 18:00
24498,147,False,False,False,False,False,False,False,False,False,False,False,False,False,False,Dimanche-18-20h,NON,Dimanche,2020-03-29 18:00
24499,33,False,True,False,False,True,False,False,False,False,False,False,False,False,False,Dimanche-18-20h,OUI,Dimanche,2020-03-29 18:00
24500,266,False,False,False,False,False,False,False,False,False,False,False,False,False,False,Dimanche-18-20h,NON,Dimanche,2020-03-29 18:00
24501,225,True,False,False,False,False,True,False,False,False,False,False,False,False,False,Dimanche-18-20h,OUI,Dimanche,2020-03-29 18:00
24502,83,True,False,True,False,False,False,False,False,False,False,False,False,False,False,Dimanche-18-20h,OUI,Dimanche,2020-03-29 18:00
24503,95,False,False,False,False,True,True,False,True,False,False,False,False,False,False,Dimanche-18-20h,NON,Dimanche,2020-03-29 18:00
24504,127,False,False,False,False,True,False,False,False,False,False,False,False,False,False,Dimanche-18-20h,NON,Dimanche,2020-03-29 18:00
24505,20,False,False,False,False,False,False,False,False,False,False,False,False,False,False,Dimanche-18-20h,NON,Dimanche,2020-03-29 18:00
24506,89,False,False,False,False,False,False,False,False,True,False,False,False,False,False,Dimanche-18-20h,OUI,Dimanche,2020-03-29 18:00
24507,120,False,True,True,False,True,True,False,True,False,False,True,False,False,False,Dimanche-18-20h,OUI,Dimanche,2020-03-29 18:00
24508,253,False,False,False,False,True,True,False,False,False,False,False,True,False,False,Dimanche-18-20h,NON,Dimanche,2020-03-29 18:00
24509,52,False,False,True,False,False,False,False,False,False,False,False,False,False,False,Dimanche-18-20h,NON,Dimanche,2020-03-29 18:00
24510,168,True,False,True,False,False,False,False,True,False,False,False,False,False,False,Dimanche-18-20h,OUI,Dimanche,2020-03-29 18:00
24511,202,False,True,False,False,False,False,False,False,False,False,False,False,False,False,Dimanche-18-20h,OUI,Dimanche,2020-03-29 18:00
24512,172,False,False,False,False,True,False,False,False,False,False,False,False,False,False,Dimanche-18-20h,OUI,Dimanche,2020-03-29 18:00
24513,239,False,False,False,False,True,True,False,False,False,False,False,False,False,False,Dimanche-18-20h,OUI,Dimanche,2020-03-29 18:00
24514,85,False,False,False,False,True,False,False,False,False,False,False,False,False,False,Dimanche-18-20h,OUI,Dimanche,2020-03-29 18:00
24515,215,False,False,False,False,False,False,False,False,True,False,False,False,False,False,Dimanche-18-20h,OUI,Dimanche,2020-03-29 18:00
24516,260,True,False,True,False,False,False,False,False,False,False,False,False,False,False,Dimanche-18-20h,NON,Dimanche,2020-03-29 18:00
24517,286,True,True,False,False,True,False,False,False,False,False,False,False,False,False,Dimanche-18-20h,OUI,Dimanche,2020-03-29 18:00
24518,72,False,True,False,False,False,False,False,False,False,False,False,False,False,False,Dimanche-20-22h,OUI,Dimanche,2020-03-29 20:00
24519,167,True,True,True,True,True,True,False,False,False,False,False,False,False,False,Dimanche-20-22h,OUI,Dimanche,2020-03-29 20:00
24520,130,True,False,True,False,False,False,False,True,False,False,False,False,True,True,Dimanche-20-22h,NON,Dimanche,2020-03-29 20:00
24521,288,True,True,True,False,True,False,False,False,False,False,False,False,False,False,Dimanche-20-22h,OUI,Dimanche,2020-03-29 20:00
24522,59,False,False,False,False,False,True,False,False,False,False,False,False,False,False,Dimanche-20-22h,NON,Dimanche,2020-03-29 20:00
24523,178,True,False,False,False,False,False,False,False,False,False,True,False,False,False,Dimanche-20-22h,OUI,Dimanche,2020-03-29 20:00
24524,254,False,False,False,False,False,False,False,False,False,False,False,True,False,False,Dimanche-20-22h,NON,Dimanche,2020-03-29 20:00
24525,34,False,False,False,False,False,False,False,False,False,False,False,False,False,False,Dimanche-20-22h,NON,Dimanche,2020-03-29 20:00
24526,264,False,False,False,False,True,True,True,False,False,False,False,False,False,False,Dimanche-20-22h,OUI,Dimanche,2020-03-29 20:00
24527,158,True,False,False,False,True,False,False,False,False,True,False,False,False,False,Dimanche-20-22h,OUI,Dimanche,2020-03-29 20:00
24528,210,False,True,False,False,True,True,False,False,False,False,False,False,False,False,Dimanche-20-22h,NON,Dimanche,2020-03-29 20:00
24529,93,False,False,False,False,True,False,False,False,False,False,False,False,True,False,Dimanche-20-22h,OUI,Dimanche,2020-03-29 20:00
24530,144,True,False,True,False,True,False,False,False,False,False,False,False,False,False,Dimanche-20-22h,OUI,Dimanche,2020-03-29 20:00
24531,164,False,True,False,False,True,True,False,False,False,False,False,False,False,False,Dimanche-20-22h,OUI,Dimanche,2020-03-29 20:00
24532,289,False,False,False,False,True,True,False,False,False,False,False,False,False,False,Dimanche-20-22h,OUI,Dimanche,2020-03-29 20:00
24533,50,False,False,False,False,False,False,False,False,False,False,False,False,False,False,Dimanche-20-22h,NON,Dimanche,2020-03-29 20:00
24534,51,True,True,False,False,True,False,False,False,False,False,False,False,False,False,Dimanche-20-22h,OUI,Dimanche,2020-03-29 20:00
24535,247,False,False,True,False,False,False,False,False,False,False,False,False,False,False,Dimanche-20-22h,OUI,Dimanche,2020-03-29 20:00
24536,159,False,False,False,False,False,False,False,True,False,False,False,False,False,False,Dimanche-20-22h,NON,Dimanche,2020-03-29 20:00
24537,54,False,False,False,False,False,True,False,False,False,False,False,False,False,False,Dimanche-20-22h,NON,Dimanche,2020-03-29 20:00
24538,55,True,False,False,False,True,True,False,True,False,False,False,False,False,False,Dimanche-20-22h,OUI,Dimanche,2020-03-29 20:00
24539,257,False,False,False,False,True,False,False,False,False,False,False,False,False,False,Dimanche-20-22h,OUI,Dimanche,2020-03-29 20:00
24540,67,False,False,False,False,False,False,False,False,False,False,False,False,False,False,Dimanche-20-22h,NON,Dimanche,2020-03-29 20:00
24541,71,True,False,True,False,False,False,False,False,False,False,False,False,False,False,Dimanche-20-22h,NON,Dimanche,2020-03-29 20:00
24542,280,False,False,False,False,False,True,False,False,False,False,False,False,False,False,Dimanche-20-22h,OUI,Dimanche,2020-03-29 20:00
24543,283,True,True,False,False,False,False,False,False,False,False,False,False,False,False,Dimanche-20-22h,OUI,Dimanche,2020-03-29 20:00
24544,154,False,False,False,False,True,True,False,False,False,False,False,True,False,False,Dimanche-20-22h,OUI,Dimanche,2020-03-29 20:00
24545,171,False,False,False,False,False,False,False,False,False,False,False,True,False,False,Dimanche-20-22h,OUI,Dimanche,2020-03-29 20:00
24546,131,False,False,True,False,False,False,False,False,False,False,False,False,False,False,Dimanche-20-22h,NON,Dimanche,2020-03-29 20:00
24547,237,True,False,False,False,False,True,True,False,False,False,False,False,True,False,Dimanche-20-22h,OUI,Dimanche,2020-03-29 20:00
24548,75,False,False,False,False,True,True,False,False,False,False,False,False,False,False,Dimanche-20-22h,NON,Dimanche,2020-03-29 20:00
24549,235,True,False,False,False,True,False,False,False,False,False,False,False,False,False,Dimanche-20-22h,OUI,Dimanche,2020-03-29 20:00
24550,180,False,False,False,False,True,True,False,False,False,False,False,False,False,False,Dimanche-20-22h,OUI,Dimanche,2020-03-29 20:00
24551,219,False,False,False,False,False,True,False,False,False,False,False,False,False,False,Dimanche-20-22h,NON,Dimanche,2020-03-29 20:00
24552,250,False,False,False,False,False,False,False,False,True,False,False,False,False,False,Dimanche-20-22h,NON,Dimanche,2020-03-29 20:00
24553,267,True,True,False,False,False,False,False,False,False,False,False,False,False,False,Dimanche-20-22h,OUI,Dimanche,2020-03-29 20:00
24554,160,False,True,False,False,False,True,False,False,False,False,False,False,False,False,Dimanche-20-22h,OUI,Dimanche,2020-03-29 20:00
24555,182,False,True,False,False,True,True,True,False,False,False,False,False,False,False,Dimanche-20-22h,OUI,Dimanche,2020-03-29 20:00
24556,143,False,False,False,False,False,False,False,True,False,False,True,False,False,False,Dimanche-20-22h,OUI,Dimanche,2020-03-29 20:00
24557,223,True,True,False,False,False,False,False,False,False,False,False,False,False,False,Dimanche-20-22h,OUI,Dimanche,2020-03-29 20:00
24558,192,True,False,True,False,False,False,False,False,False,False,False,False,False,False,Dimanche-20-22h,NON,Dimanche,2020-03-29 20:00
24559,30,False,False,True,False,False,False,False,True,False,False,False,False,False,False,Dimanche-20-22h,OUI,Dimanche,2020-03-29 20:00
24560,125,True,False,False,False,True,False,False,True,False,False,False,False,False,False,Dimanche-20-22h,OUI,Dimanche,2020-03-29 20:00
24561,39,False,False,True,False,True,False,False,True,False,False,False,False,False,False,Dimanche-20-22h,OUI,Dimanche,2020-03-29 20:00
24562,113,True,False,True,False,False,False,False,False,False,False,False,False,False,False,Dimanche-20-22h,OUI,Dimanche,2020-03-29 20:00
24563,121,True,False,True,False,False,False,False,True,False,False,False,False,False,False,Dimanche-20-22h,NON,Dimanche,2020-03-29 20:00
24564,228,False,False,False,False,False,False,False,False,False,False,True,False,False,False,Dimanche-20-22h,OUI,Dimanche,2020-03-29 20:00
24565,290,False,False,False,False,False,False,False,False,True,False,False,False,False,False,Dimanche-20-22h,OUI,Dimanche,2020-03-29 20:00
24566,197,False,False,True,False,True,False,False,False,False,False,False,False,False,False,Dimanche-20-22h,NON,Dimanche,2020-03-29 20:00
24567,31,True,True,True,False,False,True,False,False,False,False,False,False,False,False,Dimanche-20-22h,OUI,Dimanche,2020-03-29 20:00
24568,173,True,False,False,False,True,True,False,True,False,False,False,False,False,False,Dimanche-20-22h,NON,Dimanche,2020-03-29 20:00
24569,74,True,False,False,True,False,False,False,True,False,False,True,False,False,False,Dimanche-20-22h,OUI,Dimanche,2020-03-29 20:00
24570,15,False,False,True,False,False,False,False,False,False,False,False,False,False,False,Dimanche-20-22h,OUI,Dimanche,2020-03-29 20:00
24571,45,True,False,False,False,True,True,False,True,False,False,False,False,False,False,Dimanche-20-22h,OUI,Dimanche,2020-03-29 20:00
24572,63,False,False,True,False,False,False,False,False,False,False,False,False,False,False,Dimanche-20-22h,OUI,Dimanche,2020-03-29 20:00
24573,3,False,False,False,False,False,True,False,False,False,False,False,True,False,False,Dimanche-20-22h,OUI,Dimanche,2020-03-29 20:00
24574,21,True,False,True,False,False,False,False,False,False,False,False,False,False,False,Dimanche-20-22h,OUI,Dimanche,2020-03-29 20:00
24575,78,False,True,True,False,True,True,False,True,False,False,False,False,False,False,Dimanche-20-22h,OUI,Dimanche,2020-03-29 20:00
24576,47,False,True,False,False,False,False,False,False,False,False,False,False,False,False,Dimanche-20-22h,OUI,Dimanche,2020-03-29 20:00
24577,151,True,True,False,False,True,False,False,True,False,False,False,False,False,False,Dimanche-20-22h,OUI,Dimanche,2020-03-29 20:00
24578,6,True,False,True,False,False,False,False,False,False,False,False,False,False,False,Dimanche-20-22h,OUI,Dimanche,2020-03-29 20:00
24579,135,True,False,True,False,False,False,False,False,False,False,False,False,True,False,Dimanche-20-22h,OUI,Dimanche,2020-03-29 20:00
24580,221,False,False,False,False,True,True,False,False,False,False,False,False,False,False,Dimanche-20-22h,OUI,Dimanche,2020-03-29 20:00
24581,170,False,False,True,False,False,False,False,False,False,False,True,False,False,True,Dimanche-20-22h,OUI,Dimanche,2020-03-29 20:00
24582,129,False,True,False,False,False,False,False,False,False,False,False,False,False,False,Dimanche-20-22h,OUI,Dimanche,2020-03-29 20:00
24583,132,True,True,True,False,False,True,False,False,False,False,False,False,False,False,Dimanche-20-22h,OUI,Dimanche,2020-03-29 20:00
24584,110,False,True,False,False,False,False,False,False,False,False,False,False,False,False,Dimanche-20-22h,OUI,Dimanche,2020-03-29 20:00
24585,191,False,False,False,False,False,True,False,False,False,False,False,False,False,False,Dimanche-20-22h,OUI,Dimanche,2020-03-29 20:00
24586,94,True,True,True,False,False,True,False,False,False,False,True,False,True,False,Dimanche-20-22h,NON,Dimanche,2020-03-29 20:00
24587,108,False,False,False,False,False,True,True,False,False,False,False,False,False,False,Dimanche-20-22h,OUI,Dimanche,2020-03-29 20:00
24588,236,False,False,False,False,True,True,False,False,False,False,False,False,False,False,Dimanche-20-22h,OUI,Dimanche,2020-03-29 20:00
24589,42,True,False,True,False,True,False,False,False,False,False,False,False,False,False,Dimanche-20-22h,OUI,Dimanche,2020-03-29 20:00
24590,155,True,False,False,False,True,False,False,False,False,False,False,False,False,False,Dimanche-20-22h,OUI,Dimanche,2020-03-29 20:00
24591,1,False,False,False,False,False,False,False,False,False,False,False,False,False,False,Dimanche-20-22h,NON,Dimanche,2020-03-29 20:00
24592,58,False,True,True,False,False,True,False,False,False,False,True,False,False,False,Dimanche-20-22h,OUI,Dimanche,2020-03-29 20:00
24593,0,False,True,False,False,False,False,False,False,False,False,False,False,False,False,Dimanche-20-22h,OUI,Dimanche,2020-03-29 20:00
24594,269,False,False,False,False,False,False,False,False,False,False,False,False,False,False,Dimanche-20-22h,NON,Dimanche,2020-03-29 20:00
24595,2,True,False,True,False,False,False,False,False,False,False,False,False,False,False,Dimanche-20-22h,OUI,Dimanche,2020-03-29 20:00
24596,103,False,False,False,False,True,False,False,False,False,False,False,False,False,False,Dimanche-20-22h,NON,Dimanche,2020-03-29 20:00
24597,12,False,True,False,False,True,False,False,False,False,False,False,False,False,False,Dimanche-20-22h,OUI,Dimanche,2020-03-29 20:00
24598,245,True,False,False,False,True,True,False,True,False,False,False,False,False,False,Dimanche-20-22h,NON,Dimanche,2020-03-29 20:00
24599,161,False,False,True,False,False,False,False,False,False,False,True,False,False,False,Dimanche-20-22h,OUI,Dimanche,2020-03-29 20:00
24600,38,False,False,False,False,False,False,False,False,True,False,False,False,False,False,Dimanche-20-22h,NON,Dimanche,2020-03-29 20:00
24601,122,False,False,False,False,False,False,False,False,False,False,False,False,False,False,Dimanche-20-22h,NON,Dimanche,2020-03-29 20:00
24602,248,False,False,True,False,False,False,False,False,False,False,False,False,True,False,Dimanche-20-22h,OUI,Dimanche,2020-03-29 20:00
24603,271,False,True,True,False,False,True,False,False,False,False,False,False,False,False,Dimanche-20-22h,OUI,Dimanche,2020-03-29 20:00
24604,116,False,False,True,False,False,False,False,False,False,False,False,False,False,False,Dimanche-20-22h,OUI,Dimanche,2020-03-29 20:00
24605,117,True,True,True,True,False,True,False,False,False,False,False,False,False,False,Dimanche-20-22h,NON,Dimanche,2020-03-29 20:00
24606,213,False,False,False,False,True,True,False,True,False,False,False,False,False,False,Dimanche-20-22h,NON,Dimanche,2020-03-29 20:00
24607,220,False,True,True,False,False,True,False,False,False,False,False,False,False,False,Dimanche-20-22h,OUI,Dimanche,2020-03-29 20:00
24608,176,False,False,True,False,False,False,False,False,False,False,False,False,False,False,Dimanche-20-22h,OUI,Dimanche,2020-03-29 20:00
24609,96,False,False,False,False,True,True,False,False,False,True,False,False,False,False,Dimanche-20-22h,NON,Dimanche,2020-03-29 20:00
24610,214,False,False,False,False,True,True,False,False,False,True,False,False,False,False,Dimanche-20-22h,OUI,Dimanche,2020-03-29 20:00
24611,11,True,False,False,True,False,False,False,False,False,False,True,False,False,False,Dimanche-20-22h,OUI,Dimanche,2020-03-29 20:00
24612,255,True,False,True,False,False,False,False,True,False,False,False,False,False,False,Dimanche-20-22h,NON,Dimanche,2020-03-29 20:00
24613,86,False,False,True,False,False,False,False,False,False,False,False,False,False,False,Dimanche-20-22h,NON,Dimanche,2020-03-29 20:00
24614,209,True,False,False,False,True,True,False,True,False,False,False,False,False,False,Dimanche-20-22h,OUI,Dimanche,2020-03-29 20:00
24615,291,False,False,False,False,False,True,False,False,True,False,False,False,False,False,Dimanche-20-22h,OUI,Dimanche,2020-03-29 20:00
24616,287,False,False,False,False,False,False,False,False,False,False,False,True,False,False,Dimanche-20-22h,OUI,Dimanche,2020-03-29 20:00
24617,104,False,False,False,False,True,True,False,False,False,False,False,False,False,False,Dimanche-20-22h,NON,Dimanche,2020-03-29 20:00
24618,18,False,False,False,False,True,False,False,False,False,False,False,False,False,False,Dimanche-20-22h,OUI,Dimanche,2020-03-29 20:00
24619,123,False,True,False,False,True,True,False,False,False,False,False,False,False,False,Dimanche-20-22h,NON,Dimanche,2020-03-29 20:00
24620,136,False,False,False,False,True,False,False,False,False,False,False,False,False,False,Dimanche-20-22h,OUI,Dimanche,2020-03-29 20:00
24621,276,True,False,True,False,False,False,False,False,False,False,False,False,False,False,Dimanche-20-22h,OUI,Dimanche,2020-03-29 20:00
24622,53,False,False,False,False,True,True,False,False,False,False,False,False,False,False,Dimanche-20-22h,OUI,Dimanche,2020-03-29 20:00
24623,179,True,False,True,False,False,False,False,False,False,False,False,False,False,False,Dimanche-20-22h,OUI,Dimanche,2020-03-29 20:00
24624,200,False,False,False,False,False,False,False,False,False,False,False,False,False,False,Dimanche-20-22h,NON,Dimanche,2020-03-29 20:00
24625,73,False,False,False,False,False,False,False,False,False,False,False,False,False,False,Dimanche-20-22h,NON,Dimanche,2020-03-29 20:00
24626,156,False,False,False,False,True,True,False,False,False,False,False,False,False,False,Dimanche-20-22h,OUI,Dimanche,2020-03-29 20:00
24627,128,True,True,True,False,False,True,False,False,False,False,False,False,False,False,Dimanche-20-22h,OUI,Dimanche,2020-03-29 20:00
24628,118,False,False,False,False,False,False,False,False,False,False,False,False,False,False,Dimanche-20-22h,NON,Dimanche,2020-03-29 20:00
24629,112,True,False,True,False,False,False,False,False,False,False,False,False,False,False,Dimanche-20-22h,OUI,Dimanche,2020-03-29 20:00
24630,35,False,False,False,False,True,True,False,False,False,False,False,False,False,False,Dimanche-20-22h,OUI,Dimanche,2020-03-29 20:00
24631,32,False,False,False,False,False,False,False,False,False,False,False,True,False,False,Dimanche-20-22h,NON,Dimanche,2020-03-29 20:00
24632,199,True,False,True,False,False,False,False,False,False,False,False,False,False,False,Dimanche-20-22h,OUI,Dimanche,2020-03-29 20:00
24633,153,True,False,False,False,True,True,False,False,False,False,False,False,False,False,Dimanche-20-22h,NON,Dimanche,2020-03-29 20:00
24634,82,False,False,True,False,False,False,False,False,False,False,False,False,False,False,Dimanche-20-22h,OUI,Dimanche,2020-03-29 20:00
24635,292,False,True,False,False,False,False,False,False,False,False,False,False,False,False,Dimanche-20-22h,OUI,Dimanche,2020-03-29 20:00
24636,169,False,False,False,True,False,False,False,False,False,False,False,False,False,False,Dimanche-20-22h,NON,Dimanche,2020-03-29 20:00
24637,16,False,False,False,False,True,True,False,False,False,False,False,False,False,False,Dimanche-20-22h,OUI,Dimanche,2020-03-29 20:00
24638,46,True,True,True,False,False,True,True,False,False,False,False,False,False,False,Dimanche-20-22h,NON,Dimanche,2020-03-29 20:00
24639,216,False,True,False,False,False,True,False,False,False,False,False,False,False,False,Dimanche-20-22h,OUI,Dimanche,2020-03-29 20:00
24640,174,False,True,True,False,False,True,False,False,False,False,True,False,False,False,Dimanche-20-22h,OUI,Dimanche,2020-03-29 20:00
24641,43,False,False,False,False,True,False,False,False,False,False,False,False,False,False,Dimanche-20-22h,NON,Dimanche,2020-03-29 20:00
24642,165,False,False,False,False,True,True,False,False,False,False,False,False,False,False,Dimanche-20-22h,OUI,Dimanche,2020-03-29 20:00
24643,126,False,True,False,False,False,True,False,False,False,False,False,False,False,False,Dimanche-20-22h,OUI,Dimanche,2020-03-29 20:00
24644,41,False,False,False,False,False,True,False,False,True,False,False,False,False,False,Dimanche-20-22h,NON,Dimanche,2020-03-29 20:00
24645,157,False,False,True,False,False,False,False,False,False,False,False,False,False,False,Dimanche-20-22h,NON,Dimanche,2020-03-29 20:00
24646,272,False,True,True,False,False,False,True,False,False,False,True,False,True,True,Dimanche-20-22h,OUI,Dimanche,2020-03-29 20:00
24647,115,True,False,True,False,False,False,False,False,False,False,False,False,False,False,Dimanche-20-22h,OUI,Dimanche,2020-03-29 20:00
24648,84,False,False,False,False,False,False,False,False,False,False,False,True,False,False,Dimanche-20-22h,OUI,Dimanche,2020-03-29 20:00
24649,183,True,True,True,True,False,False,False,False,False,False,False,False,False,False,Dimanche-20-22h,NON,Dimanche,2020-03-29 20:00
24650,65,True,True,False,False,False,True,False,False,False,False,False,False,False,False,Dimanche-20-22h,OUI,Dimanche,2020-03-29 20:00
24651,105,True,False,False,False,False,False,False,False,False,False,False,False,False,False,Dimanche-20-22h,OUI,Dimanche,2020-03-29 20:00
24652,187,True,False,False,False,False,True,False,False,False,False,False,False,False,False,Dimanche-20-22h,OUI,Dimanche,2020-03-29 20:00
24653,139,True,False,True,False,False,False,False,False,False,False,False,False,False,False,Dimanche-20-22h,NON,Dimanche,2020-03-29 20:00
24654,259,False,False,False,False,True,True,False,False,False,False,False,False,False,False,Dimanche-20-22h,NON,Dimanche,2020-03-29 20:00
24655,124,True,False,True,False,False,False,False,False,False,False,True,False,False,False,Dimanche-20-22h,OUI,Dimanche,2020-03-29 20:00
24656,98,False,False,False,False,False,True,False,False,False,False,False,True,False,False,Dimanche-20-22h,OUI,Dimanche,2020-03-29 20:00
24657,284,False,True,True,False,False,True,False,False,False,False,False,False,True,False,Dimanche-20-22h,OUI,Dimanche,2020-03-29 20:00
24658,148,True,False,True,False,True,False,False,True,False,False,False,False,False,False,Dimanche-20-22h,NON,Dimanche,2020-03-29 20:00
24659,258,True,False,True,False,False,False,False,False,False,False,False,False,False,False,Dimanche-20-22h,OUI,Dimanche,2020-03-29 20:00
24660,175,False,False,False,False,False,True,False,False,False,False,False,False,False,False,Dimanche-20-22h,NON,Dimanche,2020-03-29 20:00
24661,119,False,False,False,False,False,False,False,False,False,False,True,False,False,False,Dimanche-20-22h,NON,Dimanche,2020-03-29 20:00
24662,229,True,False,True,False,False,False,False,True,False,False,False,False,False,False,Dimanche-20-22h,NON,Dimanche,2020-03-29 20:00
24663,230,False,False,False,False,False,True,True,False,False,False,False,False,False,False,Dimanche-20-22h,NON,Dimanche,2020-03-29 20:00
24664,17,True,False,False,False,False,True,True,False,False,False,False,False,False,False,Dimanche-20-22h,OUI,Dimanche,2020-03-29 20:00
24665,177,False,False,False,False,False,False,False,False,False,False,False,False,False,False,Dimanche-20-22h,NON,Dimanche,2020-03-29 20:00
24666,7,False,False,False,False,False,False,False,False,False,False,False,False,False,False,Dimanche-20-22h,NON,Dimanche,2020-03-29 20:00
24667,241,False,False,True,False,False,False,False,False,False,False,False,False,False,False,Dimanche-20-22h,NON,Dimanche,2020-03-29 20:00
24668,8,True,False,False,False,True,True,False,True,False,False,False,False,False,False,Dimanche-20-22h,NON,Dimanche,2020-03-29 20:00
24669,268,False,True,False,False,False,True,False,False,False,False,False,False,False,False,Dimanche-20-22h,OUI,Dimanche,2020-03-29 20:00
24670,294,False,False,True,False,True,False,False,False,False,False,False,False,False,False,Dimanche-20-22h,OUI,Dimanche,2020-03-29 20:00
24671,242,True,False,False,False,True,True,False,False,False,False,False,False,False,False,Dimanche-20-22h,NON,Dimanche,2020-03-29 20:00
24672,194,False,False,False,False,False,True,False,False,False,False,False,False,False,False,Dimanche-20-22h,NON,Dimanche,2020-03-29 20:00
24673,243,False,False,False,False,True,True,False,False,False,False,False,False,False,False,Dimanche-20-22h,OUI,Dimanche,2020-03-29 20:00
24674,212,True,True,True,False,False,True,False,False,False,False,False,False,False,False,Dimanche-20-22h,OUI,Dimanche,2020-03-29 20:00
24675,19,False,False,False,False,False,True,False,False,False,False,False,False,False,False,Dimanche-20-22h,OUI,Dimanche,2020-03-29 20:00
24676,114,False,False,False,False,True,False,False,False,False,False,False,False,False,False,Dimanche-20-22h,OUI,Dimanche,2020-03-29 20:00
24677,190,False,False,False,False,False,True,False,False,True,False,False,False,False,False,Dimanche-20-22h,NON,Dimanche,2020-03-29 20:00
24678,64,False,False,True,False,False,False,False,False,False,False,False,False,False,False,Dimanche-20-22h,NON,Dimanche,2020-03-29 20:00
24679,227,False,False,False,False,False,False,False,False,False,False,False,False,False,False,Dimanche-20-22h,NON,Dimanche,2020-03-29 20:00
24680,232,False,False,False,False,False,True,False,False,False,False,False,False,False,False,Dimanche-20-22h,OUI,Dimanche,2020-03-29 20:00
24681,246,False,True,False,False,False,True,True,False,False,False,False,False,False,False,Dimanche-20-22h,OUI,Dimanche,2020-03-29 20:00
24682,100,False,False,False,False,False,True,False,False,False,False,False,False,False,False,Dimanche-20-22h,OUI,Dimanche,2020-03-29 20:00
24683,13,False,False,False,False,True,False,False,False,False,False,False,False,False,False,Dimanche-20-22h,OUI,Dimanche,2020-03-29 20:00
24684,262,True,True,True,False,False,False,False,False,False,False,False,False,False,False,Dimanche-20-22h,OUI,Dimanche,2020-03-29 20:00
24685,76,True,True,True,False,False,True,False,False,False,False,True,False,False,False,Dimanche-20-22h,OUI,Dimanche,2020-03-29 20:00
24686,261,False,True,False,False,True,False,False,False,False,False,False,False,False,False,Dimanche-20-22h,NON,Dimanche,2020-03-29 20:00
24687,150,False,True,False,False,False,False,False,False,False,False,False,False,False,False,Dimanche-20-22h,OUI,Dimanche,2020-03-29 20:00
24688,205,False,False,False,False,False,False,False,False,False,False,False,False,False,False,Dimanche-20-22h,NON,Dimanche,2020-03-29 20:00
24689,56,False,False,False,False,True,True,False,False,False,False,False,False,False,False,Dimanche-20-22h,OUI,Dimanche,2020-03-29 20:00
24690,186,False,False,False,False,True,False,False,False,False,False,False,False,False,False,Dimanche-20-22h,OUI,Dimanche,2020-03-29 20:00
24691,162,True,False,False,False,True,True,False,False,False,False,False,False,False,False,Dimanche-20-22h,OUI,Dimanche,2020-03-29 20:00
24692,68,False,True,False,False,True,True,False,False,False,False,False,False,False,False,Dimanche-20-22h,OUI,Dimanche,2020-03-29 20:00
24693,146,False,False,False,False,False,True,False,False,False,False,False,True,False,False,Dimanche-20-22h,OUI,Dimanche,2020-03-29 20:00
24694,49,False,False,False,False,False,False,False,False,False,False,False,False,True,False,Dimanche-20-22h,NON,Dimanche,2020-03-29 20:00
24695,91,True,False,True,True,False,False,False,False,False,False,False,False,False,False,Dimanche-20-22h,OUI,Dimanche,2020-03-29 20:00
24696,22,False,False,False,False,False,False,False,False,False,True,False,False,False,False,Dimanche-20-22h,NON,Dimanche,2020-03-29 20:00
24697,151,False,False,False,False,True,False,False,False,False,False,False,False,False,False,Dimanche-20-22h,OUI,Dimanche,2020-03-29 20:00
24698,193,False,False,False,False,True,True,False,False,False,False,False,False,False,False,Dimanche-20-22h,OUI,Dimanche,2020-03-29 20:00
24699,9,True,True,False,False,False,False,False,False,False,False,False,False,False,False,Dimanche-20-22h,OUI,Dimanche,2020-03-29 20:00
24700,99,True,False,True,False,False,False,False,False,False,False,False,False,False,False,Dimanche-20-22h,NON,Dimanche,2020-03-29 20:00
24701,181,False,False,False,False,True,True,False,False,False,False,False,False,False,False,Dimanche-20-22h,OUI,Dimanche,2020-03-29 20:00
24702,111,False,False,False,False,False,True,False,True,False,False,False,False,False,False,Dimanche-20-22h,OUI,Dimanche,2020-03-29 20:00
24703,44,False,True,False,False,False,True,False,False,False,False,False,False,False,False,Dimanche-20-22h,NON,Dimanche,2020-03-29 20:00
24704,24,False,False,False,False,True,False,False,True,False,False,False,False,False,False,Dimanche-20-22h,OUI,Dimanche,2020-03-29 20:00
24705,102,False,False,False,False,True,True,False,True,False,False,False,False,False,False,Dimanche-20-22h,OUI,Dimanche,2020-03-29 20:00
24706,203,True,True,False,False,False,False,False,True,False,False,False,False,False,False,Dimanche-20-22h,NON,Dimanche,2020-03-29 20:00
24707,140,False,False,False,False,True,True,False,True,False,False,False,False,False,False,Dimanche-20-22h,NON,Dimanche,2020-03-29 20:00
24708,188,False,False,False,False,False,True,False,False,True,False,False,False,False,False,Dimanche-20-22h,NON,Dimanche,2020-03-29 20:00
24709,206,False,False,False,True,False,False,False,False,False,False,True,False,False,False,Dimanche-20-22h,NON,Dimanche,2020-03-29 20:00
24710,273,False,False,False,False,False,False,False,False,False,False,False,True,False,False,Dimanche-20-22h,OUI,Dimanche,2020-03-29 20:00
24711,69,True,False,True,False,False,False,False,False,False,False,False,False,False,False,Dimanche-20-22h,NON,Dimanche,2020-03-29 20:00
24712,87,True,False,False,True,False,False,False,False,False,False,True,False,False,False,Dimanche-20-22h,OUI,Dimanche,2020-03-29 20:00
24713,83,True,False,True,False,False,False,False,False,False,False,False,False,False,False,Dimanche-20-22h,NON,Dimanche,2020-03-29 20:00
24714,149,True,False,True,True,False,False,False,False,False,False,False,False,False,False,Dimanche-20-22h,OUI,Dimanche,2020-03-29 20:00
24715,274,False,False,False,False,False,True,False,False,False,False,False,False,False,False,Dimanche-20-22h,OUI,Dimanche,2020-03-29 20:00
24716,282,True,False,True,True,False,False,False,False,False,False,False,False,False,False,Dimanche-20-22h,NON,Dimanche,2020-03-29 20:00
24717,147,False,False,False,False,False,False,False,False,False,False,False,False,False,False,Dimanche-20-22h,NON,Dimanche,2020-03-29 20:00
24718,238,False,False,False,False,False,False,False,False,False,False,False,True,False,False,Dimanche-20-22h,OUI,Dimanche,2020-03-29 20:00
24719,201,False,False,False,False,False,False,False,False,False,False,False,False,False,False,Dimanche-20-22h,NON,Dimanche,2020-03-29 20:00
24720,152,False,True,False,False,False,False,False,False,False,False,False,False,False,False,Dimanche-20-22h,OUI,Dimanche,2020-03-29 20:00
24721,222,False,False,False,False,False,True,False,False,True,True,False,False,False,False,Dimanche-20-22h,OUI,Dimanche,2020-03-29 20:00
24722,106,False,False,False,False,False,True,False,False,False,False,False,True,False,False,Dimanche-20-22h,OUI,Dimanche,2020-03-29 20:00
24723,133,False,False,True,False,True,False,False,False,False,False,False,False,False,False,Dimanche-20-22h,OUI,Dimanche,2020-03-29 20:00
24724,163,False,False,False,False,True,False,False,False,False,False,False,False,False,False,Dimanche-20-22h,NON,Dimanche,2020-03-29 20:00
24725,231,False,False,False,False,False,False,False,False,False,False,False,False,False,False,Dimanche-20-22h,NON,Dimanche,2020-03-29 20:00
24726,25,False,False,False,False,True,False,False,False,False,False,False,False,False,False,Dimanche-20-22h,NON,Dimanche,2020-03-29 20:00
24727,196,False,False,True,False,True,False,False,True,False,False,False,False,False,False,Dimanche-20-22h,OUI,Dimanche,2020-03-29 20:00
24728,5,False,False,False,False,True,True,False,False,False,False,False,False,False,False,Dimanche-20-22h,OUI,Dimanche,2020-03-29 20:00
24729,90,False,True,False,False,False,False,False,False,False,False,False,False,False,False,Dimanche-20-22h,OUI,Dimanche,2020-03-29 20:00
24730,244,True,False,True,False,False,False,False,False,False,False,False,False,False,False,Dimanche-20-22h,NON,Dimanche,2020-03-29 20:00
24731,107,False,True,False,False,False,True,False,False,False,False,False,False,False,False,Dimanche-20-22h,OUI,Dimanche,2020-03-29 20:00
24732,218,False,True,False,False,True,True,False,False,False,False,False,False,False,False,Dimanche-20-22h,OUI,Dimanche,2020-03-29 20:00
24733,62,False,True,True,False,True,True,False,False,False,False,False,False,False,False,Dimanche-20-22h,OUI,Dimanche,2020-03-29 20:00
24734,79,False,True,False,False,False,False,False,False,False,False,False,False,False,False,Dimanche-20-22h,OUI,Dimanche,2020-03-29 20:00
24735,208,False,False,False,False,False,True,False,False,False,False,False,False,False,False,Dimanche-20-22h,OUI,Dimanche,2020-03-29 20:00
24736,270,False,False,False,False,False,False,False,False,True,False,False,False,False,False,Dimanche-20-22h,OUI,Dimanche,2020-03-29 20:00
24737,166,True,False,False,False,True,True,False,False,False,False,False,False,False,False,Dimanche-20-22h,OUI,Dimanche,2020-03-29 20:00
24738,77,False,False,True,False,True,False,False,False,False,False,False,False,False,False,Dimanche-20-22h,NON,Dimanche,2020-03-29 20:00
24739,29,False,False,False,False,False,True,False,False,False,False,False,True,False,False,Dimanche-20-22h,OUI,Dimanche,2020-03-29 20:00
24740,240,False,False,False,False,False,True,False,False,False,False,False,False,False,False,Dimanche-20-22h,OUI,Dimanche,2020-03-29 20:00
24741,184,False,True,False,False,False,False,False,False,False,False,False,False,False,False,Dimanche-20-22h,OUI,Dimanche,2020-03-29 20:00
24742,277,False,True,True,False,False,True,False,False,False,False,False,False,False,False,Dimanche-20-22h,NON,Dimanche,2020-03-29 20:00
24743,80,True,False,False,False,False,True,False,False,False,True,False,False,False,False,Dimanche-20-22h,NON,Dimanche,2020-03-29 20:00
24744,185,True,True,True,False,False,True,False,False,False,False,True,False,True,False,Dimanche-20-22h,NON,Dimanche,2020-03-29 20:00
24745,204,False,False,False,False,True,True,False,False,False,False,False,True,False,False,Dimanche-20-22h,OUI,Dimanche,2020-03-29 20:00
24746,252,True,True,True,False,False,True,False,False,False,False,False,False,False,False,Dimanche-20-22h,OUI,Dimanche,2020-03-29 20:00
24747,26,False,False,False,False,True,False,False,False,False,False,False,False,False,False,Dimanche-20-22h,OUI,Dimanche,2020-03-29 20:00
24748,70,False,False,False,False,True,False,False,False,False,False,False,True,False,False,Dimanche-20-22h,NON,Dimanche,2020-03-29 20:00
24749,233,False,False,False,False,True,False,False,False,False,False,False,False,False,False,Dimanche-20-22h,OUI,Dimanche,2020-03-29 20:00
24750,37,True,True,True,False,True,True,False,False,False,False,False,False,False,False,Dimanche-20-22h,NON,Dimanche,2020-03-29 20:00
24751,185,False,False,True,False,False,False,False,False,False,False,False,False,False,False,Dimanche-20-22h,OUI,Dimanche,2020-03-29 20:00
24752,138,True,False,False,False,True,True,False,False,False,False,False,False,False,False,Dimanche-20-22h,OUI,Dimanche,2020-03-29 20:00
24753,224,True,False,True,False,False,False,False,False,False,False,False,False,False,False,Dimanche-20-22h,OUI,Dimanche,2020-03-29 20:00
24754,66,False,False,False,False,True,True,False,False,False,False,False,False,True,False,Dimanche-20-22h,OUI,Dimanche,2020-03-29 20:00
24755,211,False,False,True,False,False,False,False,False,False,False,False,False,True,False,Dimanche-20-22h,OUI,Dimanche,2020-03-29 20:00
24756,14,False,False,False,False,True,True,False,False,False,False,False,False,False,False,Dimanche-20-22h,NON,Dimanche,2020-03-29 20:00
24757,145,False,False,False,False,True,False,False,False,False,False,False,False,False,False,Dimanche-20-22h,NON,Dimanche,2020-03-29 20:00
24758,36,False,False,False,False,False,False,False,False,False,False,False,True,False,False,Dimanche-20-22h,OUI,Dimanche,2020-03-29 20:00
24759,60,True,True,True,False,False,True,False,False,False,False,False,False,False,False,Dimanche-20-22h,NON,Dimanche,2020-03-29 20:00
24760,137,True,True,True,False,False,True,False,False,False,False,True,False,False,False,Dimanche-20-22h,OUI,Dimanche,2020-03-29 20:00
24761,285,False,True,False,False,True,True,False,False,False,False,False,False,False,False,Dimanche-20-22h,OUI,Dimanche,2020-03-29 20:00
24762,40,False,True,True,False,True,True,False,False,False,False,False,False,False,False,Dimanche-20-22h,OUI,Dimanche,2020-03-29 20:00
24763,97,False,False,False,False,False,True,False,False,False,False,False,False,False,False,Dimanche-20-22h,NON,Dimanche,2020-03-29 20:00
24764,109,True,False,True,True,False,False,False,False,False,False,False,False,False,False,Dimanche-20-22h,NON,Dimanche,2020-03-29 20:00
24765,10,False,False,False,False,False,False,False,False,False,False,False,False,False,False,Dimanche-20-22h,NON,Dimanche,2020-03-29 20:00
24766,256,False,False,False,False,False,False,False,False,False,False,False,True,False,False,Dimanche-20-22h,NON,Dimanche,2020-03-29 20:00
24767,141,True,True,True,False,False,False,False,False,False,False,True,False,False,False,Dimanche-20-22h,NON,Dimanche,2020-03-29 20:00
24768,28,False,False,False,False,False,False,False,False,False,False,False,False,False,False,Dimanche-20-22h,NON,Dimanche,2020-03-29 20:00
24769,101,True,True,True,True,True,True,False,False,False,False,False,False,False,False,Dimanche-20-22h,OUI,Dimanche,2020-03-29 20:00
24770,48,True,False,True,False,True,False,False,False,False,False,False,False,True,False,Dimanche-20-22h,OUI,Dimanche,2020-03-29 20:00
24771,27,False,False,False,False,False,True,False,False,False,False,False,False,False,False,Dimanche-20-22h,OUI,Dimanche,2020-03-29 20:00
24772,142,True,False,True,False,False,False,False,False,False,False,True,False,True,False,Dimanche-20-22h,NON,Dimanche,2020-03-29 20:00
24773,234,False,False,True,False,False,False,False,False,False,False,True,False,False,False,Dimanche-20-22h,OUI,Dimanche,2020-03-29 20:00
24774,23,False,False,False,False,True,False,False,False,False,False,False,False,False,False,Dimanche-20-22h,NON,Dimanche,2020-03-29 20:00
24775,195,False,False,False,False,True,False,False,False,True,False,False,False,False,False,Dimanche-20-22h,OUI,Dimanche,2020-03-29 20:00
24776,275,False,False,False,False,False,False,False,False,False,False,False,True,False,False,Dimanche-20-22h,NON,Dimanche,2020-03-29 20:00
24777,226,False,False,False,False,True,True,False,False,False,False,False,False,False,False,Dimanche-20-22h,OUI,Dimanche,2020-03-29 20:00
24778,207,False,False,True,False,False,False,False,False,False,False,False,False,False,False,Dimanche-20-22h,OUI,Dimanche,2020-03-29 20:00
24779,57,False,False,False,False,False,False,False,False,False,False,False,False,False,False,Dimanche-20-22h,NON,Dimanche,2020-03-29 20:00
24780,4,False,True,False,False,False,True,False,False,False,False,False,False,False,False,Dimanche-20-22h,NON,Dimanche,2020-03-29 20:00
24781,265,False,False,False,False,False,True,False,False,False,False,False,False,False,False,Dimanche-20-22h,NON,Dimanche,2020-03-29 20:00
24782,88,False,True,False,False,False,False,False,False,False,False,False,False,False,False,Dimanche-20-22h,NON,Dimanche,2020-03-29 20:00
24783,198,False,False,False,False,False,False,False,False,False,False,True,False,False,False,Dimanche-20-22h,NON,Dimanche,2020-03-29 20:00
24784,249,True,True,True,False,False,False,False,False,False,False,False,False,False,False,Dimanche-20-22h,NON,Dimanche,2020-03-29 20:00
24785,263,False,False,False,False,True,True,False,False,False,False,False,False,False,False,Dimanche-20-22h,OUI,Dimanche,2020-03-29 20:00
24786,217,True,False,True,False,False,False,False,False,False,False,False,False,True,False,Dimanche-20-22h,NON,Dimanche,2020-03-29 20:00
24787,278,False,False,False,False,True,True,False,False,False,False,False,False,False,False,Dimanche-20-22h,NON,Dimanche,2020-03-29 20:00
24788,189,False,True,False,False,False,False,False,False,False,False,False,False,False,False,Dimanche-20-22h,NON,Dimanche,2020-03-29 20:00
24789,61,True,False,True,False,False,False,False,False,False,False,False,False,False,False,Dimanche-20-22h,OUI,Dimanche,2020-03-29 20:00
24790,251,False,False,False,False,False,False,False,False,False,False,False,False,True,False,Dimanche-20-22h,NON,Dimanche,2020-03-29 20:00
24791,281,False,True,False,False,False,False,False,False,False,False,False,False,False,False,Dimanche-20-22h,OUI,Dimanche,2020-03-29 20:00
24792,134,False,True,False,False,False,False,False,False,False,False,False,False,False,False,Dimanche-20-22h,OUI,Dimanche,2020-03-29 20:00
24793,293,False,True,False,False,False,True,False,False,False,False,False,False,False,False,Dimanche-20-22h,NON,Dimanche,2020-03-29 20:00
24794,279,True,True,True,True,False,True,False,False,False,False,False,False,False,False,Dimanche-20-22h,NON,Dimanche,2020-03-29 20:00
24795,81,True,False,True,True,False,False,False,True,False,False,False,False,False,False,Dimanche-20-22h,OUI,Dimanche,2020-03-29 20:00
24796,92,True,False,False,True,False,False,False,False,False,False,True,False,False,False,Dimanche-20-22h,NON,Dimanche,2020-03-29 20:00
24797,147,False,False,False,False,False,False,False,False,False,False,False,False,False,False,Dimanche-20-22h,NON,Dimanche,2020-03-29 20:00
24798,33,False,True,False,False,True,False,False,False,False,False,False,False,False,False,Dimanche-20-22h,OUI,Dimanche,2020-03-29 20:00
24799,266,False,False,False,False,False,False,False,False,False,False,False,False,False,False,Dimanche-20-22h,NON,Dimanche,2020-03-29 20:00
24800,225,True,False,False,False,False,True,False,False,False,False,False,False,False,False,Dimanche-20-22h,OUI,Dimanche,2020-03-29 20:00
24801,83,True,False,True,False,False,False,False,False,False,False,False,False,False,False,Dimanche-20-22h,OUI,Dimanche,2020-03-29 20:00
24802,95,False,False,False,False,True,True,False,True,False,False,False,False,False,False,Dimanche-20-22h,NON,Dimanche,2020-03-29 20:00
24803,127,False,False,False,False,True,False,False,False,False,False,False,False,False,False,Dimanche-20-22h,NON,Dimanche,2020-03-29 20:00
24804,20,False,False,False,False,False,False,False,False,False,False,False,False,False,False,Dimanche-20-22h,NON,Dimanche,2020-03-29 20:00
24805,89,False,False,False,False,False,False,False,False,True,False,False,False,False,False,Dimanche-20-22h,OUI,Dimanche,2020-03-29 20:00
24806,120,False,True,True,False,True,True,False,True,False,False,True,False,False,False,Dimanche-20-22h,OUI,Dimanche,2020-03-29 20:00
24807,253,False,False,False,False,True,True,False,False,False,False,False,True,False,False,Dimanche-20-22h,NON,Dimanche,2020-03-29 20:00
24808,52,False,False,True,False,False,False,False,False,False,False,False,False,False,False,Dimanche-20-22h,NON,Dimanche,2020-03-29 20:00
24809,168,True,False,True,False,False,False,False,True,False,False,False,False,False,False,Dimanche-20-22h,OUI,Dimanche,2020-03-29 20:00
24810,202,False,True,False,False,False,False,False,False,False,False,False,False,False,False,Dimanche-20-22h,OUI,Dimanche,2020-03-29 20:00
24811,172,False,False,False,False,True,False,False,False,False,False,False,False,False,False,Dimanche-20-22h,OUI,Dimanche,2020-03-29 20:00
24812,239,False,False,False,False,True,True,False,False,False,False,False,False,False,False,Dimanche-20-22h,NON,Dimanche,2020-03-29 20:00
24813,85,False,False,False,False,True,False,False,False,False,False,False,False,False,False,Dimanche-20-22h,OUI,Dimanche,2020-03-29 20:00
24814,215,False,False,False,False,False,False,False,False,True,False,False,False,False,False,Dimanche-20-22h,OUI,Dimanche,2020-03-29 20:00
24815,260,True,False,True,False,False,False,False,False,False,False,False,False,False,False,Dimanche-20-22h,NON,Dimanche,2020-03-29 20:00
24816,286,True,True,False,False,True,False,False,False,False,False,False,False,False,False,Dimanche-20-22h,OUI,Dimanche,2020-03-29 20:00
24817,72,False,True,False,False,False,False,False,False,False,False,False,False,False,False,Dimanche-22-24h,OUI,Dimanche,2020-03-29 22:00
24818,167,True,True,True,True,True,True,False,False,False,False,False,False,False,False,Dimanche-22-24h,OUI,Dimanche,2020-03-29 22:00
24819,130,True,False,True,False,False,False,False,True,False,False,False,False,True,True,Dimanche-22-24h,NON,Dimanche,2020-03-29 22:00
24820,288,True,True,True,False,True,False,False,False,False,False,False,False,False,False,Dimanche-22-24h,OUI,Dimanche,2020-03-29 22:00
24821,59,False,False,False,False,False,True,False,False,False,False,False,False,False,False,Dimanche-22-24h,NON,Dimanche,2020-03-29 22:00
24822,178,True,False,False,False,False,False,False,False,False,False,True,False,False,False,Dimanche-22-24h,OUI,Dimanche,2020-03-29 22:00
24823,254,False,False,False,False,False,False,False,False,False,False,False,True,False,False,Dimanche-22-24h,NON,Dimanche,2020-03-29 22:00
24824,34,False,False,False,False,False,False,False,False,False,False,False,False,False,False,Dimanche-22-24h,NON,Dimanche,2020-03-29 22:00
24825,264,False,False,False,False,True,True,True,False,False,False,False,False,False,False,Dimanche-22-24h,NON,Dimanche,2020-03-29 22:00
24826,158,True,False,False,False,True,False,False,False,False,True,False,False,False,False,Dimanche-22-24h,NON,Dimanche,2020-03-29 22:00
24827,210,False,True,False,False,True,True,False,False,False,False,False,False,False,False,Dimanche-22-24h,NON,Dimanche,2020-03-29 22:00
24828,93,False,False,False,False,True,False,False,False,False,False,False,False,True,False,Dimanche-22-24h,OUI,Dimanche,2020-03-29 22:00
24829,144,True,False,True,False,True,False,False,False,False,False,False,False,False,False,Dimanche-22-24h,OUI,Dimanche,2020-03-29 22:00
24830,164,False,True,False,False,True,True,False,False,False,False,False,False,False,False,Dimanche-22-24h,OUI,Dimanche,2020-03-29 22:00
24831,289,False,False,False,False,True,True,False,False,False,False,False,False,False,False,Dimanche-22-24h,OUI,Dimanche,2020-03-29 22:00
24832,50,False,False,False,False,False,False,False,False,False,False,False,False,False,False,Dimanche-22-24h,NON,Dimanche,2020-03-29 22:00
24833,51,True,True,False,False,True,False,False,False,False,False,False,False,False,False,Dimanche-22-24h,OUI,Dimanche,2020-03-29 22:00
24834,247,False,False,True,False,False,False,False,False,False,False,False,False,False,False,Dimanche-22-24h,OUI,Dimanche,2020-03-29 22:00
24835,159,False,False,False,False,False,False,False,True,False,False,False,False,False,False,Dimanche-22-24h,NON,Dimanche,2020-03-29 22:00
24836,54,False,False,False,False,False,True,False,False,False,False,False,False,False,False,Dimanche-22-24h,NON,Dimanche,2020-03-29 22:00
24837,55,True,False,False,False,True,True,False,True,False,False,False,False,False,False,Dimanche-22-24h,OUI,Dimanche,2020-03-29 22:00
24838,257,False,False,False,False,True,False,False,False,False,False,False,False,False,False,Dimanche-22-24h,OUI,Dimanche,2020-03-29 22:00
24839,67,False,False,False,False,False,False,False,False,False,False,False,False,False,False,Dimanche-22-24h,NON,Dimanche,2020-03-29 22:00
24840,71,True,False,True,False,False,False,False,False,False,False,False,False,False,False,Dimanche-22-24h,NON,Dimanche,2020-03-29 22:00
24841,280,False,False,False,False,False,True,False,False,False,False,False,False,False,False,Dimanche-22-24h,OUI,Dimanche,2020-03-29 22:00
24842,283,True,True,False,False,False,False,False,False,False,False,False,False,False,False,Dimanche-22-24h,OUI,Dimanche,2020-03-29 22:00
24843,154,False,False,False,False,True,True,False,False,False,False,False,True,False,False,Dimanche-22-24h,OUI,Dimanche,2020-03-29 22:00
24844,171,False,False,False,False,False,False,False,False,False,False,False,True,False,False,Dimanche-22-24h,OUI,Dimanche,2020-03-29 22:00
24845,131,False,False,True,False,False,False,False,False,False,False,False,False,False,False,Dimanche-22-24h,NON,Dimanche,2020-03-29 22:00
24846,237,True,False,False,False,False,True,True,False,False,False,False,False,True,False,Dimanche-22-24h,OUI,Dimanche,2020-03-29 22:00
24847,75,False,False,False,False,True,True,False,False,False,False,False,False,False,False,Dimanche-22-24h,NON,Dimanche,2020-03-29 22:00
24848,235,True,False,False,False,True,False,False,False,False,False,False,False,False,False,Dimanche-22-24h,OUI,Dimanche,2020-03-29 22:00
24849,180,False,False,False,False,True,True,False,False,False,False,False,False,False,False,Dimanche-22-24h,OUI,Dimanche,2020-03-29 22:00
24850,219,False,False,False,False,False,True,False,False,False,False,False,False,False,False,Dimanche-22-24h,NON,Dimanche,2020-03-29 22:00
24851,250,False,False,False,False,False,False,False,False,True,False,False,False,False,False,Dimanche-22-24h,NON,Dimanche,2020-03-29 22:00
24852,267,True,True,False,False,False,False,False,False,False,False,False,False,False,False,Dimanche-22-24h,OUI,Dimanche,2020-03-29 22:00
24853,160,False,True,False,False,False,True,False,False,False,False,False,False,False,False,Dimanche-22-24h,OUI,Dimanche,2020-03-29 22:00
24854,182,False,True,False,False,True,True,True,False,False,False,False,False,False,False,Dimanche-22-24h,OUI,Dimanche,2020-03-29 22:00
24855,143,False,False,False,False,False,False,False,True,False,False,True,False,False,False,Dimanche-22-24h,OUI,Dimanche,2020-03-29 22:00
24856,223,True,True,False,False,False,False,False,False,False,False,False,False,False,False,Dimanche-22-24h,OUI,Dimanche,2020-03-29 22:00
24857,192,True,False,True,False,False,False,False,False,False,False,False,False,False,False,Dimanche-22-24h,NON,Dimanche,2020-03-29 22:00
24858,30,False,False,True,False,False,False,False,True,False,False,False,False,False,False,Dimanche-22-24h,OUI,Dimanche,2020-03-29 22:00
24859,125,True,False,False,False,True,False,False,True,False,False,False,False,False,False,Dimanche-22-24h,OUI,Dimanche,2020-03-29 22:00
24860,39,False,False,True,False,True,False,False,True,False,False,False,False,False,False,Dimanche-22-24h,OUI,Dimanche,2020-03-29 22:00
24861,113,True,False,True,False,False,False,False,False,False,False,False,False,False,False,Dimanche-22-24h,OUI,Dimanche,2020-03-29 22:00
24862,121,True,False,True,False,False,False,False,True,False,False,False,False,False,False,Dimanche-22-24h,NON,Dimanche,2020-03-29 22:00
24863,228,False,False,False,False,False,False,False,False,False,False,True,False,False,False,Dimanche-22-24h,OUI,Dimanche,2020-03-29 22:00
24864,290,False,False,False,False,False,False,False,False,True,False,False,False,False,False,Dimanche-22-24h,NON,Dimanche,2020-03-29 22:00
24865,197,False,False,True,False,True,False,False,False,False,False,False,False,False,False,Dimanche-22-24h,NON,Dimanche,2020-03-29 22:00
24866,31,True,True,True,False,False,True,False,False,False,False,False,False,False,False,Dimanche-22-24h,OUI,Dimanche,2020-03-29 22:00
24867,173,True,False,False,False,True,True,False,True,False,False,False,False,False,False,Dimanche-22-24h,NON,Dimanche,2020-03-29 22:00
24868,74,True,False,False,True,False,False,False,True,False,False,True,False,False,False,Dimanche-22-24h,OUI,Dimanche,2020-03-29 22:00
24869,15,False,False,True,False,False,False,False,False,False,False,False,False,False,False,Dimanche-22-24h,OUI,Dimanche,2020-03-29 22:00
24870,45,True,False,False,False,True,True,False,True,False,False,False,False,False,False,Dimanche-22-24h,OUI,Dimanche,2020-03-29 22:00
24871,63,False,False,True,False,False,False,False,False,False,False,False,False,False,False,Dimanche-22-24h,OUI,Dimanche,2020-03-29 22:00
24872,3,False,False,False,False,False,True,False,False,False,False,False,True,False,False,Dimanche-22-24h,OUI,Dimanche,2020-03-29 22:00
24873,21,True,False,True,False,False,False,False,False,False,False,False,False,False,False,Dimanche-22-24h,OUI,Dimanche,2020-03-29 22:00
24874,78,False,True,True,False,True,True,False,True,False,False,False,False,False,False,Dimanche-22-24h,OUI,Dimanche,2020-03-29 22:00
24875,47,False,True,False,False,False,False,False,False,False,False,False,False,False,False,Dimanche-22-24h,OUI,Dimanche,2020-03-29 22:00
24876,151,True,True,False,False,True,False,False,True,False,False,False,False,False,False,Dimanche-22-24h,OUI,Dimanche,2020-03-29 22:00
24877,6,True,False,True,False,False,False,False,False,False,False,False,False,False,False,Dimanche-22-24h,OUI,Dimanche,2020-03-29 22:00
24878,135,True,False,True,False,False,False,False,False,False,False,False,False,True,False,Dimanche-22-24h,OUI,Dimanche,2020-03-29 22:00
24879,221,False,False,False,False,True,True,False,False,False,False,False,False,False,False,Dimanche-22-24h,OUI,Dimanche,2020-03-29 22:00
24880,170,False,False,True,False,False,False,False,False,False,False,True,False,False,True,Dimanche-22-24h,OUI,Dimanche,2020-03-29 22:00
24881,129,False,True,False,False,False,False,False,False,False,False,False,False,False,False,Dimanche-22-24h,OUI,Dimanche,2020-03-29 22:00
24882,132,True,True,True,False,False,True,False,False,False,False,False,False,False,False,Dimanche-22-24h,OUI,Dimanche,2020-03-29 22:00
24883,110,False,True,False,False,False,False,False,False,False,False,False,False,False,False,Dimanche-22-24h,OUI,Dimanche,2020-03-29 22:00
24884,191,False,False,False,False,False,True,False,False,False,False,False,False,False,False,Dimanche-22-24h,OUI,Dimanche,2020-03-29 22:00
24885,94,True,True,True,False,False,True,False,False,False,False,True,False,True,False,Dimanche-22-24h,NON,Dimanche,2020-03-29 22:00
24886,108,False,False,False,False,False,True,True,False,False,False,False,False,False,False,Dimanche-22-24h,OUI,Dimanche,2020-03-29 22:00
24887,236,False,False,False,False,True,True,False,False,False,False,False,False,False,False,Dimanche-22-24h,OUI,Dimanche,2020-03-29 22:00
24888,42,True,False,True,False,True,False,False,False,False,False,False,False,False,False,Dimanche-22-24h,OUI,Dimanche,2020-03-29 22:00
24889,155,True,False,False,False,True,False,False,False,False,False,False,False,False,False,Dimanche-22-24h,OUI,Dimanche,2020-03-29 22:00
24890,1,False,False,False,False,False,False,False,False,False,False,False,False,False,False,Dimanche-22-24h,NON,Dimanche,2020-03-29 22:00
24891,58,False,True,True,False,False,True,False,False,False,False,True,False,False,False,Dimanche-22-24h,OUI,Dimanche,2020-03-29 22:00
24892,0,False,True,False,False,False,False,False,False,False,False,False,False,False,False,Dimanche-22-24h,OUI,Dimanche,2020-03-29 22:00
24893,269,False,False,False,False,False,False,False,False,False,False,False,False,False,False,Dimanche-22-24h,NON,Dimanche,2020-03-29 22:00
24894,2,True,False,True,False,False,False,False,False,False,False,False,False,False,False,Dimanche-22-24h,NON,Dimanche,2020-03-29 22:00
24895,103,False,False,False,False,True,False,False,False,False,False,False,False,False,False,Dimanche-22-24h,NON,Dimanche,2020-03-29 22:00
24896,12,False,True,False,False,True,False,False,False,False,False,False,False,False,False,Dimanche-22-24h,OUI,Dimanche,2020-03-29 22:00
24897,245,True,False,False,False,True,True,False,True,False,False,False,False,False,False,Dimanche-22-24h,OUI,Dimanche,2020-03-29 22:00
24898,161,False,False,True,False,False,False,False,False,False,False,True,False,False,False,Dimanche-22-24h,OUI,Dimanche,2020-03-29 22:00
24899,38,False,False,False,False,False,False,False,False,True,False,False,False,False,False,Dimanche-22-24h,NON,Dimanche,2020-03-29 22:00
24900,122,False,False,False,False,False,False,False,False,False,False,False,False,False,False,Dimanche-22-24h,NON,Dimanche,2020-03-29 22:00
24901,248,False,False,True,False,False,False,False,False,False,False,False,False,True,False,Dimanche-22-24h,OUI,Dimanche,2020-03-29 22:00
24902,271,False,True,True,False,False,True,False,False,False,False,False,False,False,False,Dimanche-22-24h,OUI,Dimanche,2020-03-29 22:00
24903,116,False,False,True,False,False,False,False,False,False,False,False,False,False,False,Dimanche-22-24h,OUI,Dimanche,2020-03-29 22:00
24904,117,True,True,True,True,False,True,False,False,False,False,False,False,False,False,Dimanche-22-24h,NON,Dimanche,2020-03-29 22:00
24905,213,False,False,False,False,True,True,False,True,False,False,False,False,False,False,Dimanche-22-24h,NON,Dimanche,2020-03-29 22:00
24906,220,False,True,True,False,False,True,False,False,False,False,False,False,False,False,Dimanche-22-24h,OUI,Dimanche,2020-03-29 22:00
24907,176,False,False,True,False,False,False,False,False,False,False,False,False,False,False,Dimanche-22-24h,OUI,Dimanche,2020-03-29 22:00
24908,96,False,False,False,False,True,True,False,False,False,True,False,False,False,False,Dimanche-22-24h,NON,Dimanche,2020-03-29 22:00
24909,214,False,False,False,False,True,True,False,False,False,True,False,False,False,False,Dimanche-22-24h,OUI,Dimanche,2020-03-29 22:00
24910,11,True,False,False,True,False,False,False,False,False,False,True,False,False,False,Dimanche-22-24h,OUI,Dimanche,2020-03-29 22:00
24911,255,True,False,True,False,False,False,False,True,False,False,False,False,False,False,Dimanche-22-24h,NON,Dimanche,2020-03-29 22:00
24912,86,False,False,True,False,False,False,False,False,False,False,False,False,False,False,Dimanche-22-24h,NON,Dimanche,2020-03-29 22:00
24913,209,True,False,False,False,True,True,False,True,False,False,False,False,False,False,Dimanche-22-24h,OUI,Dimanche,2020-03-29 22:00
24914,291,False,False,False,False,False,True,False,False,True,False,False,False,False,False,Dimanche-22-24h,OUI,Dimanche,2020-03-29 22:00
24915,287,False,False,False,False,False,False,False,False,False,False,False,True,False,False,Dimanche-22-24h,OUI,Dimanche,2020-03-29 22:00
24916,104,False,False,False,False,True,True,False,False,False,False,False,False,False,False,Dimanche-22-24h,NON,Dimanche,2020-03-29 22:00
24917,18,False,False,False,False,True,False,False,False,False,False,False,False,False,False,Dimanche-22-24h,OUI,Dimanche,2020-03-29 22:00
24918,123,False,True,False,False,True,True,False,False,False,False,False,False,False,False,Dimanche-22-24h,NON,Dimanche,2020-03-29 22:00
24919,136,False,False,False,False,True,False,False,False,False,False,False,False,False,False,Dimanche-22-24h,OUI,Dimanche,2020-03-29 22:00
24920,276,True,False,True,False,False,False,False,False,False,False,False,False,False,False,Dimanche-22-24h,OUI,Dimanche,2020-03-29 22:00
24921,53,False,False,False,False,True,True,False,False,False,False,False,False,False,False,Dimanche-22-24h,OUI,Dimanche,2020-03-29 22:00
24922,179,True,False,True,False,False,False,False,False,False,False,False,False,False,False,Dimanche-22-24h,OUI,Dimanche,2020-03-29 22:00
24923,200,False,False,False,False,False,False,False,False,False,False,False,False,False,False,Dimanche-22-24h,NON,Dimanche,2020-03-29 22:00
24924,73,False,False,False,False,False,False,False,False,False,False,False,False,False,False,Dimanche-22-24h,NON,Dimanche,2020-03-29 22:00
24925,156,False,False,False,False,True,True,False,False,False,False,False,False,False,False,Dimanche-22-24h,NON,Dimanche,2020-03-29 22:00
24926,128,True,True,True,False,False,True,False,False,False,False,False,False,False,False,Dimanche-22-24h,OUI,Dimanche,2020-03-29 22:00
24927,118,False,False,False,False,False,False,False,False,False,False,False,False,False,False,Dimanche-22-24h,NON,Dimanche,2020-03-29 22:00
24928,112,True,False,True,False,False,False,False,False,False,False,False,False,False,False,Dimanche-22-24h,OUI,Dimanche,2020-03-29 22:00
24929,35,False,False,False,False,True,True,False,False,False,False,False,False,False,False,Dimanche-22-24h,OUI,Dimanche,2020-03-29 22:00
24930,32,False,False,False,False,False,False,False,False,False,False,False,True,False,False,Dimanche-22-24h,NON,Dimanche,2020-03-29 22:00
24931,199,True,False,True,False,False,False,False,False,False,False,False,False,False,False,Dimanche-22-24h,OUI,Dimanche,2020-03-29 22:00
24932,153,True,False,False,False,True,True,False,False,False,False,False,False,False,False,Dimanche-22-24h,NON,Dimanche,2020-03-29 22:00
24933,82,False,False,True,False,False,False,False,False,False,False,False,False,False,False,Dimanche-22-24h,OUI,Dimanche,2020-03-29 22:00
24934,292,False,True,False,False,False,False,False,False,False,False,False,False,False,False,Dimanche-22-24h,OUI,Dimanche,2020-03-29 22:00
24935,169,False,False,False,True,False,False,False,False,False,False,False,False,False,False,Dimanche-22-24h,NON,Dimanche,2020-03-29 22:00
24936,16,False,False,False,False,True,True,False,False,False,False,False,False,False,False,Dimanche-22-24h,OUI,Dimanche,2020-03-29 22:00
24937,46,True,True,True,False,False,True,True,False,False,False,False,False,False,False,Dimanche-22-24h,NON,Dimanche,2020-03-29 22:00
24938,216,False,True,False,False,False,True,False,False,False,False,False,False,False,False,Dimanche-22-24h,OUI,Dimanche,2020-03-29 22:00
24939,174,False,True,True,False,False,True,False,False,False,False,True,False,False,False,Dimanche-22-24h,OUI,Dimanche,2020-03-29 22:00
24940,43,False,False,False,False,True,False,False,False,False,False,False,False,False,False,Dimanche-22-24h,NON,Dimanche,2020-03-29 22:00
24941,165,False,False,False,False,True,True,False,False,False,False,False,False,False,False,Dimanche-22-24h,NON,Dimanche,2020-03-29 22:00
24942,126,False,True,False,False,False,True,False,False,False,False,False,False,False,False,Dimanche-22-24h,OUI,Dimanche,2020-03-29 22:00
24943,41,False,False,False,False,False,True,False,False,True,False,False,False,False,False,Dimanche-22-24h,NON,Dimanche,2020-03-29 22:00
24944,157,False,False,True,False,False,False,False,False,False,False,False,False,False,False,Dimanche-22-24h,NON,Dimanche,2020-03-29 22:00
24945,272,False,True,True,False,False,False,True,False,False,False,True,False,True,True,Dimanche-22-24h,OUI,Dimanche,2020-03-29 22:00
24946,115,True,False,True,False,False,False,False,False,False,False,False,False,False,False,Dimanche-22-24h,OUI,Dimanche,2020-03-29 22:00
24947,84,False,False,False,False,False,False,False,False,False,False,False,True,False,False,Dimanche-22-24h,OUI,Dimanche,2020-03-29 22:00
24948,183,True,True,True,True,False,False,False,False,False,False,False,False,False,False,Dimanche-22-24h,NON,Dimanche,2020-03-29 22:00
24949,65,True,True,False,False,False,True,False,False,False,False,False,False,False,False,Dimanche-22-24h,OUI,Dimanche,2020-03-29 22:00
24950,105,True,False,False,False,False,False,False,False,False,False,False,False,False,False,Dimanche-22-24h,OUI,Dimanche,2020-03-29 22:00
24951,187,True,False,False,False,False,True,False,False,False,False,False,False,False,False,Dimanche-22-24h,OUI,Dimanche,2020-03-29 22:00
24952,139,True,False,True,False,False,False,False,False,False,False,False,False,False,False,Dimanche-22-24h,NON,Dimanche,2020-03-29 22:00
24953,259,False,False,False,False,True,True,False,False,False,False,False,False,False,False,Dimanche-22-24h,NON,Dimanche,2020-03-29 22:00
24954,124,True,False,True,False,False,False,False,False,False,False,True,False,False,False,Dimanche-22-24h,OUI,Dimanche,2020-03-29 22:00
24955,98,False,False,False,False,False,True,False,False,False,False,False,True,False,False,Dimanche-22-24h,OUI,Dimanche,2020-03-29 22:00
24956,284,False,True,True,False,False,True,False,False,False,False,False,False,True,False,Dimanche-22-24h,OUI,Dimanche,2020-03-29 22:00
24957,148,True,False,True,False,True,False,False,True,False,False,False,False,False,False,Dimanche-22-24h,NON,Dimanche,2020-03-29 22:00
24958,258,True,False,True,False,False,False,False,False,False,False,False,False,False,False,Dimanche-22-24h,OUI,Dimanche,2020-03-29 22:00
24959,175,False,False,False,False,False,True,False,False,False,False,False,False,False,False,Dimanche-22-24h,NON,Dimanche,2020-03-29 22:00
24960,119,False,False,False,False,False,False,False,False,False,False,True,False,False,False,Dimanche-22-24h,NON,Dimanche,2020-03-29 22:00
24961,229,True,False,True,False,False,False,False,True,False,False,False,False,False,False,Dimanche-22-24h,NON,Dimanche,2020-03-29 22:00
24962,230,False,False,False,False,False,True,True,False,False,False,False,False,False,False,Dimanche-22-24h,NON,Dimanche,2020-03-29 22:00
24963,17,True,False,False,False,False,True,True,False,False,False,False,False,False,False,Dimanche-22-24h,OUI,Dimanche,2020-03-29 22:00
24964,177,False,False,False,False,False,False,False,False,False,False,False,False,False,False,Dimanche-22-24h,NON,Dimanche,2020-03-29 22:00
24965,7,False,False,False,False,False,False,False,False,False,False,False,False,False,False,Dimanche-22-24h,NON,Dimanche,2020-03-29 22:00
24966,241,False,False,True,False,False,False,False,False,False,False,False,False,False,False,Dimanche-22-24h,NON,Dimanche,2020-03-29 22:00
24967,8,True,False,False,False,True,True,False,True,False,False,False,False,False,False,Dimanche-22-24h,NON,Dimanche,2020-03-29 22:00
24968,268,False,True,False,False,False,True,False,False,False,False,False,False,False,False,Dimanche-22-24h,OUI,Dimanche,2020-03-29 22:00
24969,294,False,False,True,False,True,False,False,False,False,False,False,False,False,False,Dimanche-22-24h,OUI,Dimanche,2020-03-29 22:00
24970,242,True,False,False,False,True,True,False,False,False,False,False,False,False,False,Dimanche-22-24h,NON,Dimanche,2020-03-29 22:00
24971,194,False,False,False,False,False,True,False,False,False,False,False,False,False,False,Dimanche-22-24h,NON,Dimanche,2020-03-29 22:00
24972,243,False,False,False,False,True,True,False,False,False,False,False,False,False,False,Dimanche-22-24h,OUI,Dimanche,2020-03-29 22:00
24973,212,True,True,True,False,False,True,False,False,False,False,False,False,False,False,Dimanche-22-24h,OUI,Dimanche,2020-03-29 22:00
24974,19,False,False,False,False,False,True,False,False,False,False,False,False,False,False,Dimanche-22-24h,OUI,Dimanche,2020-03-29 22:00
24975,114,False,False,False,False,True,False,False,False,False,False,False,False,False,False,Dimanche-22-24h,OUI,Dimanche,2020-03-29 22:00
24976,190,False,False,False,False,False,True,False,False,True,False,False,False,False,False,Dimanche-22-24h,NON,Dimanche,2020-03-29 22:00
24977,64,False,False,True,False,False,False,False,False,False,False,False,False,False,False,Dimanche-22-24h,NON,Dimanche,2020-03-29 22:00
24978,227,False,False,False,False,False,False,False,False,False,False,False,False,False,False,Dimanche-22-24h,NON,Dimanche,2020-03-29 22:00
24979,232,False,False,False,False,False,True,False,False,False,False,False,False,False,False,Dimanche-22-24h,OUI,Dimanche,2020-03-29 22:00
24980,246,False,True,False,False,False,True,True,False,False,False,False,False,False,False,Dimanche-22-24h,OUI,Dimanche,2020-03-29 22:00
24981,100,False,False,False,False,False,True,False,False,False,False,False,False,False,False,Dimanche-22-24h,OUI,Dimanche,2020-03-29 22:00
24982,13,False,False,False,False,True,False,False,False,False,False,False,False,False,False,Dimanche-22-24h,NON,Dimanche,2020-03-29 22:00
24983,262,True,True,True,False,False,False,False,False,False,False,False,False,False,False,Dimanche-22-24h,OUI,Dimanche,2020-03-29 22:00
24984,76,True,True,True,False,False,True,False,False,False,False,True,False,False,False,Dimanche-22-24h,OUI,Dimanche,2020-03-29 22:00
24985,261,False,True,False,False,True,False,False,False,False,False,False,False,False,False,Dimanche-22-24h,NON,Dimanche,2020-03-29 22:00
24986,150,False,True,False,False,False,False,False,False,False,False,False,False,False,False,Dimanche-22-24h,NON,Dimanche,2020-03-29 22:00
24987,205,False,False,False,False,False,False,False,False,False,False,False,False,False,False,Dimanche-22-24h,NON,Dimanche,2020-03-29 22:00
24988,56,False,False,False,False,True,True,False,False,False,False,False,False,False,False,Dimanche-22-24h,OUI,Dimanche,2020-03-29 22:00
24989,186,False,False,False,False,True,False,False,False,False,False,False,False,False,False,Dimanche-22-24h,OUI,Dimanche,2020-03-29 22:00
24990,162,True,False,False,False,True,True,False,False,False,False,False,False,False,False,Dimanche-22-24h,OUI,Dimanche,2020-03-29 22:00
24991,68,False,True,False,False,True,True,False,False,False,False,False,False,False,False,Dimanche-22-24h,OUI,Dimanche,2020-03-29 22:00
24992,146,False,False,False,False,False,True,False,False,False,False,False,True,False,False,Dimanche-22-24h,OUI,Dimanche,2020-03-29 22:00
24993,49,False,False,False,False,False,False,False,False,False,False,False,False,True,False,Dimanche-22-24h,NON,Dimanche,2020-03-29 22:00
24994,91,True,False,True,True,False,False,False,False,False,False,False,False,False,False,Dimanche-22-24h,OUI,Dimanche,2020-03-29 22:00
24995,22,False,False,False,False,False,False,False,False,False,True,False,False,False,False,Dimanche-22-24h,NON,Dimanche,2020-03-29 22:00
24996,151,False,False,False,False,True,False,False,False,False,False,False,False,False,False,Dimanche-22-24h,OUI,Dimanche,2020-03-29 22:00
24997,193,False,False,False,False,True,True,False,False,False,False,False,False,False,False,Dimanche-22-24h,OUI,Dimanche,2020-03-29 22:00
24998,9,True,True,False,False,False,False,False,False,False,False,False,False,False,False,Dimanche-22-24h,OUI,Dimanche,2020-03-29 22:00
24999,99,True,False,True,False,False,False,False,False,False,False,False,False,False,False,Dimanche-22-24h,NON,Dimanche,2020-03-29 22:00
25000,181,False,False,False,False,True,True,False,False,False,False,False,False,False,False,Dimanche-22-24h,OUI,Dimanche,2020-03-29 22:00
25001,111,False,False,False,False,False,True,False,True,False,False,False,False,False,False,Dimanche-22-24h,OUI,Dimanche,2020-03-29 22:00
25002,44,False,True,False,False,False,True,False,False,False,False,False,False,False,False,Dimanche-22-24h,NON,Dimanche,2020-03-29 22:00
25003,24,False,False,False,False,True,False,False,True,False,False,False,False,False,False,Dimanche-22-24h,OUI,Dimanche,2020-03-29 22:00
25004,102,False,False,False,False,True,True,False,True,False,False,False,False,False,False,Dimanche-22-24h,OUI,Dimanche,2020-03-29 22:00
25005,203,True,True,False,False,False,False,False,True,False,False,False,False,False,False,Dimanche-22-24h,NON,Dimanche,2020-03-29 22:00
25006,140,False,False,False,False,True,True,False,True,False,False,False,False,False,False,Dimanche-22-24h,NON,Dimanche,2020-03-29 22:00
25007,188,False,False,False,False,False,True,False,False,True,False,False,False,False,False,Dimanche-22-24h,NON,Dimanche,2020-03-29 22:00
25008,206,False,False,False,True,False,False,False,False,False,False,True,False,False,False,Dimanche-22-24h,NON,Dimanche,2020-03-29 22:00
25009,273,False,False,False,False,False,False,False,False,False,False,False,True,False,False,Dimanche-22-24h,NON,Dimanche,2020-03-29 22:00
25010,69,True,False,True,False,False,False,False,False,False,False,False,False,False,False,Dimanche-22-24h,NON,Dimanche,2020-03-29 22:00
25011,87,True,False,False,True,False,False,False,False,False,False,True,False,False,False,Dimanche-22-24h,OUI,Dimanche,2020-03-29 22:00
25012,83,True,False,True,False,False,False,False,False,False,False,False,False,False,False,Dimanche-22-24h,NON,Dimanche,2020-03-29 22:00
25013,149,True,False,True,True,False,False,False,False,False,False,False,False,False,False,Dimanche-22-24h,OUI,Dimanche,2020-03-29 22:00
25014,274,False,False,False,False,False,True,False,False,False,False,False,False,False,False,Dimanche-22-24h,NON,Dimanche,2020-03-29 22:00
25015,282,True,False,True,True,False,False,False,False,False,False,False,False,False,False,Dimanche-22-24h,NON,Dimanche,2020-03-29 22:00
25016,147,False,False,False,False,False,False,False,False,False,False,False,False,False,False,Dimanche-22-24h,NON,Dimanche,2020-03-29 22:00
25017,238,False,False,False,False,False,False,False,False,False,False,False,True,False,False,Dimanche-22-24h,OUI,Dimanche,2020-03-29 22:00
25018,201,False,False,False,False,False,False,False,False,False,False,False,False,False,False,Dimanche-22-24h,NON,Dimanche,2020-03-29 22:00
25019,152,False,True,False,False,False,False,False,False,False,False,False,False,False,False,Dimanche-22-24h,OUI,Dimanche,2020-03-29 22:00
25020,222,False,False,False,False,False,True,False,False,True,True,False,False,False,False,Dimanche-22-24h,NON,Dimanche,2020-03-29 22:00
25021,106,False,False,False,False,False,True,False,False,False,False,False,True,False,False,Dimanche-22-24h,OUI,Dimanche,2020-03-29 22:00
25022,133,False,False,True,False,True,False,False,False,False,False,False,False,False,False,Dimanche-22-24h,OUI,Dimanche,2020-03-29 22:00
25023,163,False,False,False,False,True,False,False,False,False,False,False,False,False,False,Dimanche-22-24h,NON,Dimanche,2020-03-29 22:00
25024,231,False,False,False,False,False,False,False,False,False,False,False,False,False,False,Dimanche-22-24h,NON,Dimanche,2020-03-29 22:00
25025,25,False,False,False,False,True,False,False,False,False,False,False,False,False,False,Dimanche-22-24h,NON,Dimanche,2020-03-29 22:00
25026,196,False,False,True,False,True,False,False,True,False,False,False,False,False,False,Dimanche-22-24h,OUI,Dimanche,2020-03-29 22:00
25027,5,False,False,False,False,True,True,False,False,False,False,False,False,False,False,Dimanche-22-24h,OUI,Dimanche,2020-03-29 22:00
25028,90,False,True,False,False,False,False,False,False,False,False,False,False,False,False,Dimanche-22-24h,OUI,Dimanche,2020-03-29 22:00
25029,244,True,False,True,False,False,False,False,False,False,False,False,False,False,False,Dimanche-22-24h,NON,Dimanche,2020-03-29 22:00
25030,107,False,True,False,False,False,True,False,False,False,False,False,False,False,False,Dimanche-22-24h,OUI,Dimanche,2020-03-29 22:00
25031,218,False,True,False,False,True,True,False,False,False,False,False,False,False,False,Dimanche-22-24h,OUI,Dimanche,2020-03-29 22:00
25032,62,False,True,True,False,True,True,False,False,False,False,False,False,False,False,Dimanche-22-24h,OUI,Dimanche,2020-03-29 22:00
25033,79,False,True,False,False,False,False,False,False,False,False,False,False,False,False,Dimanche-22-24h,OUI,Dimanche,2020-03-29 22:00
25034,208,False,False,False,False,False,True,False,False,False,False,False,False,False,False,Dimanche-22-24h,OUI,Dimanche,2020-03-29 22:00
25035,270,False,False,False,False,False,False,False,False,True,False,False,False,False,False,Dimanche-22-24h,OUI,Dimanche,2020-03-29 22:00
25036,166,True,False,False,False,True,True,False,False,False,False,False,False,False,False,Dimanche-22-24h,OUI,Dimanche,2020-03-29 22:00
25037,77,False,False,True,False,True,False,False,False,False,False,False,False,False,False,Dimanche-22-24h,NON,Dimanche,2020-03-29 22:00
25038,29,False,False,False,False,False,True,False,False,False,False,False,True,False,False,Dimanche-22-24h,OUI,Dimanche,2020-03-29 22:00
25039,240,False,False,False,False,False,True,False,False,False,False,False,False,False,False,Dimanche-22-24h,OUI,Dimanche,2020-03-29 22:00
25040,184,False,True,False,False,False,False,False,False,False,False,False,False,False,False,Dimanche-22-24h,OUI,Dimanche,2020-03-29 22:00
25041,277,False,True,True,False,False,True,False,False,False,False,False,False,False,False,Dimanche-22-24h,NON,Dimanche,2020-03-29 22:00
25042,80,True,False,False,False,False,True,False,False,False,True,False,False,False,False,Dimanche-22-24h,NON,Dimanche,2020-03-29 22:00
25043,185,True,True,True,False,False,True,False,False,False,False,True,False,True,False,Dimanche-22-24h,NON,Dimanche,2020-03-29 22:00
25044,204,False,False,False,False,True,True,False,False,False,False,False,True,False,False,Dimanche-22-24h,OUI,Dimanche,2020-03-29 22:00
25045,252,True,True,True,False,False,True,False,False,False,False,False,False,False,False,Dimanche-22-24h,OUI,Dimanche,2020-03-29 22:00
25046,26,False,False,False,False,True,False,False,False,False,False,False,False,False,False,Dimanche-22-24h,NON,Dimanche,2020-03-29 22:00
25047,70,False,False,False,False,True,False,False,False,False,False,False,True,False,False,Dimanche-22-24h,NON,Dimanche,2020-03-29 22:00
25048,233,False,False,False,False,True,False,False,False,False,False,False,False,False,False,Dimanche-22-24h,OUI,Dimanche,2020-03-29 22:00
25049,37,True,True,True,False,True,True,False,False,False,False,False,False,False,False,Dimanche-22-24h,NON,Dimanche,2020-03-29 22:00
25050,185,False,False,True,False,False,False,False,False,False,False,False,False,False,False,Dimanche-22-24h,OUI,Dimanche,2020-03-29 22:00
25051,138,True,False,False,False,True,True,False,False,False,False,False,False,False,False,Dimanche-22-24h,OUI,Dimanche,2020-03-29 22:00
25052,224,True,False,True,False,False,False,False,False,False,False,False,False,False,False,Dimanche-22-24h,OUI,Dimanche,2020-03-29 22:00
25053,66,False,False,False,False,True,True,False,False,False,False,False,False,True,False,Dimanche-22-24h,OUI,Dimanche,2020-03-29 22:00
25054,211,False,False,True,False,False,False,False,False,False,False,False,False,True,False,Dimanche-22-24h,NON,Dimanche,2020-03-29 22:00
25055,14,False,False,False,False,True,True,False,False,False,False,False,False,False,False,Dimanche-22-24h,NON,Dimanche,2020-03-29 22:00
25056,145,False,False,False,False,True,False,False,False,False,False,False,False,False,False,Dimanche-22-24h,NON,Dimanche,2020-03-29 22:00
25057,36,False,False,False,False,False,False,False,False,False,False,False,True,False,False,Dimanche-22-24h,OUI,Dimanche,2020-03-29 22:00
25058,60,True,True,True,False,False,True,False,False,False,False,False,False,False,False,Dimanche-22-24h,NON,Dimanche,2020-03-29 22:00
25059,137,True,True,True,False,False,True,False,False,False,False,True,False,False,False,Dimanche-22-24h,OUI,Dimanche,2020-03-29 22:00
25060,285,False,True,False,False,True,True,False,False,False,False,False,False,False,False,Dimanche-22-24h,OUI,Dimanche,2020-03-29 22:00
25061,40,False,True,True,False,True,True,False,False,False,False,False,False,False,False,Dimanche-22-24h,OUI,Dimanche,2020-03-29 22:00
25062,97,False,False,False,False,False,True,False,False,False,False,False,False,False,False,Dimanche-22-24h,NON,Dimanche,2020-03-29 22:00
25063,109,True,False,True,True,False,False,False,False,False,False,False,False,False,False,Dimanche-22-24h,NON,Dimanche,2020-03-29 22:00
25064,10,False,False,False,False,False,False,False,False,False,False,False,False,False,False,Dimanche-22-24h,NON,Dimanche,2020-03-29 22:00
25065,256,False,False,False,False,False,False,False,False,False,False,False,True,False,False,Dimanche-22-24h,NON,Dimanche,2020-03-29 22:00
25066,141,True,True,True,False,False,False,False,False,False,False,True,False,False,False,Dimanche-22-24h,NON,Dimanche,2020-03-29 22:00
25067,28,False,False,False,False,False,False,False,False,False,False,False,False,False,False,Dimanche-22-24h,NON,Dimanche,2020-03-29 22:00
25068,101,True,True,True,True,True,True,False,False,False,False,False,False,False,False,Dimanche-22-24h,OUI,Dimanche,2020-03-29 22:00
25069,48,True,False,True,False,True,False,False,False,False,False,False,False,True,False,Dimanche-22-24h,OUI,Dimanche,2020-03-29 22:00
25070,27,False,False,False,False,False,True,False,False,False,False,False,False,False,False,Dimanche-22-24h,OUI,Dimanche,2020-03-29 22:00
25071,142,True,False,True,False,False,False,False,False,False,False,True,False,True,False,Dimanche-22-24h,NON,Dimanche,2020-03-29 22:00
25072,234,False,False,True,False,False,False,False,False,False,False,True,False,False,False,Dimanche-22-24h,OUI,Dimanche,2020-03-29 22:00
25073,23,False,False,False,False,True,False,False,False,False,False,False,False,False,False,Dimanche-22-24h,NON,Dimanche,2020-03-29 22:00
25074,195,False,False,False,False,True,False,False,False,True,False,False,False,False,False,Dimanche-22-24h,OUI,Dimanche,2020-03-29 22:00
25075,275,False,False,False,False,False,False,False,False,False,False,False,True,False,False,Dimanche-22-24h,NON,Dimanche,2020-03-29 22:00
25076,226,False,False,False,False,True,True,False,False,False,False,False,False,False,False,Dimanche-22-24h,OUI,Dimanche,2020-03-29 22:00
25077,207,False,False,True,False,False,False,False,False,False,False,False,False,False,False,Dimanche-22-24h,NON,Dimanche,2020-03-29 22:00
25078,57,False,False,False,False,False,False,False,False,False,False,False,False,False,False,Dimanche-22-24h,NON,Dimanche,2020-03-29 22:00
25079,4,False,True,False,False,False,True,False,False,False,False,False,False,False,False,Dimanche-22-24h,NON,Dimanche,2020-03-29 22:00
25080,265,False,False,False,False,False,True,False,False,False,False,False,False,False,False,Dimanche-22-24h,NON,Dimanche,2020-03-29 22:00
25081,88,False,True,False,False,False,False,False,False,False,False,False,False,False,False,Dimanche-22-24h,NON,Dimanche,2020-03-29 22:00
25082,198,False,False,False,False,False,False,False,False,False,False,True,False,False,False,Dimanche-22-24h,NON,Dimanche,2020-03-29 22:00
25083,249,True,True,True,False,False,False,False,False,False,False,False,False,False,False,Dimanche-22-24h,NON,Dimanche,2020-03-29 22:00
25084,263,False,False,False,False,True,True,False,False,False,False,False,False,False,False,Dimanche-22-24h,OUI,Dimanche,2020-03-29 22:00
25085,217,True,False,True,False,False,False,False,False,False,False,False,False,True,False,Dimanche-22-24h,NON,Dimanche,2020-03-29 22:00
25086,278,False,False,False,False,True,True,False,False,False,False,False,False,False,False,Dimanche-22-24h,NON,Dimanche,2020-03-29 22:00
25087,189,False,True,False,False,False,False,False,False,False,False,False,False,False,False,Dimanche-22-24h,NON,Dimanche,2020-03-29 22:00
25088,61,True,False,True,False,False,False,False,False,False,False,False,False,False,False,Dimanche-22-24h,OUI,Dimanche,2020-03-29 22:00
25089,251,False,False,False,False,False,False,False,False,False,False,False,False,True,False,Dimanche-22-24h,NON,Dimanche,2020-03-29 22:00
25090,281,False,True,False,False,False,False,False,False,False,False,False,False,False,False,Dimanche-22-24h,OUI,Dimanche,2020-03-29 22:00
25091,134,False,True,False,False,False,False,False,False,False,False,False,False,False,False,Dimanche-22-24h,OUI,Dimanche,2020-03-29 22:00
25092,293,False,True,False,False,False,True,False,False,False,False,False,False,False,False,Dimanche-22-24h,NON,Dimanche,2020-03-29 22:00
25093,279,True,True,True,True,False,True,False,False,False,False,False,False,False,False,Dimanche-22-24h,NON,Dimanche,2020-03-29 22:00
25094,81,True,False,True,True,False,False,False,True,False,False,False,False,False,False,Dimanche-22-24h,OUI,Dimanche,2020-03-29 22:00
25095,92,True,False,False,True,False,False,False,False,False,False,True,False,False,False,Dimanche-22-24h,NON,Dimanche,2020-03-29 22:00
25096,147,False,False,False,False,False,False,False,False,False,False,False,False,False,False,Dimanche-22-24h,NON,Dimanche,2020-03-29 22:00
25097,33,False,True,False,False,True,False,False,False,False,False,False,False,False,False,Dimanche-22-24h,OUI,Dimanche,2020-03-29 22:00
25098,266,False,False,False,False,False,False,False,False,False,False,False,False,False,False,Dimanche-22-24h,NON,Dimanche,2020-03-29 22:00
25099,225,True,False,False,False,False,True,False,False,False,False,False,False,False,False,Dimanche-22-24h,OUI,Dimanche,2020-03-29 22:00
25100,83,True,False,True,False,False,False,False,False,False,False,False,False,False,False,Dimanche-22-24h,OUI,Dimanche,2020-03-29 22:00
25101,95,False,False,False,False,True,True,False,True,False,False,False,False,False,False,Dimanche-22-24h,NON,Dimanche,2020-03-29 22:00
25102,127,False,False,False,False,True,False,False,False,False,False,False,False,False,False,Dimanche-22-24h,NON,Dimanche,2020-03-29 22:00
25103,20,False,False,False,False,False,False,False,False,False,False,False,False,False,False,Dimanche-22-24h,NON,Dimanche,2020-03-29 22:00
25104,89,False,False,False,False,False,False,False,False,True,False,False,False,False,False,Dimanche-22-24h,OUI,Dimanche,2020-03-29 22:00
25105,120,False,True,True,False,True,True,False,True,False,False,True,False,False,False,Dimanche-22-24h,OUI,Dimanche,2020-03-29 22:00
25106,253,False,False,False,False,True,True,False,False,False,False,False,True,False,False,Dimanche-22-24h,NON,Dimanche,2020-03-29 22:00
25107,52,False,False,True,False,False,False,False,False,False,False,False,False,False,False,Dimanche-22-24h,NON,Dimanche,2020-03-29 22:00
25108,168,True,False,True,False,False,False,False,True,False,False,False,False,False,False,Dimanche-22-24h,OUI,Dimanche,2020-03-29 22:00
25109,202,False,True,False,False,False,False,False,False,False,False,False,False,False,False,Dimanche-22-24h,OUI,Dimanche,2020-03-29 22:00
25110,172,False,False,False,False,True,False,False,False,False,False,False,False,False,False,Dimanche-22-24h,OUI,Dimanche,2020-03-29 22:00
25111,239,False,False,False,False,True,True,False,False,False,False,False,False,False,False,Dimanche-22-24h,NON,Dimanche,2020-03-29 22:00
25112,85,False,False,False,False,True,False,False,False,False,False,False,False,False,False,Dimanche-22-24h,OUI,Dimanche,2020-03-29 22:00
25113,215,False,False,False,False,False,False,False,False,True,False,False,False,False,False,Dimanche-22-24h,OUI,Dimanche,2020-03-29 22:00
25114,260,True,False,True,False,False,False,False,False,False,False,False,False,False,False,Dimanche-22-24h,NON,Dimanche,2020-03-29 22:00
25115,286,True,True,False,False,True,False,False,False,False,False,False,False,False,False,Dimanche-22-24h,OUI,Dimanche,2020-03-29 22:00
